WWII_ID,MASTER_INDEX_NUMBER,MSNDATE,NAF,TGT_COUNTRY,TGT_TYPE,TGT_INDUSTRY,LATITUDE,LONGITUDE,AIRCRAFT_NAME,TGT_PRIORITY,AC_ATTACKING,ALTITUDE,TONS_OF_HE,TONS_OF_IC,TONS_OF_FRAG,TOTAL_TONS,SIGHTING_EXPLANATION
124515,158710.0,1942-07-12,9,GERMANY,CITY AREA,CITIES TOWNS AND URBAN AREAS,48.13,11.58,B17,4.0,14.0,250.0,14.0,21.0,,35.0,F.F.F.
131180,93021.0,1942-10-21,9,FRANCE,MANPERTUS AD,AIR FIELDS AND AIRDROMES,49.63,-1.62,B17,4.0,,,8.0,,,8.0,NOT INDICATED
131181,193136.0,1942-10-21,9,FRANCE,MANPERTUS AD,AIR FIELDS AND AIRDROMES,49.63,-1.62,B17,4.0,,,8.0,,,8.0,NOT INDICATED
131182,193137.0,1942-10-21,9,FRANCE,MANPERTUS AD,AIR FIELDS AND AIRDROMES,49.63,-1.62,B17,4.0,,,8.0,,,8.0,NOT INDICATED
140050,93208.0,1943-01-23,8,FRANCE,TORPEDO STOREHOUSE,SUPPLY DUMPS AND WAREHOUSES,47.75,-3.35,B17,4.0,,230.0,10.0,,,10.0,NOT INDICATED
140051,93209.0,1943-01-23,8,FRANCE,TORPEDO STOREHOUSE,SUPPLY DUMPS AND WAREHOUSES,47.75,-3.35,B17,4.0,,230.0,10.0,,,10.0,NOT INDICATED
140052,93210.0,1943-01-23,8,FRANCE,TORPEDO STOREHOUSE,SUPPLY DUMPS AND WAREHOUSES,47.75,-3.35,B17,4.0,,230.0,13.0,,,13.0,NOT INDICATED
140047,93211.0,1943-01-23,8,FRANCE,TORPEDO STOREHOUSE,SUPPLY DUMPS AND WAREHOUSES,47.75,-3.35,B17,4.0,,240.0,3.0,,,3.0,NOT INDICATED
140053,93212.0,1943-01-23,8,FRANCE,TORPEDO STOREHOUSE,SUPPLY DUMPS AND WAREHOUSES,47.75,-3.35,B17,4.0,,230.0,13.0,,,13.0,NOT INDICATED
140040,93216.0,1943-01-23,9,FRANCE,UNIDENTIFIED TARGET,UNIDENTIFIED TARGETS,48.4,-4.5,B17,4.0,,240.0,13.0,,,13.0,NOT INDICATED
140041,158804.0,1943-01-23,9,FRANCE,UNIDENTIFIED TARGET,UNIDENTIFIED TARGETS,48.4,-4.5,B17,4.0,,240.0,13.0,,,13.0,NOT INDICATED
140042,158806.0,1943-01-23,9,FRANCE,UNIDENTIFIED TARGET,UNIDENTIFIED TARGETS,48.4,-4.5,B17,4.0,,240.0,13.0,,,13.0,NOT INDICATED
140045,193533.0,1943-01-23,8,FRANCE,DRY DOCK,SHIP BUILDING,48.4,-4.5,B17,3.0,,240.0,8.0,,,8.0,NOT INDICATED
140046,193536.0,1943-01-23,8,FRANCE,DRY DOCK,SHIP BUILDING,48.4,-4.5,B17,3.0,,240.0,8.0,,,8.0,NOT INDICATED
140054,193545.0,1943-01-23,8,FRANCE,TORPEDO STOREHOUSE,SUPPLY DUMPS AND WAREHOUSES,47.75,-3.35,B17,4.0,,230.0,10.0,,,10.0,NOT INDICATED
140055,193546.0,1943-01-23,8,FRANCE,TORPEDO STOREHOUSE,SUPPLY DUMPS AND WAREHOUSES,47.75,-3.35,B17,4.0,,230.0,10.0,,,10.0,NOT INDICATED
140056,193547.0,1943-01-23,8,FRANCE,TORPEDO STOREHOUSE,SUPPLY DUMPS AND WAREHOUSES,47.75,-3.35,B17,4.0,,230.0,13.0,,,13.0,NOT INDICATED
140048,193548.0,1943-01-23,8,FRANCE,TORPEDO STOREHOUSE,SUPPLY DUMPS AND WAREHOUSES,47.75,-3.35,B17,4.0,,240.0,3.0,,,3.0,NOT INDICATED
140057,193549.0,1943-01-23,8,FRANCE,TORPEDO STOREHOUSE,SUPPLY DUMPS AND WAREHOUSES,47.75,-3.35,B17,4.0,,230.0,13.0,,,13.0,NOT INDICATED
140058,193554.0,1943-01-23,8,FRANCE,TORPEDO STOREHOUSE,SUPPLY DUMPS AND WAREHOUSES,47.75,-3.35,B17,4.0,,230.0,10.0,,,10.0,NOT INDICATED
140059,193555.0,1943-01-23,8,FRANCE,TORPEDO STOREHOUSE,SUPPLY DUMPS AND WAREHOUSES,47.75,-3.35,B17,4.0,,230.0,10.0,,,10.0,NOT INDICATED
140060,193556.0,1943-01-23,8,FRANCE,TORPEDO STOREHOUSE,SUPPLY DUMPS AND WAREHOUSES,47.75,-3.35,B17,4.0,,230.0,13.0,,,13.0,NOT INDICATED
140049,193557.0,1943-01-23,8,FRANCE,TORPEDO STOREHOUSE,SUPPLY DUMPS AND WAREHOUSES,47.75,-3.35,B17,4.0,,240.0,3.0,,,3.0,NOT INDICATED
140061,193558.0,1943-01-23,8,FRANCE,TORPEDO STOREHOUSE,SUPPLY DUMPS AND WAREHOUSES,47.75,-3.35,B17,4.0,,230.0,13.0,,,13.0,NOT INDICATED
141626,93253.0,1943-02-04,8,GERMANY,UNIDENTIFIED TARGET,UNIDENTIFIED TARGETS,50.43,10.92,B17,1.0,,210.0,13.0,,,13.0,NOT INDICATED
141627,158825.0,1943-02-04,8,GERMANY,UNIDENTIFIED TARGET,UNIDENTIFIED TARGETS,50.43,10.92,B17,1.0,,210.0,13.0,,,13.0,NOT INDICATED
142782,93291.0,1943-02-16,9,GERMANY,UNIDENTIFIED TARGET,UNIDENTIFIED TARGETS,48.13,11.58,B17,4.0,,236.0,8.0,,,8.0,NOT INDICATED
142783,158843.0,1943-02-16,9,GERMANY,UNIDENTIFIED TARGET,UNIDENTIFIED TARGETS,48.13,11.58,B17,4.0,,236.0,8.0,,,8.0,NOT INDICATED
142784,158844.0,1943-02-16,9,GERMANY,UNIDENTIFIED TARGET,UNIDENTIFIED TARGETS,48.13,11.58,B17,4.0,,236.0,8.0,,,8.0,NOT INDICATED
144341,93336.0,1943-02-26,9,GERMANY,KF BORGWARD AG,VEHICLE MFG. PLANTS,53.08,8.72,B24,4.0,,220.0,14.0,,,14.0,NOT INDICATED
144339,93337.0,1943-02-26,9,GERMANY,KF BORGWARD AG,VEHICLE MFG. PLANTS,53.08,8.72,B24,4.0,,220.0,14.0,,,14.0,NOT INDICATED
144340,158869.0,1943-02-26,9,GERMANY,KF BORGWARD AG,VEHICLE MFG. PLANTS,53.08,8.72,B24,4.0,,220.0,14.0,,,14.0,NOT INDICATED
144342,158870.0,1943-02-26,9,GERMANY,KF BORGWARD AG,VEHICLE MFG. PLANTS,53.08,8.72,B24,4.0,,220.0,14.0,,,14.0,NOT INDICATED
144724,93340.0,1943-02-27,9,FRANCE,UNIDENTIFIED TARGET,UNIDENTIFIED TARGETS,48.4,-4.5,B24,4.0,,243.0,9.0,,,9.0,NOT INDICATED
144725,93341.0,1943-02-27,9,FRANCE,UNIDENTIFIED TARGET,UNIDENTIFIED TARGETS,48.4,-4.5,B24,4.0,,243.0,6.0,,,6.0,NOT INDICATED
144717,93342.0,1943-02-27,9,FRANCE,UNIDENTIFIED TARGET,UNIDENTIFIED TARGETS,48.4,-4.5,B24,4.0,,250.0,15.0,,,15.0,NOT INDICATED
144728,93343.0,1943-02-27,9,FRANCE,UNIDENTIFIED TARGET,UNIDENTIFIED TARGETS,48.4,-4.5,B17,4.0,,230.0,5.0,,,5.0,NOT INDICATED
144729,93344.0,1943-02-27,9,FRANCE,UNIDENTIFIED TARGET,UNIDENTIFIED TARGETS,48.4,-4.5,B17,4.0,,230.0,15.0,,,15.0,NOT INDICATED
144719,93345.0,1943-02-27,9,FRANCE,UNIDENTIFIED TARGET,UNIDENTIFIED TARGETS,48.4,-4.5,B17,4.0,,245.0,3.0,,,3.0,NOT INDICATED
144713,93346.0,1943-02-27,9,FRANCE,UNIDENTIFIED TARGET,UNIDENTIFIED TARGETS,48.4,-4.5,B17,4.0,,260.0,13.0,,,13.0,NOT INDICATED
144726,158871.0,1943-02-27,9,FRANCE,UNIDENTIFIED TARGET,UNIDENTIFIED TARGETS,48.4,-4.5,B24,4.0,,243.0,9.0,,,9.0,NOT INDICATED
144727,158872.0,1943-02-27,9,FRANCE,UNIDENTIFIED TARGET,UNIDENTIFIED TARGETS,48.4,-4.5,B24,4.0,,243.0,6.0,,,6.0,NOT INDICATED
144718,158873.0,1943-02-27,9,FRANCE,UNIDENTIFIED TARGET,UNIDENTIFIED TARGETS,48.4,-4.5,B24,4.0,,250.0,15.0,,,15.0,NOT INDICATED
144730,158874.0,1943-02-27,9,FRANCE,UNIDENTIFIED TARGET,UNIDENTIFIED TARGETS,48.4,-4.5,B17,4.0,,230.0,5.0,,,5.0,NOT INDICATED
144731,158875.0,1943-02-27,9,FRANCE,UNIDENTIFIED TARGET,UNIDENTIFIED TARGETS,48.4,-4.5,B17,4.0,,230.0,15.0,,,15.0,NOT INDICATED
144720,158876.0,1943-02-27,9,FRANCE,UNIDENTIFIED TARGET,UNIDENTIFIED TARGETS,48.4,-4.5,B17,4.0,,245.0,3.0,,,3.0,NOT INDICATED
144714,158877.0,1943-02-27,9,FRANCE,UNIDENTIFIED TARGET,UNIDENTIFIED TARGETS,48.4,-4.5,B17,4.0,,260.0,13.0,,,13.0,NOT INDICATED
144722,158878.0,1943-02-27,9,FRANCE,UNIDENTIFIED TARGET,UNIDENTIFIED TARGETS,48.4,-4.5,B24,4.0,,243.0,9.0,,,9.0,NOT INDICATED
144723,158879.0,1943-02-27,9,FRANCE,UNIDENTIFIED TARGET,UNIDENTIFIED TARGETS,48.4,-4.5,B24,4.0,,243.0,6.0,,,6.0,NOT INDICATED
144716,158880.0,1943-02-27,9,FRANCE,UNIDENTIFIED TARGET,UNIDENTIFIED TARGETS,48.4,-4.5,B24,4.0,,250.0,15.0,,,15.0,NOT INDICATED
144732,158881.0,1943-02-27,9,FRANCE,UNIDENTIFIED TARGET,UNIDENTIFIED TARGETS,48.4,-4.5,B17,4.0,,230.0,5.0,,,5.0,NOT INDICATED
144733,158882.0,1943-02-27,9,FRANCE,UNIDENTIFIED TARGET,UNIDENTIFIED TARGETS,48.4,-4.5,B17,4.0,,230.0,15.0,,,15.0,NOT INDICATED
144721,158883.0,1943-02-27,9,FRANCE,UNIDENTIFIED TARGET,UNIDENTIFIED TARGETS,48.4,-4.5,B17,4.0,,245.0,3.0,,,3.0,NOT INDICATED
144715,158884.0,1943-02-27,9,FRANCE,UNIDENTIFIED TARGET,UNIDENTIFIED TARGETS,48.4,-4.5,B17,4.0,,260.0,13.0,,,13.0,NOT INDICATED
145572,93361.0,1943-03-04,9,GERMANY,UNIDENTIFIED TARGET,UNIDENTIFIED TARGETS,52.53,13.42,B17,4.0,,,,7.0,,7.0,NOT INDICATED
145573,158886.0,1943-03-04,9,GERMANY,UNIDENTIFIED TARGET,UNIDENTIFIED TARGETS,52.53,13.42,B17,4.0,,,,7.0,,7.0,NOT INDICATED
145950,93362.0,1943-03-06,8,FRANCE,POWERPLANT,"""PUBLIC UTILITIES - ELECTRIC LIGHT AND POWER COMPANIES,  GAS COMPANIES, TELEPHONE COMPANIES,  WATER COMPANIES.  """,47.75,-3.35,B17,4.0,,245.0,10.0,,,10.0,NOT INDICATED
145951,93363.0,1943-03-06,8,FRANCE,POWERPLANT,"""PUBLIC UTILITIES - ELECTRIC LIGHT AND POWER COMPANIES,  GAS COMPANIES, TELEPHONE COMPANIES,  WATER COMPANIES.  """,47.75,-3.35,B17,4.0,,245.0,13.0,,,13.0,NOT INDICATED
145952,93364.0,1943-03-06,8,FRANCE,POWERPLANT,"""PUBLIC UTILITIES - ELECTRIC LIGHT AND POWER COMPANIES,  GAS COMPANIES, TELEPHONE COMPANIES,  WATER COMPANIES.  """,47.75,-3.35,B17,4.0,,245.0,8.0,,,8.0,NOT INDICATED
145962,93365.0,1943-03-06,8,FRANCE,POWERPLANT,"""PUBLIC UTILITIES - ELECTRIC LIGHT AND POWER COMPANIES,  GAS COMPANIES, TELEPHONE COMPANIES,  WATER COMPANIES.  """,47.75,-3.35,B17,4.0,,240.0,5.0,,,5.0,NOT INDICATED
145963,93366.0,1943-03-06,8,FRANCE,POWERPLANT,"""PUBLIC UTILITIES - ELECTRIC LIGHT AND POWER COMPANIES,  GAS COMPANIES, TELEPHONE COMPANIES,  WATER COMPANIES.  """,47.75,-3.35,B17,4.0,,240.0,8.0,,,8.0,NOT INDICATED
145953,93367.0,1943-03-06,8,FRANCE,POWERPLANT,"""PUBLIC UTILITIES - ELECTRIC LIGHT AND POWER COMPANIES,  GAS COMPANIES, TELEPHONE COMPANIES,  WATER COMPANIES.  """,47.75,-3.35,B17,4.0,,245.0,8.0,,,8.0,NOT INDICATED
145954,158891.0,1943-03-06,8,FRANCE,POWERPLANT,"""PUBLIC UTILITIES - ELECTRIC LIGHT AND POWER COMPANIES,  GAS COMPANIES, TELEPHONE COMPANIES,  WATER COMPANIES.  """,47.75,-3.35,B17,4.0,,245.0,10.0,,,10.0,NOT INDICATED
145955,158892.0,1943-03-06,8,FRANCE,POWERPLANT,"""PUBLIC UTILITIES - ELECTRIC LIGHT AND POWER COMPANIES,  GAS COMPANIES, TELEPHONE COMPANIES,  WATER COMPANIES.  """,47.75,-3.35,B17,4.0,,245.0,13.0,,,13.0,NOT INDICATED
145956,158893.0,1943-03-06,8,FRANCE,POWERPLANT,"""PUBLIC UTILITIES - ELECTRIC LIGHT AND POWER COMPANIES,  GAS COMPANIES, TELEPHONE COMPANIES,  WATER COMPANIES.  """,47.75,-3.35,B17,4.0,,245.0,8.0,,,8.0,NOT INDICATED
145964,158894.0,1943-03-06,8,FRANCE,POWERPLANT,"""PUBLIC UTILITIES - ELECTRIC LIGHT AND POWER COMPANIES,  GAS COMPANIES, TELEPHONE COMPANIES,  WATER COMPANIES.  """,47.75,-3.35,B17,4.0,,240.0,5.0,,,5.0,NOT INDICATED
145965,158895.0,1943-03-06,8,FRANCE,POWERPLANT,"""PUBLIC UTILITIES - ELECTRIC LIGHT AND POWER COMPANIES,  GAS COMPANIES, TELEPHONE COMPANIES,  WATER COMPANIES.  """,47.75,-3.35,B17,4.0,,240.0,8.0,,,8.0,NOT INDICATED
145957,158896.0,1943-03-06,8,FRANCE,POWERPLANT,"""PUBLIC UTILITIES - ELECTRIC LIGHT AND POWER COMPANIES,  GAS COMPANIES, TELEPHONE COMPANIES,  WATER COMPANIES.  """,47.75,-3.35,B17,4.0,,245.0,8.0,,,8.0,NOT INDICATED
145958,158897.0,1943-03-06,8,FRANCE,POWERPLANT,"""PUBLIC UTILITIES - ELECTRIC LIGHT AND POWER COMPANIES,  GAS COMPANIES, TELEPHONE COMPANIES,  WATER COMPANIES.  """,47.75,-3.35,B17,4.0,,245.0,10.0,,,10.0,NOT INDICATED
145959,158898.0,1943-03-06,8,FRANCE,POWERPLANT,"""PUBLIC UTILITIES - ELECTRIC LIGHT AND POWER COMPANIES,  GAS COMPANIES, TELEPHONE COMPANIES,  WATER COMPANIES.  """,47.75,-3.35,B17,4.0,,245.0,13.0,,,13.0,NOT INDICATED
145960,158899.0,1943-03-06,8,FRANCE,POWERPLANT,"""PUBLIC UTILITIES - ELECTRIC LIGHT AND POWER COMPANIES,  GAS COMPANIES, TELEPHONE COMPANIES,  WATER COMPANIES.  """,47.75,-3.35,B17,4.0,,245.0,8.0,,,8.0,NOT INDICATED
145966,158900.0,1943-03-06,8,FRANCE,POWERPLANT,"""PUBLIC UTILITIES - ELECTRIC LIGHT AND POWER COMPANIES,  GAS COMPANIES, TELEPHONE COMPANIES,  WATER COMPANIES.  """,47.75,-3.35,B17,4.0,,240.0,5.0,,,5.0,NOT INDICATED
145967,158901.0,1943-03-06,8,FRANCE,POWERPLANT,"""PUBLIC UTILITIES - ELECTRIC LIGHT AND POWER COMPANIES,  GAS COMPANIES, TELEPHONE COMPANIES,  WATER COMPANIES.  """,47.75,-3.35,B17,4.0,,240.0,8.0,,,8.0,NOT INDICATED
145961,158902.0,1943-03-06,8,FRANCE,POWERPLANT,"""PUBLIC UTILITIES - ELECTRIC LIGHT AND POWER COMPANIES,  GAS COMPANIES, TELEPHONE COMPANIES,  WATER COMPANIES.  """,47.75,-3.35,B17,4.0,,245.0,8.0,,,8.0,NOT INDICATED
145944,158903.0,1943-03-06,9,FRANCE,BRIDGES,BRIDGES,48.4,-4.5,B24,4.0,,225.0,12.0,,,12.0,NOT INDICATED
145945,158904.0,1943-03-06,9,FRANCE,BRIDGES,BRIDGES,48.4,-4.5,B24,4.0,,225.0,15.0,,,15.0,NOT INDICATED
145946,158905.0,1943-03-06,9,FRANCE,BRIDGES,BRIDGES,48.4,-4.5,B24,4.0,,225.0,9.0,,,9.0,NOT INDICATED
145942,158906.0,1943-03-06,9,FRANCE,BRIDGE,BRIDGES,47.75,-3.35,B17,4.0,,240.0,13.0,,,13.0,NOT INDICATED
145943,158907.0,1943-03-06,9,FRANCE,BRIDGE,BRIDGES,47.75,-3.35,B17,4.0,,240.0,13.0,,,13.0,NOT INDICATED
145947,158908.0,1943-03-06,9,FRANCE,BRIDGE,BRIDGES,47.75,-3.35,B17,4.0,,225.0,13.0,,,13.0,NOT INDICATED
145948,158909.0,1943-03-06,9,FRANCE,BRIDGE,BRIDGES,47.75,-3.35,B17,4.0,,220.0,15.0,,,15.0,NOT INDICATED
145949,158910.0,1943-03-06,9,FRANCE,BRIDGE,BRIDGES,47.75,-3.35,B17,4.0,,220.0,13.0,,,13.0,NOT INDICATED
145970,194019.0,1943-03-06,8,FRANCE,NAVAL POWER PLANT,NAVAL INSTALLATIONS,47.75,-3.35,B17,4.0,,230.0,13.0,,,13.0,NOT INDICATED
145968,194020.0,1943-03-06,8,FRANCE,NAVAL POWER PLANT,NAVAL INSTALLATIONS,47.75,-3.35,B17,4.0,,240.0,8.0,,,8.0,NOT INDICATED
145971,194024.0,1943-03-06,8,FRANCE,NAVAL POWER PLANT,NAVAL INSTALLATIONS,47.75,-3.35,B17,4.0,,230.0,13.0,,,13.0,NOT INDICATED
145969,194025.0,1943-03-06,8,FRANCE,NAVAL POWER PLANT,NAVAL INSTALLATIONS,47.75,-3.35,B17,4.0,,240.0,8.0,,,8.0,NOT INDICATED
146318,158911.0,1943-03-08,9,FRANCE,MARSHALLING YARD,"""RR INSTALLATIONS,  TRACKS,  MARSHALLING YARDS,  AND STATIONS""",48.12,-1.67,B17,4.0,,220.0,10.0,,,10.0,NOT INDICATED
146323,158912.0,1943-03-08,9,FRANCE,MARSHALLING YARD,"""RR INSTALLATIONS,  TRACKS,  MARSHALLING YARDS,  AND STATIONS""",48.12,-1.67,B17,4.0,,218.0,5.0,,,5.0,NOT INDICATED
146319,158913.0,1943-03-08,9,FRANCE,MARSHALLING YARD,"""RR INSTALLATIONS,  TRACKS,  MARSHALLING YARDS,  AND STATIONS""",48.12,-1.67,B17,4.0,,220.0,8.0,,,8.0,NOT INDICATED
146326,158914.0,1943-03-08,9,FRANCE,MARSHALLING YARD,"""RR INSTALLATIONS,  TRACKS,  MARSHALLING YARDS,  AND STATIONS""",48.12,-1.67,B17,4.0,,209.0,12.0,,,12.0,NOT INDICATED
146327,158915.0,1943-03-08,9,FRANCE,MARSHALLING YARD,"""RR INSTALLATIONS,  TRACKS,  MARSHALLING YARDS,  AND STATIONS""",48.12,-1.67,B17,4.0,,209.0,8.0,,,8.0,NOT INDICATED
146328,158916.0,1943-03-08,9,FRANCE,MARSHALLING YARD,"""RR INSTALLATIONS,  TRACKS,  MARSHALLING YARDS,  AND STATIONS""",48.12,-1.67,B17,4.0,,209.0,5.0,,,5.0,NOT INDICATED
146324,158917.0,1943-03-08,9,FRANCE,MARSHALLING YARD,"""RR INSTALLATIONS,  TRACKS,  MARSHALLING YARDS,  AND STATIONS""",48.12,-1.67,B17,4.0,,210.0,13.0,,,13.0,NOT INDICATED
146330,158918.0,1943-03-08,9,FRANCE,MARSHALLING YARD,"""RR INSTALLATIONS,  TRACKS,  MARSHALLING YARDS,  AND STATIONS""",48.12,-1.67,B17,4.0,,200.0,10.0,,,10.0,NOT INDICATED
146331,158919.0,1943-03-08,9,FRANCE,MARSHALLING YARD,"""RR INSTALLATIONS,  TRACKS,  MARSHALLING YARDS,  AND STATIONS""",48.12,-1.67,B17,4.0,,200.0,5.0,,,5.0,NOT INDICATED
146332,158920.0,1943-03-08,9,FRANCE,MARSHALLING YARD,"""RR INSTALLATIONS,  TRACKS,  MARSHALLING YARDS,  AND STATIONS""",48.12,-1.67,B17,4.0,,200.0,8.0,,,8.0,NOT INDICATED
146320,158921.0,1943-03-08,9,FRANCE,MARSHALLING YARD,"""RR INSTALLATIONS,  TRACKS,  MARSHALLING YARDS,  AND STATIONS""",48.12,-1.67,B17,4.0,,220.0,10.0,,,10.0,NOT INDICATED
146321,158922.0,1943-03-08,9,FRANCE,MARSHALLING YARD,"""RR INSTALLATIONS,  TRACKS,  MARSHALLING YARDS,  AND STATIONS""",48.12,-1.67,B17,4.0,,220.0,13.0,,,13.0,NOT INDICATED
146322,158923.0,1943-03-08,9,FRANCE,MARSHALLING YARD,"""RR INSTALLATIONS,  TRACKS,  MARSHALLING YARDS,  AND STATIONS""",48.12,-1.67,B17,4.0,,220.0,8.0,,,8.0,NOT INDICATED
146333,158924.0,1943-03-08,9,FRANCE,MARSHALLING YARD,"""RR INSTALLATIONS,  TRACKS,  MARSHALLING YARDS,  AND STATIONS""",48.12,-1.67,B17,4.0,,195.0,10.0,,,10.0,NOT INDICATED
146325,158925.0,1943-03-08,9,FRANCE,MARSHALLING YARD,"""RR INSTALLATIONS,  TRACKS,  MARSHALLING YARDS,  AND STATIONS""",48.12,-1.67,B17,4.0,,210.0,5.0,,,5.0,NOT INDICATED
146329,158926.0,1943-03-08,9,FRANCE,MARSHALLING YARD,"""RR INSTALLATIONS,  TRACKS,  MARSHALLING YARDS,  AND STATIONS""",48.12,-1.67,B17,4.0,,209.0,5.0,,,5.0,NOT INDICATED
150248,93495.0,1943-04-04,8,FRANCE,RENAULT ARMAMENT WORKS,ARMAMENT AND ORDNANCE PLANTS,48.77,2.2,B17,4.0,,220.0,6.0,,,6.0,NOT INDICATED
150244,93496.0,1943-04-04,8,FRANCE,RENAULT ARMAMENT WORKS,ARMAMENT AND ORDNANCE PLANTS,48.77,2.2,B17,4.0,,230.0,24.0,,,24.0,NOT INDICATED
150249,93497.0,1943-04-04,8,FRANCE,RENAULT ARMAMENT WORKS,ARMAMENT AND ORDNANCE PLANTS,48.77,2.2,B17,4.0,,220.0,6.0,,,6.0,NOT INDICATED
150245,93498.0,1943-04-04,8,FRANCE,RENAULT ARMAMENT WORKS,ARMAMENT AND ORDNANCE PLANTS,48.77,2.2,B17,4.0,,230.0,24.0,,,24.0,NOT INDICATED
150250,159006.0,1943-04-04,8,FRANCE,RENAULT ARMAMENT WORKS,ARMAMENT AND ORDNANCE PLANTS,48.77,2.2,B17,4.0,,220.0,6.0,,,6.0,NOT INDICATED
150246,159007.0,1943-04-04,8,FRANCE,RENAULT ARMAMENT WORKS,ARMAMENT AND ORDNANCE PLANTS,48.77,2.2,B17,4.0,,230.0,24.0,,,24.0,NOT INDICATED
150251,159022.0,1943-04-04,8,FRANCE,RENAULT ARMAMENT WORKS,ARMAMENT AND ORDNANCE PLANTS,48.77,2.2,B17,4.0,,220.0,6.0,,,6.0,NOT INDICATED
150247,159023.0,1943-04-04,8,FRANCE,RENAULT ARMAMENT WORKS,ARMAMENT AND ORDNANCE PLANTS,48.77,2.2,B17,4.0,,230.0,24.0,,,24.0,NOT INDICATED
152623,93657.0,1943-04-16,8,FRANCE,POWERPLANT,"""PUBLIC UTILITIES - ELECTRIC LIGHT AND POWER COMPANIES,  GAS COMPANIES, TELEPHONE COMPANIES,  WATER COMPANIES.  """,47.75,-3.35,B17,4.0,,240.0,15.0,,,15.0,NOT INDICATED
152598,93658.0,1943-04-16,8,FRANCE,POWERPLANT,"""PUBLIC UTILITIES - ELECTRIC LIGHT AND POWER COMPANIES,  GAS COMPANIES, TELEPHONE COMPANIES,  WATER COMPANIES.  """,47.75,-3.35,B17,4.0,,270.0,18.0,,,18.0,NOT INDICATED
152599,93659.0,1943-04-16,8,FRANCE,POWERPLANT,"""PUBLIC UTILITIES - ELECTRIC LIGHT AND POWER COMPANIES,  GAS COMPANIES, TELEPHONE COMPANIES,  WATER COMPANIES.  """,47.75,-3.35,B17,4.0,,270.0,8.0,,,8.0,NOT INDICATED
152600,93660.0,1943-04-16,8,FRANCE,POWERPLANT,"""PUBLIC UTILITIES - ELECTRIC LIGHT AND POWER COMPANIES,  GAS COMPANIES, TELEPHONE COMPANIES,  WATER COMPANIES.  """,47.75,-3.35,B17,4.0,,270.0,10.0,,,10.0,NOT INDICATED
152601,93661.0,1943-04-16,8,FRANCE,POWERPLANT,"""PUBLIC UTILITIES - ELECTRIC LIGHT AND POWER COMPANIES,  GAS COMPANIES, TELEPHONE COMPANIES,  WATER COMPANIES.  """,47.75,-3.35,B17,4.0,,270.0,8.0,,,8.0,NOT INDICATED
152595,93662.0,1943-04-16,8,FRANCE,POWERPLANT,"""PUBLIC UTILITIES - ELECTRIC LIGHT AND POWER COMPANIES,  GAS COMPANIES, TELEPHONE COMPANIES,  WATER COMPANIES.  """,47.75,-3.35,B17,4.0,,275.0,13.0,,,13.0,NOT INDICATED
152612,93663.0,1943-04-16,8,FRANCE,POWERPLANT,"""PUBLIC UTILITIES - ELECTRIC LIGHT AND POWER COMPANIES,  GAS COMPANIES, TELEPHONE COMPANIES,  WATER COMPANIES.  """,47.75,-3.35,B17,4.0,,265.0,3.0,,,3.0,NOT INDICATED
152613,93664.0,1943-04-16,8,FRANCE,POWERPLANT,"""PUBLIC UTILITIES - ELECTRIC LIGHT AND POWER COMPANIES,  GAS COMPANIES, TELEPHONE COMPANIES,  WATER COMPANIES.  """,47.75,-3.35,B17,4.0,,265.0,15.0,,,15.0,NOT INDICATED
152614,93665.0,1943-04-16,8,FRANCE,POWERPLANT,"""PUBLIC UTILITIES - ELECTRIC LIGHT AND POWER COMPANIES,  GAS COMPANIES, TELEPHONE COMPANIES,  WATER COMPANIES.  """,47.75,-3.35,B17,4.0,,265.0,13.0,,,13.0,NOT INDICATED
152624,93666.0,1943-04-16,8,FRANCE,POWERPLANT,"""PUBLIC UTILITIES - ELECTRIC LIGHT AND POWER COMPANIES,  GAS COMPANIES, TELEPHONE COMPANIES,  WATER COMPANIES.  """,47.75,-3.35,B17,4.0,,240.0,13.0,,,13.0,NOT INDICATED
152602,159083.0,1943-04-16,8,FRANCE,POWERPLANT,"""PUBLIC UTILITIES - ELECTRIC LIGHT AND POWER COMPANIES,  GAS COMPANIES, TELEPHONE COMPANIES,  WATER COMPANIES.  """,47.75,-3.35,B17,4.0,,270.0,8.0,,,8.0,NOT INDICATED
152596,159084.0,1943-04-16,8,FRANCE,POWERPLANT,"""PUBLIC UTILITIES - ELECTRIC LIGHT AND POWER COMPANIES,  GAS COMPANIES, TELEPHONE COMPANIES,  WATER COMPANIES.  """,47.75,-3.35,B17,4.0,,275.0,13.0,,,13.0,NOT INDICATED
152615,159085.0,1943-04-16,8,FRANCE,POWERPLANT,"""PUBLIC UTILITIES - ELECTRIC LIGHT AND POWER COMPANIES,  GAS COMPANIES, TELEPHONE COMPANIES,  WATER COMPANIES.  """,47.75,-3.35,B17,4.0,,265.0,3.0,,,3.0,NOT INDICATED
152616,159086.0,1943-04-16,8,FRANCE,POWERPLANT,"""PUBLIC UTILITIES - ELECTRIC LIGHT AND POWER COMPANIES,  GAS COMPANIES, TELEPHONE COMPANIES,  WATER COMPANIES.  """,47.75,-3.35,B17,4.0,,265.0,15.0,,,15.0,NOT INDICATED
152617,159087.0,1943-04-16,8,FRANCE,POWERPLANT,"""PUBLIC UTILITIES - ELECTRIC LIGHT AND POWER COMPANIES,  GAS COMPANIES, TELEPHONE COMPANIES,  WATER COMPANIES.  """,47.75,-3.35,B17,4.0,,265.0,13.0,,,13.0,NOT INDICATED
152625,159088.0,1943-04-16,8,FRANCE,POWERPLANT,"""PUBLIC UTILITIES - ELECTRIC LIGHT AND POWER COMPANIES,  GAS COMPANIES, TELEPHONE COMPANIES,  WATER COMPANIES.  """,47.75,-3.35,B17,4.0,,240.0,13.0,,,13.0,NOT INDICATED
152626,159089.0,1943-04-16,8,FRANCE,POWERPLANT,"""PUBLIC UTILITIES - ELECTRIC LIGHT AND POWER COMPANIES,  GAS COMPANIES, TELEPHONE COMPANIES,  WATER COMPANIES.  """,47.75,-3.35,B17,4.0,,240.0,15.0,,,15.0,NOT INDICATED
152603,159090.0,1943-04-16,8,FRANCE,POWERPLANT,"""PUBLIC UTILITIES - ELECTRIC LIGHT AND POWER COMPANIES,  GAS COMPANIES, TELEPHONE COMPANIES,  WATER COMPANIES.  """,47.75,-3.35,B17,4.0,,270.0,18.0,,,18.0,NOT INDICATED
152622,159091.0,1943-04-16,8,FRANCE,POWERPLANT,"""PUBLIC UTILITIES - ELECTRIC LIGHT AND POWER COMPANIES,  GAS COMPANIES, TELEPHONE COMPANIES,  WATER COMPANIES.  """,47.75,-3.35,B17,4.0,,250.0,8.0,,,8.0,NOT INDICATED
152618,159092.0,1943-04-16,8,FRANCE,POWERPLANT,"""PUBLIC UTILITIES - ELECTRIC LIGHT AND POWER COMPANIES,  GAS COMPANIES, TELEPHONE COMPANIES,  WATER COMPANIES.  """,47.75,-3.35,B17,4.0,,265.0,10.0,,,10.0,NOT INDICATED
152604,159093.0,1943-04-16,8,FRANCE,POWERPLANT,"""PUBLIC UTILITIES - ELECTRIC LIGHT AND POWER COMPANIES,  GAS COMPANIES, TELEPHONE COMPANIES,  WATER COMPANIES.  """,47.75,-3.35,B17,4.0,,270.0,8.0,,,8.0,NOT INDICATED
152597,159094.0,1943-04-16,8,FRANCE,POWERPLANT,"""PUBLIC UTILITIES - ELECTRIC LIGHT AND POWER COMPANIES,  GAS COMPANIES, TELEPHONE COMPANIES,  WATER COMPANIES.  """,47.75,-3.35,B17,4.0,,275.0,13.0,,,13.0,NOT INDICATED
152619,159095.0,1943-04-16,8,FRANCE,POWERPLANT,"""PUBLIC UTILITIES - ELECTRIC LIGHT AND POWER COMPANIES,  GAS COMPANIES, TELEPHONE COMPANIES,  WATER COMPANIES.  """,47.75,-3.35,B17,4.0,,265.0,3.0,,,3.0,NOT INDICATED
152620,159096.0,1943-04-16,8,FRANCE,POWERPLANT,"""PUBLIC UTILITIES - ELECTRIC LIGHT AND POWER COMPANIES,  GAS COMPANIES, TELEPHONE COMPANIES,  WATER COMPANIES.  """,47.75,-3.35,B17,4.0,,265.0,15.0,,,15.0,NOT INDICATED
152621,159097.0,1943-04-16,8,FRANCE,POWERPLANT,"""PUBLIC UTILITIES - ELECTRIC LIGHT AND POWER COMPANIES,  GAS COMPANIES, TELEPHONE COMPANIES,  WATER COMPANIES.  """,47.75,-3.35,B17,4.0,,265.0,13.0,,,13.0,NOT INDICATED
152627,159098.0,1943-04-16,8,FRANCE,POWERPLANT,"""PUBLIC UTILITIES - ELECTRIC LIGHT AND POWER COMPANIES,  GAS COMPANIES, TELEPHONE COMPANIES,  WATER COMPANIES.  """,47.75,-3.35,B17,4.0,,240.0,13.0,,,13.0,NOT INDICATED
152628,159099.0,1943-04-16,8,FRANCE,POWERPLANT,"""PUBLIC UTILITIES - ELECTRIC LIGHT AND POWER COMPANIES,  GAS COMPANIES, TELEPHONE COMPANIES,  WATER COMPANIES.  """,47.75,-3.35,B17,4.0,,240.0,15.0,,,15.0,NOT INDICATED
152605,159100.0,1943-04-16,8,FRANCE,POWERPLANT,"""PUBLIC UTILITIES - ELECTRIC LIGHT AND POWER COMPANIES,  GAS COMPANIES, TELEPHONE COMPANIES,  WATER COMPANIES.  """,47.75,-3.35,B17,4.0,,270.0,18.0,,,18.0,NOT INDICATED
152606,159101.0,1943-04-16,8,FRANCE,POWERPLANT,"""PUBLIC UTILITIES - ELECTRIC LIGHT AND POWER COMPANIES,  GAS COMPANIES, TELEPHONE COMPANIES,  WATER COMPANIES.  """,47.75,-3.35,B17,4.0,,270.0,8.0,,,8.0,NOT INDICATED
152607,159102.0,1943-04-16,8,FRANCE,POWERPLANT,"""PUBLIC UTILITIES - ELECTRIC LIGHT AND POWER COMPANIES,  GAS COMPANIES, TELEPHONE COMPANIES,  WATER COMPANIES.  """,47.75,-3.35,B17,4.0,,270.0,10.0,,,10.0,NOT INDICATED
152584,159103.0,1943-04-16,9,FRANCE,BRIDGES,BRIDGES,48.4,-4.5,B24,4.0,,215.0,10.0,,,10.0,NOT INDICATED
152582,159104.0,1943-04-16,9,FRANCE,BRIDGES,BRIDGES,48.4,-4.5,B24,4.0,,220.0,12.0,,,12.0,NOT INDICATED
152579,159105.0,1943-04-16,9,FRANCE,BRIDGES,BRIDGES,48.4,-4.5,B24,4.0,,225.0,3.0,,,3.0,NOT INDICATED
152580,159106.0,1943-04-16,9,FRANCE,BRIDGES,BRIDGES,48.4,-4.5,B24,4.0,,225.0,9.0,,,9.0,NOT INDICATED
152581,159107.0,1943-04-16,9,FRANCE,BRIDGES,BRIDGES,48.4,-4.5,B24,4.0,,225.0,3.0,,,3.0,NOT INDICATED
152583,159108.0,1943-04-16,9,FRANCE,BRIDGES,BRIDGES,48.4,-4.5,B24,4.0,,220.0,6.0,,,6.0,NOT INDICATED
152578,159109.0,1943-04-16,9,FRANCE,BRIDGE,BRIDGES,47.75,-3.35,B17,4.0,,250.0,13.0,,,13.0,NOT INDICATED
152577,159110.0,1943-04-16,9,FRANCE,BRIDGE,BRIDGES,47.75,-3.35,B17,4.0,,270.0,10.0,,,10.0,NOT INDICATED
152608,194538.0,1943-04-16,8,FRANCE,NAVAL POWER PLANT,NAVAL INSTALLATIONS,47.75,-3.35,B17,4.0,,270.0,12.0,,,12.0,NOT INDICATED
152609,194539.0,1943-04-16,8,FRANCE,NAVAL POWER PLANT,NAVAL INSTALLATIONS,47.75,-3.35,B17,4.0,,270.0,13.0,,,13.0,NOT INDICATED
152610,194549.0,1943-04-16,8,FRANCE,NAVAL POWER PLANT,NAVAL INSTALLATIONS,47.75,-3.35,B17,4.0,,270.0,12.0,,,12.0,NOT INDICATED
152611,194550.0,1943-04-16,8,FRANCE,NAVAL POWER PLANT,NAVAL INSTALLATIONS,47.75,-3.35,B17,4.0,,270.0,13.0,,,13.0,NOT INDICATED
155240,194943.0,1943-05-01,8,FRANCE,SA DES ATELIERS SHIP,SHIP BUILDING,47.28,-2.2,B17,4.0,,250.0,8.0,,,8.0,NOT INDICATED
155446,194944.0,1943-05-01,8,FRANCE,SA DES ATELIERS SHIP,SHIP BUILDING,47.28,-2.2,B17,4.0,,245.0,4.0,,,4.0,NOT INDICATED
155241,194945.0,1943-05-01,8,FRANCE,SA DES ATELIERS SHIP,SHIP BUILDING,47.28,-2.2,B17,4.0,,250.0,10.0,,,10.0,NOT INDICATED
155448,194946.0,1943-05-01,8,FRANCE,SA DES ATELIERS SHIP,SHIP BUILDING,47.28,-2.2,B17,4.0,,240.0,4.0,,,4.0,NOT INDICATED
155449,194947.0,1943-05-01,8,FRANCE,SA DES ATELIERS SHIP,SHIP BUILDING,47.28,-2.2,B17,4.0,,240.0,10.0,,,10.0,NOT INDICATED
155242,194948.0,1943-05-01,8,FRANCE,SA DES ATELIERS SHIP,SHIP BUILDING,47.28,-2.2,B17,4.0,,250.0,10.0,,,10.0,NOT INDICATED
155443,194956.0,1943-05-01,8,FRANCE,SA DES ATELIERS SHIP,SHIP BUILDING,47.28,-2.2,B17,4.0,,250.0,8.0,,,8.0,NOT INDICATED
155447,194957.0,1943-05-01,8,FRANCE,SA DES ATELIERS SHIP,SHIP BUILDING,47.28,-2.2,B17,4.0,,245.0,4.0,,,4.0,NOT INDICATED
155444,194958.0,1943-05-01,8,FRANCE,SA DES ATELIERS SHIP,SHIP BUILDING,47.28,-2.2,B17,4.0,,250.0,10.0,,,10.0,NOT INDICATED
155450,194959.0,1943-05-01,8,FRANCE,SA DES ATELIERS SHIP,SHIP BUILDING,47.28,-2.2,B17,4.0,,240.0,4.0,,,4.0,NOT INDICATED
155451,194960.0,1943-05-01,8,FRANCE,SA DES ATELIERS SHIP,SHIP BUILDING,47.28,-2.2,B17,4.0,,240.0,10.0,,,10.0,NOT INDICATED
155445,194961.0,1943-05-01,8,FRANCE,SA DES ATELIERS SHIP,SHIP BUILDING,47.28,-2.2,B17,4.0,,250.0,10.0,,,10.0,NOT INDICATED
158232,195305.0,1943-05-14,8,GERMANY,NAVAL INSTALLATIONS,NAVAL INSTALLATIONS,54.33,10.15,B17,4.0,,250.0,15.0,,,15.0,NOT INDICATED
158233,195306.0,1943-05-14,8,GERMANY,NAVAL INSTALLATIONS,NAVAL INSTALLATIONS,54.33,10.15,B17,4.0,,250.0,15.0,,,15.0,NOT INDICATED
158234,195307.0,1943-05-14,8,GERMANY,NAVAL INSTALLATIONS,NAVAL INSTALLATIONS,54.33,10.15,B17,4.0,,250.0,15.0,,,15.0,NOT INDICATED
158230,195308.0,1943-05-14,9,GERMANY,DOCK AREA,PORTS AND HARBORS,54.33,10.15,B17,4.0,,260.0,20.0,,,20.0,NOT INDICATED
158235,195331.0,1943-05-14,8,GERMANY,NAVAL INSTALLATIONS,NAVAL INSTALLATIONS,54.33,10.15,B17,4.0,,250.0,15.0,,,15.0,NOT INDICATED
158236,195332.0,1943-05-14,8,GERMANY,NAVAL INSTALLATIONS,NAVAL INSTALLATIONS,54.33,10.15,B17,4.0,,250.0,15.0,,,15.0,NOT INDICATED
158237,195333.0,1943-05-14,8,GERMANY,NAVAL INSTALLATIONS,NAVAL INSTALLATIONS,54.33,10.15,B17,4.0,,250.0,15.0,,,15.0,NOT INDICATED
158231,195334.0,1943-05-14,9,GERMANY,DOCK AREA,PORTS AND HARBORS,54.33,10.15,B17,4.0,,260.0,20.0,,,20.0,NOT INDICATED
158229,196387.0,1943-05-14,9,GERMANY,DOCK AREA,PORTS AND HARBORS,54.33,10.15,B17,4.0,,270.0,13.0,,,13.0,NOT INDICATED
159057,195426.0,1943-05-17,8,FRANCE,NAVAL POWER PLANT,NAVAL INSTALLATIONS,47.75,-3.35,B17,4.0,,230.0,15.0,,,15.0,NOT INDICATED
159055,195427.0,1943-05-17,8,FRANCE,NAVAL POWER PLANT,NAVAL INSTALLATIONS,47.75,-3.35,B17,4.0,,250.0,5.0,,,5.0,NOT INDICATED
159058,195428.0,1943-05-17,8,FRANCE,NAVAL POWER PLANT,NAVAL INSTALLATIONS,47.75,-3.35,B17,4.0,,230.0,8.0,,,8.0,NOT INDICATED
159059,195429.0,1943-05-17,8,FRANCE,NAVAL POWER PLANT,NAVAL INSTALLATIONS,47.75,-3.35,B17,4.0,,230.0,18.0,,,18.0,NOT INDICATED
159060,195465.0,1943-05-17,8,FRANCE,NAVAL POWER PLANT,NAVAL INSTALLATIONS,47.75,-3.35,B17,4.0,,230.0,15.0,,,15.0,NOT INDICATED
159056,195466.0,1943-05-17,8,FRANCE,NAVAL POWER PLANT,NAVAL INSTALLATIONS,47.75,-3.35,B17,4.0,,250.0,5.0,,,5.0,NOT INDICATED
159061,195467.0,1943-05-17,8,FRANCE,NAVAL POWER PLANT,NAVAL INSTALLATIONS,47.75,-3.35,B17,4.0,,230.0,8.0,,,8.0,NOT INDICATED
159062,195468.0,1943-05-17,8,FRANCE,NAVAL POWER PLANT,NAVAL INSTALLATIONS,47.75,-3.35,B17,4.0,,230.0,18.0,,,18.0,NOT INDICATED
159365,195500.0,1943-05-19,8,GERMANY,NAVAL INSTALLATIONS,NAVAL INSTALLATIONS,54.33,10.15,B17,4.0,,,,2.0,,2.0,NOT INDICATED
159361,195501.0,1943-05-19,8,GERMANY,NAVAL INSTALLATIONS,NAVAL INSTALLATIONS,54.33,10.15,B17,4.0,,250.0,,3.0,,3.0,NOT INDICATED
159366,195502.0,1943-05-19,8,GERMANY,NAVAL INSTALLATIONS,NAVAL INSTALLATIONS,54.33,10.15,B17,4.0,,,,3.0,,3.0,NOT INDICATED
159362,195503.0,1943-05-19,8,GERMANY,NAVAL INSTALLATIONS,NAVAL INSTALLATIONS,54.33,10.15,B17,4.0,,250.0,,6.0,,6.0,NOT INDICATED
159363,195545.0,1943-05-19,8,GERMANY,NAVAL INSTALLATIONS,NAVAL INSTALLATIONS,54.33,10.15,B17,4.0,,250.0,,3.0,,3.0,NOT INDICATED
159367,195546.0,1943-05-19,8,GERMANY,NAVAL INSTALLATIONS,NAVAL INSTALLATIONS,54.33,10.15,B17,4.0,,,,3.0,,3.0,NOT INDICATED
159364,195547.0,1943-05-19,8,GERMANY,NAVAL INSTALLATIONS,NAVAL INSTALLATIONS,54.33,10.15,B17,4.0,,250.0,,6.0,,6.0,NOT INDICATED
159368,195548.0,1943-05-19,8,GERMANY,NAVAL INSTALLATIONS,NAVAL INSTALLATIONS,54.33,10.15,B17,4.0,,,,2.0,,2.0,NOT INDICATED
159360,195549.0,1943-05-19,9,GERMANY,DOCK AREA,PORTS AND HARBORS,54.33,10.15,B17,4.0,,270.0,13.0,,,13.0,NOT INDICATED
161078,94179.0,1943-05-29,9,FRANCE,NAVAL SUPPLY BASE,SUPPLY DUMPS AND WAREHOUSES,48.12,-1.67,B17,4.0,,23.0,13.0,,,13.0,NOT INDICATED
161043,94180.0,1943-05-29,9,FRANCE,NAVAL SUPPLY BASE,SUPPLY DUMPS AND WAREHOUSES,48.12,-1.67,B17,4.0,,230.0,10.0,,,10.0,NOT INDICATED
161044,94181.0,1943-05-29,9,FRANCE,NAVAL SUPPLY BASE,SUPPLY DUMPS AND WAREHOUSES,48.12,-1.67,B17,4.0,,230.0,10.0,,,10.0,NOT INDICATED
161058,94182.0,1943-05-29,9,FRANCE,NAVAL SUPPLY BASE,SUPPLY DUMPS AND WAREHOUSES,48.12,-1.67,B17,4.0,,220.0,10.0,,,10.0,NOT INDICATED
161059,94183.0,1943-05-29,9,FRANCE,NAVAL SUPPLY BASE,SUPPLY DUMPS AND WAREHOUSES,48.12,-1.67,B17,4.0,,220.0,13.0,,,13.0,NOT INDICATED
161052,94184.0,1943-05-29,9,FRANCE,NAVAL SUPPLY BASE,SUPPLY DUMPS AND WAREHOUSES,48.12,-1.67,B17,4.0,,225.0,2.0,,,2.0,NOT INDICATED
161045,94185.0,1943-05-29,9,FRANCE,NAVAL SUPPLY BASE,SUPPLY DUMPS AND WAREHOUSES,48.12,-1.67,B17,4.0,,230.0,15.0,,,15.0,NOT INDICATED
161053,94186.0,1943-05-29,9,FRANCE,NAVAL SUPPLY BASE,SUPPLY DUMPS AND WAREHOUSES,48.12,-1.67,B17,4.0,,225.0,18.0,,,18.0,NOT INDICATED
161079,195850.0,1943-05-29,9,FRANCE,NAVAL SUPPLY BASE,SUPPLY DUMPS AND WAREHOUSES,48.12,-1.67,B17,4.0,,23.0,13.0,,,13.0,NOT INDICATED
161046,195851.0,1943-05-29,9,FRANCE,NAVAL SUPPLY BASE,SUPPLY DUMPS AND WAREHOUSES,48.12,-1.67,B17,4.0,,230.0,10.0,,,10.0,NOT INDICATED
161047,195852.0,1943-05-29,9,FRANCE,NAVAL SUPPLY BASE,SUPPLY DUMPS AND WAREHOUSES,48.12,-1.67,B17,4.0,,230.0,10.0,,,10.0,NOT INDICATED
161060,195853.0,1943-05-29,9,FRANCE,NAVAL SUPPLY BASE,SUPPLY DUMPS AND WAREHOUSES,48.12,-1.67,B17,4.0,,220.0,10.0,,,10.0,NOT INDICATED
161061,195854.0,1943-05-29,9,FRANCE,NAVAL SUPPLY BASE,SUPPLY DUMPS AND WAREHOUSES,48.12,-1.67,B17,4.0,,220.0,13.0,,,13.0,NOT INDICATED
161054,195855.0,1943-05-29,9,FRANCE,NAVAL SUPPLY BASE,SUPPLY DUMPS AND WAREHOUSES,48.12,-1.67,B17,4.0,,225.0,2.0,,,2.0,NOT INDICATED
161048,195856.0,1943-05-29,9,FRANCE,NAVAL SUPPLY BASE,SUPPLY DUMPS AND WAREHOUSES,48.12,-1.67,B17,4.0,,230.0,15.0,,,15.0,NOT INDICATED
161055,195857.0,1943-05-29,9,FRANCE,NAVAL SUPPLY BASE,SUPPLY DUMPS AND WAREHOUSES,48.12,-1.67,B17,4.0,,225.0,18.0,,,18.0,NOT INDICATED
161080,195858.0,1943-05-29,9,FRANCE,NAVAL SUPPLY BASE,SUPPLY DUMPS AND WAREHOUSES,48.12,-1.67,B17,4.0,,23.0,13.0,,,13.0,NOT INDICATED
161049,195859.0,1943-05-29,9,FRANCE,NAVAL SUPPLY BASE,SUPPLY DUMPS AND WAREHOUSES,48.12,-1.67,B17,4.0,,230.0,10.0,,,10.0,NOT INDICATED
161050,195860.0,1943-05-29,9,FRANCE,NAVAL SUPPLY BASE,SUPPLY DUMPS AND WAREHOUSES,48.12,-1.67,B17,4.0,,230.0,10.0,,,10.0,NOT INDICATED
161062,195861.0,1943-05-29,9,FRANCE,NAVAL SUPPLY BASE,SUPPLY DUMPS AND WAREHOUSES,48.12,-1.67,B17,4.0,,220.0,10.0,,,10.0,NOT INDICATED
161063,195862.0,1943-05-29,9,FRANCE,NAVAL SUPPLY BASE,SUPPLY DUMPS AND WAREHOUSES,48.12,-1.67,B17,4.0,,220.0,13.0,,,13.0,NOT INDICATED
161056,195863.0,1943-05-29,9,FRANCE,NAVAL SUPPLY BASE,SUPPLY DUMPS AND WAREHOUSES,48.12,-1.67,B17,4.0,,225.0,2.0,,,2.0,NOT INDICATED
161051,195864.0,1943-05-29,9,FRANCE,NAVAL SUPPLY BASE,SUPPLY DUMPS AND WAREHOUSES,48.12,-1.67,B17,4.0,,230.0,15.0,,,15.0,NOT INDICATED
161057,195865.0,1943-05-29,9,FRANCE,NAVAL SUPPLY BASE,SUPPLY DUMPS AND WAREHOUSES,48.12,-1.67,B17,4.0,,225.0,18.0,,,18.0,NOT INDICATED
163180,94321.0,1943-06-11,8,GERMANY,BOILER PLANTS,"""IRON AND STEEL PRODUCTION FACILITIES,  BLAST FURNACES,  BOILER SHOPS,  FORGES,  FOUNDRIES, STEEL WORKS,  ROLLING-MILLS """,53.08,8.72,B17,4.0,,260.0,13.0,,,13.0,NOT INDICATED
163181,94322.0,1943-06-11,8,GERMANY,BOILER PLANTS,"""IRON AND STEEL PRODUCTION FACILITIES,  BLAST FURNACES,  BOILER SHOPS,  FORGES,  FOUNDRIES, STEEL WORKS,  ROLLING-MILLS """,53.08,8.72,B17,4.0,,260.0,13.0,,,13.0,NOT INDICATED
163182,94323.0,1943-06-11,8,GERMANY,BOILER PLANTS,"""IRON AND STEEL PRODUCTION FACILITIES,  BLAST FURNACES,  BOILER SHOPS,  FORGES,  FOUNDRIES, STEEL WORKS,  ROLLING-MILLS """,53.08,8.72,B17,4.0,,260.0,3.0,,,3.0,NOT INDICATED
163183,94324.0,1943-06-11,8,GERMANY,BOILER PLANTS,"""IRON AND STEEL PRODUCTION FACILITIES,  BLAST FURNACES,  BOILER SHOPS,  FORGES,  FOUNDRIES, STEEL WORKS,  ROLLING-MILLS """,53.08,8.72,B17,4.0,,260.0,18.0,,,18.0,NOT INDICATED
163188,94328.0,1943-06-11,8,HOLLAND OR NETHERLANDS,AIRFIELD,AIR FIELDS AND AIRDROMES,52.08,4.3,B17,4.0,,250.0,3.0,,,3.0,NOT INDICATED
163168,94360.0,1943-06-11,9,GERMANY,KF BORGWARD AG,VEHICLE MFG. PLANTS,53.08,8.72,B17,4.0,,250.0,18.0,,,18.0,NOT INDICATED
163169,94361.0,1943-06-11,9,GERMANY,KF BORGWARD AG,VEHICLE MFG. PLANTS,53.08,8.72,B17,4.0,,250.0,18.0,,,18.0,NOT INDICATED
163170,159419.0,1943-06-11,9,GERMANY,KF BORGWARD AG,VEHICLE MFG. PLANTS,53.08,8.72,B17,4.0,,250.0,18.0,,,18.0,NOT INDICATED
163171,159420.0,1943-06-11,9,GERMANY,KF BORGWARD AG,VEHICLE MFG. PLANTS,53.08,8.72,B17,4.0,,250.0,18.0,,,18.0,NOT INDICATED
163184,159421.0,1943-06-11,8,GERMANY,BOILER PLANTS,"""IRON AND STEEL PRODUCTION FACILITIES,  BLAST FURNACES,  BOILER SHOPS,  FORGES,  FOUNDRIES, STEEL WORKS,  ROLLING-MILLS """,53.08,8.72,B17,4.0,,260.0,13.0,,,13.0,NOT INDICATED
163185,159422.0,1943-06-11,8,GERMANY,BOILER PLANTS,"""IRON AND STEEL PRODUCTION FACILITIES,  BLAST FURNACES,  BOILER SHOPS,  FORGES,  FOUNDRIES, STEEL WORKS,  ROLLING-MILLS """,53.08,8.72,B17,4.0,,260.0,13.0,,,13.0,NOT INDICATED
163186,159423.0,1943-06-11,8,GERMANY,BOILER PLANTS,"""IRON AND STEEL PRODUCTION FACILITIES,  BLAST FURNACES,  BOILER SHOPS,  FORGES,  FOUNDRIES, STEEL WORKS,  ROLLING-MILLS """,53.08,8.72,B17,4.0,,260.0,3.0,,,3.0,NOT INDICATED
163187,159424.0,1943-06-11,8,GERMANY,BOILER PLANTS,"""IRON AND STEEL PRODUCTION FACILITIES,  BLAST FURNACES,  BOILER SHOPS,  FORGES,  FOUNDRIES, STEEL WORKS,  ROLLING-MILLS """,53.08,8.72,B17,4.0,,260.0,18.0,,,18.0,NOT INDICATED
163189,196190.0,1943-06-11,8,HOLLAND OR NETHERLANDS,AIRFIELD,AIR FIELDS AND AIRDROMES,52.08,4.3,B17,4.0,,250.0,3.0,,,3.0,NOT INDICATED
163190,196245.0,1943-06-11,8,HOLLAND OR NETHERLANDS,AIRFIELD,AIR FIELDS AND AIRDROMES,52.08,4.3,B17,4.0,,250.0,3.0,,,3.0,NOT INDICATED
164071,94395.0,1943-06-13,8,GERMANY,STORAGE WAREHOUSE,SUPPLY DUMPS AND WAREHOUSES,53.08,8.72,B17,4.0,,234.0,10.0,,,10.0,NOT INDICATED
164072,94396.0,1943-06-13,8,GERMANY,STORAGE WAREHOUSE,SUPPLY DUMPS AND WAREHOUSES,53.08,8.72,B17,4.0,,234.0,10.0,,,10.0,NOT INDICATED
164073,94397.0,1943-06-13,8,GERMANY,STORAGE WAREHOUSE,SUPPLY DUMPS AND WAREHOUSES,53.08,8.72,B17,4.0,,234.0,13.0,,,13.0,NOT INDICATED
164074,94398.0,1943-06-13,8,GERMANY,STORAGE WAREHOUSE,SUPPLY DUMPS AND WAREHOUSES,53.08,8.72,B17,4.0,,234.0,5.0,,,5.0,NOT INDICATED
164075,196334.0,1943-06-13,8,GERMANY,STORAGE WAREHOUSE,SUPPLY DUMPS AND WAREHOUSES,53.08,8.72,B17,4.0,,234.0,10.0,,,10.0,NOT INDICATED
164076,196335.0,1943-06-13,8,GERMANY,STORAGE WAREHOUSE,SUPPLY DUMPS AND WAREHOUSES,53.08,8.72,B17,4.0,,234.0,10.0,,,10.0,NOT INDICATED
164077,196336.0,1943-06-13,8,GERMANY,STORAGE WAREHOUSE,SUPPLY DUMPS AND WAREHOUSES,53.08,8.72,B17,4.0,,234.0,13.0,,,13.0,NOT INDICATED
164078,196337.0,1943-06-13,8,GERMANY,STORAGE WAREHOUSE,SUPPLY DUMPS AND WAREHOUSES,53.08,8.72,B17,4.0,,234.0,5.0,,,5.0,NOT INDICATED
164079,196338.0,1943-06-13,8,GERMANY,STORAGE WAREHOUSE,SUPPLY DUMPS AND WAREHOUSES,53.08,8.72,B17,4.0,,234.0,10.0,,,10.0,NOT INDICATED
164080,196339.0,1943-06-13,8,GERMANY,STORAGE WAREHOUSE,SUPPLY DUMPS AND WAREHOUSES,53.08,8.72,B17,4.0,,234.0,10.0,,,10.0,NOT INDICATED
164081,196340.0,1943-06-13,8,GERMANY,STORAGE WAREHOUSE,SUPPLY DUMPS AND WAREHOUSES,53.08,8.72,B17,4.0,,234.0,13.0,,,13.0,NOT INDICATED
164082,196341.0,1943-06-13,8,GERMANY,STORAGE WAREHOUSE,SUPPLY DUMPS AND WAREHOUSES,53.08,8.72,B17,4.0,,234.0,5.0,,,5.0,NOT INDICATED
165924,94484.0,1943-06-25,8,GERMANY,AERO ENGINE WORKS,ENGINE PLANTS,53.55,10.0,B17,2.0,,290.0,18.0,,,18.0,NOT INDICATED
165933,94485.0,1943-06-25,8,GERMANY,AERO ENGINE WORKS,ENGINE PLANTS,53.55,10.0,B17,2.0,,280.0,3.0,,,3.0,NOT INDICATED
165936,94486.0,1943-06-25,8,GERMANY,AERO ENGINE WORKS,ENGINE PLANTS,53.55,10.0,B17,4.0,,270.0,10.0,,,10.0,NOT INDICATED
165937,94487.0,1943-06-25,8,GERMANY,AERO ENGINE WORKS,ENGINE PLANTS,53.55,10.0,B17,4.0,,270.0,6.0,,,6.0,NOT INDICATED
165925,94488.0,1943-06-25,8,GERMANY,AERO ENGINE WORKS,ENGINE PLANTS,53.55,10.0,B17,4.0,,290.0,10.0,,,10.0,NOT INDICATED
165926,94489.0,1943-06-25,8,GERMANY,AERO ENGINE WORKS,ENGINE PLANTS,53.55,10.0,B17,2.0,,290.0,15.0,,,15.0,NOT INDICATED
165916,94491.0,1943-06-25,9,GERMANY,KF BORGWARD AG,VEHICLE MFG. PLANTS,53.08,8.72,B17,4.0,,,3.0,,,3.0,NOT INDICATED
165917,94492.0,1943-06-25,9,GERMANY,KF BORGWARD AG,VEHICLE MFG. PLANTS,53.08,8.72,B17,4.0,,,3.0,,,3.0,NOT INDICATED
165907,94495.0,1943-06-25,9,GERMANY,UNIDENTIFIED TARGET,UNIDENTIFIED TARGETS,53.55,10.0,B17,4.0,,265.0,10.0,,,10.0,NOT INDICATED
165896,94496.0,1943-06-25,9,GERMANY,UNIDENTIFIED TARGET,UNIDENTIFIED TARGETS,53.55,10.0,B17,4.0,,270.0,15.0,,,15.0,NOT INDICATED
165893,94497.0,1943-06-25,9,GERMANY,UNIDENTIFIED TARGET,UNIDENTIFIED TARGETS,53.55,10.0,B17,4.0,,276.0,10.0,,,10.0,NOT INDICATED
165910,94498.0,1943-06-25,9,GERMANY,UNIDENTIFIED TARGET,UNIDENTIFIED TARGETS,53.55,10.0,B17,4.0,,260.0,17.0,,,17.0,NOT INDICATED
165884,94499.0,1943-06-25,9,GERMANY,UNIDENTIFIED TARGET,UNIDENTIFIED TARGETS,53.55,10.0,B17,4.0,,287.0,13.0,,,13.0,NOT INDICATED
165885,94500.0,1943-06-25,9,GERMANY,UNIDENTIFIED TARGET,UNIDENTIFIED TARGETS,53.55,10.0,B17,4.0,,287.0,18.0,,,18.0,NOT INDICATED
165886,94501.0,1943-06-25,9,GERMANY,UNIDENTIFIED TARGET,UNIDENTIFIED TARGETS,53.55,10.0,B17,4.0,,287.0,5.0,,,5.0,NOT INDICATED
165913,94502.0,1943-06-25,9,GERMANY,UNIDENTIFIED TARGET,UNIDENTIFIED TARGETS,53.55,10.0,B17,4.0,,240.0,18.0,,,18.0,NOT INDICATED
165897,94503.0,1943-06-25,9,GERMANY,UNIDENTIFIED TARGET,UNIDENTIFIED TARGETS,53.55,10.0,B17,4.0,,270.0,3.0,,,3.0,NOT INDICATED
165898,94504.0,1943-06-25,9,GERMANY,UNIDENTIFIED TARGET,UNIDENTIFIED TARGETS,53.55,10.0,B17,4.0,,270.0,5.0,,,5.0,NOT INDICATED
165942,94505.0,1943-06-25,8,GERMANY,UNIDENTIFIED TARGET,UNIDENTIFIED TARGETS,53.95,13.56,B17,4.0,,270.0,23.0,,,23.0,NOT INDICATED
165938,159508.0,1943-06-25,8,GERMANY,AERO ENGINE WORKS,ENGINE PLANTS,53.55,10.0,B17,4.0,,270.0,10.0,,,10.0,NOT INDICATED
165939,159509.0,1943-06-25,8,GERMANY,AERO ENGINE WORKS,ENGINE PLANTS,53.55,10.0,B17,4.0,,270.0,6.0,,,6.0,NOT INDICATED
165927,159510.0,1943-06-25,8,GERMANY,AERO ENGINE WORKS,ENGINE PLANTS,53.55,10.0,B17,2.0,,290.0,18.0,,,18.0,NOT INDICATED
165934,159511.0,1943-06-25,8,GERMANY,AERO ENGINE WORKS,ENGINE PLANTS,53.55,10.0,B17,2.0,,280.0,3.0,,,3.0,NOT INDICATED
165928,159512.0,1943-06-25,8,GERMANY,AERO ENGINE WORKS,ENGINE PLANTS,53.55,10.0,B17,4.0,,290.0,10.0,,,10.0,NOT INDICATED
165929,159513.0,1943-06-25,8,GERMANY,AERO ENGINE WORKS,ENGINE PLANTS,53.55,10.0,B17,2.0,,290.0,15.0,,,15.0,NOT INDICATED
165908,159516.0,1943-06-25,9,GERMANY,UNIDENTIFIED TARGET,UNIDENTIFIED TARGETS,53.55,10.0,B17,4.0,,265.0,10.0,,,10.0,NOT INDICATED
165899,159517.0,1943-06-25,9,GERMANY,UNIDENTIFIED TARGET,UNIDENTIFIED TARGETS,53.55,10.0,B17,4.0,,270.0,15.0,,,15.0,NOT INDICATED
165894,159518.0,1943-06-25,9,GERMANY,UNIDENTIFIED TARGET,UNIDENTIFIED TARGETS,53.55,10.0,B17,4.0,,276.0,10.0,,,10.0,NOT INDICATED
165911,159519.0,1943-06-25,9,GERMANY,UNIDENTIFIED TARGET,UNIDENTIFIED TARGETS,53.55,10.0,B17,4.0,,260.0,17.0,,,17.0,NOT INDICATED
165887,159520.0,1943-06-25,9,GERMANY,UNIDENTIFIED TARGET,UNIDENTIFIED TARGETS,53.55,10.0,B17,4.0,,287.0,13.0,,,13.0,NOT INDICATED
165888,159521.0,1943-06-25,9,GERMANY,UNIDENTIFIED TARGET,UNIDENTIFIED TARGETS,53.55,10.0,B17,4.0,,287.0,18.0,,,18.0,NOT INDICATED
165889,159522.0,1943-06-25,9,GERMANY,UNIDENTIFIED TARGET,UNIDENTIFIED TARGETS,53.55,10.0,B17,4.0,,287.0,5.0,,,5.0,NOT INDICATED
165914,159523.0,1943-06-25,9,GERMANY,UNIDENTIFIED TARGET,UNIDENTIFIED TARGETS,53.55,10.0,B17,4.0,,240.0,18.0,,,18.0,NOT INDICATED
165900,159524.0,1943-06-25,9,GERMANY,UNIDENTIFIED TARGET,UNIDENTIFIED TARGETS,53.55,10.0,B17,4.0,,270.0,3.0,,,3.0,NOT INDICATED
165901,159525.0,1943-06-25,9,GERMANY,UNIDENTIFIED TARGET,UNIDENTIFIED TARGETS,53.55,10.0,B17,4.0,,270.0,5.0,,,5.0,NOT INDICATED
166143,159526.0,1943-06-25,8,GERMANY,UNIDENTIFIED TARGET,UNIDENTIFIED TARGETS,53.95,13.56,B17,4.0,,270.0,23.0,,,23.0,NOT INDICATED
165909,159549.0,1943-06-25,9,GERMANY,UNIDENTIFIED TARGET,UNIDENTIFIED TARGETS,53.55,10.0,B17,4.0,,265.0,10.0,,,10.0,NOT INDICATED
165902,159550.0,1943-06-25,9,GERMANY,UNIDENTIFIED TARGET,UNIDENTIFIED TARGETS,53.55,10.0,B17,4.0,,270.0,15.0,,,15.0,NOT INDICATED
165895,159551.0,1943-06-25,9,GERMANY,UNIDENTIFIED TARGET,UNIDENTIFIED TARGETS,53.55,10.0,B17,4.0,,276.0,10.0,,,10.0,NOT INDICATED
165912,159552.0,1943-06-25,9,GERMANY,UNIDENTIFIED TARGET,UNIDENTIFIED TARGETS,53.55,10.0,B17,4.0,,260.0,17.0,,,17.0,NOT INDICATED
165890,159553.0,1943-06-25,9,GERMANY,UNIDENTIFIED TARGET,UNIDENTIFIED TARGETS,53.55,10.0,B17,4.0,,287.0,13.0,,,13.0,NOT INDICATED
165891,159554.0,1943-06-25,9,GERMANY,UNIDENTIFIED TARGET,UNIDENTIFIED TARGETS,53.55,10.0,B17,4.0,,287.0,18.0,,,18.0,NOT INDICATED
165892,159555.0,1943-06-25,9,GERMANY,UNIDENTIFIED TARGET,UNIDENTIFIED TARGETS,53.55,10.0,B17,4.0,,287.0,5.0,,,5.0,NOT INDICATED
165915,159556.0,1943-06-25,9,GERMANY,UNIDENTIFIED TARGET,UNIDENTIFIED TARGETS,53.55,10.0,B17,4.0,,240.0,18.0,,,18.0,NOT INDICATED
165903,159557.0,1943-06-25,9,GERMANY,UNIDENTIFIED TARGET,UNIDENTIFIED TARGETS,53.55,10.0,B17,4.0,,270.0,3.0,,,3.0,NOT INDICATED
165904,159558.0,1943-06-25,9,GERMANY,UNIDENTIFIED TARGET,UNIDENTIFIED TARGETS,53.55,10.0,B17,4.0,,270.0,5.0,,,5.0,NOT INDICATED
165905,159559.0,1943-06-25,9,GERMANY,UNIDENTIFIED TARGET,UNIDENTIFIED TARGETS,53.55,10.0,B17,4.0,,270.0,5.0,,,5.0,NOT INDICATED
165906,159560.0,1943-06-25,9,GERMANY,UNIDENTIFIED TARGET,UNIDENTIFIED TARGETS,53.55,10.0,B17,4.0,,270.0,15.0,,,15.0,NOT INDICATED
166144,159561.0,1943-06-25,8,GERMANY,UNIDENTIFIED TARGET,UNIDENTIFIED TARGETS,53.95,13.56,B17,4.0,,270.0,23.0,,,23.0,NOT INDICATED
165940,159583.0,1943-06-25,8,GERMANY,AERO ENGINE WORKS,ENGINE PLANTS,53.55,10.0,B17,4.0,,270.0,10.0,,,10.0,NOT INDICATED
165941,159584.0,1943-06-25,8,GERMANY,AERO ENGINE WORKS,ENGINE PLANTS,53.55,10.0,B17,4.0,,270.0,6.0,,,6.0,NOT INDICATED
165930,159585.0,1943-06-25,8,GERMANY,AERO ENGINE WORKS,ENGINE PLANTS,53.55,10.0,B17,2.0,,290.0,18.0,,,18.0,NOT INDICATED
165935,159586.0,1943-06-25,8,GERMANY,AERO ENGINE WORKS,ENGINE PLANTS,53.55,10.0,B17,2.0,,280.0,3.0,,,3.0,NOT INDICATED
165931,159587.0,1943-06-25,8,GERMANY,AERO ENGINE WORKS,ENGINE PLANTS,53.55,10.0,B17,4.0,,290.0,10.0,,,10.0,NOT INDICATED
165932,159588.0,1943-06-25,8,GERMANY,AERO ENGINE WORKS,ENGINE PLANTS,53.55,10.0,B17,2.0,,290.0,15.0,,,15.0,NOT INDICATED
165918,159590.0,1943-06-25,9,GERMANY,KF BORGWARD AG,VEHICLE MFG. PLANTS,53.08,8.72,B17,4.0,,,3.0,,,3.0,NOT INDICATED
165919,159591.0,1943-06-25,9,GERMANY,KF BORGWARD AG,VEHICLE MFG. PLANTS,53.08,8.72,B17,4.0,,,3.0,,,3.0,NOT INDICATED
166151,196438.0,1943-06-25,8,GERMANY,SUB CONSTRUCTION,SHIP BUILDING,53.55,10.0,B17,4.0,,245.0,5.0,,,5.0,NOT INDICATED
166152,196439.0,1943-06-25,8,GERMANY,SUB CONSTRUCTION,SHIP BUILDING,53.55,10.0,B17,4.0,,245.0,5.0,,,5.0,NOT INDICATED
166752,94530.0,1943-06-28,8,FRANCE,AIRDROME,AIR FIELDS AND AIRDROMES,49.07,0.78,B17,4.0,,235.0,8.0,,,8.0,NOT INDICATED
166749,94531.0,1943-06-28,8,FRANCE,AIRDROME,AIR FIELDS AND AIRDROMES,49.07,0.78,B17,4.0,,240.0,8.0,,,8.0,NOT INDICATED
166753,94532.0,1943-06-28,8,FRANCE,AIRDROME,AIR FIELDS AND AIRDROMES,49.07,0.78,B17,4.0,,235.0,2.0,,,2.0,NOT INDICATED
166754,94533.0,1943-06-28,8,FRANCE,AIRDROME,AIR FIELDS AND AIRDROMES,49.07,0.78,B17,4.0,,235.0,6.0,,,6.0,NOT INDICATED
166761,94538.0,1943-06-28,8,FRANCE,AIRDROME,AIR FIELDS AND AIRDROMES,49.07,0.78,B17,4.0,,220.0,8.0,,,8.0,NOT INDICATED
166762,94539.0,1943-06-28,8,FRANCE,AIRDROME,AIR FIELDS AND AIRDROMES,49.07,0.78,B17,4.0,,220.0,10.0,,,10.0,NOT INDICATED
166763,94540.0,1943-06-28,8,FRANCE,AIRDROME,AIR FIELDS AND AIRDROMES,49.07,0.78,B17,4.0,,220.0,4.0,,,4.0,NOT INDICATED
166764,94541.0,1943-06-28,8,FRANCE,AIRDROME,AIR FIELDS AND AIRDROMES,49.07,0.78,B17,4.0,,220.0,12.0,,,12.0,NOT INDICATED
166755,196551.0,1943-06-28,8,FRANCE,AIRDROME,AIR FIELDS AND AIRDROMES,49.07,0.78,B17,4.0,,235.0,8.0,,,8.0,NOT INDICATED
166750,196552.0,1943-06-28,8,FRANCE,AIRDROME,AIR FIELDS AND AIRDROMES,49.07,0.78,B17,4.0,,240.0,8.0,,,8.0,NOT INDICATED
166756,196553.0,1943-06-28,8,FRANCE,AIRDROME,AIR FIELDS AND AIRDROMES,49.07,0.78,B17,4.0,,235.0,2.0,,,2.0,NOT INDICATED
166757,196554.0,1943-06-28,8,FRANCE,AIRDROME,AIR FIELDS AND AIRDROMES,49.07,0.78,B17,4.0,,235.0,6.0,,,6.0,NOT INDICATED
166765,196555.0,1943-06-28,8,FRANCE,AIRDROME,AIR FIELDS AND AIRDROMES,49.07,0.78,B17,4.0,,220.0,8.0,,,8.0,NOT INDICATED
166766,196556.0,1943-06-28,8,FRANCE,AIRDROME,AIR FIELDS AND AIRDROMES,49.07,0.78,B17,4.0,,220.0,10.0,,,10.0,NOT INDICATED
166767,196557.0,1943-06-28,8,FRANCE,AIRDROME,AIR FIELDS AND AIRDROMES,49.07,0.78,B17,4.0,,220.0,4.0,,,4.0,NOT INDICATED
166768,196558.0,1943-06-28,8,FRANCE,AIRDROME,AIR FIELDS AND AIRDROMES,49.07,0.78,B17,4.0,,220.0,12.0,,,12.0,NOT INDICATED
166758,196563.0,1943-06-28,8,FRANCE,AIRDROME,AIR FIELDS AND AIRDROMES,49.07,0.78,B17,4.0,,235.0,8.0,,,8.0,NOT INDICATED
166751,196564.0,1943-06-28,8,FRANCE,AIRDROME,AIR FIELDS AND AIRDROMES,49.07,0.78,B17,4.0,,240.0,8.0,,,8.0,NOT INDICATED
166759,196565.0,1943-06-28,8,FRANCE,AIRDROME,AIR FIELDS AND AIRDROMES,49.07,0.78,B17,4.0,,235.0,2.0,,,2.0,NOT INDICATED
166760,196566.0,1943-06-28,8,FRANCE,AIRDROME,AIR FIELDS AND AIRDROMES,49.07,0.78,B17,4.0,,235.0,6.0,,,6.0,NOT INDICATED
166769,196567.0,1943-06-28,8,FRANCE,AIRDROME,AIR FIELDS AND AIRDROMES,49.07,0.78,B17,4.0,,220.0,8.0,,,8.0,NOT INDICATED
166770,196568.0,1943-06-28,8,FRANCE,AIRDROME,AIR FIELDS AND AIRDROMES,49.07,0.78,B17,4.0,,220.0,10.0,,,10.0,NOT INDICATED
166771,196569.0,1943-06-28,8,FRANCE,AIRDROME,AIR FIELDS AND AIRDROMES,49.07,0.78,B17,4.0,,220.0,4.0,,,4.0,NOT INDICATED
166772,196570.0,1943-06-28,8,FRANCE,AIRDROME,AIR FIELDS AND AIRDROMES,49.07,0.78,B17,4.0,,220.0,12.0,,,12.0,NOT INDICATED
167872,94600.0,1943-07-04,8,FRANCE,SNCASO AC FACTORY,AIRCRAFT FACTORIES AND ASSEMBLY PLANTS,47.22,-1.53,B17,4.0,,250.0,3.0,,,3.0,NOT INDICATED
167873,94601.0,1943-07-04,8,FRANCE,SNCASO AC FACTORY,AIRCRAFT FACTORIES AND ASSEMBLY PLANTS,47.22,-1.53,B17,4.0,,250.0,13.0,,,13.0,NOT INDICATED
167904,94602.0,1943-07-04,8,FRANCE,SNCASO AC FACTORY,AIRCRAFT FACTORIES AND ASSEMBLY PLANTS,47.22,-1.53,B17,4.0,,215.0,13.0,,,13.0,NOT INDICATED
167905,94603.0,1943-07-04,8,FRANCE,SNCASO AC FACTORY,AIRCRAFT FACTORIES AND ASSEMBLY PLANTS,47.22,-1.53,B17,4.0,,215.0,18.0,,,18.0,NOT INDICATED
167901,94604.0,1943-07-04,8,FRANCE,SNCASO AC FACTORY,AIRCRAFT FACTORIES AND ASSEMBLY PLANTS,47.22,-1.53,B17,4.0,,220.0,15.0,,,15.0,NOT INDICATED
167895,94605.0,1943-07-04,8,FRANCE,SNCASO AC FACTORY,AIRCRAFT FACTORIES AND ASSEMBLY PLANTS,47.22,-1.53,B17,4.0,,230.0,13.0,,,13.0,NOT INDICATED
167880,94606.0,1943-07-04,8,FRANCE,SNCASO AC FACTORY,AIRCRAFT FACTORIES AND ASSEMBLY PLANTS,47.22,-1.53,B17,4.0,,240.0,18.0,,,18.0,NOT INDICATED
167881,94607.0,1943-07-04,8,FRANCE,SNCASO AC FACTORY,AIRCRAFT FACTORIES AND ASSEMBLY PLANTS,47.22,-1.53,B17,4.0,,240.0,15.0,,,15.0,NOT INDICATED
167896,94608.0,1943-07-04,8,FRANCE,SNCASO AC FACTORY,AIRCRAFT FACTORIES AND ASSEMBLY PLANTS,47.22,-1.53,B17,4.0,,230.0,8.0,,,8.0,NOT INDICATED
167882,94609.0,1943-07-04,8,FRANCE,SNCASO AC FACTORY,AIRCRAFT FACTORIES AND ASSEMBLY PLANTS,47.22,-1.53,B17,4.0,,240.0,10.0,,,10.0,NOT INDICATED
167874,159647.0,1943-07-04,8,FRANCE,SNCASO AC FACTORY,AIRCRAFT FACTORIES AND ASSEMBLY PLANTS,47.22,-1.53,B17,4.0,,250.0,3.0,,,3.0,NOT INDICATED
167875,159648.0,1943-07-04,8,FRANCE,SNCASO AC FACTORY,AIRCRAFT FACTORIES AND ASSEMBLY PLANTS,47.22,-1.53,B17,4.0,,250.0,13.0,,,13.0,NOT INDICATED
167906,159649.0,1943-07-04,8,FRANCE,SNCASO AC FACTORY,AIRCRAFT FACTORIES AND ASSEMBLY PLANTS,47.22,-1.53,B17,4.0,,215.0,13.0,,,13.0,NOT INDICATED
167907,159650.0,1943-07-04,8,FRANCE,SNCASO AC FACTORY,AIRCRAFT FACTORIES AND ASSEMBLY PLANTS,47.22,-1.53,B17,4.0,,215.0,18.0,,,18.0,NOT INDICATED
167902,159651.0,1943-07-04,8,FRANCE,SNCASO AC FACTORY,AIRCRAFT FACTORIES AND ASSEMBLY PLANTS,47.22,-1.53,B17,4.0,,220.0,15.0,,,15.0,NOT INDICATED
167897,159652.0,1943-07-04,8,FRANCE,SNCASO AC FACTORY,AIRCRAFT FACTORIES AND ASSEMBLY PLANTS,47.22,-1.53,B17,4.0,,230.0,13.0,,,13.0,NOT INDICATED
167883,159653.0,1943-07-04,8,FRANCE,SNCASO AC FACTORY,AIRCRAFT FACTORIES AND ASSEMBLY PLANTS,47.22,-1.53,B17,4.0,,240.0,18.0,,,18.0,NOT INDICATED
167884,159654.0,1943-07-04,8,FRANCE,SNCASO AC FACTORY,AIRCRAFT FACTORIES AND ASSEMBLY PLANTS,47.22,-1.53,B17,4.0,,240.0,15.0,,,15.0,NOT INDICATED
167898,159655.0,1943-07-04,8,FRANCE,SNCASO AC FACTORY,AIRCRAFT FACTORIES AND ASSEMBLY PLANTS,47.22,-1.53,B17,4.0,,230.0,8.0,,,8.0,NOT INDICATED
167885,159656.0,1943-07-04,8,FRANCE,SNCASO AC FACTORY,AIRCRAFT FACTORIES AND ASSEMBLY PLANTS,47.22,-1.53,B17,4.0,,240.0,10.0,,,10.0,NOT INDICATED
167876,159702.0,1943-07-04,8,FRANCE,SNCASO AC FACTORY,AIRCRAFT FACTORIES AND ASSEMBLY PLANTS,47.22,-1.53,B17,4.0,,250.0,3.0,,,3.0,NOT INDICATED
167877,159703.0,1943-07-04,8,FRANCE,SNCASO AC FACTORY,AIRCRAFT FACTORIES AND ASSEMBLY PLANTS,47.22,-1.53,B17,4.0,,250.0,13.0,,,13.0,NOT INDICATED
167908,159704.0,1943-07-04,8,FRANCE,SNCASO AC FACTORY,AIRCRAFT FACTORIES AND ASSEMBLY PLANTS,47.22,-1.53,B17,4.0,,215.0,13.0,,,13.0,NOT INDICATED
167909,159705.0,1943-07-04,8,FRANCE,SNCASO AC FACTORY,AIRCRAFT FACTORIES AND ASSEMBLY PLANTS,47.22,-1.53,B17,4.0,,215.0,18.0,,,18.0,NOT INDICATED
167903,159706.0,1943-07-04,8,FRANCE,SNCASO AC FACTORY,AIRCRAFT FACTORIES AND ASSEMBLY PLANTS,47.22,-1.53,B17,4.0,,220.0,15.0,,,15.0,NOT INDICATED
167899,159707.0,1943-07-04,8,FRANCE,SNCASO AC FACTORY,AIRCRAFT FACTORIES AND ASSEMBLY PLANTS,47.22,-1.53,B17,4.0,,230.0,13.0,,,13.0,NOT INDICATED
167886,159708.0,1943-07-04,8,FRANCE,SNCASO AC FACTORY,AIRCRAFT FACTORIES AND ASSEMBLY PLANTS,47.22,-1.53,B17,4.0,,240.0,18.0,,,18.0,NOT INDICATED
167887,159709.0,1943-07-04,8,FRANCE,SNCASO AC FACTORY,AIRCRAFT FACTORIES AND ASSEMBLY PLANTS,47.22,-1.53,B17,4.0,,240.0,15.0,,,15.0,NOT INDICATED
167900,159710.0,1943-07-04,8,FRANCE,SNCASO AC FACTORY,AIRCRAFT FACTORIES AND ASSEMBLY PLANTS,47.22,-1.53,B17,4.0,,230.0,8.0,,,8.0,NOT INDICATED
167888,159711.0,1943-07-04,8,FRANCE,SNCASO AC FACTORY,AIRCRAFT FACTORIES AND ASSEMBLY PLANTS,47.22,-1.53,B17,4.0,,240.0,10.0,,,10.0,NOT INDICATED
167889,196627.0,1943-07-04,8,FRANCE,DOCK INSTALLATIONS,PORTS AND HARBORS,46.17,-1.23,B17,4.0,,230.0,4.0,,,4.0,NOT INDICATED
167866,196628.0,1943-07-04,8,FRANCE,DOCK INSTALLATIONS,PORTS AND HARBORS,46.17,-1.23,B17,4.0,,250.0,8.0,,,8.0,NOT INDICATED
167860,196629.0,1943-07-04,8,FRANCE,DOCK INSTALLATIONS,PORTS AND HARBORS,46.17,-1.23,B17,4.0,,260.0,8.0,,,8.0,NOT INDICATED
167861,196630.0,1943-07-04,8,FRANCE,DOCK INSTALLATIONS,PORTS AND HARBORS,46.17,-1.23,B17,4.0,,260.0,8.0,,,8.0,NOT INDICATED
167913,196631.0,1943-07-04,8,FRANCE,DOCK INSTALLATIONS,PORTS AND HARBORS,46.17,-1.23,B17,4.0,,,6.0,,,6.0,NOT INDICATED
167862,196632.0,1943-07-04,8,FRANCE,DOCK INSTALLATIONS,PORTS AND HARBORS,46.17,-1.23,B17,4.0,,260.0,12.0,,,12.0,NOT INDICATED
167867,196633.0,1943-07-04,8,FRANCE,DOCK INSTALLATIONS,PORTS AND HARBORS,46.17,-1.23,B17,4.0,,250.0,6.0,,,6.0,NOT INDICATED
167890,196634.0,1943-07-04,8,FRANCE,DOCK INSTALLATIONS,PORTS AND HARBORS,46.17,-1.23,B17,4.0,,230.0,6.0,,,6.0,NOT INDICATED
167891,196635.0,1943-07-04,8,FRANCE,DOCK INSTALLATIONS,PORTS AND HARBORS,46.17,-1.23,B17,4.0,,230.0,8.0,,,8.0,NOT INDICATED
167852,196636.0,1943-07-04,8,FRANCE,DOCK INSTALLATIONS,PORTS AND HARBORS,46.17,-1.23,B17,4.0,,275.0,10.0,,,10.0,NOT INDICATED
167853,196637.0,1943-07-04,8,FRANCE,DOCK INSTALLATIONS,PORTS AND HARBORS,46.17,-1.23,B17,4.0,,275.0,10.0,,,10.0,NOT INDICATED
167854,196638.0,1943-07-04,8,FRANCE,DOCK INSTALLATIONS,PORTS AND HARBORS,46.17,-1.23,B17,4.0,,275.0,16.0,,,16.0,NOT INDICATED
167878,196639.0,1943-07-04,8,FRANCE,DOCK INSTALLATIONS,PORTS AND HARBORS,46.17,-1.23,B17,4.0,,240.0,6.0,,,6.0,NOT INDICATED
167911,196640.0,1943-07-04,8,FRANCE,DOCK INSTALLATIONS,PORTS AND HARBORS,46.17,-1.23,B17,4.0,,26.0,12.0,,,12.0,NOT INDICATED
167868,196641.0,1943-07-04,8,FRANCE,DOCK INSTALLATIONS,PORTS AND HARBORS,46.17,-1.23,B17,4.0,,250.0,14.0,,,14.0,NOT INDICATED
167855,196642.0,1943-07-04,8,FRANCE,DOCK INSTALLATIONS,PORTS AND HARBORS,46.17,-1.23,B17,4.0,,275.0,12.0,,,12.0,NOT INDICATED
167892,196643.0,1943-07-04,8,FRANCE,DOCK INSTALLATIONS,PORTS AND HARBORS,46.17,-1.23,B17,4.0,,230.0,4.0,,,4.0,NOT INDICATED
167869,196644.0,1943-07-04,8,FRANCE,DOCK INSTALLATIONS,PORTS AND HARBORS,46.17,-1.23,B17,4.0,,250.0,8.0,,,8.0,NOT INDICATED
167863,196645.0,1943-07-04,8,FRANCE,DOCK INSTALLATIONS,PORTS AND HARBORS,46.17,-1.23,B17,4.0,,260.0,8.0,,,8.0,NOT INDICATED
167864,196646.0,1943-07-04,8,FRANCE,DOCK INSTALLATIONS,PORTS AND HARBORS,46.17,-1.23,B17,4.0,,260.0,8.0,,,8.0,NOT INDICATED
167914,196647.0,1943-07-04,8,FRANCE,DOCK INSTALLATIONS,PORTS AND HARBORS,46.17,-1.23,B17,4.0,,,6.0,,,6.0,NOT INDICATED
167865,196648.0,1943-07-04,8,FRANCE,DOCK INSTALLATIONS,PORTS AND HARBORS,46.17,-1.23,B17,4.0,,260.0,12.0,,,12.0,NOT INDICATED
167870,196649.0,1943-07-04,8,FRANCE,DOCK INSTALLATIONS,PORTS AND HARBORS,46.17,-1.23,B17,4.0,,250.0,6.0,,,6.0,NOT INDICATED
167893,196650.0,1943-07-04,8,FRANCE,DOCK INSTALLATIONS,PORTS AND HARBORS,46.17,-1.23,B17,4.0,,230.0,6.0,,,6.0,NOT INDICATED
167894,196651.0,1943-07-04,8,FRANCE,DOCK INSTALLATIONS,PORTS AND HARBORS,46.17,-1.23,B17,4.0,,230.0,8.0,,,8.0,NOT INDICATED
167856,196652.0,1943-07-04,8,FRANCE,DOCK INSTALLATIONS,PORTS AND HARBORS,46.17,-1.23,B17,4.0,,275.0,10.0,,,10.0,NOT INDICATED
167857,196653.0,1943-07-04,8,FRANCE,DOCK INSTALLATIONS,PORTS AND HARBORS,46.17,-1.23,B17,4.0,,275.0,10.0,,,10.0,NOT INDICATED
167858,196654.0,1943-07-04,8,FRANCE,DOCK INSTALLATIONS,PORTS AND HARBORS,46.17,-1.23,B17,4.0,,275.0,16.0,,,16.0,NOT INDICATED
167879,196655.0,1943-07-04,8,FRANCE,DOCK INSTALLATIONS,PORTS AND HARBORS,46.17,-1.23,B17,4.0,,240.0,6.0,,,6.0,NOT INDICATED
167912,196656.0,1943-07-04,8,FRANCE,DOCK INSTALLATIONS,PORTS AND HARBORS,46.17,-1.23,B17,4.0,,26.0,12.0,,,12.0,NOT INDICATED
167871,196657.0,1943-07-04,8,FRANCE,DOCK INSTALLATIONS,PORTS AND HARBORS,46.17,-1.23,B17,4.0,,250.0,14.0,,,14.0,NOT INDICATED
167859,196658.0,1943-07-04,8,FRANCE,DOCK INSTALLATIONS,PORTS AND HARBORS,46.17,-1.23,B17,4.0,,275.0,12.0,,,12.0,NOT INDICATED
171695,94897.0,1943-07-17,8,GERMANY,MANUFACTURING,MANUFACTURING INSTALLATIONS (NOT SPECIFICALLY IDENTIFIED BELOW FROM CLASS 11 THROUGH 59),52.38,9.73,B17,2.0,,260.0,3.0,,,3.0,NOT INDICATED
171689,94913.0,1943-07-17,9,GERMANY,UNIDENTIFIED TARGET,UNIDENTIFIED TARGETS,53.55,10.0,B17,4.0,,,5.0,,,5.0,NOT INDICATED
171682,94914.0,1943-07-17,9,GERMANY,UNIDENTIFIED TARGET,UNIDENTIFIED TARGETS,52.38,9.73,B17,4.0,,260.0,,11.0,,11.0,NOT INDICATED
171686,94915.0,1943-07-17,9,GERMANY,UNIDENTIFIED TARGET,UNIDENTIFIED TARGETS,52.38,9.73,B17,4.0,,190.0,6.0,,,6.0,NOT INDICATED
171692,94916.0,1943-07-17,9,GERMANY,UNIDENTIFIED TARGET,UNIDENTIFIED TARGETS,52.38,9.73,B17,4.0,,,,7.0,,7.0,NOT INDICATED
171690,159929.0,1943-07-17,9,GERMANY,UNIDENTIFIED TARGET,UNIDENTIFIED TARGETS,53.55,10.0,B17,4.0,,,5.0,,,5.0,NOT INDICATED
171683,159930.0,1943-07-17,9,GERMANY,UNIDENTIFIED TARGET,UNIDENTIFIED TARGETS,52.38,9.73,B17,4.0,,260.0,,11.0,,11.0,NOT INDICATED
171687,159931.0,1943-07-17,9,GERMANY,UNIDENTIFIED TARGET,UNIDENTIFIED TARGETS,52.38,9.73,B17,4.0,,190.0,6.0,,,6.0,NOT INDICATED
171693,159932.0,1943-07-17,9,GERMANY,UNIDENTIFIED TARGET,UNIDENTIFIED TARGETS,52.38,9.73,B17,4.0,,,,7.0,,7.0,NOT INDICATED
171685,159940.0,1943-07-17,9,POLAND,UNIDENTIFIED TARGET,UNIDENTIFIED TARGETS,40.67,14.0,B24,4.0,,230.0,17.0,,,17.0,NOT INDICATED
171696,159951.0,1943-07-17,8,GERMANY,MANUFACTURING,MANUFACTURING INSTALLATIONS (NOT SPECIFICALLY IDENTIFIED BELOW FROM CLASS 11 THROUGH 59),52.38,9.73,B17,2.0,,260.0,3.0,,,3.0,NOT INDICATED
171697,159952.0,1943-07-17,8,GERMANY,MANUFACTURING,MANUFACTURING INSTALLATIONS (NOT SPECIFICALLY IDENTIFIED BELOW FROM CLASS 11 THROUGH 59),52.38,9.73,B17,2.0,,260.0,3.0,,,3.0,NOT INDICATED
171691,159953.0,1943-07-17,9,GERMANY,UNIDENTIFIED TARGET,UNIDENTIFIED TARGETS,53.55,10.0,B17,4.0,,,5.0,,,5.0,NOT INDICATED
171684,159954.0,1943-07-17,9,GERMANY,UNIDENTIFIED TARGET,UNIDENTIFIED TARGETS,52.38,9.73,B17,4.0,,260.0,,11.0,,11.0,NOT INDICATED
171688,159955.0,1943-07-17,9,GERMANY,UNIDENTIFIED TARGET,UNIDENTIFIED TARGETS,52.38,9.73,B17,4.0,,190.0,6.0,,,6.0,NOT INDICATED
171694,159956.0,1943-07-17,9,GERMANY,UNIDENTIFIED TARGET,UNIDENTIFIED TARGETS,52.38,9.73,B17,4.0,,,,7.0,,7.0,NOT INDICATED
173475,95017.0,1943-07-24,8,NORWAY,NITRATE WORKS,CHEMICAL PLANTS,59.12,9.63,B17,4.0,,152.0,35.0,,,35.0,NOT INDICATED
173469,95018.0,1943-07-24,8,NORWAY,NITRATE WORKS,CHEMICAL PLANTS,59.12,9.63,B17,4.0,,160.0,35.0,,,35.0,NOT INDICATED
173477,95019.0,1943-07-24,8,NORWAY,NITRATE WORKS,CHEMICAL PLANTS,59.12,9.63,B17,4.0,,150.0,48.0,,,48.0,NOT INDICATED
173463,95020.0,1943-07-24,8,NORWAY,NITRATE WORKS,CHEMICAL PLANTS,59.12,9.63,B17,4.0,,170.0,45.0,,,45.0,NOT INDICATED
173473,95021.0,1943-07-24,8,NORWAY,NITRATE WORKS,CHEMICAL PLANTS,59.12,9.63,B17,4.0,,154.0,50.0,,,50.0,NOT INDICATED
173467,95022.0,1943-07-24,8,NORWAY,NITRATE WORKS,CHEMICAL PLANTS,59.12,9.63,B17,4.0,,163.0,53.0,,,53.0,NOT INDICATED
173464,95023.0,1943-07-24,8,NORWAY,NITRATE WORKS,CHEMICAL PLANTS,59.12,9.63,B17,4.0,,170.0,53.0,,,53.0,NOT INDICATED
173461,95024.0,1943-07-24,8,NORWAY,NITRATE WORKS,CHEMICAL PLANTS,59.12,9.63,B17,4.0,,171.0,50.0,,,50.0,NOT INDICATED
173470,95025.0,1943-07-24,8,NORWAY,NITRATE WORKS,CHEMICAL PLANTS,59.12,9.63,B17,4.0,,160.0,48.0,,,48.0,NOT INDICATED
173476,160034.0,1943-07-24,8,NORWAY,NITRATE WORKS,CHEMICAL PLANTS,59.12,9.63,B17,4.0,,152.0,35.0,,,35.0,NOT INDICATED
173471,160035.0,1943-07-24,8,NORWAY,NITRATE WORKS,CHEMICAL PLANTS,59.12,9.63,B17,4.0,,160.0,35.0,,,35.0,NOT INDICATED
173478,160036.0,1943-07-24,8,NORWAY,NITRATE WORKS,CHEMICAL PLANTS,59.12,9.63,B17,4.0,,150.0,48.0,,,48.0,NOT INDICATED
173465,160037.0,1943-07-24,8,NORWAY,NITRATE WORKS,CHEMICAL PLANTS,59.12,9.63,B17,4.0,,170.0,45.0,,,45.0,NOT INDICATED
173474,160038.0,1943-07-24,8,NORWAY,NITRATE WORKS,CHEMICAL PLANTS,59.12,9.63,B17,4.0,,154.0,50.0,,,50.0,NOT INDICATED
173468,160039.0,1943-07-24,8,NORWAY,NITRATE WORKS,CHEMICAL PLANTS,59.12,9.63,B17,4.0,,163.0,53.0,,,53.0,NOT INDICATED
173466,160040.0,1943-07-24,8,NORWAY,NITRATE WORKS,CHEMICAL PLANTS,59.12,9.63,B17,4.0,,170.0,53.0,,,53.0,NOT INDICATED
173462,160041.0,1943-07-24,8,NORWAY,NITRATE WORKS,CHEMICAL PLANTS,59.12,9.63,B17,4.0,,171.0,50.0,,,50.0,NOT INDICATED
173472,160042.0,1943-07-24,8,NORWAY,NITRATE WORKS,CHEMICAL PLANTS,59.12,9.63,B17,4.0,,160.0,48.0,,,48.0,NOT INDICATED
173536,95039.0,1943-07-25,8,GERMANY,AERO ENGINE WORKS,ENGINE PLANTS,53.55,10.0,B17,4.0,,270.0,53.0,,,53.0,NOT INDICATED
173542,95040.0,1943-07-25,8,GERMANY,AERO ENGINE WORKS,ENGINE PLANTS,53.55,10.0,B17,4.0,,266.0,,23.0,,23.0,NOT INDICATED
173537,95041.0,1943-07-25,8,GERMANY,AERO ENGINE WORKS,ENGINE PLANTS,53.55,10.0,B17,4.0,,270.0,,29.0,,29.0,NOT INDICATED
173538,160052.0,1943-07-25,8,GERMANY,AERO ENGINE WORKS,ENGINE PLANTS,53.55,10.0,B17,4.0,,270.0,53.0,,,53.0,NOT INDICATED
173743,160053.0,1943-07-25,8,GERMANY,AERO ENGINE WORKS,ENGINE PLANTS,53.55,10.0,B17,4.0,,266.0,,23.0,,23.0,NOT INDICATED
173539,160054.0,1943-07-25,8,GERMANY,AERO ENGINE WORKS,ENGINE PLANTS,53.55,10.0,B17,4.0,,270.0,,29.0,,29.0,NOT INDICATED
173540,160056.0,1943-07-25,8,GERMANY,AERO ENGINE WORKS,ENGINE PLANTS,53.55,10.0,B17,4.0,,270.0,53.0,,,53.0,NOT INDICATED
173744,160057.0,1943-07-25,8,GERMANY,AERO ENGINE WORKS,ENGINE PLANTS,53.55,10.0,B17,4.0,,266.0,,23.0,,23.0,NOT INDICATED
173541,160058.0,1943-07-25,8,GERMANY,AERO ENGINE WORKS,ENGINE PLANTS,53.55,10.0,B17,4.0,,270.0,,29.0,,29.0,NOT INDICATED
173524,197167.0,1943-07-25,9,GERMANY,DOCK AREA,PORTS AND HARBORS,54.33,10.15,B17,2.0,,240.0,,26.0,,26.0,NOT INDICATED
173525,197179.0,1943-07-25,9,GERMANY,DOCK AREA,PORTS AND HARBORS,54.33,10.15,B17,2.0,,240.0,,26.0,,26.0,NOT INDICATED
173834,95045.0,1943-07-26,8,GERMANY,RAYON GOODS PLANT,CHEMICAL PLANTS,51.32,9.47,B17,3.0,,205.0,40.0,,,40.0,NOT INDICATED
173821,95051.0,1943-07-26,9,GERMANY,CITY AREA,CITIES TOWNS AND URBAN AREAS,52.38,9.73,B17,4.0,,260.0,35.0,,,35.0,NOT INDICATED
173829,95052.0,1943-07-26,9,GERMANY,CITY AREA,CITIES TOWNS AND URBAN AREAS,52.38,9.73,B17,4.0,,,,7.0,,7.0,NOT INDICATED
173824,95053.0,1943-07-26,9,GERMANY,CITY AREA,CITIES TOWNS AND URBAN AREAS,52.38,9.73,B17,4.0,,259.0,,33.0,,33.0,NOT INDICATED
173822,160062.0,1943-07-26,9,GERMANY,CITY AREA,CITIES TOWNS AND URBAN AREAS,52.38,9.73,B17,4.0,,260.0,35.0,,,35.0,NOT INDICATED
173830,160063.0,1943-07-26,9,GERMANY,CITY AREA,CITIES TOWNS AND URBAN AREAS,52.38,9.73,B17,4.0,,,,7.0,,7.0,NOT INDICATED
173825,160064.0,1943-07-26,9,GERMANY,CITY AREA,CITIES TOWNS AND URBAN AREAS,52.38,9.73,B17,4.0,,259.0,,33.0,,33.0,NOT INDICATED
173823,160065.0,1943-07-26,9,GERMANY,CITY AREA,CITIES TOWNS AND URBAN AREAS,52.38,9.73,B17,4.0,,260.0,35.0,,,35.0,NOT INDICATED
173831,160066.0,1943-07-26,9,GERMANY,CITY AREA,CITIES TOWNS AND URBAN AREAS,52.38,9.73,B17,4.0,,,,7.0,,7.0,NOT INDICATED
173826,160067.0,1943-07-26,9,GERMANY,CITY AREA,CITIES TOWNS AND URBAN AREAS,52.38,9.73,B17,4.0,,259.0,,33.0,,33.0,NOT INDICATED
173835,160070.0,1943-07-26,8,GERMANY,RAYON GOODS PLANT,CHEMICAL PLANTS,51.32,9.47,B17,3.0,,205.0,40.0,,,40.0,NOT INDICATED
173832,197190.0,1943-07-26,8,GERMANY,SUB CONSTRUCTION,SHIP BUILDING,53.55,10.0,B17,4.0,,273.0,23.0,,,23.0,NOT INDICATED
173833,197196.0,1943-07-26,8,GERMANY,SUB CONSTRUCTION,SHIP BUILDING,53.55,10.0,B17,4.0,,273.0,23.0,,,23.0,NOT INDICATED
174383,95071.0,1943-07-28,8,GERMANY,HENSCHEL AERO ENGINE,ENGINE PLANTS,51.32,9.47,B17,4.0,,,10.0,,,10.0,NOT INDICATED
174372,95072.0,1943-07-28,12,GERMANY,FIESELER AC WORKS,AIRCRAFT FACTORIES AND ASSEMBLY PLANTS,51.32,9.47,B17,4.0,,278.0,50.0,,,50.0,NOT INDICATED
174375,95073.0,1943-07-28,12,GERMANY,FIESELER AC WORKS,AIRCRAFT FACTORIES AND ASSEMBLY PLANTS,51.32,9.47,B17,4.0,,270.0,35.0,3.0,,38.0,NOT INDICATED
174369,95074.0,1943-07-28,12,GERMANY,FIESELER AC WORKS,AIRCRAFT FACTORIES AND ASSEMBLY PLANTS,51.32,9.47,B17,4.0,,280.0,,16.0,,16.0,NOT INDICATED
174380,95082.0,1943-07-28,8,GERMANY,UNIDENTIFIED TARGET,UNIDENTIFIED TARGETS,51.32,9.47,B17,4.0,,275.0,,32.0,,32.0,NOT INDICATED
174373,160071.0,1943-07-28,12,GERMANY,FIESELER AC WORKS,AIRCRAFT FACTORIES AND ASSEMBLY PLANTS,51.32,9.47,B17,4.0,,278.0,50.0,,,50.0,NOT INDICATED
174376,160072.0,1943-07-28,12,GERMANY,FIESELER AC WORKS,AIRCRAFT FACTORIES AND ASSEMBLY PLANTS,51.32,9.47,B17,4.0,,270.0,35.0,3.0,,38.0,NOT INDICATED
174370,160073.0,1943-07-28,12,GERMANY,FIESELER AC WORKS,AIRCRAFT FACTORIES AND ASSEMBLY PLANTS,51.32,9.47,B17,4.0,,280.0,,16.0,,16.0,NOT INDICATED
174384,160078.0,1943-07-28,8,GERMANY,HENSCHEL AERO ENGINE,ENGINE PLANTS,51.32,9.47,B17,4.0,,,10.0,,,10.0,NOT INDICATED
174381,160079.0,1943-07-28,8,GERMANY,UNIDENTIFIED TARGET,UNIDENTIFIED TARGETS,51.32,9.47,B17,4.0,,275.0,,32.0,,32.0,NOT INDICATED
174382,160084.0,1943-07-28,8,GERMANY,UNIDENTIFIED TARGET,UNIDENTIFIED TARGETS,51.32,9.47,B17,4.0,,275.0,,32.0,,32.0,NOT INDICATED
174374,160085.0,1943-07-28,12,GERMANY,FIESELER AC WORKS,AIRCRAFT FACTORIES AND ASSEMBLY PLANTS,51.32,9.47,B17,4.0,,278.0,50.0,,,50.0,NOT INDICATED
174377,160086.0,1943-07-28,12,GERMANY,FIESELER AC WORKS,AIRCRAFT FACTORIES AND ASSEMBLY PLANTS,51.32,9.47,B17,4.0,,270.0,35.0,3.0,,38.0,NOT INDICATED
174371,160087.0,1943-07-28,12,GERMANY,FIESELER AC WORKS,AIRCRAFT FACTORIES AND ASSEMBLY PLANTS,51.32,9.47,B17,4.0,,280.0,,16.0,,16.0,NOT INDICATED
174385,160088.0,1943-07-28,8,GERMANY,HENSCHEL AERO ENGINE,ENGINE PLANTS,51.32,9.47,B17,4.0,,,10.0,,,10.0,NOT INDICATED
174439,95106.0,1943-07-29,9,GERMANY,UNIDENTIFIED TARGET,UNIDENTIFIED TARGETS,54.33,10.15,B17,4.0,,260.0,30.0,,,30.0,NOT INDICATED
174440,95107.0,1943-07-29,9,GERMANY,UNIDENTIFIED TARGET,UNIDENTIFIED TARGETS,54.33,10.15,B17,4.0,,260.0,33.0,,,33.0,NOT INDICATED
174441,160101.0,1943-07-29,9,GERMANY,UNIDENTIFIED TARGET,UNIDENTIFIED TARGETS,54.33,10.15,B17,4.0,,260.0,30.0,,,30.0,NOT INDICATED
174442,160102.0,1943-07-29,9,GERMANY,UNIDENTIFIED TARGET,UNIDENTIFIED TARGETS,54.33,10.15,B17,4.0,,260.0,33.0,,,33.0,NOT INDICATED
174643,160103.0,1943-07-29,9,GERMANY,UNIDENTIFIED TARGET,UNIDENTIFIED TARGETS,54.33,10.15,B17,4.0,,260.0,30.0,,,30.0,NOT INDICATED
174644,160104.0,1943-07-29,9,GERMANY,UNIDENTIFIED TARGET,UNIDENTIFIED TARGETS,54.33,10.15,B17,4.0,,260.0,33.0,,,33.0,NOT INDICATED
174856,95108.0,1943-07-30,12,GERMANY,FIESELER AC WORKS,AIRCRAFT FACTORIES AND ASSEMBLY PLANTS,51.32,9.47,B17,4.0,,240.0,43.0,,,43.0,NOT INDICATED
174857,95109.0,1943-07-30,12,GERMANY,FIESELER AC WORKS,AIRCRAFT FACTORIES AND ASSEMBLY PLANTS,51.32,9.47,B17,4.0,,240.0,,27.0,,27.0,NOT INDICATED
174874,95110.0,1943-07-30,12,GERMANY,FIESELER AC WORKS,AIRCRAFT FACTORIES AND ASSEMBLY PLANTS,51.32,9.47,B17,4.0,,,,4.0,,4.0,NOT INDICATED
174853,95111.0,1943-07-30,12,GERMANY,FIESELER AC WORKS,AIRCRAFT FACTORIES AND ASSEMBLY PLANTS,51.32,9.47,B17,4.0,,250.0,43.0,,,43.0,NOT INDICATED
174847,95112.0,1943-07-30,12,GERMANY,FIESELER AC WORKS,AIRCRAFT FACTORIES AND ASSEMBLY PLANTS,51.32,9.47,B17,4.0,,270.0,40.0,,,40.0,NOT INDICATED
174850,95113.0,1943-07-30,12,GERMANY,FIESELER AC WORKS,AIRCRAFT FACTORIES AND ASSEMBLY PLANTS,51.32,9.47,B17,4.0,,258.0,43.0,,,43.0,NOT INDICATED
174858,95114.0,1943-07-30,12,GERMANY,FIESELER AC WORKS,AIRCRAFT FACTORIES AND ASSEMBLY PLANTS,51.32,9.47,B17,4.0,,240.0,,5.0,,5.0,NOT INDICATED
174868,95115.0,1943-07-30,12,GERMANY,FIESELER AC WORKS,AIRCRAFT FACTORIES AND ASSEMBLY PLANTS,51.32,9.47,B17,4.0,,230.0,18.0,,,18.0,NOT INDICATED
174871,95116.0,1943-07-30,12,GERMANY,FIESELER AC WORKS,AIRCRAFT FACTORIES AND ASSEMBLY PLANTS,51.32,9.47,B17,3.0,,210.0,10.0,,,10.0,NOT INDICATED
174881,95117.0,1943-07-30,8,GERMANY,HENSCHEL FACTORY,MANUFACTURING INSTALLATIONS (NOT SPECIFICALLY IDENTIFIED BELOW FROM CLASS 11 THROUGH 59),51.32,9.47,B17,4.0,,230.0,10.0,,,10.0,NOT INDICATED
174865,95131.0,1943-07-30,12,GERMANY,FIESELER AC WORKS,AIRCRAFT FACTORIES AND ASSEMBLY PLANTS,51.32,9.47,B17,4.0,,237.0,30.0,,,30.0,NOT INDICATED
174877,95140.0,1943-07-30,8,GERMANY,UNIDENTIFIED TARGET,UNIDENTIFIED TARGETS,51.32,9.47,B17,4.0,,260.0,,29.0,,29.0,NOT INDICATED
174859,160111.0,1943-07-30,12,GERMANY,FIESELER AC WORKS,AIRCRAFT FACTORIES AND ASSEMBLY PLANTS,51.32,9.47,B17,4.0,,240.0,43.0,,,43.0,NOT INDICATED
174860,160112.0,1943-07-30,12,GERMANY,FIESELER AC WORKS,AIRCRAFT FACTORIES AND ASSEMBLY PLANTS,51.32,9.47,B17,4.0,,240.0,,27.0,,27.0,NOT INDICATED
174875,160113.0,1943-07-30,12,GERMANY,FIESELER AC WORKS,AIRCRAFT FACTORIES AND ASSEMBLY PLANTS,51.32,9.47,B17,4.0,,,,4.0,,4.0,NOT INDICATED
174854,160114.0,1943-07-30,12,GERMANY,FIESELER AC WORKS,AIRCRAFT FACTORIES AND ASSEMBLY PLANTS,51.32,9.47,B17,4.0,,250.0,43.0,,,43.0,NOT INDICATED
174848,160115.0,1943-07-30,12,GERMANY,FIESELER AC WORKS,AIRCRAFT FACTORIES AND ASSEMBLY PLANTS,51.32,9.47,B17,4.0,,270.0,40.0,,,40.0,NOT INDICATED
174851,160116.0,1943-07-30,12,GERMANY,FIESELER AC WORKS,AIRCRAFT FACTORIES AND ASSEMBLY PLANTS,51.32,9.47,B17,4.0,,258.0,43.0,,,43.0,NOT INDICATED
174861,160117.0,1943-07-30,12,GERMANY,FIESELER AC WORKS,AIRCRAFT FACTORIES AND ASSEMBLY PLANTS,51.32,9.47,B17,4.0,,240.0,,5.0,,5.0,NOT INDICATED
174869,160118.0,1943-07-30,12,GERMANY,FIESELER AC WORKS,AIRCRAFT FACTORIES AND ASSEMBLY PLANTS,51.32,9.47,B17,4.0,,230.0,18.0,,,18.0,NOT INDICATED
174872,160119.0,1943-07-30,12,GERMANY,FIESELER AC WORKS,AIRCRAFT FACTORIES AND ASSEMBLY PLANTS,51.32,9.47,B17,3.0,,210.0,10.0,,,10.0,NOT INDICATED
174866,160120.0,1943-07-30,12,GERMANY,FIESELER AC WORKS,AIRCRAFT FACTORIES AND ASSEMBLY PLANTS,51.32,9.47,B17,4.0,,237.0,30.0,,,30.0,NOT INDICATED
174878,160121.0,1943-07-30,8,GERMANY,UNIDENTIFIED TARGET,UNIDENTIFIED TARGETS,51.32,9.47,B17,4.0,,260.0,,29.0,,29.0,NOT INDICATED
174882,160122.0,1943-07-30,8,GERMANY,HENSCHEL FACTORY,MANUFACTURING INSTALLATIONS (NOT SPECIFICALLY IDENTIFIED BELOW FROM CLASS 11 THROUGH 59),51.32,9.47,B17,4.0,,230.0,10.0,,,10.0,NOT INDICATED
174883,160123.0,1943-07-30,8,GERMANY,HENSCHEL FACTORY,MANUFACTURING INSTALLATIONS (NOT SPECIFICALLY IDENTIFIED BELOW FROM CLASS 11 THROUGH 59),51.32,9.47,B17,4.0,,230.0,10.0,,,10.0,NOT INDICATED
174879,160124.0,1943-07-30,8,GERMANY,UNIDENTIFIED TARGET,UNIDENTIFIED TARGETS,51.32,9.47,B17,4.0,,260.0,,29.0,,29.0,NOT INDICATED
174862,160125.0,1943-07-30,12,GERMANY,FIESELER AC WORKS,AIRCRAFT FACTORIES AND ASSEMBLY PLANTS,51.32,9.47,B17,4.0,,240.0,43.0,,,43.0,NOT INDICATED
174863,160126.0,1943-07-30,12,GERMANY,FIESELER AC WORKS,AIRCRAFT FACTORIES AND ASSEMBLY PLANTS,51.32,9.47,B17,4.0,,240.0,,27.0,,27.0,NOT INDICATED
174876,160127.0,1943-07-30,12,GERMANY,FIESELER AC WORKS,AIRCRAFT FACTORIES AND ASSEMBLY PLANTS,51.32,9.47,B17,4.0,,,,4.0,,4.0,NOT INDICATED
174855,160128.0,1943-07-30,12,GERMANY,FIESELER AC WORKS,AIRCRAFT FACTORIES AND ASSEMBLY PLANTS,51.32,9.47,B17,4.0,,250.0,43.0,,,43.0,NOT INDICATED
174849,160129.0,1943-07-30,12,GERMANY,FIESELER AC WORKS,AIRCRAFT FACTORIES AND ASSEMBLY PLANTS,51.32,9.47,B17,4.0,,270.0,40.0,,,40.0,NOT INDICATED
174852,160130.0,1943-07-30,12,GERMANY,FIESELER AC WORKS,AIRCRAFT FACTORIES AND ASSEMBLY PLANTS,51.32,9.47,B17,4.0,,258.0,43.0,,,43.0,NOT INDICATED
174864,160131.0,1943-07-30,12,GERMANY,FIESELER AC WORKS,AIRCRAFT FACTORIES AND ASSEMBLY PLANTS,51.32,9.47,B17,4.0,,240.0,,5.0,,5.0,NOT INDICATED
174870,160132.0,1943-07-30,12,GERMANY,FIESELER AC WORKS,AIRCRAFT FACTORIES AND ASSEMBLY PLANTS,51.32,9.47,B17,4.0,,230.0,18.0,,,18.0,NOT INDICATED
174873,160133.0,1943-07-30,12,GERMANY,FIESELER AC WORKS,AIRCRAFT FACTORIES AND ASSEMBLY PLANTS,51.32,9.47,B17,3.0,,210.0,10.0,,,10.0,NOT INDICATED
174867,160134.0,1943-07-30,12,GERMANY,FIESELER AC WORKS,AIRCRAFT FACTORIES AND ASSEMBLY PLANTS,51.32,9.47,B17,4.0,,237.0,30.0,,,30.0,NOT INDICATED
174880,160135.0,1943-07-30,8,GERMANY,MARSHALLING YARD,"""RR INSTALLATIONS,  TRACKS,  MARSHALLING YARDS,  AND STATIONS""",51.32,9.47,B17,4.0,,240.0,,40.0,,40.0,NOT INDICATED
177850,95339.0,1943-08-12,8,GERMANY,RUMPFF WORKS,PRECISION INSTRUMENT MFG. PLANTS,50.73,7.07,B17,3.0,,230.0,42.0,,,42.0,NOT INDICATED
177851,95340.0,1943-08-12,8,GERMANY,RUMPFF WORKS,PRECISION INSTRUMENT MFG. PLANTS,50.73,7.07,B17,3.0,,230.0,,45.0,,45.0,NOT INDICATED
177641,95363.0,1943-08-12,9,GERMANY,CITY AREA,CITIES TOWNS AND URBAN AREAS,50.73,7.07,B17,3.0,,240.0,,45.0,,45.0,NOT INDICATED
177847,95364.0,1943-08-12,9,GERMANY,CITY AREA,CITIES TOWNS AND URBAN AREAS,50.73,7.07,B17,3.0,,,1.0,,,1.0,NOT INDICATED
177642,95365.0,1943-08-12,9,GERMANY,CITY AREA,CITIES TOWNS AND URBAN AREAS,50.73,7.07,B17,3.0,,240.0,25.0,,,25.0,NOT INDICATED
177638,95366.0,1943-08-12,9,GERMANY,CITY AREA,CITIES TOWNS AND URBAN AREAS,50.73,7.07,B17,2.0,,250.0,43.0,,,43.0,NOT INDICATED
177635,95367.0,1943-08-12,9,GERMANY,CITY AREA,CITIES TOWNS AND URBAN AREAS,50.73,7.07,B17,2.0,,260.0,50.0,,,50.0,NOT INDICATED
177843,160278.0,1943-08-12,9,GERMANY,CITY AREA,CITIES TOWNS AND URBAN AREAS,50.73,7.07,B17,3.0,,240.0,,45.0,,45.0,NOT INDICATED
177848,160279.0,1943-08-12,9,GERMANY,CITY AREA,CITIES TOWNS AND URBAN AREAS,50.73,7.07,B17,3.0,,,1.0,,,1.0,NOT INDICATED
177844,160280.0,1943-08-12,9,GERMANY,CITY AREA,CITIES TOWNS AND URBAN AREAS,50.73,7.07,B17,3.0,,240.0,25.0,,,25.0,NOT INDICATED
177639,160281.0,1943-08-12,9,GERMANY,CITY AREA,CITIES TOWNS AND URBAN AREAS,50.73,7.07,B17,2.0,,250.0,43.0,,,43.0,NOT INDICATED
177636,160282.0,1943-08-12,9,GERMANY,CITY AREA,CITIES TOWNS AND URBAN AREAS,50.73,7.07,B17,2.0,,260.0,50.0,,,50.0,NOT INDICATED
177845,160292.0,1943-08-12,9,GERMANY,CITY AREA,CITIES TOWNS AND URBAN AREAS,50.73,7.07,B17,3.0,,240.0,,45.0,,45.0,NOT INDICATED
177849,160293.0,1943-08-12,9,GERMANY,CITY AREA,CITIES TOWNS AND URBAN AREAS,50.73,7.07,B17,3.0,,,1.0,,,1.0,NOT INDICATED
177846,160294.0,1943-08-12,9,GERMANY,CITY AREA,CITIES TOWNS AND URBAN AREAS,50.73,7.07,B17,3.0,,240.0,25.0,,,25.0,NOT INDICATED
177640,160295.0,1943-08-12,9,GERMANY,CITY AREA,CITIES TOWNS AND URBAN AREAS,50.73,7.07,B17,2.0,,250.0,43.0,,,43.0,NOT INDICATED
177637,160296.0,1943-08-12,9,GERMANY,CITY AREA,CITIES TOWNS AND URBAN AREAS,50.73,7.07,B17,2.0,,260.0,50.0,,,50.0,NOT INDICATED
177852,160303.0,1943-08-12,8,GERMANY,RUMPFF WORKS,PRECISION INSTRUMENT MFG. PLANTS,50.73,7.07,B17,3.0,,230.0,42.0,,,42.0,NOT INDICATED
177853,160304.0,1943-08-12,8,GERMANY,RUMPFF WORKS,PRECISION INSTRUMENT MFG. PLANTS,50.73,7.07,B17,3.0,,230.0,,45.0,,45.0,NOT INDICATED
177634,160311.0,1943-08-12,9,GERMANY,RHINE RD BR,BRIDGES,50.73,7.07,B17,3.0,,270.0,48.0,,,48.0,NOT INDICATED
309,95447.0,1943-08-16,8,FRANCE,AIRDROME,AIR FIELDS AND AIRDROMES,49.07,0.78,B26,4.0,,100.0,31.0,,,31.0,NOT INDICATED
310,197604.0,1943-08-16,8,FRANCE,AIRDROME,AIR FIELDS AND AIRDROMES,49.07,0.78,B26,4.0,,100.0,31.0,,,31.0,NOT INDICATED
1850,95591.0,1943-08-22,9,FRANCE,TILLIE AD,AIR FIELDS AND AIRDROMES,49.43,-2.08,B26,4.0,,120.0,43.0,,,43.0,NOT INDICATED
1851,197759.0,1943-08-22,9,FRANCE,TILLIE AD,AIR FIELDS AND AIRDROMES,49.43,-2.08,B26,4.0,,120.0,43.0,,,43.0,NOT INDICATED
4747,95822.0,1943-09-03,8,FRANCE,AIRDROME,AIR FIELDS AND AIRDROMES,49.07,0.78,B26,4.0,,115.0,27.0,,,27.0,NOT INDICATED
4740,95823.0,1943-09-03,9,FRANCE,TILLIE AD,AIR FIELDS AND AIRDROMES,49.43,-2.08,B26,4.0,,100.0,45.0,,,45.0,NOT INDICATED
4742,95847.0,1943-09-03,8,FRANCE,AIRDROME,AIR FIELDS AND AIRDROMES,48.25,8.0,B17,2.0,,230.0,54.0,,,54.0,NOT INDICATED
4743,198064.0,1943-09-03,8,FRANCE,AIRDROME,AIR FIELDS AND AIRDROMES,48.25,8.0,B17,2.0,,230.0,54.0,,,54.0,NOT INDICATED
4748,198066.0,1943-09-03,8,FRANCE,AIRDROME,AIR FIELDS AND AIRDROMES,49.07,0.78,B26,4.0,,115.0,27.0,,,27.0,NOT INDICATED
4741,198067.0,1943-09-03,9,FRANCE,TILLIE AD,AIR FIELDS AND AIRDROMES,49.43,-2.08,B26,4.0,,100.0,45.0,,,45.0,NOT INDICATED
4744,198104.0,1943-09-03,8,FRANCE,AIRDROME,AIR FIELDS AND AIRDROMES,48.25,8.0,B17,2.0,,230.0,54.0,,,54.0,NOT INDICATED
5621,95918.0,1943-09-06,9,GERMANY,UNIDENTIFIED TARGET,UNIDENTIFIED TARGETS,48.63,8.07,B17,2.0,,262.0,50.0,,,50.0,NOT INDICATED
5622,160583.0,1943-09-06,9,GERMANY,UNIDENTIFIED TARGET,UNIDENTIFIED TARGETS,48.63,8.07,B17,2.0,,262.0,50.0,,,50.0,NOT INDICATED
5623,160591.0,1943-09-06,9,GERMANY,UNIDENTIFIED TARGET,UNIDENTIFIED TARGETS,48.63,8.07,B17,2.0,,262.0,50.0,,,50.0,NOT INDICATED
6713,96025.0,1943-09-09,9,FRANCE,AIRDROME,AIR FIELDS AND AIRDROMES,49.13,2.28,B17,3.0,,240.0,63.0,,,63.0,NOT INDICATED
6719,96070.0,1943-09-09,8,FRANCE,AIRDROME,AIR FIELDS AND AIRDROMES,49.07,0.78,B17,4.0,,220.0,54.0,,,54.0,NOT INDICATED
6716,96074.0,1943-09-09,9,FRANCE,TILLIE AD,AIR FIELDS AND AIRDROMES,49.43,-2.08,B17,4.0,,238.0,,,30.0,30.0,NOT INDICATED
6710,96075.0,1943-09-09,9,FRANCE,TILLIE AD,AIR FIELDS AND AIRDROMES,49.43,-2.08,B17,4.0,,255.0,,33.0,,33.0,NOT INDICATED
6714,198313.0,1943-09-09,9,FRANCE,AIRDROME,AIR FIELDS AND AIRDROMES,49.13,2.28,B17,3.0,,240.0,63.0,,,63.0,NOT INDICATED
6720,198331.0,1943-09-09,8,FRANCE,AIRDROME,AIR FIELDS AND AIRDROMES,49.07,0.78,B17,4.0,,220.0,54.0,,,54.0,NOT INDICATED
6717,198335.0,1943-09-09,9,FRANCE,TILLIE AD,AIR FIELDS AND AIRDROMES,49.43,-2.08,B17,4.0,,238.0,,,30.0,30.0,NOT INDICATED
6711,198336.0,1943-09-09,9,FRANCE,TILLIE AD,AIR FIELDS AND AIRDROMES,49.43,-2.08,B17,4.0,,255.0,,33.0,,33.0,NOT INDICATED
6721,198384.0,1943-09-09,8,FRANCE,AIRDROME,AIR FIELDS AND AIRDROMES,49.07,0.78,B17,4.0,,220.0,54.0,,,54.0,NOT INDICATED
6715,198385.0,1943-09-09,9,FRANCE,AIRDROME,AIR FIELDS AND AIRDROMES,49.13,2.28,B17,3.0,,240.0,63.0,,,63.0,NOT INDICATED
6718,198386.0,1943-09-09,9,FRANCE,TILLIE AD,AIR FIELDS AND AIRDROMES,49.43,-2.08,B17,4.0,,238.0,,,30.0,30.0,NOT INDICATED
6712,198387.0,1943-09-09,9,FRANCE,TILLIE AD,AIR FIELDS AND AIRDROMES,49.43,-2.08,B17,4.0,,255.0,,33.0,,33.0,NOT INDICATED
7610,96134.0,1943-09-11,8,FRANCE,AIRDROME,AIR FIELDS AND AIRDROMES,49.07,0.78,B26,4.0,,110.0,15.0,,1.0,16.0,NOT INDICATED
7611,198455.0,1943-09-11,8,FRANCE,AIRDROME,AIR FIELDS AND AIRDROMES,49.07,0.78,B26,4.0,,110.0,15.0,,1.0,16.0,NOT INDICATED
9119,96259.0,1943-09-16,8,FRANCE,AIRDROME,AIR FIELDS AND AIRDROMES,49.07,0.78,B26,4.0,,110.0,44.0,,,44.0,NOT INDICATED
9103,96261.0,1943-09-16,8,FRANCE,AIRDROME,AIR FIELDS AND AIRDROMES,45.7,-0.32,B17,4.0,,210.0,53.0,,,53.0,VISUAL
9106,96268.0,1943-09-16,8,FRANCE,CITY AREA,CITIES TOWNS AND URBAN AREAS,46.17,-1.23,B17,4.0,,210.0,50.0,,,50.0,NOT INDICATED
9107,160730.0,1943-09-16,8,FRANCE,CITY AREA,CITIES TOWNS AND URBAN AREAS,46.17,-1.23,B17,4.0,,210.0,50.0,,,50.0,NOT INDICATED
9108,160731.0,1943-09-16,8,FRANCE,CITY AREA,CITIES TOWNS AND URBAN AREAS,46.17,-1.23,B17,4.0,,210.0,50.0,,,50.0,NOT INDICATED
9111,198591.0,1943-09-16,8,FRANCE,NAVAL INSTALLATIONS,NAVAL INSTALLATIONS,47.22,-1.53,B17,4.0,,206.0,45.0,,,45.0,NOT INDICATED
9113,198592.0,1943-09-16,8,FRANCE,DOCK INSTALLATIONS,PORTS AND HARBORS,46.17,-1.23,B17,4.0,,200.0,48.0,,,48.0,NOT INDICATED
9101,198596.0,1943-09-16,8,FRANCE,SHIPS,SHIPS,47.22,-1.53,B17,4.0,,211.0,55.0,,,55.0,NOT INDICATED
9109,198597.0,1943-09-16,8,FRANCE,SHIPS,SHIPS,47.22,-1.53,B17,4.0,,210.0,59.0,,,59.0,NOT INDICATED
9117,198598.0,1943-09-16,8,FRANCE,SHIPS,SHIPS,47.22,-1.53,B17,4.0,,192.0,54.0,,,54.0,NOT INDICATED
9115,198599.0,1943-09-16,8,FRANCE,SHIPS,SHIPS,47.22,-1.53,B17,4.0,,200.0,56.0,,,56.0,VISUAL
9114,198600.0,1943-09-16,8,FRANCE,DOCK INSTALLATIONS,PORTS AND HARBORS,46.17,-1.23,B17,4.0,,200.0,48.0,,,48.0,NOT INDICATED
9112,198603.0,1943-09-16,8,FRANCE,NAVAL INSTALLATIONS,NAVAL INSTALLATIONS,47.22,-1.53,B17,4.0,,206.0,45.0,,,45.0,NOT INDICATED
9102,198605.0,1943-09-16,8,FRANCE,SHIPS,SHIPS,47.22,-1.53,B17,4.0,,211.0,55.0,,,55.0,NOT INDICATED
9110,198606.0,1943-09-16,8,FRANCE,SHIPS,SHIPS,47.22,-1.53,B17,4.0,,210.0,59.0,,,59.0,NOT INDICATED
9118,198607.0,1943-09-16,8,FRANCE,SHIPS,SHIPS,47.22,-1.53,B17,4.0,,192.0,54.0,,,54.0,NOT INDICATED
9116,198608.0,1943-09-16,8,FRANCE,SHIPS,SHIPS,47.22,-1.53,B17,4.0,,200.0,56.0,,,56.0,VISUAL
9104,198609.0,1943-09-16,8,FRANCE,AIRDROME,AIR FIELDS AND AIRDROMES,45.7,-0.32,B17,4.0,,210.0,53.0,,,53.0,VISUAL
9120,198612.0,1943-09-16,8,FRANCE,AIRDROME,AIR FIELDS AND AIRDROMES,49.07,0.78,B26,4.0,,110.0,44.0,,,44.0,NOT INDICATED
9105,198624.0,1943-09-16,8,FRANCE,AIRDROME,AIR FIELDS AND AIRDROMES,45.7,-0.32,B17,4.0,,210.0,53.0,,,53.0,VISUAL
9474,96297.0,1943-09-18,9,FRANCE,TILLIE AD,AIR FIELDS AND AIRDROMES,49.43,-2.08,B26,4.0,,110.0,1.0,,,1.0,NOT INDICATED
9475,96298.0,1943-09-18,9,FRANCE,TILLIE AD,AIR FIELDS AND AIRDROMES,49.43,-2.08,B26,4.0,,110.0,31.0,,,31.0,NOT INDICATED
9476,198659.0,1943-09-18,9,FRANCE,TILLIE AD,AIR FIELDS AND AIRDROMES,49.43,-2.08,B26,4.0,,110.0,1.0,,,1.0,NOT INDICATED
9477,198660.0,1943-09-18,9,FRANCE,TILLIE AD,AIR FIELDS AND AIRDROMES,49.43,-2.08,B26,4.0,,110.0,31.0,,,31.0,NOT INDICATED
10046,96321.0,1943-09-21,9,FRANCE,TILLIE AD,AIR FIELDS AND AIRDROMES,49.43,-2.08,B26,4.0,,115.0,14.0,,,14.0,NOT INDICATED
10048,96322.0,1943-09-21,9,FRANCE,TILLIE AD,AIR FIELDS AND AIRDROMES,49.43,-2.08,B26,4.0,,105.0,43.0,,,43.0,NOT INDICATED
10047,198688.0,1943-09-21,9,FRANCE,TILLIE AD,AIR FIELDS AND AIRDROMES,49.43,-2.08,B26,4.0,,115.0,14.0,,,14.0,NOT INDICATED
10049,198689.0,1943-09-21,9,FRANCE,TILLIE AD,AIR FIELDS AND AIRDROMES,49.43,-2.08,B26,4.0,,105.0,43.0,,,43.0,NOT INDICATED
10659,96360.0,1943-09-23,8,FRANCE,SNCASO AC FACTORY,AIRCRAFT FACTORIES AND ASSEMBLY PLANTS,47.22,-1.53,B17,4.0,,,42.0,,,42.0,NOT INDICATED
10649,96369.0,1943-09-23,9,FRANCE,TILLIE AD,AIR FIELDS AND AIRDROMES,49.43,-2.08,B26,4.0,,,15.0,,,15.0,NOT INDICATED
10645,96370.0,1943-09-23,9,FRANCE,TILLIE AD,AIR FIELDS AND AIRDROMES,49.43,-2.08,B26,4.0,,,23.0,,,23.0,NOT INDICATED
10647,96371.0,1943-09-23,9,FRANCE,TILLIE AD,AIR FIELDS AND AIRDROMES,49.43,-2.08,B26,4.0,,,44.0,,,44.0,NOT INDICATED
10636,96379.0,1943-09-23,9,FRANCE,BASTARD AIRDROME,AIR FIELDS AND AIRDROMES,47.0,-4.0,B17,4.0,,,63.0,,,63.0,NOT INDICATED
10639,96380.0,1943-09-23,9,FRANCE,BASTARD AIRDROME,AIR FIELDS AND AIRDROMES,47.0,-4.0,B17,4.0,,,39.0,,,39.0,NOT INDICATED
10633,96381.0,1943-09-23,9,FRANCE,BASTARD AIRDROME,AIR FIELDS AND AIRDROMES,47.0,-4.0,B17,4.0,,,62.0,,,62.0,NOT INDICATED
10660,160776.0,1943-09-23,8,FRANCE,SNCASO AC FACTORY,AIRCRAFT FACTORIES AND ASSEMBLY PLANTS,47.22,-1.53,B17,4.0,,,42.0,,,42.0,NOT INDICATED
10661,160785.0,1943-09-23,8,FRANCE,SNCASO AC FACTORY,AIRCRAFT FACTORIES AND ASSEMBLY PLANTS,47.22,-1.53,B17,4.0,,,42.0,,,42.0,NOT INDICATED
10644,160786.0,1943-09-23,9,FRANCE,MARSHALLING YARD,"""RR INSTALLATIONS,  TRACKS,  MARSHALLING YARDS,  AND STATIONS""",47.22,-1.53,B17,4.0,,,33.0,,,33.0,NOT INDICATED
10655,198765.0,1943-09-23,8,FRANCE,NAVAL INSTALLATIONS,NAVAL INSTALLATIONS,47.22,-1.53,B17,4.0,,,45.0,,,45.0,NOT INDICATED
10664,198766.0,1943-09-23,8,FRANCE,NAVAL INSTALLATIONS,NAVAL INSTALLATIONS,47.22,-1.53,B17,4.0,,,21.0,,,21.0,NOT INDICATED
10662,198767.0,1943-09-23,8,FRANCE,NAVAL INSTALLATIONS,NAVAL INSTALLATIONS,47.22,-1.53,B17,4.0,,,51.0,,,51.0,NOT INDICATED
10651,198768.0,1943-09-23,8,FRANCE,NAVAL INSTALLATIONS,NAVAL INSTALLATIONS,47.22,-1.53,B17,3.0,,,54.0,,,54.0,NOT INDICATED
10666,198769.0,1943-09-23,8,FRANCE,SHIPS,SHIPS,47.22,-1.53,B17,4.0,,,43.0,,,43.0,NOT INDICATED
10653,198770.0,1943-09-23,8,FRANCE,SHIPS,SHIPS,47.22,-1.53,B17,4.0,,,45.0,,,45.0,NOT INDICATED
10656,198771.0,1943-09-23,8,FRANCE,SHIPS,SHIPS,47.22,-1.53,B17,3.0,,,57.0,,,57.0,NOT INDICATED
10657,198772.0,1943-09-23,8,FRANCE,NAVAL INSTALLATIONS,NAVAL INSTALLATIONS,47.22,-1.53,B17,4.0,,,45.0,,,45.0,NOT INDICATED
10665,198773.0,1943-09-23,8,FRANCE,NAVAL INSTALLATIONS,NAVAL INSTALLATIONS,47.22,-1.53,B17,4.0,,,21.0,,,21.0,NOT INDICATED
10663,198774.0,1943-09-23,8,FRANCE,NAVAL INSTALLATIONS,NAVAL INSTALLATIONS,47.22,-1.53,B17,4.0,,,51.0,,,51.0,NOT INDICATED
10652,198775.0,1943-09-23,8,FRANCE,NAVAL INSTALLATIONS,NAVAL INSTALLATIONS,47.22,-1.53,B17,3.0,,,54.0,,,54.0,NOT INDICATED
10667,198776.0,1943-09-23,8,FRANCE,SHIPS,SHIPS,47.22,-1.53,B17,4.0,,,43.0,,,43.0,NOT INDICATED
10654,198777.0,1943-09-23,8,FRANCE,SHIPS,SHIPS,47.22,-1.53,B17,4.0,,,45.0,,,45.0,NOT INDICATED
10658,198778.0,1943-09-23,8,FRANCE,SHIPS,SHIPS,47.22,-1.53,B17,3.0,,,57.0,,,57.0,NOT INDICATED
10637,198782.0,1943-09-23,9,FRANCE,BASTARD AIRDROME,AIR FIELDS AND AIRDROMES,47.0,-4.0,B17,4.0,,,63.0,,,63.0,NOT INDICATED
10640,198783.0,1943-09-23,9,FRANCE,BASTARD AIRDROME,AIR FIELDS AND AIRDROMES,47.0,-4.0,B17,4.0,,,39.0,,,39.0,NOT INDICATED
10634,198784.0,1943-09-23,9,FRANCE,BASTARD AIRDROME,AIR FIELDS AND AIRDROMES,47.0,-4.0,B17,4.0,,,62.0,,,62.0,NOT INDICATED
10650,198785.0,1943-09-23,9,FRANCE,TILLIE AD,AIR FIELDS AND AIRDROMES,49.43,-2.08,B26,4.0,,,15.0,,,15.0,NOT INDICATED
10646,198786.0,1943-09-23,9,FRANCE,TILLIE AD,AIR FIELDS AND AIRDROMES,49.43,-2.08,B26,4.0,,,23.0,,,23.0,NOT INDICATED
10648,198787.0,1943-09-23,9,FRANCE,TILLIE AD,AIR FIELDS AND AIRDROMES,49.43,-2.08,B26,4.0,,,44.0,,,44.0,NOT INDICATED
10638,198794.0,1943-09-23,9,FRANCE,BASTARD AIRDROME,AIR FIELDS AND AIRDROMES,47.0,-4.0,B17,4.0,,,63.0,,,63.0,NOT INDICATED
10641,198795.0,1943-09-23,9,FRANCE,BASTARD AIRDROME,AIR FIELDS AND AIRDROMES,47.0,-4.0,B17,4.0,,,39.0,,,39.0,NOT INDICATED
10635,198796.0,1943-09-23,9,FRANCE,BASTARD AIRDROME,AIR FIELDS AND AIRDROMES,47.0,-4.0,B17,4.0,,,62.0,,,62.0,NOT INDICATED
10953,96398.0,1943-09-24,9,FRANCE,TILLIE AD,AIR FIELDS AND AIRDROMES,49.43,-2.08,B26,4.0,,,23.0,,,23.0,NOT INDICATED
10951,96399.0,1943-09-24,9,FRANCE,TILLIE AD,AIR FIELDS AND AIRDROMES,49.43,-2.08,B26,4.0,,,16.0,,,16.0,NOT INDICATED
10954,96400.0,1943-09-24,9,FRANCE,TILLIE AD,AIR FIELDS AND AIRDROMES,49.43,-2.08,B26,4.0,,,12.0,,,12.0,NOT INDICATED
10949,96401.0,1943-09-24,9,FRANCE,TILLIE AD,AIR FIELDS AND AIRDROMES,49.43,-2.08,B26,4.0,,,18.0,,,18.0,NOT INDICATED
10955,198814.0,1943-09-24,9,FRANCE,TILLIE AD,AIR FIELDS AND AIRDROMES,49.43,-2.08,B26,4.0,,,23.0,,,23.0,NOT INDICATED
10952,198815.0,1943-09-24,9,FRANCE,TILLIE AD,AIR FIELDS AND AIRDROMES,49.43,-2.08,B26,4.0,,,16.0,,,16.0,NOT INDICATED
10956,198816.0,1943-09-24,9,FRANCE,TILLIE AD,AIR FIELDS AND AIRDROMES,49.43,-2.08,B26,4.0,,,12.0,,,12.0,NOT INDICATED
10950,198817.0,1943-09-24,9,FRANCE,TILLIE AD,AIR FIELDS AND AIRDROMES,49.43,-2.08,B26,4.0,,,18.0,,,18.0,NOT INDICATED
11462,96439.0,1943-09-27,8,FRANCE,UNIDENTIFIED TARGET,UNIDENTIFIED TARGETS,49.43,-2.08,B26,4.0,,,40.0,,,40.0,NOT INDICATED
11457,96440.0,1943-09-27,9,FRANCE,TILLIE AD,AIR FIELDS AND AIRDROMES,49.43,-2.08,B26,4.0,,,43.0,,,43.0,NOT INDICATED
11463,160806.0,1943-09-27,8,FRANCE,UNIDENTIFIED TARGET,UNIDENTIFIED TARGETS,49.43,-2.08,B26,4.0,,,40.0,,,40.0,NOT INDICATED
11458,198912.0,1943-09-27,9,FRANCE,TILLIE AD,AIR FIELDS AND AIRDROMES,49.43,-2.08,B26,4.0,,,43.0,,,43.0,NOT INDICATED
12067,96473.0,1943-10-01,9,AUSTRIA,UNIDENTIFIED TARGET,UNIDENTIFIED TARGETS,47.78,13.03,B24,4.0,,,,2.0,,2.0,NOT INDICATED
12086,96474.0,1943-10-01,9,AUSTRIA,UNIDENTIFIED TARGET,UNIDENTIFIED TARGETS,47.78,13.03,B24,4.0,,,51.0,,,51.0,NOT INDICATED
12083,96475.0,1943-10-01,9,AUSTRIA,UNIDENTIFIED TARGET,UNIDENTIFIED TARGETS,47.78,13.03,B24,4.0,,,54.0,,,54.0,NOT INDICATED
12074,96490.0,1943-10-01,9,GERMANY,UNIDENTIFIED TARGET,UNIDENTIFIED TARGETS,47.72,10.3,B17,4.0,,,20.0,,,20.0,NOT INDICATED
12075,96491.0,1943-10-01,9,GERMANY,UNIDENTIFIED TARGET,UNIDENTIFIED TARGETS,47.72,10.3,B17,4.0,,,15.0,,,15.0,NOT INDICATED
12076,96492.0,1943-10-01,9,GERMANY,UNIDENTIFIED TARGET,UNIDENTIFIED TARGETS,47.72,10.3,B17,3.0,,,3.0,,,3.0,NOT INDICATED
12062,96493.0,1943-10-01,12,GERMANY,CITY AREA,CITIES TOWNS AND URBAN AREAS,48.55,10.38,B17,4.0,,,13.0,,,13.0,NOT INDICATED
12068,160814.0,1943-10-01,9,AUSTRIA,UNIDENTIFIED TARGET,UNIDENTIFIED TARGETS,47.78,13.03,B24,4.0,,,,2.0,,2.0,NOT INDICATED
12085,160815.0,1943-10-01,9,AUSTRIA,UNIDENTIFIED TARGET,UNIDENTIFIED TARGETS,47.78,13.03,B24,4.0,,,54.0,,,54.0,NOT INDICATED
12088,160816.0,1943-10-01,9,AUSTRIA,UNIDENTIFIED TARGET,UNIDENTIFIED TARGETS,47.78,13.03,B24,4.0,,,51.0,,,51.0,NOT INDICATED
12077,160817.0,1943-10-01,9,GERMANY,UNIDENTIFIED TARGET,UNIDENTIFIED TARGETS,47.72,10.3,B17,4.0,,,20.0,,,20.0,NOT INDICATED
12078,160818.0,1943-10-01,9,GERMANY,UNIDENTIFIED TARGET,UNIDENTIFIED TARGETS,47.72,10.3,B17,4.0,,,15.0,,,15.0,NOT INDICATED
12079,160819.0,1943-10-01,9,GERMANY,UNIDENTIFIED TARGET,UNIDENTIFIED TARGETS,47.72,10.3,B17,3.0,,,3.0,,,3.0,NOT INDICATED
12063,160822.0,1943-10-01,12,GERMANY,CITY AREA,CITIES TOWNS AND URBAN AREAS,48.55,10.38,B17,4.0,,,13.0,,,13.0,NOT INDICATED
12064,160823.0,1943-10-01,12,GERMANY,CITY AREA,CITIES TOWNS AND URBAN AREAS,48.55,10.38,B17,4.0,,,13.0,,,13.0,NOT INDICATED
12069,160824.0,1943-10-01,9,AUSTRIA,UNIDENTIFIED TARGET,UNIDENTIFIED TARGETS,47.78,13.03,B24,4.0,,,,2.0,,2.0,NOT INDICATED
12084,160825.0,1943-10-01,9,AUSTRIA,UNIDENTIFIED TARGET,UNIDENTIFIED TARGETS,47.78,13.03,B24,4.0,,,54.0,,,54.0,NOT INDICATED
12087,160826.0,1943-10-01,9,AUSTRIA,UNIDENTIFIED TARGET,UNIDENTIFIED TARGETS,47.78,13.03,B24,4.0,,,51.0,,,51.0,NOT INDICATED
12080,160827.0,1943-10-01,9,GERMANY,UNIDENTIFIED TARGET,UNIDENTIFIED TARGETS,47.72,10.3,B17,4.0,,,20.0,,,20.0,NOT INDICATED
12081,160828.0,1943-10-01,9,GERMANY,UNIDENTIFIED TARGET,UNIDENTIFIED TARGETS,47.72,10.3,B17,4.0,,,15.0,,,15.0,NOT INDICATED
12082,160829.0,1943-10-01,9,GERMANY,UNIDENTIFIED TARGET,UNIDENTIFIED TARGETS,47.72,10.3,B17,3.0,,,3.0,,,3.0,NOT INDICATED
12351,96494.0,1943-10-02,9,GERMANY,UNIDENTIFIED TARGET,UNIDENTIFIED TARGETS,48.13,11.58,B17,4.0,,,5.0,,,5.0,NOT INDICATED
12352,160832.0,1943-10-02,9,GERMANY,UNIDENTIFIED TARGET,UNIDENTIFIED TARGETS,48.13,11.58,B17,4.0,,,5.0,,,5.0,NOT INDICATED
12353,160834.0,1943-10-02,9,GERMANY,UNIDENTIFIED TARGET,UNIDENTIFIED TARGETS,48.13,11.58,B17,4.0,,,5.0,,,5.0,NOT INDICATED
12638,96499.0,1943-10-03,9,FRANCE,TILLIE AD,AIR FIELDS AND AIRDROMES,49.43,-2.08,B26,4.0,,,24.0,,,24.0,NOT INDICATED
12639,96500.0,1943-10-03,9,FRANCE,TILLIE AD,AIR FIELDS AND AIRDROMES,49.43,-2.08,B26,4.0,,,20.0,,,20.0,NOT INDICATED
12642,96501.0,1943-10-03,9,FRANCE,TILLIE AD,AIR FIELDS AND AIRDROMES,49.43,-2.08,B26,4.0,,,27.0,,,27.0,NOT INDICATED
12643,96502.0,1943-10-03,9,FRANCE,TILLIE AD,AIR FIELDS AND AIRDROMES,49.43,-2.08,B26,4.0,,,17.0,,,17.0,NOT INDICATED
12640,199006.0,1943-10-03,9,FRANCE,TILLIE AD,AIR FIELDS AND AIRDROMES,49.43,-2.08,B26,4.0,,,24.0,,,24.0,NOT INDICATED
12641,199007.0,1943-10-03,9,FRANCE,TILLIE AD,AIR FIELDS AND AIRDROMES,49.43,-2.08,B26,4.0,,,20.0,,,20.0,NOT INDICATED
12644,199008.0,1943-10-03,9,FRANCE,TILLIE AD,AIR FIELDS AND AIRDROMES,49.43,-2.08,B26,4.0,,,27.0,,,27.0,NOT INDICATED
12645,199009.0,1943-10-03,9,FRANCE,TILLIE AD,AIR FIELDS AND AIRDROMES,49.43,-2.08,B26,4.0,,,17.0,,,17.0,NOT INDICATED
12911,96510.0,1943-10-04,8,GERMANY,AC PLANT,AIRCRAFT FACTORIES AND ASSEMBLY PLANTS,52.15,9.97,B17,4.0,,,45.0,,,45.0,NOT INDICATED
12909,96511.0,1943-10-04,8,GERMANY,RUBBER PLANT,RUBBER AND TIRE MANUFACTURING FACILITIES,50.13,8.93,B17,3.0,,,,33.0,,33.0,NOT INDICATED
12681,96525.0,1943-10-04,9,GERMANY,CITY AREA,CITIES TOWNS AND URBAN AREAS,50.1,8.67,B17,4.0,,,,17.0,,17.0,NOT INDICATED
12678,96526.0,1943-10-04,9,GERMANY,CITY AREA,CITIES TOWNS AND URBAN AREAS,50.1,8.67,B17,4.0,,,2.0,,,2.0,NOT INDICATED
12690,96527.0,1943-10-04,9,GERMANY,CITY AREA,CITIES TOWNS AND URBAN AREAS,50.1,8.67,B17,4.0,,,,20.0,,20.0,NOT INDICATED
12693,96528.0,1943-10-04,9,GERMANY,CITY AREA,CITIES TOWNS AND URBAN AREAS,50.1,8.67,B17,4.0,,,36.0,,,36.0,NOT INDICATED
12684,96529.0,1943-10-04,9,GERMANY,CITY AREA,CITIES TOWNS AND URBAN AREAS,50.1,8.67,B17,4.0,,,,23.0,,23.0,NOT INDICATED
12687,96530.0,1943-10-04,9,GERMANY,CITY AREA,CITIES TOWNS AND URBAN AREAS,50.1,8.67,B17,4.0,,,,20.0,,20.0,NOT INDICATED
12697,96531.0,1943-10-04,9,GERMANY,CITY AREA,CITIES TOWNS AND URBAN AREAS,50.1,8.67,B17,2.0,,,51.0,8.0,,59.0,NOT INDICATED
12912,160836.0,1943-10-04,8,GERMANY,AC PLANT,AIRCRAFT FACTORIES AND ASSEMBLY PLANTS,52.15,9.97,B17,4.0,,,45.0,,,45.0,NOT INDICATED
12682,160839.0,1943-10-04,9,GERMANY,CITY AREA,CITIES TOWNS AND URBAN AREAS,50.1,8.67,B17,4.0,,,,17.0,,17.0,NOT INDICATED
12679,160840.0,1943-10-04,9,GERMANY,CITY AREA,CITIES TOWNS AND URBAN AREAS,50.1,8.67,B17,4.0,,,2.0,,,2.0,NOT INDICATED
12691,160841.0,1943-10-04,9,GERMANY,CITY AREA,CITIES TOWNS AND URBAN AREAS,50.1,8.67,B17,4.0,,,,20.0,,20.0,NOT INDICATED
12694,160842.0,1943-10-04,9,GERMANY,CITY AREA,CITIES TOWNS AND URBAN AREAS,50.1,8.67,B17,4.0,,,36.0,,,36.0,NOT INDICATED
12685,160843.0,1943-10-04,9,GERMANY,CITY AREA,CITIES TOWNS AND URBAN AREAS,50.1,8.67,B17,4.0,,,,23.0,,23.0,NOT INDICATED
12688,160844.0,1943-10-04,9,GERMANY,CITY AREA,CITIES TOWNS AND URBAN AREAS,50.1,8.67,B17,4.0,,,,20.0,,20.0,NOT INDICATED
12698,160845.0,1943-10-04,9,GERMANY,CITY AREA,CITIES TOWNS AND URBAN AREAS,50.1,8.67,B17,2.0,,,51.0,8.0,,59.0,NOT INDICATED
12683,160846.0,1943-10-04,9,GERMANY,CITY AREA,CITIES TOWNS AND URBAN AREAS,50.1,8.67,B17,4.0,,,,17.0,,17.0,NOT INDICATED
12680,160847.0,1943-10-04,9,GERMANY,CITY AREA,CITIES TOWNS AND URBAN AREAS,50.1,8.67,B17,4.0,,,2.0,,,2.0,NOT INDICATED
12692,160848.0,1943-10-04,9,GERMANY,CITY AREA,CITIES TOWNS AND URBAN AREAS,50.1,8.67,B17,4.0,,,,20.0,,20.0,NOT INDICATED
12695,160849.0,1943-10-04,9,GERMANY,CITY AREA,CITIES TOWNS AND URBAN AREAS,50.1,8.67,B17,4.0,,,36.0,,,36.0,NOT INDICATED
12686,160850.0,1943-10-04,9,GERMANY,CITY AREA,CITIES TOWNS AND URBAN AREAS,50.1,8.67,B17,4.0,,,,23.0,,23.0,NOT INDICATED
12689,160851.0,1943-10-04,9,GERMANY,CITY AREA,CITIES TOWNS AND URBAN AREAS,50.1,8.67,B17,4.0,,,,20.0,,20.0,NOT INDICATED
12699,160852.0,1943-10-04,9,GERMANY,CITY AREA,CITIES TOWNS AND URBAN AREAS,50.1,8.67,B17,2.0,,,51.0,8.0,,59.0,NOT INDICATED
12910,160853.0,1943-10-04,8,GERMANY,RUBBER PLANT,RUBBER AND TIRE MANUFACTURING FACILITIES,50.13,8.93,B17,3.0,,,,33.0,,33.0,NOT INDICATED
12913,160857.0,1943-10-04,8,GERMANY,AC PLANT,AIRCRAFT FACTORIES AND ASSEMBLY PLANTS,52.15,9.97,B17,4.0,,,45.0,,,45.0,NOT INDICATED
12696,160859.0,1943-10-04,9,GERMANY,MARSHALLING YARD,"""RR INSTALLATIONS,  TRACKS,  MARSHALLING YARDS,  AND STATIONS""",50.1,8.67,B17,4.0,,,48.0,,,48.0,NOT INDICATED
13831,96576.0,1943-10-09,8,GERMANY,AC FACTORY,AIRCRAFT FACTORIES AND ASSEMBLY PLANTS,54.35,18.67,B17,4.0,,,53.0,,,53.0,NOT INDICATED
13846,96577.0,1943-10-09,8,GERMANY,AC ASSEMBLY PLANT,AIRCRAFT FACTORIES AND ASSEMBLY PLANTS,52.11,9.98,B17,4.0,,,45.0,,,45.0,NOT INDICATED
13822,96578.0,1943-10-09,8,GERMANY,AC ASSEMBLY PLANT,AIRCRAFT FACTORIES AND ASSEMBLY PLANTS,52.11,9.98,B17,4.0,,,,17.0,,17.0,NOT INDICATED
13843,96579.0,1943-10-09,8,GERMANY,AC ASSEMBLY PLANT,AIRCRAFT FACTORIES AND ASSEMBLY PLANTS,52.11,9.98,B17,4.0,,,52.0,,,52.0,NOT INDICATED
13834,96580.0,1943-10-09,8,GERMANY,ARADO AC COMP PLANT,A/C COMPONENT PLANTS,53.87,13.7,B17,4.0,,,18.0,2.0,,20.0,NOT INDICATED
13825,96581.0,1943-10-09,8,GERMANY,ARADO AC COMP PLANT,A/C COMPONENT PLANTS,53.87,13.7,B17,4.0,,,27.0,5.0,,32.0,NOT INDICATED
13826,96582.0,1943-10-09,8,GERMANY,ARADO AC COMP PLANT,A/C COMPONENT PLANTS,53.87,13.7,B17,4.0,,,30.0,3.0,,33.0,NOT INDICATED
13837,96583.0,1943-10-09,8,GERMANY,ARADO AC COMP PLANT,A/C COMPONENT PLANTS,53.87,13.7,B17,4.0,,,5.0,,,5.0,NOT INDICATED
13838,96584.0,1943-10-09,8,GERMANY,ARADO AC COMP PLANT,A/C COMPONENT PLANTS,53.87,13.7,B17,4.0,,,30.0,,,30.0,NOT INDICATED
13819,96585.0,1943-10-09,8,GERMANY,ARADO AC COMP PLANT,A/C COMPONENT PLANTS,53.87,13.7,B17,4.0,,,24.0,3.0,,27.0,NOT INDICATED
13816,96586.0,1943-10-09,8,GERMANY,ARADO AC COMP PLANT,A/C COMPONENT PLANTS,53.87,13.7,B17,4.0,,,29.0,3.0,,32.0,NOT INDICATED
13832,160902.0,1943-10-09,8,GERMANY,AC FACTORY,AIRCRAFT FACTORIES AND ASSEMBLY PLANTS,54.35,18.67,B17,4.0,,,53.0,,,53.0,NOT INDICATED
13847,160903.0,1943-10-09,8,GERMANY,AC ASSEMBLY PLANT,AIRCRAFT FACTORIES AND ASSEMBLY PLANTS,52.11,9.98,B17,4.0,,,45.0,,,45.0,NOT INDICATED
13823,160904.0,1943-10-09,8,GERMANY,AC ASSEMBLY PLANT,AIRCRAFT FACTORIES AND ASSEMBLY PLANTS,52.11,9.98,B17,4.0,,,,17.0,,17.0,NOT INDICATED
13844,160905.0,1943-10-09,8,GERMANY,AC ASSEMBLY PLANT,AIRCRAFT FACTORIES AND ASSEMBLY PLANTS,52.11,9.98,B17,4.0,,,52.0,,,52.0,NOT INDICATED
13835,160906.0,1943-10-09,8,GERMANY,ARADO AC COMP PLANT,A/C COMPONENT PLANTS,53.87,13.7,B17,4.0,,,18.0,2.0,,20.0,NOT INDICATED
13827,160907.0,1943-10-09,8,GERMANY,ARADO AC COMP PLANT,A/C COMPONENT PLANTS,53.87,13.7,B17,4.0,,,27.0,5.0,,32.0,NOT INDICATED
13828,160908.0,1943-10-09,8,GERMANY,ARADO AC COMP PLANT,A/C COMPONENT PLANTS,53.87,13.7,B17,4.0,,,30.0,3.0,,33.0,NOT INDICATED
13839,160909.0,1943-10-09,8,GERMANY,ARADO AC COMP PLANT,A/C COMPONENT PLANTS,53.87,13.7,B17,4.0,,,5.0,,,5.0,NOT INDICATED
13840,160910.0,1943-10-09,8,GERMANY,ARADO AC COMP PLANT,A/C COMPONENT PLANTS,53.87,13.7,B17,4.0,,,30.0,,,30.0,NOT INDICATED
13820,160911.0,1943-10-09,8,GERMANY,ARADO AC COMP PLANT,A/C COMPONENT PLANTS,53.87,13.7,B17,4.0,,,24.0,3.0,,27.0,NOT INDICATED
13817,160912.0,1943-10-09,8,GERMANY,ARADO AC COMP PLANT,A/C COMPONENT PLANTS,53.87,13.7,B17,4.0,,,29.0,3.0,,32.0,NOT INDICATED
13849,160913.0,1943-10-09,8,GERMANY,CITY AREA,CITIES TOWNS AND URBAN AREAS,52.11,9.98,B17,4.0,,,,30.0,,30.0,NOT INDICATED
13850,160914.0,1943-10-09,8,GERMANY,CITY AREA,CITIES TOWNS AND URBAN AREAS,52.11,9.98,B17,4.0,,,,30.0,,30.0,NOT INDICATED
13836,160915.0,1943-10-09,8,GERMANY,ARADO AC COMP PLANT,A/C COMPONENT PLANTS,53.87,13.7,B17,4.0,,,18.0,2.0,,20.0,NOT INDICATED
13829,160916.0,1943-10-09,8,GERMANY,ARADO AC COMP PLANT,A/C COMPONENT PLANTS,53.87,13.7,B17,4.0,,,27.0,5.0,,32.0,NOT INDICATED
13830,160917.0,1943-10-09,8,GERMANY,ARADO AC COMP PLANT,A/C COMPONENT PLANTS,53.87,13.7,B17,4.0,,,30.0,3.0,,33.0,NOT INDICATED
13841,160918.0,1943-10-09,8,GERMANY,ARADO AC COMP PLANT,A/C COMPONENT PLANTS,53.87,13.7,B17,4.0,,,5.0,,,5.0,NOT INDICATED
13842,160919.0,1943-10-09,8,GERMANY,ARADO AC COMP PLANT,A/C COMPONENT PLANTS,53.87,13.7,B17,4.0,,,30.0,,,30.0,NOT INDICATED
13821,160920.0,1943-10-09,8,GERMANY,ARADO AC COMP PLANT,A/C COMPONENT PLANTS,53.87,13.7,B17,4.0,,,24.0,3.0,,27.0,NOT INDICATED
13818,160921.0,1943-10-09,8,GERMANY,ARADO AC COMP PLANT,A/C COMPONENT PLANTS,53.87,13.7,B17,4.0,,,29.0,3.0,,32.0,NOT INDICATED
13833,160922.0,1943-10-09,8,GERMANY,AC FACTORY,AIRCRAFT FACTORIES AND ASSEMBLY PLANTS,54.35,18.67,B17,4.0,,,53.0,,,53.0,NOT INDICATED
13848,160923.0,1943-10-09,8,GERMANY,AC ASSEMBLY PLANT,AIRCRAFT FACTORIES AND ASSEMBLY PLANTS,52.11,9.98,B17,4.0,,,45.0,,,45.0,NOT INDICATED
13824,160924.0,1943-10-09,8,GERMANY,AC ASSEMBLY PLANT,AIRCRAFT FACTORIES AND ASSEMBLY PLANTS,52.11,9.98,B17,4.0,,,,17.0,,17.0,NOT INDICATED
13845,160925.0,1943-10-09,8,GERMANY,AC ASSEMBLY PLANT,AIRCRAFT FACTORIES AND ASSEMBLY PLANTS,52.11,9.98,B17,4.0,,,52.0,,,52.0,NOT INDICATED
13810,199092.0,1943-10-09,8,POLAND,NAVAL INSTALLATION,NAVAL INSTALLATIONS,54.5,18.55,B17,4.0,,,50.0,,,50.0,NOT INDICATED
13811,199093.0,1943-10-09,8,POLAND,NAVAL INSTALLATION,NAVAL INSTALLATIONS,54.5,18.55,B17,4.0,,,58.0,,,58.0,NOT INDICATED
13802,199094.0,1943-10-09,8,POLAND,PORT AREA,PORTS AND HARBORS,54.5,18.55,B17,4.0,,,70.0,,,70.0,NOT INDICATED
13804,199095.0,1943-10-09,8,POLAND,PORT AREA,PORTS AND HARBORS,54.5,18.55,B17,4.0,,,43.0,,,43.0,NOT INDICATED
13600,199096.0,1943-10-09,8,POLAND,PORT AREA,PORTS AND HARBORS,54.5,18.55,B17,4.0,,,50.0,,,50.0,NOT INDICATED
13808,199097.0,1943-10-09,8,POLAND,PORT AREA,PORTS AND HARBORS,54.5,18.55,B24,3.0,,,18.0,,,18.0,NOT INDICATED
13814,199098.0,1943-10-09,8,POLAND,PORT AREA,PORTS AND HARBORS,54.5,18.55,B24,3.0,,,29.0,,,29.0,NOT INDICATED
13806,199099.0,1943-10-09,8,GERMANY,SHIPYARDS,SHIP BUILDING,54.35,18.67,B24,4.0,,,21.0,,,21.0,NOT INDICATED
13807,199100.0,1943-10-09,8,GERMANY,SHIPYARDS,SHIP BUILDING,54.35,18.67,B24,4.0,,,21.0,,,21.0,NOT INDICATED
13812,199101.0,1943-10-09,8,POLAND,NAVAL INSTALLATION,NAVAL INSTALLATIONS,54.5,18.55,B17,4.0,,,50.0,,,50.0,NOT INDICATED
13813,199102.0,1943-10-09,8,POLAND,NAVAL INSTALLATION,NAVAL INSTALLATIONS,54.5,18.55,B17,4.0,,,58.0,,,58.0,NOT INDICATED
13803,199103.0,1943-10-09,8,POLAND,PORT AREA,PORTS AND HARBORS,54.5,18.55,B17,4.0,,,70.0,,,70.0,NOT INDICATED
13805,199104.0,1943-10-09,8,POLAND,PORT AREA,PORTS AND HARBORS,54.5,18.55,B17,4.0,,,43.0,,,43.0,NOT INDICATED
13801,199105.0,1943-10-09,8,POLAND,PORT AREA,PORTS AND HARBORS,54.5,18.55,B17,4.0,,,50.0,,,50.0,NOT INDICATED
13809,199106.0,1943-10-09,8,POLAND,PORT AREA,PORTS AND HARBORS,54.5,18.55,B24,3.0,,,18.0,,,18.0,NOT INDICATED
13815,199107.0,1943-10-09,8,POLAND,PORT AREA,PORTS AND HARBORS,54.5,18.55,B24,3.0,,,29.0,,,29.0,NOT INDICATED
14135,96612.0,1943-10-10,9,GERMANY,CITY AREA,CITIES TOWNS AND URBAN AREAS,50.13,8.46,B17,4.0,,,8.0,12.0,,20.0,NOT INDICATED
14150,96613.0,1943-10-10,9,GERMANY,CITY AREA,CITIES TOWNS AND URBAN AREAS,50.13,8.46,B17,4.0,,,,25.0,,25.0,NOT INDICATED
14141,96614.0,1943-10-10,9,GERMANY,CITY AREA,CITIES TOWNS AND URBAN AREAS,50.13,8.46,B17,4.0,,,57.0,,,57.0,NOT INDICATED
14142,96615.0,1943-10-10,9,GERMANY,CITY AREA,CITIES TOWNS AND URBAN AREAS,50.13,8.46,B17,4.0,,,63.0,,,63.0,NOT INDICATED
14153,96616.0,1943-10-10,9,GERMANY,CITY AREA,CITIES TOWNS AND URBAN AREAS,50.13,8.46,B17,4.0,,,33.0,,,33.0,NOT INDICATED
14143,96617.0,1943-10-10,9,GERMANY,CITY AREA,CITIES TOWNS AND URBAN AREAS,50.13,8.46,B17,4.0,,,10.0,4.0,,14.0,NOT INDICATED
14136,96618.0,1943-10-10,9,GERMANY,CITY AREA,CITIES TOWNS AND URBAN AREAS,50.13,8.46,B17,4.0,,,,7.0,,7.0,NOT INDICATED
14154,96619.0,1943-10-10,9,GERMANY,CITY AREA,CITIES TOWNS AND URBAN AREAS,50.13,8.46,B17,4.0,,,,19.0,,19.0,NOT INDICATED
14159,96620.0,1943-10-10,9,GERMANY,CITY AREA,CITIES TOWNS AND URBAN AREAS,50.13,8.46,B17,4.0,,,3.0,25.0,,28.0,NOT INDICATED
14132,96621.0,1943-10-10,9,GERMANY,CITY AREA,CITIES TOWNS AND URBAN AREAS,50.13,8.46,B17,4.0,,,54.0,,,54.0,NOT INDICATED
14137,160927.0,1943-10-10,9,GERMANY,CITY AREA,CITIES TOWNS AND URBAN AREAS,50.13,8.46,B17,4.0,,,8.0,12.0,,20.0,NOT INDICATED
14151,160928.0,1943-10-10,9,GERMANY,CITY AREA,CITIES TOWNS AND URBAN AREAS,50.13,8.46,B17,4.0,,,,25.0,,25.0,NOT INDICATED
14144,160929.0,1943-10-10,9,GERMANY,CITY AREA,CITIES TOWNS AND URBAN AREAS,50.13,8.46,B17,4.0,,,57.0,,,57.0,NOT INDICATED
14145,160930.0,1943-10-10,9,GERMANY,CITY AREA,CITIES TOWNS AND URBAN AREAS,50.13,8.46,B17,4.0,,,63.0,,,63.0,NOT INDICATED
14155,160931.0,1943-10-10,9,GERMANY,CITY AREA,CITIES TOWNS AND URBAN AREAS,50.13,8.46,B17,4.0,,,33.0,,,33.0,NOT INDICATED
14146,160932.0,1943-10-10,9,GERMANY,CITY AREA,CITIES TOWNS AND URBAN AREAS,50.13,8.46,B17,4.0,,,10.0,4.0,,14.0,NOT INDICATED
14138,160933.0,1943-10-10,9,GERMANY,CITY AREA,CITIES TOWNS AND URBAN AREAS,50.13,8.46,B17,4.0,,,,7.0,,7.0,NOT INDICATED
14156,160934.0,1943-10-10,9,GERMANY,CITY AREA,CITIES TOWNS AND URBAN AREAS,50.13,8.46,B17,4.0,,,,19.0,,19.0,NOT INDICATED
14160,160935.0,1943-10-10,9,GERMANY,CITY AREA,CITIES TOWNS AND URBAN AREAS,50.13,8.46,B17,4.0,,,3.0,25.0,,28.0,NOT INDICATED
14133,160936.0,1943-10-10,9,GERMANY,CITY AREA,CITIES TOWNS AND URBAN AREAS,50.13,8.46,B17,4.0,,,54.0,,,54.0,NOT INDICATED
14139,160943.0,1943-10-10,9,GERMANY,CITY AREA,CITIES TOWNS AND URBAN AREAS,50.13,8.46,B17,4.0,,,8.0,12.0,,20.0,NOT INDICATED
14152,160944.0,1943-10-10,9,GERMANY,CITY AREA,CITIES TOWNS AND URBAN AREAS,50.13,8.46,B17,4.0,,,,25.0,,25.0,NOT INDICATED
14147,160945.0,1943-10-10,9,GERMANY,CITY AREA,CITIES TOWNS AND URBAN AREAS,50.13,8.46,B17,4.0,,,57.0,,,57.0,NOT INDICATED
14148,160946.0,1943-10-10,9,GERMANY,CITY AREA,CITIES TOWNS AND URBAN AREAS,50.13,8.46,B17,4.0,,,63.0,,,63.0,NOT INDICATED
14157,160947.0,1943-10-10,9,GERMANY,CITY AREA,CITIES TOWNS AND URBAN AREAS,50.13,8.46,B17,4.0,,,33.0,,,33.0,NOT INDICATED
14149,160948.0,1943-10-10,9,GERMANY,CITY AREA,CITIES TOWNS AND URBAN AREAS,50.13,8.46,B17,4.0,,,10.0,4.0,,14.0,NOT INDICATED
14140,160949.0,1943-10-10,9,GERMANY,CITY AREA,CITIES TOWNS AND URBAN AREAS,50.13,8.46,B17,4.0,,,,7.0,,7.0,NOT INDICATED
14158,160950.0,1943-10-10,9,GERMANY,CITY AREA,CITIES TOWNS AND URBAN AREAS,50.13,8.46,B17,4.0,,,,19.0,,19.0,NOT INDICATED
14161,160951.0,1943-10-10,9,GERMANY,CITY AREA,CITIES TOWNS AND URBAN AREAS,50.13,8.46,B17,4.0,,,3.0,25.0,,28.0,NOT INDICATED
14134,160952.0,1943-10-10,9,GERMANY,CITY AREA,CITIES TOWNS AND URBAN AREAS,50.13,8.46,B17,4.0,,,54.0,,,54.0,NOT INDICATED
14162,199144.0,1943-10-10,8,GERMANY,SUB PEN,SUBMARINE PENS AND YARDS,54.35,18.67,B24,4.0,,,39.0,,,39.0,NOT INDICATED
14163,199145.0,1943-10-10,8,GERMANY,SUB PEN,SUBMARINE PENS AND YARDS,54.35,18.67,B24,4.0,,,39.0,,,39.0,NOT INDICATED
14462,96627.0,1943-10-13,12,ALBANIA,AIRDROME,AIR FIELDS AND AIRDROMES,41.33,19.83,B25,4.0,,,,,24.0,24.0,NOT INDICATED
14463,199162.0,1943-10-13,12,ALBANIA,AIRDROME,AIR FIELDS AND AIRDROMES,41.33,19.83,B25,4.0,,,,,24.0,24.0,NOT INDICATED
16250,96738.0,1943-10-24,9,AUSTRIA,UNIDENTIFIED TARGET,UNIDENTIFIED TARGETS,47.78,13.03,B24,4.0,22.0,235.0,41.0,,,41.0,NOT INDICATED
16247,96748.0,1943-10-24,12,ALBANIA,AIRDROME,AIR FIELDS AND AIRDROMES,41.33,19.83,B25,4.0,36.0,100.0,,,26.0,26.0,NOT INDICATED
16252,96749.0,1943-10-24,9,FRANCE,TILLIE AD,AIR FIELDS AND AIRDROMES,49.43,-2.08,B26,4.0,,110.0,51.0,,,51.0,NOT INDICATED
16251,161016.0,1943-10-24,9,AUSTRIA,UNIDENTIFIED TARGET,UNIDENTIFIED TARGETS,47.78,13.03,B24,4.0,22.0,235.0,41.0,,,41.0,NOT INDICATED
16249,161019.0,1943-10-24,9,AUSTRIA,UNIDENTIFIED TARGET,UNIDENTIFIED TARGETS,47.78,13.03,B24,4.0,22.0,235.0,41.0,,,41.0,NOT INDICATED
16246,161021.0,1943-10-24,12,AUSTRIA,RR YDS,"""RR INSTALLATIONS,  TRACKS,  MARSHALLING YARDS,  AND STATIONS""",47.85,16.53,B17,2.0,6.0,220.0,51.0,,,51.0,NOT INDICATED
16248,199283.0,1943-10-24,12,ALBANIA,AIRDROME,AIR FIELDS AND AIRDROMES,41.33,19.83,B25,4.0,36.0,100.0,,,26.0,26.0,NOT INDICATED
16253,199284.0,1943-10-24,9,FRANCE,TILLIE AD,AIR FIELDS AND AIRDROMES,49.43,-2.08,B26,4.0,,110.0,51.0,,,51.0,NOT INDICATED
16526,96757.0,1943-10-25,9,AUSTRIA,UNIDENTIFIED TARGET,UNIDENTIFIED TARGETS,47.78,13.03,B17,4.0,6.0,240.0,18.0,,,18.0,NOT INDICATED
16527,161022.0,1943-10-25,9,AUSTRIA,UNIDENTIFIED TARGET,UNIDENTIFIED TARGETS,47.78,13.03,B17,4.0,6.0,240.0,18.0,,,18.0,NOT INDICATED
16528,161023.0,1943-10-25,9,AUSTRIA,UNIDENTIFIED TARGET,UNIDENTIFIED TARGETS,47.78,13.03,B17,4.0,6.0,240.0,18.0,,,18.0,NOT INDICATED
17183,96816.0,1943-11-02,15,AUSTRIA,UNIDENTIFIED TARGET,UNIDENTIFIED TARGETS,48.2,16.37,B24,4.0,3.0,,9.0,,,9.0,NOT INDICATED
17184,161040.0,1943-11-02,15,AUSTRIA,UNIDENTIFIED TARGET,UNIDENTIFIED TARGETS,48.2,16.37,B24,4.0,3.0,,9.0,,,9.0,NOT INDICATED
17182,161042.0,1943-11-02,15,AUSTRIA,UNIDENTIFIED TARGET,UNIDENTIFIED TARGETS,48.2,16.37,B24,4.0,3.0,,9.0,,,9.0,NOT INDICATED
17464,161049.0,1943-11-03,9,GERMANY,R R,"""RR INSTALLATIONS,  TRACKS,  MARSHALLING YARDS,  AND STATIONS""",50.13,8.46,B24,4.0,,210.0,62.0,21.0,,83.0,NOT INDICATED
18053,96853.0,1943-11-05,8,FRANCE,V WEAPON SITES,V - WEAPON LAUNCHING SITES,50.85,1.77,B26,4.0,,100.0,104.0,,,104.0,NOT INDICATED
18049,96854.0,1943-11-05,8,FRANCE,V WEAPON SITES,V - WEAPON LAUNCHING SITES,50.85,1.77,B26,4.0,,110.0,97.0,,,97.0,NOT INDICATED
18054,96855.0,1943-11-05,8,FRANCE,V WEAPON SITES,V - WEAPON LAUNCHING SITES,50.85,1.77,B26,4.0,,100.0,69.0,,,69.0,NOT INDICATED
18050,96856.0,1943-11-05,8,FRANCE,V WEAPON SITES,V - WEAPON LAUNCHING SITES,50.85,1.77,B26,4.0,,110.0,34.0,,,34.0,NOT INDICATED
18044,96857.0,1943-11-05,9,GERMANY,AIRDROME,AIR FIELDS AND AIRDROMES,50.13,8.46,B17,4.0,,,,,,,NOT INDICATED
18037,96858.0,1943-11-05,9,GERMANY,AIRDROME,AIR FIELDS AND AIRDROMES,50.13,8.46,B17,4.0,,230.0,1.0,,,1.0,NOT INDICATED
18034,96861.0,1943-11-05,9,GERMANY,CITY AREA,CITIES TOWNS AND URBAN AREAS,50.13,8.46,B24,4.0,,230.0,44.0,8.0,,52.0,NOT INDICATED
18033,161061.0,1943-11-05,9,GERMANY,CITY AREA,CITIES TOWNS AND URBAN AREAS,50.13,8.46,B24,4.0,,230.0,44.0,8.0,,52.0,NOT INDICATED
18035,161072.0,1943-11-05,9,GERMANY,CITY AREA,CITIES TOWNS AND URBAN AREAS,50.13,8.46,B24,4.0,,230.0,44.0,8.0,,52.0,NOT INDICATED
18041,161082.0,1943-11-05,9,GERMANY,R R,"""RR INSTALLATIONS,  TRACKS,  MARSHALLING YARDS,  AND STATIONS""",50.13,8.46,B24,4.0,,,,4.0,,4.0,NOT INDICATED
18042,161083.0,1943-11-05,9,GERMANY,R R,"""RR INSTALLATIONS,  TRACKS,  MARSHALLING YARDS,  AND STATIONS""",50.13,8.46,B24,4.0,,,,57.0,,57.0,NOT INDICATED
18032,161084.0,1943-11-05,9,GERMANY,R R,"""RR INSTALLATIONS,  TRACKS,  MARSHALLING YARDS,  AND STATIONS""",50.13,8.46,B24,4.0,,240.0,14.0,,,14.0,NOT INDICATED
18036,161085.0,1943-11-05,9,GERMANY,R R,"""RR INSTALLATIONS,  TRACKS,  MARSHALLING YARDS,  AND STATIONS""",50.13,8.46,B24,4.0,,230.0,,1.0,,1.0,NOT INDICATED
18043,161086.0,1943-11-05,9,GERMANY,R R,"""RR INSTALLATIONS,  TRACKS,  MARSHALLING YARDS,  AND STATIONS""",50.13,8.46,B24,4.0,,,46.0,,,46.0,F.F.F.
18040,161087.0,1943-11-05,9,GERMANY,R R,"""RR INSTALLATIONS,  TRACKS,  MARSHALLING YARDS,  AND STATIONS""",50.13,8.46,B24,4.0,,225.0,19.0,,,19.0,F.F.F.
18045,199443.0,1943-11-05,9,GERMANY,AIRDROME,AIR FIELDS AND AIRDROMES,50.13,8.46,B17,4.0,,,,,,,NOT INDICATED
18038,199444.0,1943-11-05,9,GERMANY,AIRDROME,AIR FIELDS AND AIRDROMES,50.13,8.46,B17,4.0,,230.0,1.0,,,1.0,NOT INDICATED
18059,199446.0,1943-11-05,8,FRANCE,V WEAPON SITES,V - WEAPON LAUNCHING SITES,50.85,1.77,B26,4.0,,10.0,104.0,,,104.0,NOT INDICATED
18057,199447.0,1943-11-05,8,FRANCE,V WEAPON SITES,V - WEAPON LAUNCHING SITES,50.85,1.77,B26,4.0,,11.0,97.0,,,97.0,NOT INDICATED
18060,199448.0,1943-11-05,8,FRANCE,V WEAPON SITES,V - WEAPON LAUNCHING SITES,50.85,1.77,B26,4.0,,10.0,69.0,,,69.0,NOT INDICATED
18058,199449.0,1943-11-05,8,FRANCE,V WEAPON SITES,V - WEAPON LAUNCHING SITES,50.85,1.77,B26,4.0,,11.0,34.0,,,34.0,NOT INDICATED
18055,199450.0,1943-11-05,8,FRANCE,V WEAPON SITES,V - WEAPON LAUNCHING SITES,50.85,1.77,B26,4.0,,100.0,104.0,,,104.0,NOT INDICATED
18051,199451.0,1943-11-05,8,FRANCE,V WEAPON SITES,V - WEAPON LAUNCHING SITES,50.85,1.77,B26,4.0,,110.0,97.0,,,97.0,NOT INDICATED
18056,199452.0,1943-11-05,8,FRANCE,V WEAPON SITES,V - WEAPON LAUNCHING SITES,50.85,1.77,B26,4.0,,100.0,69.0,,,69.0,NOT INDICATED
18052,199453.0,1943-11-05,8,FRANCE,V WEAPON SITES,V - WEAPON LAUNCHING SITES,50.85,1.77,B26,4.0,,110.0,34.0,,,34.0,NOT INDICATED
18046,199454.0,1943-11-05,9,GERMANY,AIRDROME,AIR FIELDS AND AIRDROMES,50.13,8.46,B17,4.0,,,,,,,NOT INDICATED
18039,199455.0,1943-11-05,9,GERMANY,AIRDROME,AIR FIELDS AND AIRDROMES,50.13,8.46,B17,4.0,,230.0,1.0,,,1.0,NOT INDICATED
18361,96870.0,1943-11-07,12,ALBANIA,SHIPPING AND HARBOR,SHIPS,41.32,19.47,B25,4.0,,,2.0,,,2.0,NOT INDICATED
18357,96871.0,1943-11-07,12,ALBANIA,SHIPPING AND HARBOR,SHIPS,41.32,19.47,B25,4.0,,102.0,9.0,,,9.0,NOT INDICATED
18362,96872.0,1943-11-07,12,ALBANIA,SHIPPING AND HARBOR,SHIPS,41.32,19.47,B25,4.0,,,3.0,,,3.0,NOT INDICATED
18359,96873.0,1943-11-07,12,ALBANIA,SHIPPING AND HARBOR,SHIPS,41.32,19.47,B25,4.0,,85.0,9.0,,,9.0,NOT INDICATED
18363,199458.0,1943-11-07,12,ALBANIA,SHIPPING AND HARBOR,SHIPS,41.32,19.47,B25,4.0,,,2.0,,,2.0,NOT INDICATED
18358,199459.0,1943-11-07,12,ALBANIA,SHIPPING AND HARBOR,SHIPS,41.32,19.47,B25,4.0,,102.0,9.0,,,9.0,NOT INDICATED
18364,199460.0,1943-11-07,12,ALBANIA,SHIPPING AND HARBOR,SHIPS,41.32,19.47,B25,4.0,,,3.0,,,3.0,NOT INDICATED
18360,199461.0,1943-11-07,12,ALBANIA,SHIPPING AND HARBOR,SHIPS,41.32,19.47,B25,4.0,,85.0,9.0,,,9.0,NOT INDICATED
18904,96901.0,1943-11-10,12,ALBANIA,SHIPPING AND HARBOR,SHIPS,41.32,19.47,B25,4.0,,,2.0,,,2.0,NOT INDICATED
18700,96902.0,1943-11-10,12,ALBANIA,SHIPPING AND HARBOR,SHIPS,41.32,19.47,B25,4.0,,88.0,8.0,,,8.0,NOT INDICATED
18905,96903.0,1943-11-10,12,ALBANIA,SHIPPING AND HARBOR,SHIPS,41.32,19.47,B25,4.0,,,2.0,,,2.0,NOT INDICATED
18902,96904.0,1943-11-10,12,ALBANIA,SHIPPING AND HARBOR,SHIPS,41.32,19.47,B25,4.0,,86.0,9.0,,,9.0,NOT INDICATED
18906,199481.0,1943-11-10,12,ALBANIA,SHIPPING AND HARBOR,SHIPS,41.32,19.47,B25,4.0,,,2.0,,,2.0,NOT INDICATED
18901,199482.0,1943-11-10,12,ALBANIA,SHIPPING AND HARBOR,SHIPS,41.32,19.47,B25,4.0,,88.0,8.0,,,8.0,NOT INDICATED
18907,199483.0,1943-11-10,12,ALBANIA,SHIPPING AND HARBOR,SHIPS,41.32,19.47,B25,4.0,,,2.0,,,2.0,NOT INDICATED
18903,199484.0,1943-11-10,12,ALBANIA,SHIPPING AND HARBOR,SHIPS,41.32,19.47,B25,4.0,,86.0,9.0,,,9.0,NOT INDICATED
18949,96912.0,1943-11-11,9,GERMANY,CITY AREA,CITIES TOWNS AND URBAN AREAS,50.13,8.46,B17,4.0,,240.0,,40.0,,40.0,F.F.F.
18950,96913.0,1943-11-11,9,GERMANY,CITY AREA,CITIES TOWNS AND URBAN AREAS,50.13,8.46,B17,4.0,,240.0,,37.0,,37.0,F.F.F.
18951,96914.0,1943-11-11,9,GERMANY,CITY AREA,CITIES TOWNS AND URBAN AREAS,50.13,8.46,B17,4.0,,240.0,50.0,,,50.0,F.F.F.
18952,96915.0,1943-11-11,9,GERMANY,CITY AREA,CITIES TOWNS AND URBAN AREAS,50.13,8.46,B17,4.0,,240.0,1.0,,,1.0,F.F.F.
18953,161119.0,1943-11-11,9,GERMANY,CITY AREA,CITIES TOWNS AND URBAN AREAS,50.13,8.46,B17,4.0,,240.0,,40.0,,40.0,F.F.F.
18954,161120.0,1943-11-11,9,GERMANY,CITY AREA,CITIES TOWNS AND URBAN AREAS,50.13,8.46,B17,4.0,,240.0,,37.0,,37.0,F.F.F.
18955,161121.0,1943-11-11,9,GERMANY,CITY AREA,CITIES TOWNS AND URBAN AREAS,50.13,8.46,B17,4.0,,240.0,50.0,,,50.0,F.F.F.
18956,161122.0,1943-11-11,9,GERMANY,CITY AREA,CITIES TOWNS AND URBAN AREAS,50.13,8.46,B17,4.0,,240.0,1.0,,,1.0,F.F.F.
18957,161123.0,1943-11-11,9,GERMANY,CITY AREA,CITIES TOWNS AND URBAN AREAS,50.13,8.46,B17,4.0,,240.0,,40.0,,40.0,F.F.F.
18958,161124.0,1943-11-11,9,GERMANY,CITY AREA,CITIES TOWNS AND URBAN AREAS,50.13,8.46,B17,4.0,,240.0,,37.0,,37.0,F.F.F.
18959,161125.0,1943-11-11,9,GERMANY,CITY AREA,CITIES TOWNS AND URBAN AREAS,50.13,8.46,B17,4.0,,240.0,50.0,,,50.0,F.F.F.
18960,161126.0,1943-11-11,9,GERMANY,CITY AREA,CITIES TOWNS AND URBAN AREAS,50.13,8.46,B17,4.0,,240.0,1.0,,,1.0,F.F.F.
19265,96936.0,1943-11-13,8,GERMANY,CITY AREA,CITIES TOWNS AND URBAN AREAS,54.33,10.15,B17,3.0,,250.0,,2.0,,2.0,F.F.F.
19266,161146.0,1943-11-13,8,GERMANY,CITY AREA,CITIES TOWNS AND URBAN AREAS,54.33,10.15,B17,3.0,,250.0,,2.0,,2.0,F.F.F.
19267,161156.0,1943-11-13,8,GERMANY,CITY AREA,CITIES TOWNS AND URBAN AREAS,54.33,10.15,B17,3.0,,250.0,,2.0,,2.0,F.F.F.
19534,96937.0,1943-11-14,12,BULGARIA,MARSHALLING YARDS,"""RR INSTALLATIONS,  TRACKS,  MARSHALLING YARDS,  AND STATIONS""",42.7,23.32,B25,4.0,48.0,108.0,59.0,,,59.0,NOT INDICATED
19536,96938.0,1943-11-14,12,BULGARIA,MARSHALLING YARDS,"""RR INSTALLATIONS,  TRACKS,  MARSHALLING YARDS,  AND STATIONS""",42.7,23.32,B25,4.0,,,12.0,,,12.0,NOT INDICATED
19532,96939.0,1943-11-14,12,BULGARIA,MARSHALLING YARDS,"""RR INSTALLATIONS,  TRACKS,  MARSHALLING YARDS,  AND STATIONS""",42.7,23.32,B25,4.0,43.0,118.0,52.0,,,52.0,NOT INDICATED
19535,199509.0,1943-11-14,12,BULGARIA,MARSHALLING YARDS,"""RR INSTALLATIONS,  TRACKS,  MARSHALLING YARDS,  AND STATIONS""",42.7,23.32,B25,4.0,48.0,108.0,59.0,,,59.0,NOT INDICATED
19537,199510.0,1943-11-14,12,BULGARIA,MARSHALLING YARDS,"""RR INSTALLATIONS,  TRACKS,  MARSHALLING YARDS,  AND STATIONS""",42.7,23.32,B25,4.0,,,12.0,,,12.0,NOT INDICATED
19533,199511.0,1943-11-14,12,BULGARIA,MARSHALLING YARDS,"""RR INSTALLATIONS,  TRACKS,  MARSHALLING YARDS,  AND STATIONS""",42.7,23.32,B25,4.0,43.0,118.0,52.0,,,52.0,NOT INDICATED
20989,161203.0,1943-11-24,12,BULGARIA,MARSHALLING YARDS,"""RR INSTALLATIONS,  TRACKS,  MARSHALLING YARDS,  AND STATIONS""",42.7,23.32,B24,4.0,,,31.0,,,31.0,NOT INDICATED
20988,161204.0,1943-11-24,12,BULGARIA,MARSHALLING YARDS,"""RR INSTALLATIONS,  TRACKS,  MARSHALLING YARDS,  AND STATIONS""",42.7,23.32,B24,4.0,17.0,220.0,12.0,,,12.0,NOT INDICATED
21254,97034.0,1943-11-25,9,GERMANY,KF BORGWARD AG,VEHICLE MFG. PLANTS,53.08,8.72,B17,4.0,,,,,,,NOT INDICATED
21246,97035.0,1943-11-25,9,GERMANY,KF BORGWARD AG,VEHICLE MFG. PLANTS,53.08,8.72,B17,4.0,,280.0,20.0,,,20.0,NOT INDICATED
21247,97036.0,1943-11-25,9,GERMANY,KF BORGWARD AG,VEHICLE MFG. PLANTS,53.08,8.72,B17,4.0,,280.0,20.0,,,20.0,NOT INDICATED
21255,97037.0,1943-11-25,9,GERMANY,KF BORGWARD AG,VEHICLE MFG. PLANTS,53.08,8.72,B17,4.0,,,,,,,NOT INDICATED
21248,161207.0,1943-11-25,9,GERMANY,KF BORGWARD AG,VEHICLE MFG. PLANTS,53.08,8.72,B17,4.0,,280.0,20.0,,,20.0,NOT INDICATED
21256,161208.0,1943-11-25,9,GERMANY,KF BORGWARD AG,VEHICLE MFG. PLANTS,53.08,8.72,B17,4.0,,,,,,,NOT INDICATED
21257,161209.0,1943-11-25,9,GERMANY,KF BORGWARD AG,VEHICLE MFG. PLANTS,53.08,8.72,B17,4.0,,,,,,,NOT INDICATED
21249,161210.0,1943-11-25,9,GERMANY,KF BORGWARD AG,VEHICLE MFG. PLANTS,53.08,8.72,B17,4.0,,280.0,20.0,,,20.0,NOT INDICATED
21507,97067.0,1943-11-26,9,GERMANY,KF BORGWARD AG,VEHICLE MFG. PLANTS,53.08,8.72,B17,4.0,,230.0,12.0,4.0,,16.0,NOT INDICATED
21503,97068.0,1943-11-26,9,GERMANY,KF BORGWARD AG,VEHICLE MFG. PLANTS,53.08,8.72,B17,4.0,,240.0,38.0,19.0,,57.0,NOT INDICATED
21508,97069.0,1943-11-26,9,GERMANY,KF BORGWARD AG,VEHICLE MFG. PLANTS,53.08,8.72,B17,4.0,,230.0,12.0,4.0,,16.0,NOT INDICATED
21504,97070.0,1943-11-26,9,GERMANY,KF BORGWARD AG,VEHICLE MFG. PLANTS,53.08,8.72,B17,4.0,,240.0,38.0,19.0,,57.0,NOT INDICATED
21509,161251.0,1943-11-26,9,GERMANY,KF BORGWARD AG,VEHICLE MFG. PLANTS,53.08,8.72,B17,4.0,,230.0,12.0,4.0,,16.0,NOT INDICATED
21505,161252.0,1943-11-26,9,GERMANY,KF BORGWARD AG,VEHICLE MFG. PLANTS,53.08,8.72,B17,4.0,,240.0,38.0,19.0,,57.0,NOT INDICATED
21510,161253.0,1943-11-26,9,GERMANY,KF BORGWARD AG,VEHICLE MFG. PLANTS,53.08,8.72,B17,4.0,,230.0,12.0,4.0,,16.0,NOT INDICATED
21506,161254.0,1943-11-26,9,GERMANY,KF BORGWARD AG,VEHICLE MFG. PLANTS,53.08,8.72,B17,4.0,,240.0,38.0,19.0,,57.0,NOT INDICATED
22763,97144.0,1943-11-30,15,AUSTRIA,AC FACTORY,AIRCRAFT FACTORIES AND ASSEMBLY PLANTS,46.63,14.3,B24,4.0,20.0,220.0,27.0,,,27.0,NOT INDICATED
22765,97152.0,1943-11-30,15,AUSTRIA,AC FACTORY,AIRCRAFT FACTORIES AND ASSEMBLY PLANTS,46.63,14.3,B24,4.0,20.0,220.0,27.0,,,27.0,NOT INDICATED
22764,161291.0,1943-11-30,15,AUSTRIA,AC FACTORY,AIRCRAFT FACTORIES AND ASSEMBLY PLANTS,46.63,14.3,B24,4.0,20.0,220.0,27.0,,,27.0,NOT INDICATED
22766,161304.0,1943-11-30,15,AUSTRIA,AC FACTORY,AIRCRAFT FACTORIES AND ASSEMBLY PLANTS,46.63,14.3,B24,4.0,20.0,220.0,27.0,,,27.0,NOT INDICATED
23619,97229.0,1943-12-02,8,GERMANY,UNIDENTIFIED TARGET,UNIDENTIFIED TARGETS,51.68,7.13,B17,4.0,,,,,,,NOT INDICATED
23616,97230.0,1943-12-02,8,GERMANY,UNIDENTIFIED TARGET,UNIDENTIFIED TARGETS,51.68,7.13,B17,4.0,,290.0,2.0,,,2.0,NOT INDICATED
23620,161361.0,1943-12-02,8,GERMANY,UNIDENTIFIED TARGET,UNIDENTIFIED TARGETS,51.68,7.13,B17,4.0,,,,,,,NOT INDICATED
23617,161362.0,1943-12-02,8,GERMANY,UNIDENTIFIED TARGET,UNIDENTIFIED TARGETS,51.68,7.13,B17,4.0,,290.0,2.0,,,2.0,NOT INDICATED
23621,161379.0,1943-12-02,8,GERMANY,UNIDENTIFIED TARGET,UNIDENTIFIED TARGETS,51.68,7.13,B17,4.0,,,,,,,NOT INDICATED
23618,161380.0,1943-12-02,8,GERMANY,UNIDENTIFIED TARGET,UNIDENTIFIED TARGETS,51.68,7.13,B17,4.0,,290.0,2.0,,,2.0,NOT INDICATED
25045,161391.0,1943-12-10,12,BULGARIA,MARSHALLING YARDS,"""RR INSTALLATIONS,  TRACKS,  MARSHALLING YARDS,  AND STATIONS""",42.7,23.32,B24,4.0,16.0,208.0,37.0,,,37.0,NOT INDICATED
25044,161392.0,1943-12-10,12,BULGARIA,MARSHALLING YARDS,"""RR INSTALLATIONS,  TRACKS,  MARSHALLING YARDS,  AND STATIONS""",42.7,23.32,B24,4.0,15.0,220.0,39.0,,,39.0,NOT INDICATED
25377,97293.0,1943-12-12,9,GERMANY,KF BORGWARD AG,VEHICLE MFG. PLANTS,53.08,8.72,B17,4.0,10.0,258.0,2.0,,,2.0,VISUAL
25636,97301.0,1943-12-13,8,GERMANY,AERO ENGINE WORKS,ENGINE PLANTS,53.55,10.0,B17,4.0,,260.0,55.0,29.0,,84.0,F.F.F.
25656,97302.0,1943-12-13,8,GERMANY,AERO ENGINE WORKS,ENGINE PLANTS,53.55,10.0,B17,2.0,,,,,,,NOT INDICATED
25633,97303.0,1943-12-13,8,GERMANY,AERO ENGINE WORKS,ENGINE PLANTS,53.55,10.0,B17,2.0,,270.0,3.0,,,3.0,NOT INDICATED
25646,97308.0,1943-12-13,8,GERMANY,CITY AREA,CITIES TOWNS AND URBAN AREAS,54.33,10.15,B17,4.0,,240.0,48.0,,,48.0,F.F.F.
25659,97309.0,1943-12-13,8,GERMANY,CITY AREA,CITIES TOWNS AND URBAN AREAS,54.33,10.15,B17,4.0,,,,26.0,,26.0,NOT INDICATED
25660,97310.0,1943-12-13,8,GERMANY,CITY AREA,CITIES TOWNS AND URBAN AREAS,54.33,10.15,B17,4.0,,,,7.0,,7.0,NOT INDICATED
25630,97311.0,1943-12-13,8,GERMANY,CITY AREA,CITIES TOWNS AND URBAN AREAS,54.33,10.15,B17,4.0,,282.0,98.0,18.0,,116.0,NOT INDICATED
25647,97312.0,1943-12-13,8,GERMANY,CITY AREA,CITIES TOWNS AND URBAN AREAS,54.33,10.15,B17,4.0,,240.0,50.0,15.0,,65.0,F.F.F.
25639,97313.0,1943-12-13,8,GERMANY,CITY AREA,CITIES TOWNS AND URBAN AREAS,54.33,10.15,B17,4.0,,257.0,78.0,,,78.0,NOT INDICATED
25653,97314.0,1943-12-13,8,GERMANY,CITY AREA,CITIES TOWNS AND URBAN AREAS,54.33,10.15,B24,4.0,,230.0,,58.0,,58.0,NOT INDICATED
25644,97315.0,1943-12-13,8,GERMANY,CITY AREA,CITIES TOWNS AND URBAN AREAS,54.33,10.15,B24,4.0,,240.0,59.0,,,59.0,F.F.F.
25637,161411.0,1943-12-13,8,GERMANY,AERO ENGINE WORKS,ENGINE PLANTS,53.55,10.0,B17,4.0,,260.0,55.0,29.0,,84.0,F.F.F.
25657,161412.0,1943-12-13,8,GERMANY,AERO ENGINE WORKS,ENGINE PLANTS,53.55,10.0,B17,2.0,,,,,,,NOT INDICATED
25634,161413.0,1943-12-13,8,GERMANY,AERO ENGINE WORKS,ENGINE PLANTS,53.55,10.0,B17,2.0,,270.0,3.0,,,3.0,NOT INDICATED
25648,161417.0,1943-12-13,8,GERMANY,CITY AREA,CITIES TOWNS AND URBAN AREAS,54.33,10.15,B17,4.0,,240.0,48.0,,,48.0,F.F.F.
25661,161418.0,1943-12-13,8,GERMANY,CITY AREA,CITIES TOWNS AND URBAN AREAS,54.33,10.15,B17,4.0,,,,26.0,,26.0,NOT INDICATED
25662,161419.0,1943-12-13,8,GERMANY,CITY AREA,CITIES TOWNS AND URBAN AREAS,54.33,10.15,B17,4.0,,,,7.0,,7.0,NOT INDICATED
25631,161420.0,1943-12-13,8,GERMANY,CITY AREA,CITIES TOWNS AND URBAN AREAS,54.33,10.15,B17,4.0,,282.0,98.0,18.0,,116.0,NOT INDICATED
25649,161421.0,1943-12-13,8,GERMANY,CITY AREA,CITIES TOWNS AND URBAN AREAS,54.33,10.15,B17,4.0,,240.0,50.0,15.0,,65.0,F.F.F.
25640,161422.0,1943-12-13,8,GERMANY,CITY AREA,CITIES TOWNS AND URBAN AREAS,54.33,10.15,B17,4.0,,257.0,78.0,,,78.0,NOT INDICATED
25654,161423.0,1943-12-13,8,GERMANY,CITY AREA,CITIES TOWNS AND URBAN AREAS,54.33,10.15,B24,4.0,,230.0,,58.0,,58.0,NOT INDICATED
25645,161424.0,1943-12-13,8,GERMANY,CITY AREA,CITIES TOWNS AND URBAN AREAS,54.33,10.15,B24,4.0,,240.0,59.0,,,59.0,F.F.F.
25650,161428.0,1943-12-13,8,GERMANY,CITY AREA,CITIES TOWNS AND URBAN AREAS,54.33,10.15,B17,4.0,,240.0,48.0,,,48.0,F.F.F.
25663,161429.0,1943-12-13,8,GERMANY,CITY AREA,CITIES TOWNS AND URBAN AREAS,54.33,10.15,B17,4.0,,,,26.0,,26.0,NOT INDICATED
25664,161430.0,1943-12-13,8,GERMANY,CITY AREA,CITIES TOWNS AND URBAN AREAS,54.33,10.15,B17,4.0,,,,7.0,,7.0,NOT INDICATED
25632,161431.0,1943-12-13,8,GERMANY,CITY AREA,CITIES TOWNS AND URBAN AREAS,54.33,10.15,B17,4.0,,282.0,98.0,18.0,,116.0,NOT INDICATED
25651,161432.0,1943-12-13,8,GERMANY,CITY AREA,CITIES TOWNS AND URBAN AREAS,54.33,10.15,B17,4.0,,240.0,50.0,15.0,,65.0,F.F.F.
25641,161433.0,1943-12-13,8,GERMANY,CITY AREA,CITIES TOWNS AND URBAN AREAS,54.33,10.15,B17,4.0,,257.0,78.0,,,78.0,NOT INDICATED
25655,161434.0,1943-12-13,8,GERMANY,CITY AREA,CITIES TOWNS AND URBAN AREAS,54.33,10.15,B24,4.0,,230.0,,58.0,,58.0,NOT INDICATED
25652,161435.0,1943-12-13,8,GERMANY,CITY AREA,CITIES TOWNS AND URBAN AREAS,54.33,10.15,B24,4.0,,240.0,59.0,,,59.0,F.F.F.
25638,161436.0,1943-12-13,8,GERMANY,AERO ENGINE WORKS,ENGINE PLANTS,53.55,10.0,B17,4.0,,260.0,55.0,29.0,,84.0,F.F.F.
25658,161437.0,1943-12-13,8,GERMANY,AERO ENGINE WORKS,ENGINE PLANTS,53.55,10.0,B17,2.0,,,,,,,NOT INDICATED
25635,161438.0,1943-12-13,8,GERMANY,AERO ENGINE WORKS,ENGINE PLANTS,53.55,10.0,B17,2.0,,270.0,3.0,,,3.0,NOT INDICATED
25642,199907.0,1943-12-13,8,GERMANY,NAVAL INSTALLATIONS,NAVAL INSTALLATIONS,54.33,10.15,B17,4.0,,250.0,9.0,,,9.0,NOT INDICATED
25665,199908.0,1943-12-13,8,GERMANY,NAVAL INSTALLATIONS,NAVAL INSTALLATIONS,54.33,10.15,B17,4.0,,,,,,,NOT INDICATED
25628,199913.0,1943-12-13,9,GERMANY,DOCK AREA,PORTS AND HARBORS,54.33,10.15,B17,4.0,,,,7.0,,7.0,NOT INDICATED
25622,199914.0,1943-12-13,9,GERMANY,DOCK AREA,PORTS AND HARBORS,54.33,10.15,B17,4.0,,250.0,10.0,33.0,,43.0,NOT INDICATED
25620,199915.0,1943-12-13,9,GERMANY,DOCK AREA,PORTS AND HARBORS,54.33,10.15,B17,4.0,,257.0,47.0,19.0,,66.0,NOT INDICATED
25626,199916.0,1943-12-13,9,GERMANY,DOCK AREA,PORTS AND HARBORS,54.33,10.15,B24,4.0,,230.0,,49.0,,49.0,F.F.F.
25624,199917.0,1943-12-13,9,GERMANY,DOCK AREA,PORTS AND HARBORS,54.33,10.15,B24,4.0,,240.0,,28.0,,28.0,F.F.F.
25643,199929.0,1943-12-13,8,GERMANY,NAVAL INSTALLATIONS,NAVAL INSTALLATIONS,54.33,10.15,B17,4.0,,250.0,9.0,,,9.0,NOT INDICATED
25666,199930.0,1943-12-13,8,GERMANY,NAVAL INSTALLATIONS,NAVAL INSTALLATIONS,54.33,10.15,B17,4.0,,,,,,,NOT INDICATED
25629,199931.0,1943-12-13,9,GERMANY,DOCK AREA,PORTS AND HARBORS,54.33,10.15,B17,4.0,,,,7.0,,7.0,NOT INDICATED
25623,199932.0,1943-12-13,9,GERMANY,DOCK AREA,PORTS AND HARBORS,54.33,10.15,B17,4.0,,250.0,10.0,33.0,,43.0,NOT INDICATED
25621,199933.0,1943-12-13,9,GERMANY,DOCK AREA,PORTS AND HARBORS,54.33,10.15,B17,4.0,,257.0,47.0,19.0,,66.0,NOT INDICATED
25627,199934.0,1943-12-13,9,GERMANY,DOCK AREA,PORTS AND HARBORS,54.33,10.15,B24,4.0,,230.0,,49.0,,49.0,F.F.F.
25625,199935.0,1943-12-13,9,GERMANY,DOCK AREA,PORTS AND HARBORS,54.33,10.15,B24,4.0,,240.0,,28.0,,28.0,F.F.F.
25980,97321.0,1943-12-14,15,AUSTRIA,AIRDROME,AIR FIELDS AND AIRDROMES,47.68,13.1,B17,4.0,32.0,203.0,93.0,,,93.0,NOT INDICATED
25981,199953.0,1943-12-14,15,AUSTRIA,AIRDROME,AIR FIELDS AND AIRDROMES,47.68,13.1,B17,4.0,32.0,203.0,93.0,,,93.0,NOT INDICATED
25982,199959.0,1943-12-14,15,AUSTRIA,AIRDROME,AIR FIELDS AND AIRDROMES,47.68,13.1,B17,4.0,32.0,203.0,93.0,,,93.0,NOT INDICATED
26254,97327.0,1943-12-15,12,AUSTRIA,UNIDENTIFIED TARGET,UNIDENTIFIED TARGETS,47.27,11.38,B17,4.0,31.0,228.0,93.0,,,93.0,NOT INDICATED
26258,97334.0,1943-12-15,9,GERMANY,UNIDENTIFIED TARGET,UNIDENTIFIED TARGETS,54.33,10.15,B17,4.0,,265.0,,26.0,,26.0,F.F.F.
26255,161440.0,1943-12-15,12,AUSTRIA,UNIDENTIFIED TARGET,UNIDENTIFIED TARGETS,47.27,11.38,B17,4.0,31.0,228.0,93.0,,,93.0,NOT INDICATED
26259,161441.0,1943-12-15,9,GERMANY,UNIDENTIFIED TARGET,UNIDENTIFIED TARGETS,54.33,10.15,B17,4.0,,265.0,,26.0,,26.0,F.F.F.
26256,161448.0,1943-12-15,12,AUSTRIA,UNIDENTIFIED TARGET,UNIDENTIFIED TARGETS,47.27,11.38,B17,4.0,31.0,228.0,93.0,,,93.0,NOT INDICATED
26260,161449.0,1943-12-15,9,GERMANY,UNIDENTIFIED TARGET,UNIDENTIFIED TARGETS,54.33,10.15,B17,4.0,,265.0,,26.0,,26.0,F.F.F.
26253,161450.0,1943-12-15,15,AUSTRIA,MARSHALLING YARDS,"""RR INSTALLATIONS,  TRACKS,  MARSHALLING YARDS,  AND STATIONS""",47.27,11.38,B17,4.0,17.0,221.0,51.0,,,51.0,NOT INDICATED
26548,97350.0,1943-12-16,8,GERMANY,STORAGE WAREHOUSE,SUPPLY DUMPS AND WAREHOUSES,53.08,8.72,B24,4.0,,225.0,44.0,12.0,,56.0,NOT INDICATED
26531,97351.0,1943-12-16,9,GERMANY,KF BORGWARD AG,VEHICLE MFG. PLANTS,53.08,8.72,B17,4.0,,244.0,65.0,22.0,,87.0,NOT INDICATED
26519,97352.0,1943-12-16,9,GERMANY,KF BORGWARD AG,VEHICLE MFG. PLANTS,53.08,8.72,B17,4.0,,262.0,48.0,16.0,,64.0,F.F.F.
26523,97353.0,1943-12-16,9,GERMANY,KF BORGWARD AG,VEHICLE MFG. PLANTS,53.08,8.72,B17,4.0,,260.0,48.0,10.0,,58.0,NOT INDICATED
26543,97354.0,1943-12-16,9,GERMANY,KF BORGWARD AG,VEHICLE MFG. PLANTS,53.08,8.72,B17,4.0,,,,5.0,,5.0,NOT INDICATED
26539,97355.0,1943-12-16,9,GERMANY,KF BORGWARD AG,VEHICLE MFG. PLANTS,53.08,8.72,B17,4.0,,230.0,78.0,27.0,,105.0,NOT INDICATED
26527,97356.0,1943-12-16,9,GERMANY,KF BORGWARD AG,VEHICLE MFG. PLANTS,53.08,8.72,B17,4.0,,250.0,32.0,16.0,,48.0,NOT INDICATED
26537,97357.0,1943-12-16,9,GERMANY,KF BORGWARD AG,VEHICLE MFG. PLANTS,53.08,8.72,B24,4.0,,240.0,48.0,13.0,,61.0,F.F.F.
26520,97358.0,1943-12-16,9,GERMANY,KF BORGWARD AG,VEHICLE MFG. PLANTS,53.08,8.72,B17,4.0,,262.0,48.0,16.0,,64.0,F.F.F.
26524,97359.0,1943-12-16,9,GERMANY,KF BORGWARD AG,VEHICLE MFG. PLANTS,53.08,8.72,B17,4.0,,260.0,48.0,10.0,,58.0,NOT INDICATED
26544,97360.0,1943-12-16,9,GERMANY,KF BORGWARD AG,VEHICLE MFG. PLANTS,53.08,8.72,B17,4.0,,,,5.0,,5.0,NOT INDICATED
26540,97361.0,1943-12-16,9,GERMANY,KF BORGWARD AG,VEHICLE MFG. PLANTS,53.08,8.72,B17,4.0,,230.0,78.0,27.0,,105.0,NOT INDICATED
26528,97362.0,1943-12-16,9,GERMANY,KF BORGWARD AG,VEHICLE MFG. PLANTS,53.08,8.72,B17,4.0,,250.0,32.0,16.0,,48.0,NOT INDICATED
26535,97363.0,1943-12-16,9,GERMANY,KF BORGWARD AG,VEHICLE MFG. PLANTS,53.08,8.72,B24,4.0,,240.0,48.0,13.0,,61.0,F.F.F.
26532,97364.0,1943-12-16,9,GERMANY,KF BORGWARD AG,VEHICLE MFG. PLANTS,53.08,8.72,B17,4.0,,244.0,65.0,22.0,,87.0,NOT INDICATED
26521,161478.0,1943-12-16,9,GERMANY,KF BORGWARD AG,VEHICLE MFG. PLANTS,53.08,8.72,B17,4.0,,262.0,48.0,16.0,,64.0,F.F.F.
26525,161479.0,1943-12-16,9,GERMANY,KF BORGWARD AG,VEHICLE MFG. PLANTS,53.08,8.72,B17,4.0,,260.0,48.0,10.0,,58.0,NOT INDICATED
26545,161480.0,1943-12-16,9,GERMANY,KF BORGWARD AG,VEHICLE MFG. PLANTS,53.08,8.72,B17,4.0,,,,5.0,,5.0,NOT INDICATED
26541,161481.0,1943-12-16,9,GERMANY,KF BORGWARD AG,VEHICLE MFG. PLANTS,53.08,8.72,B17,4.0,,230.0,78.0,27.0,,105.0,NOT INDICATED
26529,161482.0,1943-12-16,9,GERMANY,KF BORGWARD AG,VEHICLE MFG. PLANTS,53.08,8.72,B17,4.0,,250.0,32.0,16.0,,48.0,NOT INDICATED
26536,161483.0,1943-12-16,9,GERMANY,KF BORGWARD AG,VEHICLE MFG. PLANTS,53.08,8.72,B24,4.0,,240.0,48.0,13.0,,61.0,F.F.F.
26533,161484.0,1943-12-16,9,GERMANY,KF BORGWARD AG,VEHICLE MFG. PLANTS,53.08,8.72,B17,4.0,,244.0,65.0,22.0,,87.0,NOT INDICATED
26534,161485.0,1943-12-16,9,GERMANY,KF BORGWARD AG,VEHICLE MFG. PLANTS,53.08,8.72,B17,4.0,,244.0,65.0,22.0,,87.0,NOT INDICATED
26522,161486.0,1943-12-16,9,GERMANY,KF BORGWARD AG,VEHICLE MFG. PLANTS,53.08,8.72,B17,4.0,,262.0,48.0,16.0,,64.0,F.F.F.
26526,161487.0,1943-12-16,9,GERMANY,KF BORGWARD AG,VEHICLE MFG. PLANTS,53.08,8.72,B17,4.0,,260.0,48.0,10.0,,58.0,NOT INDICATED
26546,161488.0,1943-12-16,9,GERMANY,KF BORGWARD AG,VEHICLE MFG. PLANTS,53.08,8.72,B17,4.0,,,,5.0,,5.0,NOT INDICATED
26542,161489.0,1943-12-16,9,GERMANY,KF BORGWARD AG,VEHICLE MFG. PLANTS,53.08,8.72,B17,4.0,,230.0,78.0,27.0,,105.0,NOT INDICATED
26530,161490.0,1943-12-16,9,GERMANY,KF BORGWARD AG,VEHICLE MFG. PLANTS,53.08,8.72,B17,4.0,,250.0,32.0,16.0,,48.0,NOT INDICATED
26538,161491.0,1943-12-16,9,GERMANY,KF BORGWARD AG,VEHICLE MFG. PLANTS,53.08,8.72,B24,4.0,,240.0,48.0,13.0,,61.0,F.F.F.
26547,199983.0,1943-12-16,8,GERMANY,STORAGE WAREHOUSE,SUPPLY DUMPS AND WAREHOUSES,53.08,8.72,B24,4.0,,225.0,44.0,12.0,,56.0,NOT INDICATED
26549,199996.0,1943-12-16,8,GERMANY,STORAGE WAREHOUSE,SUPPLY DUMPS AND WAREHOUSES,53.08,8.72,B24,4.0,,225.0,44.0,12.0,,56.0,NOT INDICATED
27198,97381.0,1943-12-19,12,GERMANY,AC ASSEMBLY PLANTS,AIRCRAFT FACTORIES AND ASSEMBLY PLANTS,48.37,10.88,B24,4.0,20.0,230.0,51.0,,,51.0,NOT INDICATED
27401,97382.0,1943-12-19,12,GERMANY,AC ASSEMBLY PLANTS,AIRCRAFT FACTORIES AND ASSEMBLY PLANTS,48.37,10.88,B24,4.0,20.0,220.0,49.0,,,49.0,NOT INDICATED
27195,97383.0,1943-12-19,12,AUSTRIA,UNIDENTIFIED TARGET,UNIDENTIFIED TARGETS,47.27,11.38,B17,2.0,17.0,233.0,51.0,,,51.0,NOT INDICATED
27199,161501.0,1943-12-19,12,GERMANY,AC ASSEMBLY PLANTS,AIRCRAFT FACTORIES AND ASSEMBLY PLANTS,48.37,10.88,B24,4.0,20.0,230.0,51.0,,,51.0,NOT INDICATED
27402,161502.0,1943-12-19,12,GERMANY,AC ASSEMBLY PLANTS,AIRCRAFT FACTORIES AND ASSEMBLY PLANTS,48.37,10.88,B24,4.0,20.0,220.0,49.0,,,49.0,NOT INDICATED
27196,161503.0,1943-12-19,12,AUSTRIA,UNIDENTIFIED TARGET,UNIDENTIFIED TARGETS,47.27,11.38,B17,2.0,17.0,233.0,51.0,,,51.0,NOT INDICATED
27197,161505.0,1943-12-19,12,AUSTRIA,UNIDENTIFIED TARGET,UNIDENTIFIED TARGETS,47.27,11.38,B17,2.0,17.0,233.0,51.0,,,51.0,NOT INDICATED
27200,161506.0,1943-12-19,12,GERMANY,AC ASSEMBLY PLANTS,AIRCRAFT FACTORIES AND ASSEMBLY PLANTS,48.37,10.88,B24,4.0,20.0,230.0,51.0,,,51.0,NOT INDICATED
27403,161507.0,1943-12-19,12,GERMANY,AC ASSEMBLY PLANTS,AIRCRAFT FACTORIES AND ASSEMBLY PLANTS,48.37,10.88,B24,4.0,20.0,220.0,49.0,,,49.0,NOT INDICATED
27193,161509.0,1943-12-19,15,AUSTRIA,MARSHALLING YARDS,"""RR INSTALLATIONS,  TRACKS,  MARSHALLING YARDS,  AND STATIONS""",47.27,11.38,B17,4.0,20.0,230.0,51.0,,,51.0,NOT INDICATED
27194,161510.0,1943-12-19,15,AUSTRIA,MARSHALLING YARDS,"""RR INSTALLATIONS,  TRACKS,  MARSHALLING YARDS,  AND STATIONS""",47.27,11.38,B17,3.0,30.0,230.0,87.0,,,87.0,NOT INDICATED
27192,161511.0,1943-12-19,15,AUSTRIA,MARSHALLING YARDS,"""RR INSTALLATIONS,  TRACKS,  MARSHALLING YARDS,  AND STATIONS""",47.27,11.38,B17,4.0,26.0,245.0,77.0,,,77.0,NOT INDICATED
27708,161557.0,1943-12-20,12,BULGARIA,MARSHALLING YARDS,"""RR INSTALLATIONS,  TRACKS,  MARSHALLING YARDS,  AND STATIONS""",42.7,23.32,B24,4.0,20.0,,48.0,,,48.0,NOT INDICATED
27707,161558.0,1943-12-20,12,BULGARIA,MARSHALLING YARDS,"""RR INSTALLATIONS,  TRACKS,  MARSHALLING YARDS,  AND STATIONS""",42.7,23.32,B24,4.0,17.0,,45.0,,,45.0,NOT INDICATED
28354,97438.0,1943-12-22,9,GERMANY,CITY AREA,CITIES TOWNS AND URBAN AREAS,50.13,8.46,B17,4.0,,,,75.0,,75.0,NOT INDICATED
28363,97439.0,1943-12-22,9,GERMANY,CITY AREA,CITIES TOWNS AND URBAN AREAS,50.13,8.46,B17,4.0,,,,54.0,,54.0,NOT INDICATED
28370,97440.0,1943-12-22,9,GERMANY,CITY AREA,CITIES TOWNS AND URBAN AREAS,50.13,8.46,B17,4.0,,,,6.0,,6.0,NOT INDICATED
28351,97441.0,1943-12-22,9,GERMANY,CITY AREA,CITIES TOWNS AND URBAN AREAS,50.13,8.46,B17,4.0,,,45.0,,,45.0,F.F.F.
28355,97442.0,1943-12-22,9,GERMANY,CITY AREA,CITIES TOWNS AND URBAN AREAS,50.13,8.46,B17,4.0,,,49.0,24.0,,73.0,NOT INDICATED
28345,97443.0,1943-12-22,9,GERMANY,CITY AREA,CITIES TOWNS AND URBAN AREAS,50.13,8.46,B17,4.0,,,50.0,16.0,,66.0,F.F.F.
28348,97444.0,1943-12-22,9,GERMANY,CITY AREA,CITIES TOWNS AND URBAN AREAS,50.13,8.46,B17,4.0,,,5.0,,,5.0,NOT INDICATED
28371,97445.0,1943-12-22,9,GERMANY,CITY AREA,CITIES TOWNS AND URBAN AREAS,50.13,8.46,B17,4.0,,,,,,,NOT INDICATED
28359,97446.0,1943-12-22,9,GERMANY,CITY AREA,CITIES TOWNS AND URBAN AREAS,50.13,8.46,B24,4.0,,,54.0,,,54.0,F.F.F.
28367,97447.0,1943-12-22,9,GERMANY,CITY AREA,CITIES TOWNS AND URBAN AREAS,50.13,8.46,B24,4.0,,,20.0,,,20.0,NOT INDICATED
28357,161562.0,1943-12-22,9,GERMANY,CITY AREA,CITIES TOWNS AND URBAN AREAS,50.13,8.46,B17,4.0,,,,75.0,,75.0,NOT INDICATED
28364,161563.0,1943-12-22,9,GERMANY,CITY AREA,CITIES TOWNS AND URBAN AREAS,50.13,8.46,B17,4.0,,,,54.0,,54.0,NOT INDICATED
28372,161564.0,1943-12-22,9,GERMANY,CITY AREA,CITIES TOWNS AND URBAN AREAS,50.13,8.46,B17,4.0,,,,6.0,,6.0,NOT INDICATED
28352,161565.0,1943-12-22,9,GERMANY,CITY AREA,CITIES TOWNS AND URBAN AREAS,50.13,8.46,B17,4.0,,,45.0,,,45.0,F.F.F.
28358,161566.0,1943-12-22,9,GERMANY,CITY AREA,CITIES TOWNS AND URBAN AREAS,50.13,8.46,B17,4.0,,,49.0,24.0,,73.0,NOT INDICATED
28346,161567.0,1943-12-22,9,GERMANY,CITY AREA,CITIES TOWNS AND URBAN AREAS,50.13,8.46,B17,4.0,,,50.0,16.0,,66.0,F.F.F.
28349,161568.0,1943-12-22,9,GERMANY,CITY AREA,CITIES TOWNS AND URBAN AREAS,50.13,8.46,B17,4.0,,,5.0,,,5.0,NOT INDICATED
28373,161569.0,1943-12-22,9,GERMANY,CITY AREA,CITIES TOWNS AND URBAN AREAS,50.13,8.46,B17,4.0,,,,,,,NOT INDICATED
28356,161570.0,1943-12-22,9,GERMANY,CITY AREA,CITIES TOWNS AND URBAN AREAS,50.13,8.46,B24,4.0,,,54.0,,,54.0,F.F.F.
28366,161571.0,1943-12-22,9,GERMANY,CITY AREA,CITIES TOWNS AND URBAN AREAS,50.13,8.46,B24,4.0,,,20.0,,,20.0,NOT INDICATED
28376,161582.0,1943-12-22,8,GERMANY,MANUFACTURING INST,MANUFACTURING INSTALLATIONS (NOT SPECIFICALLY IDENTIFIED BELOW FROM CLASS 11 THROUGH 59),50.13,8.46,B17,4.0,,,,40.0,,40.0,NOT INDICATED
28361,161586.0,1943-12-22,9,GERMANY,CITY AREA,CITIES TOWNS AND URBAN AREAS,50.13,8.46,B17,4.0,,,,75.0,,75.0,NOT INDICATED
28365,161587.0,1943-12-22,9,GERMANY,CITY AREA,CITIES TOWNS AND URBAN AREAS,50.13,8.46,B17,4.0,,,,54.0,,54.0,NOT INDICATED
28374,161588.0,1943-12-22,9,GERMANY,CITY AREA,CITIES TOWNS AND URBAN AREAS,50.13,8.46,B17,4.0,,,,6.0,,6.0,NOT INDICATED
28353,161589.0,1943-12-22,9,GERMANY,CITY AREA,CITIES TOWNS AND URBAN AREAS,50.13,8.46,B17,4.0,,,45.0,,,45.0,F.F.F.
28362,161590.0,1943-12-22,9,GERMANY,CITY AREA,CITIES TOWNS AND URBAN AREAS,50.13,8.46,B17,4.0,,,49.0,24.0,,73.0,NOT INDICATED
28347,161591.0,1943-12-22,9,GERMANY,CITY AREA,CITIES TOWNS AND URBAN AREAS,50.13,8.46,B17,4.0,,,50.0,16.0,,66.0,F.F.F.
28350,161592.0,1943-12-22,9,GERMANY,CITY AREA,CITIES TOWNS AND URBAN AREAS,50.13,8.46,B17,4.0,,,5.0,,,5.0,NOT INDICATED
28375,161593.0,1943-12-22,9,GERMANY,CITY AREA,CITIES TOWNS AND URBAN AREAS,50.13,8.46,B17,4.0,,,,,,,NOT INDICATED
28360,161594.0,1943-12-22,9,GERMANY,CITY AREA,CITIES TOWNS AND URBAN AREAS,50.13,8.46,B24,4.0,,,54.0,,,54.0,F.F.F.
28368,161595.0,1943-12-22,9,GERMANY,CITY AREA,CITIES TOWNS AND URBAN AREAS,50.13,8.46,B24,4.0,,,20.0,,,20.0,NOT INDICATED
28369,161608.0,1943-12-22,9,GERMANY,R R,"""RR INSTALLATIONS,  TRACKS,  MARSHALLING YARDS,  AND STATIONS""",50.13,8.46,B17,4.0,,,,48.0,,48.0,NOT INDICATED
28569,97459.0,1943-12-23,8,GERMANY,MANUFACTURING INST,MANUFACTURING INSTALLATIONS (NOT SPECIFICALLY IDENTIFIED BELOW FROM CLASS 11 THROUGH 59),50.13,8.46,B17,4.0,,263.0,,40.0,,40.0,NOT INDICATED
28570,161614.0,1943-12-23,8,GERMANY,MANUFACTURING INST,MANUFACTURING INSTALLATIONS (NOT SPECIFICALLY IDENTIFIED BELOW FROM CLASS 11 THROUGH 59),50.13,8.46,B17,4.0,,263.0,,40.0,,40.0,NOT INDICATED
28827,97472.0,1943-12-24,8,FRANCE,TACTICAL TARGET,TACTICAL TARGETS: (UNIDENTIFIED OR NOT LISTED BELOW),46.18,-0.47,B17,4.0,,120.0,28.0,,,28.0,NOT INDICATED
28847,97473.0,1943-12-24,8,FRANCE,TACTICAL TARGET,TACTICAL TARGETS: (UNIDENTIFIED OR NOT LISTED BELOW),46.18,-0.47,B17,4.0,,,16.0,,,16.0,NOT INDICATED
28821,97476.0,1943-12-24,9,FRANCE,V WEAPON SITE,V - WEAPON LAUNCHING SITES,50.83,2.07,B17,4.0,,187.0,50.0,,,50.0,NOT INDICATED
28824,97477.0,1943-12-24,9,FRANCE,V WEAPON SITE,V - WEAPON LAUNCHING SITES,50.83,2.07,B17,4.0,,,6.0,,,6.0,NOT INDICATED
28828,200053.0,1943-12-24,8,FRANCE,TACTICAL TARGET,TACTICAL TARGETS: (UNIDENTIFIED OR NOT LISTED BELOW),46.18,-0.47,B17,4.0,,120.0,28.0,,,28.0,NOT INDICATED
28848,200054.0,1943-12-24,8,FRANCE,TACTICAL TARGET,TACTICAL TARGETS: (UNIDENTIFIED OR NOT LISTED BELOW),46.18,-0.47,B17,4.0,,,16.0,,,16.0,NOT INDICATED
28822,200065.0,1943-12-24,9,FRANCE,V WEAPON SITE,V - WEAPON LAUNCHING SITES,50.83,2.07,B17,4.0,,187.0,50.0,,,50.0,NOT INDICATED
28825,200066.0,1943-12-24,9,FRANCE,V WEAPON SITE,V - WEAPON LAUNCHING SITES,50.83,2.07,B17,4.0,,,6.0,,,6.0,NOT INDICATED
28829,200085.0,1943-12-24,8,FRANCE,TACTICAL TARGET,TACTICAL TARGETS: (UNIDENTIFIED OR NOT LISTED BELOW),46.18,-0.47,B17,4.0,,120.0,28.0,,,28.0,NOT INDICATED
28849,200086.0,1943-12-24,8,FRANCE,TACTICAL TARGET,TACTICAL TARGETS: (UNIDENTIFIED OR NOT LISTED BELOW),46.18,-0.47,B17,4.0,,,16.0,,,16.0,NOT INDICATED
28823,200089.0,1943-12-24,9,FRANCE,V WEAPON SITE,V - WEAPON LAUNCHING SITES,50.83,2.07,B17,4.0,,187.0,50.0,,,50.0,NOT INDICATED
28826,200090.0,1943-12-24,9,FRANCE,V WEAPON SITE,V - WEAPON LAUNCHING SITES,50.83,2.07,B17,4.0,,,6.0,,,6.0,NOT INDICATED
30043,97558.0,1943-12-30,9,FRANCE,UNIDENTIFIED TARGET,UNIDENTIFIED TARGETS,50.83,2.07,B26,4.0,,120.0,24.0,,,24.0,NOT INDICATED
30044,161647.0,1943-12-30,9,FRANCE,UNIDENTIFIED TARGET,UNIDENTIFIED TARGETS,50.83,2.07,B26,4.0,,120.0,24.0,,,24.0,NOT INDICATED
30379,97150.0,1943-12-31,8,FRANCE,AIRDROME,AIR FIELDS AND AIRDROMES,45.7,-0.32,B17,3.0,,,60.0,,,60.0,NOT INDICATED
30384,97577.0,1943-12-31,8,FRANCE,AIRDROME,AIR FIELDS AND AIRDROMES,45.7,-0.32,B17,4.0,,,,34.0,,34.0,NOT INDICATED
30376,97578.0,1943-12-31,8,FRANCE,AIRDROME,AIR FIELDS AND AIRDROMES,45.7,-0.32,B17,4.0,,,48.0,,,48.0,NOT INDICATED
30385,97579.0,1943-12-31,8,FRANCE,AIRDROME,AIR FIELDS AND AIRDROMES,45.7,-0.32,B17,4.0,,,53.0,,,53.0,VISUAL
30399,97580.0,1943-12-31,8,FRANCE,AIRDROME,AIR FIELDS AND AIRDROMES,45.7,-0.32,B17,4.0,,,69.0,,,69.0,NOT INDICATED
30396,97581.0,1943-12-31,8,FRANCE,AIRDROME,AIR FIELDS AND AIRDROMES,45.7,-0.32,B17,4.0,,,71.0,,,71.0,NOT INDICATED
30400,97582.0,1943-12-31,8,FRANCE,AIRDROME,AIR FIELDS AND AIRDROMES,45.7,-0.32,B17,4.0,,,49.0,,,49.0,NOT INDICATED
30605,97583.0,1943-12-31,8,FRANCE,AIRDROME,AIR FIELDS AND AIRDROMES,45.7,-0.32,B17,4.0,,,50.0,,,50.0,NOT INDICATED
30373,97584.0,1943-12-31,8,FRANCE,AIRDROME,AIR FIELDS AND AIRDROMES,45.7,-0.32,B24,4.0,,,,31.0,,31.0,NOT INDICATED
30393,97585.0,1943-12-31,8,FRANCE,AIRDROME,AIR FIELDS AND AIRDROMES,45.7,-0.32,B17,3.0,,,59.0,,,59.0,NOT INDICATED
30390,97586.0,1943-12-31,8,FRANCE,AIRDROME,AIR FIELDS AND AIRDROMES,45.7,-0.32,B17,3.0,,,86.0,,,86.0,NOT INDICATED
30382,97587.0,1943-12-31,8,FRANCE,AIRDROME,AIR FIELDS AND AIRDROMES,45.7,-0.32,B24,3.0,,,60.0,,,60.0,NOT INDICATED
30370,97588.0,1943-12-31,8,FRANCE,AIRDROME,AIR FIELDS AND AIRDROMES,45.7,-0.32,B24,3.0,,,40.0,,,40.0,NOT INDICATED
30609,161690.0,1943-12-31,8,FRANCE,CARGO SHIP,WATERWAYS AND BOATS,45.33,-0.75,B17,4.0,,,62.0,,,62.0,NOT INDICATED
30380,199736.0,1943-12-31,8,FRANCE,AIRDROME,AIR FIELDS AND AIRDROMES,45.7,-0.32,B17,3.0,,,60.0,,,60.0,NOT INDICATED
30381,199745.0,1943-12-31,8,FRANCE,AIRDROME,AIR FIELDS AND AIRDROMES,45.7,-0.32,B17,3.0,,,60.0,,,60.0,NOT INDICATED
30386,200146.0,1943-12-31,8,FRANCE,AIRDROME,AIR FIELDS AND AIRDROMES,45.7,-0.32,B17,4.0,,,,34.0,,34.0,NOT INDICATED
30377,200147.0,1943-12-31,8,FRANCE,AIRDROME,AIR FIELDS AND AIRDROMES,45.7,-0.32,B17,4.0,,,48.0,,,48.0,NOT INDICATED
30387,200148.0,1943-12-31,8,FRANCE,AIRDROME,AIR FIELDS AND AIRDROMES,45.7,-0.32,B17,4.0,,,53.0,,,53.0,VISUAL
30601,200149.0,1943-12-31,8,FRANCE,AIRDROME,AIR FIELDS AND AIRDROMES,45.7,-0.32,B17,4.0,,,69.0,,,69.0,NOT INDICATED
30397,200150.0,1943-12-31,8,FRANCE,AIRDROME,AIR FIELDS AND AIRDROMES,45.7,-0.32,B17,4.0,,,71.0,,,71.0,NOT INDICATED
30602,200151.0,1943-12-31,8,FRANCE,AIRDROME,AIR FIELDS AND AIRDROMES,45.7,-0.32,B17,4.0,,,49.0,,,49.0,NOT INDICATED
30606,200152.0,1943-12-31,8,FRANCE,AIRDROME,AIR FIELDS AND AIRDROMES,45.7,-0.32,B17,4.0,,,50.0,,,50.0,NOT INDICATED
30374,200153.0,1943-12-31,8,FRANCE,AIRDROME,AIR FIELDS AND AIRDROMES,45.7,-0.32,B24,4.0,,,,31.0,,31.0,NOT INDICATED
30394,200154.0,1943-12-31,8,FRANCE,AIRDROME,AIR FIELDS AND AIRDROMES,45.7,-0.32,B17,3.0,,,59.0,,,59.0,NOT INDICATED
30391,200155.0,1943-12-31,8,FRANCE,AIRDROME,AIR FIELDS AND AIRDROMES,45.7,-0.32,B17,3.0,,,86.0,,,86.0,NOT INDICATED
30383,200156.0,1943-12-31,8,FRANCE,AIRDROME,AIR FIELDS AND AIRDROMES,45.7,-0.32,B24,3.0,,,60.0,,,60.0,NOT INDICATED
30371,200157.0,1943-12-31,8,FRANCE,AIRDROME,AIR FIELDS AND AIRDROMES,45.7,-0.32,B24,3.0,,,40.0,,,40.0,NOT INDICATED
30388,200170.0,1943-12-31,8,FRANCE,AIRDROME,AIR FIELDS AND AIRDROMES,45.7,-0.32,B17,4.0,,,,34.0,,34.0,NOT INDICATED
30378,200171.0,1943-12-31,8,FRANCE,AIRDROME,AIR FIELDS AND AIRDROMES,45.7,-0.32,B17,4.0,,,48.0,,,48.0,NOT INDICATED
30389,200172.0,1943-12-31,8,FRANCE,AIRDROME,AIR FIELDS AND AIRDROMES,45.7,-0.32,B17,4.0,,,53.0,,,53.0,VISUAL
30603,200173.0,1943-12-31,8,FRANCE,AIRDROME,AIR FIELDS AND AIRDROMES,45.7,-0.32,B17,4.0,,,69.0,,,69.0,NOT INDICATED
30398,200174.0,1943-12-31,8,FRANCE,AIRDROME,AIR FIELDS AND AIRDROMES,45.7,-0.32,B17,4.0,,,71.0,,,71.0,NOT INDICATED
30604,200175.0,1943-12-31,8,FRANCE,AIRDROME,AIR FIELDS AND AIRDROMES,45.7,-0.32,B17,4.0,,,49.0,,,49.0,NOT INDICATED
30607,200176.0,1943-12-31,8,FRANCE,AIRDROME,AIR FIELDS AND AIRDROMES,45.7,-0.32,B17,4.0,,,50.0,,,50.0,NOT INDICATED
30375,200177.0,1943-12-31,8,FRANCE,AIRDROME,AIR FIELDS AND AIRDROMES,45.7,-0.32,B24,4.0,,,,31.0,,31.0,NOT INDICATED
30395,200178.0,1943-12-31,8,FRANCE,AIRDROME,AIR FIELDS AND AIRDROMES,45.7,-0.32,B17,3.0,,,59.0,,,59.0,NOT INDICATED
30392,200179.0,1943-12-31,8,FRANCE,AIRDROME,AIR FIELDS AND AIRDROMES,45.7,-0.32,B17,3.0,,,86.0,,,86.0,NOT INDICATED
30608,200180.0,1943-12-31,8,FRANCE,AIRDROME,AIR FIELDS AND AIRDROMES,45.7,-0.32,B24,3.0,,,60.0,,,60.0,NOT INDICATED
30372,200181.0,1943-12-31,8,FRANCE,AIRDROME,AIR FIELDS AND AIRDROMES,45.7,-0.32,B24,3.0,,,40.0,,,40.0,NOT INDICATED
31508,97622.0,1944-01-04,9,GERMANY,CITY AREA,CITIES TOWNS AND URBAN AREAS,50.13,8.46,B17,4.0,,,,39.0,,39.0,F.F.F.
31502,97623.0,1944-01-04,9,GERMANY,CITY AREA,CITIES TOWNS AND URBAN AREAS,50.13,8.46,B17,4.0,,,8.0,48.0,,56.0,F.F.F.
31509,97624.0,1944-01-04,9,GERMANY,CITY AREA,CITIES TOWNS AND URBAN AREAS,50.13,8.46,B17,4.0,,,3.0,,,3.0,NOT INDICATED
31297,97625.0,1944-01-04,9,GERMANY,CITY AREA,CITIES TOWNS AND URBAN AREAS,50.13,8.46,B17,4.0,,,,,,,NOT INDICATED
31505,97628.0,1944-01-04,9,FRANCE,UNIDENTIFIED TARGET,UNIDENTIFIED TARGETS,50.03,1.68,B26,4.0,,,27.0,,,27.0,NOT INDICATED
31514,97629.0,1944-01-04,8,GERMANY,UNIDENTIFIED TARGET,UNIDENTIFIED TARGETS,50.13,8.46,B17,4.0,,,35.0,21.0,,56.0,NOT INDICATED
31515,161700.0,1944-01-04,8,GERMANY,UNIDENTIFIED TARGET,UNIDENTIFIED TARGETS,50.13,8.46,B17,4.0,,,35.0,21.0,,56.0,NOT INDICATED
31506,161707.0,1944-01-04,9,FRANCE,UNIDENTIFIED TARGET,UNIDENTIFIED TARGETS,50.03,1.68,B26,4.0,,,27.0,,,27.0,NOT INDICATED
31510,161708.0,1944-01-04,9,GERMANY,CITY AREA,CITIES TOWNS AND URBAN AREAS,50.13,8.46,B17,4.0,,,,39.0,,39.0,F.F.F.
31503,161709.0,1944-01-04,9,GERMANY,CITY AREA,CITIES TOWNS AND URBAN AREAS,50.13,8.46,B17,4.0,,,8.0,48.0,,56.0,F.F.F.
31511,161710.0,1944-01-04,9,GERMANY,CITY AREA,CITIES TOWNS AND URBAN AREAS,50.13,8.46,B17,4.0,,,3.0,,,3.0,NOT INDICATED
31298,161711.0,1944-01-04,9,GERMANY,CITY AREA,CITIES TOWNS AND URBAN AREAS,50.13,8.46,B17,4.0,,,,,,,NOT INDICATED
31516,161712.0,1944-01-04,8,GERMANY,UNIDENTIFIED TARGET,UNIDENTIFIED TARGETS,50.13,8.46,B17,4.0,,,35.0,21.0,,56.0,NOT INDICATED
31512,161713.0,1944-01-04,9,GERMANY,CITY AREA,CITIES TOWNS AND URBAN AREAS,50.13,8.46,B17,4.0,,,,39.0,,39.0,F.F.F.
31504,161714.0,1944-01-04,9,GERMANY,CITY AREA,CITIES TOWNS AND URBAN AREAS,50.13,8.46,B17,4.0,,,8.0,48.0,,56.0,F.F.F.
31513,161715.0,1944-01-04,9,GERMANY,CITY AREA,CITIES TOWNS AND URBAN AREAS,50.13,8.46,B17,4.0,,,3.0,,,3.0,NOT INDICATED
31299,161716.0,1944-01-04,9,GERMANY,CITY AREA,CITIES TOWNS AND URBAN AREAS,50.13,8.46,B17,4.0,,,,,,,NOT INDICATED
31296,161717.0,1944-01-04,15,BULGARIA,MARSHALLING YARDS,"""RR INSTALLATIONS,  TRACKS,  MARSHALLING YARDS,  AND STATIONS""",42.27,23.13,B17,4.0,27.0,,81.0,,,81.0,NOT INDICATED
31300,200201.0,1944-01-04,9,GERMANY,DOCK AREA,PORTS AND HARBORS,54.33,10.15,B17,4.0,,,35.0,,,35.0,F.F.F.
31501,200227.0,1944-01-04,9,GERMANY,DOCK AREA,PORTS AND HARBORS,54.33,10.15,B17,4.0,,,35.0,,,35.0,F.F.F.
31854,97631.0,1944-01-05,8,GERMANY,INDUSTRIAL AREA,MANUFACTURING INSTALLATIONS (NOT SPECIFICALLY IDENTIFIED BELOW FROM CLASS 11 THROUGH 59),54.33,10.15,B17,4.0,,,30.0,36.0,,66.0,NOT INDICATED
31855,97632.0,1944-01-05,8,GERMANY,INDUSTRIAL AREA,MANUFACTURING INSTALLATIONS (NOT SPECIFICALLY IDENTIFIED BELOW FROM CLASS 11 THROUGH 59),54.33,10.15,B17,4.0,,,60.0,,,60.0,F.F.F.
31866,97633.0,1944-01-05,8,GERMANY,INDUSTRIAL AREA,MANUFACTURING INSTALLATIONS (NOT SPECIFICALLY IDENTIFIED BELOW FROM CLASS 11 THROUGH 59),54.33,10.15,B24,4.0,,,,30.0,,30.0,F.F.F.
31856,161722.0,1944-01-05,8,GERMANY,INDUSTRIAL AREA,MANUFACTURING INSTALLATIONS (NOT SPECIFICALLY IDENTIFIED BELOW FROM CLASS 11 THROUGH 59),54.33,10.15,B17,4.0,,,30.0,36.0,,66.0,NOT INDICATED
31859,161723.0,1944-01-05,8,GERMANY,INDUSTRIAL AREA,MANUFACTURING INSTALLATIONS (NOT SPECIFICALLY IDENTIFIED BELOW FROM CLASS 11 THROUGH 59),54.33,10.15,B17,4.0,,,60.0,,,60.0,F.F.F.
31865,161724.0,1944-01-05,8,GERMANY,INDUSTRIAL AREA,MANUFACTURING INSTALLATIONS (NOT SPECIFICALLY IDENTIFIED BELOW FROM CLASS 11 THROUGH 59),54.33,10.15,B24,4.0,,,,30.0,,30.0,F.F.F.
31857,161726.0,1944-01-05,8,GERMANY,INDUSTRIAL AREA,MANUFACTURING INSTALLATIONS (NOT SPECIFICALLY IDENTIFIED BELOW FROM CLASS 11 THROUGH 59),54.33,10.15,B17,4.0,,,30.0,36.0,,66.0,NOT INDICATED
31858,161727.0,1944-01-05,8,GERMANY,INDUSTRIAL AREA,MANUFACTURING INSTALLATIONS (NOT SPECIFICALLY IDENTIFIED BELOW FROM CLASS 11 THROUGH 59),54.33,10.15,B17,4.0,,,60.0,,,60.0,F.F.F.
31867,161728.0,1944-01-05,8,GERMANY,INDUSTRIAL AREA,MANUFACTURING INSTALLATIONS (NOT SPECIFICALLY IDENTIFIED BELOW FROM CLASS 11 THROUGH 59),54.33,10.15,B24,4.0,,,,30.0,,30.0,F.F.F.
31860,200273.0,1944-01-05,8,GERMANY,NAVAL INSTALLATIONS,NAVAL INSTALLATIONS,54.33,10.15,B17,4.0,,,27.0,,,27.0,NOT INDICATED
31838,200274.0,1944-01-05,9,GERMANY,DOCK AREA,PORTS AND HARBORS,54.33,10.15,B17,4.0,,,30.0,,,30.0,VISUAL
31834,200275.0,1944-01-05,9,GERMANY,DOCK AREA,PORTS AND HARBORS,54.33,10.15,B17,4.0,,,45.0,,,45.0,NOT INDICATED
31851,200276.0,1944-01-05,9,GERMANY,DOCK AREA,PORTS AND HARBORS,54.33,10.15,B17,4.0,,,9.0,,,9.0,NOT INDICATED
31835,200277.0,1944-01-05,9,GERMANY,DOCK AREA,PORTS AND HARBORS,54.33,10.15,B17,4.0,,,,,,,NOT INDICATED
31840,200278.0,1944-01-05,9,GERMANY,DOCK AREA,PORTS AND HARBORS,54.33,10.15,B24,4.0,,,,42.0,,42.0,NOT INDICATED
31846,200279.0,1944-01-05,9,GERMANY,DOCK AREA,PORTS AND HARBORS,54.33,10.15,B24,4.0,,,,39.0,,39.0,NOT INDICATED
31841,200280.0,1944-01-05,9,GERMANY,DOCK AREA,PORTS AND HARBORS,54.33,10.15,B24,4.0,,,,54.0,,54.0,NOT INDICATED
31842,200281.0,1944-01-05,9,GERMANY,DOCK AREA,PORTS AND HARBORS,54.33,10.15,B24,4.0,,,,42.0,,42.0,F.F.F.
31848,200282.0,1944-01-05,9,GERMANY,DOCK AREA,PORTS AND HARBORS,54.33,10.15,B24,4.0,,,45.0,,,45.0,NOT INDICATED
31861,200285.0,1944-01-05,8,GERMANY,NAVAL INSTALLATIONS,NAVAL INSTALLATIONS,54.33,10.15,B17,4.0,,,27.0,,,27.0,NOT INDICATED
31839,200286.0,1944-01-05,9,GERMANY,DOCK AREA,PORTS AND HARBORS,54.33,10.15,B17,4.0,,,30.0,,,30.0,VISUAL
31836,200287.0,1944-01-05,9,GERMANY,DOCK AREA,PORTS AND HARBORS,54.33,10.15,B17,4.0,,,45.0,,,45.0,NOT INDICATED
31852,200288.0,1944-01-05,9,GERMANY,DOCK AREA,PORTS AND HARBORS,54.33,10.15,B17,4.0,,,9.0,,,9.0,NOT INDICATED
31837,200289.0,1944-01-05,9,GERMANY,DOCK AREA,PORTS AND HARBORS,54.33,10.15,B17,4.0,,,,,,,NOT INDICATED
31843,200290.0,1944-01-05,9,GERMANY,DOCK AREA,PORTS AND HARBORS,54.33,10.15,B24,4.0,,,,42.0,,42.0,NOT INDICATED
31847,200291.0,1944-01-05,9,GERMANY,DOCK AREA,PORTS AND HARBORS,54.33,10.15,B24,4.0,,,,39.0,,39.0,NOT INDICATED
31844,200292.0,1944-01-05,9,GERMANY,DOCK AREA,PORTS AND HARBORS,54.33,10.15,B24,4.0,,,,54.0,,54.0,NOT INDICATED
31845,200293.0,1944-01-05,9,GERMANY,DOCK AREA,PORTS AND HARBORS,54.33,10.15,B24,4.0,,,,42.0,,42.0,F.F.F.
31849,200294.0,1944-01-05,9,GERMANY,DOCK AREA,PORTS AND HARBORS,54.33,10.15,B24,4.0,,,45.0,,,45.0,NOT INDICATED
32419,97685.0,1944-01-07,9,FRANCE,MANPERTUS AD,AIR FIELDS AND AIRDROMES,49.63,-1.62,B26,4.0,,,23.0,,,23.0,NOT INDICATED
32421,97690.0,1944-01-07,9,FRANCE,UNIDENTIFIED TARGET,UNIDENTIFIED TARGETS,49.6,-1.57,B26,4.0,,,27.0,,,27.0,NOT INDICATED
32422,161740.0,1944-01-07,9,FRANCE,UNIDENTIFIED TARGET,UNIDENTIFIED TARGETS,49.6,-1.57,B26,4.0,,,27.0,,,27.0,NOT INDICATED
32420,200334.0,1944-01-07,9,FRANCE,MANPERTUS AD,AIR FIELDS AND AIRDROMES,49.63,-1.62,B26,4.0,,,23.0,,,23.0,NOT INDICATED
33070,97708.0,1944-01-10,15,BULGARIA,CITY AREA,CITIES TOWNS AND URBAN AREAS,42.7,23.32,B17,4.0,39.0,,117.0,,,117.0,NOT INDICATED
33064,97709.0,1944-01-10,15,BULGARIA,CITY AREA,CITIES TOWNS AND URBAN AREAS,42.7,23.32,B17,4.0,36.0,,102.0,,,102.0,NOT INDICATED
33067,97710.0,1944-01-10,15,BULGARIA,CITY AREA,CITIES TOWNS AND URBAN AREAS,42.7,23.32,B17,4.0,30.0,,90.0,,,90.0,NOT INDICATED
33071,161779.0,1944-01-10,15,BULGARIA,CITY AREA,CITIES TOWNS AND URBAN AREAS,42.7,23.32,B17,4.0,39.0,,117.0,,,117.0,NOT INDICATED
33065,161780.0,1944-01-10,15,BULGARIA,CITY AREA,CITIES TOWNS AND URBAN AREAS,42.7,23.32,B17,4.0,36.0,,102.0,,,102.0,NOT INDICATED
33068,161781.0,1944-01-10,15,BULGARIA,CITY AREA,CITIES TOWNS AND URBAN AREAS,42.7,23.32,B17,4.0,30.0,,90.0,,,90.0,NOT INDICATED
33072,161782.0,1944-01-10,15,BULGARIA,CITY AREA,CITIES TOWNS AND URBAN AREAS,42.7,23.32,B17,4.0,39.0,,117.0,,,117.0,NOT INDICATED
33066,161783.0,1944-01-10,15,BULGARIA,CITY AREA,CITIES TOWNS AND URBAN AREAS,42.7,23.32,B17,4.0,36.0,,102.0,,,102.0,NOT INDICATED
33069,161784.0,1944-01-10,15,BULGARIA,CITY AREA,CITIES TOWNS AND URBAN AREAS,42.7,23.32,B17,4.0,30.0,,90.0,,,90.0,NOT INDICATED
33063,161785.0,1944-01-10,15,BULGARIA,ROAD JUNCTION,HIGHWAYS AND VEHICLES,42.7,23.32,B17,4.0,37.0,,111.0,,,111.0,NOT INDICATED
33326,97711.0,1944-01-11,8,GERMANY,AC FACTORIES,AIRCRAFT FACTORIES AND ASSEMBLY PLANTS,52.25,10.5,B17,4.0,,,46.0,7.0,,53.0,NOT INDICATED
33348,97712.0,1944-01-11,8,GERMANY,AC FACTORIES,AIRCRAFT FACTORIES AND ASSEMBLY PLANTS,52.25,10.5,B17,2.0,,,3.0,,,3.0,NOT INDICATED
33339,97713.0,1944-01-11,8,GERMANY,AC FACTORIES,AIRCRAFT FACTORIES AND ASSEMBLY PLANTS,52.25,10.5,B17,2.0,,,,,,,NOT INDICATED
33329,97714.0,1944-01-11,8,GERMANY,AC FACTORIES,AIRCRAFT FACTORIES AND ASSEMBLY PLANTS,52.25,10.5,B24,2.0,,,,53.0,,53.0,NOT INDICATED
33323,97724.0,1944-01-11,8,GERMANY,UNIDENTIFIED FACTORY,MANUFACTURING INSTALLATIONS (NOT SPECIFICALLY IDENTIFIED BELOW FROM CLASS 11 THROUGH 59),50.87,7.05,B24,2.0,,,18.0,,,18.0,NOT INDICATED
33345,97726.0,1944-01-11,8,GERMANY,JUNKERS AC COMPONENT F,A/C COMPONENT PLANTS,51.88,11.05,B17,4.0,,,99.0,,,99.0,NOT INDICATED
33342,97727.0,1944-01-11,8,GERMANY,JUNKERS AC COMPONENT F,A/C COMPONENT PLANTS,51.88,11.05,B17,4.0,,,54.0,19.0,,73.0,NOT INDICATED
33336,97728.0,1944-01-11,8,GERMANY,JUNKERS AC COMPONENT F,A/C COMPONENT PLANTS,51.88,11.05,B17,4.0,,,,20.0,,20.0,NOT INDICATED
33332,97738.0,1944-01-11,8,GERMANY,BUSSING MT PLANT,VEHICLE MFG. PLANTS,52.25,10.5,B17,4.0,,,53.0,10.0,,63.0,NOT INDICATED
33333,97739.0,1944-01-11,8,GERMANY,BUSSING MT PLANT,VEHICLE MFG. PLANTS,52.25,10.5,B17,4.0,,,53.0,10.0,,63.0,NOT INDICATED
33320,97743.0,1944-01-11,9,GERMANY,CITY AREA,CITIES TOWNS AND URBAN AREAS,52.25,10.5,B17,4.0,,,3.0,,,3.0,NOT INDICATED
33312,97744.0,1944-01-11,9,GERMANY,CITY AREA,CITIES TOWNS AND URBAN AREAS,52.25,10.5,B17,4.0,,,,,,,NOT INDICATED
33317,97745.0,1944-01-11,9,GERMANY,CITY AREA,CITIES TOWNS AND URBAN AREAS,52.25,10.5,B24,4.0,,,6.0,,,6.0,NOT INDICATED
33327,161788.0,1944-01-11,8,GERMANY,AC FACTORIES,AIRCRAFT FACTORIES AND ASSEMBLY PLANTS,52.25,10.5,B17,4.0,,,46.0,7.0,,53.0,NOT INDICATED
33340,161789.0,1944-01-11,8,GERMANY,AC FACTORIES,AIRCRAFT FACTORIES AND ASSEMBLY PLANTS,52.25,10.5,B17,2.0,,,,,,,NOT INDICATED
33330,161790.0,1944-01-11,8,GERMANY,AC FACTORIES,AIRCRAFT FACTORIES AND ASSEMBLY PLANTS,52.25,10.5,B24,2.0,,,,53.0,,53.0,NOT INDICATED
33346,161799.0,1944-01-11,8,GERMANY,JUNKERS AC COMPONENT F,A/C COMPONENT PLANTS,51.88,11.05,B17,4.0,,,99.0,,,99.0,NOT INDICATED
33343,161800.0,1944-01-11,8,GERMANY,JUNKERS AC COMPONENT F,A/C COMPONENT PLANTS,51.88,11.05,B17,4.0,,,54.0,19.0,,73.0,NOT INDICATED
33337,161801.0,1944-01-11,8,GERMANY,JUNKERS AC COMPONENT F,A/C COMPONENT PLANTS,51.88,11.05,B17,4.0,,,,20.0,,20.0,NOT INDICATED
33321,161803.0,1944-01-11,9,GERMANY,CITY AREA,CITIES TOWNS AND URBAN AREAS,52.25,10.5,B17,4.0,,,3.0,,,3.0,NOT INDICATED
33313,161804.0,1944-01-11,9,GERMANY,CITY AREA,CITIES TOWNS AND URBAN AREAS,52.25,10.5,B17,4.0,,,,,,,NOT INDICATED
33318,161805.0,1944-01-11,9,GERMANY,CITY AREA,CITIES TOWNS AND URBAN AREAS,52.25,10.5,B24,4.0,,,6.0,,,6.0,NOT INDICATED
33322,161816.0,1944-01-11,9,GERMANY,CITY AREA,CITIES TOWNS AND URBAN AREAS,52.25,10.5,B17,4.0,,,3.0,,,3.0,NOT INDICATED
33314,161817.0,1944-01-11,9,GERMANY,CITY AREA,CITIES TOWNS AND URBAN AREAS,52.25,10.5,B17,4.0,,,,,,,NOT INDICATED
33319,161818.0,1944-01-11,9,GERMANY,CITY AREA,CITIES TOWNS AND URBAN AREAS,52.25,10.5,B24,4.0,,,6.0,,,6.0,NOT INDICATED
33324,161820.0,1944-01-11,8,GERMANY,UNIDENTIFIED FACTORY,MANUFACTURING INSTALLATIONS (NOT SPECIFICALLY IDENTIFIED BELOW FROM CLASS 11 THROUGH 59),50.87,7.05,B24,2.0,,,18.0,,,18.0,NOT INDICATED
33325,161822.0,1944-01-11,8,GERMANY,UNIDENTIFIED FACTORY,MANUFACTURING INSTALLATIONS (NOT SPECIFICALLY IDENTIFIED BELOW FROM CLASS 11 THROUGH 59),50.87,7.05,B24,2.0,,,18.0,,,18.0,NOT INDICATED
33328,161823.0,1944-01-11,8,GERMANY,AC FACTORIES,AIRCRAFT FACTORIES AND ASSEMBLY PLANTS,52.25,10.5,B17,4.0,,,46.0,7.0,,53.0,NOT INDICATED
33349,161824.0,1944-01-11,8,GERMANY,AC FACTORIES,AIRCRAFT FACTORIES AND ASSEMBLY PLANTS,52.25,10.5,B17,2.0,,,3.0,,,3.0,NOT INDICATED
33341,161825.0,1944-01-11,8,GERMANY,AC FACTORIES,AIRCRAFT FACTORIES AND ASSEMBLY PLANTS,52.25,10.5,B17,2.0,,,,,,,NOT INDICATED
33331,161826.0,1944-01-11,8,GERMANY,AC FACTORIES,AIRCRAFT FACTORIES AND ASSEMBLY PLANTS,52.25,10.5,B24,2.0,,,,53.0,,53.0,NOT INDICATED
33347,161827.0,1944-01-11,8,GERMANY,JUNKERS AC COMPONENT F,A/C COMPONENT PLANTS,51.88,11.05,B17,4.0,,,99.0,,,99.0,NOT INDICATED
33344,161828.0,1944-01-11,8,GERMANY,JUNKERS AC COMPONENT F,A/C COMPONENT PLANTS,51.88,11.05,B17,4.0,,,54.0,19.0,,73.0,NOT INDICATED
33338,161829.0,1944-01-11,8,GERMANY,JUNKERS AC COMPONENT F,A/C COMPONENT PLANTS,51.88,11.05,B17,4.0,,,,20.0,,20.0,NOT INDICATED
33334,161844.0,1944-01-11,8,GERMANY,BUSSING MT PLANT,VEHICLE MFG. PLANTS,52.25,10.5,B17,4.0,,,53.0,10.0,,63.0,NOT INDICATED
33335,161845.0,1944-01-11,8,GERMANY,BUSSING MT PLANT,VEHICLE MFG. PLANTS,52.25,10.5,B17,4.0,,,53.0,10.0,,63.0,NOT INDICATED
33315,161847.0,1944-01-11,9,GERMANY,MARSHALLING YARD,"""RR INSTALLATIONS,  TRACKS,  MARSHALLING YARDS,  AND STATIONS""",52.03,8.53,B17,4.0,,,53.0,8.0,,61.0,NOT INDICATED
33310,161848.0,1944-01-11,9,GERMANY,MARSHALLING YARD,"""RR INSTALLATIONS,  TRACKS,  MARSHALLING YARDS,  AND STATIONS""",52.03,8.53,B17,2.0,,,51.0,14.0,,65.0,NOT INDICATED
33316,161849.0,1944-01-11,9,GERMANY,MARSHALLING YARD,"""RR INSTALLATIONS,  TRACKS,  MARSHALLING YARDS,  AND STATIONS""",52.03,8.53,B17,2.0,,,2.0,,,2.0,NOT INDICATED
33311,161850.0,1944-01-11,9,GERMANY,MARSHALLING YARD,"""RR INSTALLATIONS,  TRACKS,  MARSHALLING YARDS,  AND STATIONS""",52.03,8.53,B17,2.0,,,,,,,NOT INDICATED
33350,161857.0,1944-01-11,8,GERMANY,AC FACTORIES,AIRCRAFT FACTORIES AND ASSEMBLY PLANTS,52.25,10.5,B17,2.0,,,3.0,,,3.0,NOT INDICATED
34222,97767.0,1944-01-14,9,FRANCE,UNIDENTIFIED TARGET,UNIDENTIFIED TARGETS,50.83,2.07,B26,4.0,,,27.0,,,27.0,NOT INDICATED
34223,97772.0,1944-01-14,9,FRANCE,V WEAPON SITE,V - WEAPON LAUNCHING SITES,50.83,2.07,B26,4.0,,,27.0,,,27.0,NOT INDICATED
34224,161861.0,1944-01-14,9,FRANCE,UNIDENTIFIED TARGET,UNIDENTIFIED TARGETS,50.83,2.07,B26,4.0,,,27.0,,,27.0,NOT INDICATED
34225,200447.0,1944-01-14,9,FRANCE,V WEAPON SITE,V - WEAPON LAUNCHING SITES,50.83,2.07,B26,4.0,,,27.0,,,27.0,NOT INDICATED
34226,200451.0,1944-01-14,9,FRANCE,V WEAPON SITE,V - WEAPON LAUNCHING SITES,50.83,2.07,B26,4.0,,,27.0,,,27.0,NOT INDICATED
34844,97819.0,1944-01-16,15,AUSTRIA,AC FACTORY,AIRCRAFT FACTORIES AND ASSEMBLY PLANTS,46.63,14.3,B17,4.0,35.0,220.0,105.0,,,105.0,NOT INDICATED
34840,97820.0,1944-01-16,15,AUSTRIA,AC FACTORY,AIRCRAFT FACTORIES AND ASSEMBLY PLANTS,46.63,14.3,B17,4.0,33.0,235.0,96.0,,,96.0,NOT INDICATED
34845,97830.0,1944-01-16,15,AUSTRIA,AC FACTORY,AIRCRAFT FACTORIES AND ASSEMBLY PLANTS,46.63,14.3,B17,4.0,35.0,220.0,105.0,,,105.0,NOT INDICATED
34841,97831.0,1944-01-16,15,AUSTRIA,AC FACTORY,AIRCRAFT FACTORIES AND ASSEMBLY PLANTS,46.63,14.3,B17,4.0,33.0,235.0,96.0,,,96.0,NOT INDICATED
34846,161877.0,1944-01-16,15,AUSTRIA,AC FACTORY,AIRCRAFT FACTORIES AND ASSEMBLY PLANTS,46.63,14.3,B17,4.0,35.0,220.0,105.0,,,105.0,NOT INDICATED
34842,161878.0,1944-01-16,15,AUSTRIA,AC FACTORY,AIRCRAFT FACTORIES AND ASSEMBLY PLANTS,46.63,14.3,B17,4.0,33.0,235.0,96.0,,,96.0,NOT INDICATED
34847,161883.0,1944-01-16,15,AUSTRIA,AC FACTORY,AIRCRAFT FACTORIES AND ASSEMBLY PLANTS,46.63,14.3,B17,4.0,35.0,220.0,105.0,,,105.0,NOT INDICATED
34843,161884.0,1944-01-16,15,AUSTRIA,AC FACTORY,AIRCRAFT FACTORIES AND ASSEMBLY PLANTS,46.63,14.3,B17,4.0,33.0,235.0,96.0,,,96.0,NOT INDICATED
35182,97858.0,1944-01-18,15,CZECHOSLOVAKIA,UNIDENTIFIED TARGET,UNIDENTIFIED TARGETS,49.33,17.0,B24,2.0,3.0,,6.0,,,6.0,NOT INDICATED
35183,161889.0,1944-01-18,15,CZECHOSLOVAKIA,UNIDENTIFIED TARGET,UNIDENTIFIED TARGETS,49.33,17.0,B24,2.0,3.0,,6.0,,,6.0,NOT INDICATED
36067,97917.0,1944-01-21,9,FRANCE,CONSTRUCTION WORKS,V - WEAPON LAUNCHING SITES,49.6,-1.57,B17,4.0,,202.0,51.0,,,51.0,NOT INDICATED
36077,97918.0,1944-01-21,9,FRANCE,CROSS BOW TARGET,V - WEAPON LAUNCHING SITES,43.38,5.37,B17,4.0,,200.0,30.0,,,30.0,NOT INDICATED
36085,97930.0,1944-01-21,9,HOLLAND OR NETHERLANDS,TACTICAL TARGETS,TACTICAL TARGETS: (UNIDENTIFIED OR NOT LISTED BELOW),51.7,5.92,B24,4.0,,113.0,27.0,,,27.0,NOT INDICATED
36080,97937.0,1944-01-21,9,FRANCE,UNIDENTIFIED TARGET,UNIDENTIFIED TARGETS,50.84,1.97,B26,4.0,,120.0,30.0,,,30.0,NOT INDICATED
36082,97939.0,1944-01-21,9,FRANCE,UNIDENTIFIED TARGET,UNIDENTIFIED TARGETS,43.38,5.37,B26,4.0,,115.0,33.0,,,33.0,NOT INDICATED
36081,161900.0,1944-01-21,9,FRANCE,UNIDENTIFIED TARGET,UNIDENTIFIED TARGETS,50.84,1.97,B26,4.0,,120.0,30.0,,,30.0,NOT INDICATED
36083,161901.0,1944-01-21,9,FRANCE,UNIDENTIFIED TARGET,UNIDENTIFIED TARGETS,43.38,5.37,B26,4.0,,115.0,33.0,,,33.0,NOT INDICATED
36084,200629.0,1944-01-21,9,HOLLAND OR NETHERLANDS,TACTICAL TARGETS,TACTICAL TARGETS: (UNIDENTIFIED OR NOT LISTED BELOW),51.7,5.92,B24,4.0,,113.0,27.0,,,27.0,NOT INDICATED
36068,200633.0,1944-01-21,9,FRANCE,CONSTRUCTION WORKS,V - WEAPON LAUNCHING SITES,49.6,-1.57,B17,4.0,,202.0,51.0,,,51.0,NOT INDICATED
36078,200634.0,1944-01-21,9,FRANCE,CROSS BOW TARGET,V - WEAPON LAUNCHING SITES,43.38,5.37,B17,4.0,,200.0,30.0,,,30.0,NOT INDICATED
36069,200649.0,1944-01-21,9,FRANCE,CONSTRUCTION WORKS,V - WEAPON LAUNCHING SITES,49.6,-1.57,B17,4.0,,202.0,51.0,,,51.0,NOT INDICATED
36079,200650.0,1944-01-21,9,FRANCE,CROSS BOW TARGET,V - WEAPON LAUNCHING SITES,43.38,5.37,B17,4.0,,200.0,30.0,,,30.0,NOT INDICATED
36086,200662.0,1944-01-21,9,HOLLAND OR NETHERLANDS,TACTICAL TARGETS,TACTICAL TARGETS: (UNIDENTIFIED OR NOT LISTED BELOW),51.7,5.92,B24,4.0,,113.0,27.0,,,27.0,NOT INDICATED
37193,97985.0,1944-01-24,15,BULGARIA,AIRDROME,AIR FIELDS AND AIRDROMES,42.7,23.32,B24,4.0,22.0,160.0,70.0,,,70.0,NOT INDICATED
37192,161958.0,1944-01-24,15,BULGARIA,RR BRIDGES,BRIDGES,43.22,23.55,B17,,40.0,230.0,117.0,,,117.0,NOT INDICATED
37194,200715.0,1944-01-24,15,BULGARIA,AIRDROME,AIR FIELDS AND AIRDROMES,42.7,23.32,B24,4.0,22.0,160.0,70.0,,,70.0,NOT INDICATED
37195,200724.0,1944-01-24,15,BULGARIA,AIRDROME,AIR FIELDS AND AIRDROMES,42.7,23.32,B24,4.0,22.0,160.0,70.0,,,70.0,NOT INDICATED
38656,98043.0,1944-01-29,9,FRANCE,UNIDENTIFIED TARGET,UNIDENTIFIED TARGETS,49.77,1.25,B26,4.0,,115.0,26.0,,,26.0,NOT INDICATED
38640,98046.0,1944-01-29,9,GERMANY,CITY AREA,CITIES TOWNS AND URBAN AREAS,50.1,8.67,B17,4.0,,220.0,47.0,24.0,,71.0,NOT INDICATED
38391,98047.0,1944-01-29,9,GERMANY,CITY AREA,CITIES TOWNS AND URBAN AREAS,50.1,8.67,B17,4.0,,245.0,,52.0,,52.0,F.F.F.
38625,98048.0,1944-01-29,9,GERMANY,CITY AREA,CITIES TOWNS AND URBAN AREAS,50.1,8.67,B17,4.0,,230.0,45.0,,,45.0,F.F.F.
38604,98049.0,1944-01-29,9,GERMANY,CITY AREA,CITIES TOWNS AND URBAN AREAS,50.1,8.67,B17,4.0,,240.0,48.0,,,48.0,F.F.F.
38605,98050.0,1944-01-29,9,GERMANY,CITY AREA,CITIES TOWNS AND URBAN AREAS,50.1,8.67,B17,4.0,,240.0,55.0,30.0,,85.0,F.F.F.
38392,98051.0,1944-01-29,9,GERMANY,CITY AREA,CITIES TOWNS AND URBAN AREAS,50.1,8.67,B17,4.0,,245.0,82.0,4.0,,86.0,NOT INDICATED
38382,98052.0,1944-01-29,9,GERMANY,CITY AREA,CITIES TOWNS AND URBAN AREAS,50.1,8.67,B17,4.0,,250.0,40.0,23.0,,63.0,NOT INDICATED
38383,98053.0,1944-01-29,9,GERMANY,CITY AREA,CITIES TOWNS AND URBAN AREAS,50.1,8.67,B17,4.0,,250.0,,84.0,,84.0,F.F.F.
38661,98054.0,1944-01-29,9,GERMANY,CITY AREA,CITIES TOWNS AND URBAN AREAS,50.1,8.67,B17,4.0,,,7.0,,,7.0,F.F.F.
38626,98055.0,1944-01-29,9,GERMANY,CITY AREA,CITIES TOWNS AND URBAN AREAS,50.1,8.67,B17,4.0,,230.0,98.0,,,98.0,F.F.F.
38606,98056.0,1944-01-29,9,GERMANY,CITY AREA,CITIES TOWNS AND URBAN AREAS,50.1,8.67,B17,4.0,,240.0,108.0,,,108.0,F.F.F.
38393,98057.0,1944-01-29,9,GERMANY,CITY AREA,CITIES TOWNS AND URBAN AREAS,50.1,8.67,B17,4.0,,245.0,45.0,6.0,,51.0,F.F.F.
38607,98058.0,1944-01-29,9,GERMANY,CITY AREA,CITIES TOWNS AND URBAN AREAS,50.1,8.67,B17,4.0,,240.0,102.0,,,102.0,F.F.F.
38394,98059.0,1944-01-29,9,GERMANY,CITY AREA,CITIES TOWNS AND URBAN AREAS,50.1,8.67,B17,4.0,,245.0,48.0,16.0,,64.0,F.F.F.
38608,98060.0,1944-01-29,9,GERMANY,CITY AREA,CITIES TOWNS AND URBAN AREAS,50.1,8.67,B17,4.0,,240.0,107.0,,,107.0,NOT INDICATED
38384,98061.0,1944-01-29,9,GERMANY,CITY AREA,CITIES TOWNS AND URBAN AREAS,50.1,8.67,B17,4.0,,250.0,,50.0,,50.0,F.F.F.
38622,98062.0,1944-01-29,9,GERMANY,CITY AREA,CITIES TOWNS AND URBAN AREAS,50.1,8.67,B17,4.0,,234.0,107.0,,,107.0,F.F.F.
38632,98063.0,1944-01-29,9,GERMANY,CITY AREA,CITIES TOWNS AND URBAN AREAS,50.1,8.67,B17,4.0,,225.0,57.0,13.0,,70.0,F.F.F.
38619,98064.0,1944-01-29,9,GERMANY,CITY AREA,CITIES TOWNS AND URBAN AREAS,50.1,8.67,B17,4.0,,235.0,83.0,,,83.0,F.F.F.
38662,98065.0,1944-01-29,9,GERMANY,CITY AREA,CITIES TOWNS AND URBAN AREAS,50.1,8.67,B17,4.0,,,,,,,NOT INDICATED
38666,98066.0,1944-01-29,9,GERMANY,CITY AREA,CITIES TOWNS AND URBAN AREAS,50.1,8.67,B17,4.0,,,150.0,,,150.0,NOT INDICATED
38631,98067.0,1944-01-29,9,GERMANY,CITY AREA,CITIES TOWNS AND URBAN AREAS,50.1,8.67,B24,4.0,,225.0,,37.0,,37.0,F.F.F.
38653,98068.0,1944-01-29,9,GERMANY,CITY AREA,CITIES TOWNS AND URBAN AREAS,50.1,8.67,B24,4.0,,195.0,69.0,,,69.0,F.F.F.
38637,98069.0,1944-01-29,9,GERMANY,CITY AREA,CITIES TOWNS AND URBAN AREAS,50.1,8.67,B24,4.0,,220.0,75.0,,,75.0,NOT INDICATED
38650,98070.0,1944-01-29,9,GERMANY,CITY AREA,CITIES TOWNS AND URBAN AREAS,50.1,8.67,B24,4.0,,205.0,68.0,,,68.0,F.F.F.
38638,98071.0,1944-01-29,9,GERMANY,CITY AREA,CITIES TOWNS AND URBAN AREAS,50.1,8.67,B24,4.0,,220.0,,36.0,,36.0,NOT INDICATED
38658,98072.0,1944-01-29,9,GERMANY,CITY AREA,CITIES TOWNS AND URBAN AREAS,50.1,8.67,B24,4.0,,,,4.0,,4.0,NOT INDICATED
38639,98073.0,1944-01-29,9,GERMANY,CITY AREA,CITIES TOWNS AND URBAN AREAS,50.1,8.67,B24,4.0,,220.0,,66.0,,66.0,NOT INDICATED
38659,98074.0,1944-01-29,9,GERMANY,CITY AREA,CITIES TOWNS AND URBAN AREAS,50.1,8.67,B24,4.0,,,,,,,NOT INDICATED
38660,98075.0,1944-01-29,9,GERMANY,CITY AREA,CITIES TOWNS AND URBAN AREAS,50.1,8.67,B24,4.0,,,4.0,,,4.0,NOT INDICATED
38657,161971.0,1944-01-29,9,FRANCE,UNIDENTIFIED TARGET,UNIDENTIFIED TARGETS,49.77,1.25,B26,4.0,,115.0,26.0,,,26.0,NOT INDICATED
38644,161974.0,1944-01-29,9,GERMANY,CITY AREA,CITIES TOWNS AND URBAN AREAS,50.1,8.67,B17,4.0,,220.0,47.0,24.0,,71.0,NOT INDICATED
38395,161975.0,1944-01-29,9,GERMANY,CITY AREA,CITIES TOWNS AND URBAN AREAS,50.1,8.67,B17,4.0,,245.0,,52.0,,52.0,F.F.F.
38627,161976.0,1944-01-29,9,GERMANY,CITY AREA,CITIES TOWNS AND URBAN AREAS,50.1,8.67,B17,4.0,,230.0,45.0,,,45.0,F.F.F.
38609,161977.0,1944-01-29,9,GERMANY,CITY AREA,CITIES TOWNS AND URBAN AREAS,50.1,8.67,B17,4.0,,240.0,48.0,,,48.0,F.F.F.
38610,161978.0,1944-01-29,9,GERMANY,CITY AREA,CITIES TOWNS AND URBAN AREAS,50.1,8.67,B17,4.0,,240.0,55.0,30.0,,85.0,F.F.F.
38396,161979.0,1944-01-29,9,GERMANY,CITY AREA,CITIES TOWNS AND URBAN AREAS,50.1,8.67,B17,4.0,,245.0,82.0,4.0,,86.0,NOT INDICATED
38385,161980.0,1944-01-29,9,GERMANY,CITY AREA,CITIES TOWNS AND URBAN AREAS,50.1,8.67,B17,4.0,,250.0,40.0,23.0,,63.0,NOT INDICATED
38386,161981.0,1944-01-29,9,GERMANY,CITY AREA,CITIES TOWNS AND URBAN AREAS,50.1,8.67,B17,4.0,,250.0,,84.0,,84.0,F.F.F.
38667,161982.0,1944-01-29,9,GERMANY,CITY AREA,CITIES TOWNS AND URBAN AREAS,50.1,8.67,B17,4.0,,,7.0,,,7.0,F.F.F.
38628,161983.0,1944-01-29,9,GERMANY,CITY AREA,CITIES TOWNS AND URBAN AREAS,50.1,8.67,B17,4.0,,230.0,98.0,,,98.0,F.F.F.
38611,161984.0,1944-01-29,9,GERMANY,CITY AREA,CITIES TOWNS AND URBAN AREAS,50.1,8.67,B17,4.0,,240.0,108.0,,,108.0,F.F.F.
38397,161985.0,1944-01-29,9,GERMANY,CITY AREA,CITIES TOWNS AND URBAN AREAS,50.1,8.67,B17,4.0,,245.0,45.0,6.0,,51.0,F.F.F.
38612,161986.0,1944-01-29,9,GERMANY,CITY AREA,CITIES TOWNS AND URBAN AREAS,50.1,8.67,B17,4.0,,240.0,102.0,,,102.0,F.F.F.
38398,161987.0,1944-01-29,9,GERMANY,CITY AREA,CITIES TOWNS AND URBAN AREAS,50.1,8.67,B17,4.0,,245.0,48.0,16.0,,64.0,F.F.F.
38613,161988.0,1944-01-29,9,GERMANY,CITY AREA,CITIES TOWNS AND URBAN AREAS,50.1,8.67,B17,4.0,,240.0,107.0,,,107.0,NOT INDICATED
38387,161989.0,1944-01-29,9,GERMANY,CITY AREA,CITIES TOWNS AND URBAN AREAS,50.1,8.67,B17,4.0,,250.0,,50.0,,50.0,F.F.F.
38623,161990.0,1944-01-29,9,GERMANY,CITY AREA,CITIES TOWNS AND URBAN AREAS,50.1,8.67,B17,4.0,,234.0,107.0,,,107.0,F.F.F.
38634,161991.0,1944-01-29,9,GERMANY,CITY AREA,CITIES TOWNS AND URBAN AREAS,50.1,8.67,B17,4.0,,225.0,57.0,13.0,,70.0,F.F.F.
38620,161992.0,1944-01-29,9,GERMANY,CITY AREA,CITIES TOWNS AND URBAN AREAS,50.1,8.67,B17,4.0,,235.0,83.0,,,83.0,F.F.F.
38668,161993.0,1944-01-29,9,GERMANY,CITY AREA,CITIES TOWNS AND URBAN AREAS,50.1,8.67,B17,4.0,,,,,,,NOT INDICATED
38669,161994.0,1944-01-29,9,GERMANY,CITY AREA,CITIES TOWNS AND URBAN AREAS,50.1,8.67,B17,4.0,,,150.0,,,150.0,NOT INDICATED
38633,161995.0,1944-01-29,9,GERMANY,CITY AREA,CITIES TOWNS AND URBAN AREAS,50.1,8.67,B24,4.0,,225.0,,37.0,,37.0,F.F.F.
38654,161996.0,1944-01-29,9,GERMANY,CITY AREA,CITIES TOWNS AND URBAN AREAS,50.1,8.67,B24,4.0,,195.0,69.0,,,69.0,F.F.F.
38641,161997.0,1944-01-29,9,GERMANY,CITY AREA,CITIES TOWNS AND URBAN AREAS,50.1,8.67,B24,4.0,,220.0,75.0,,,75.0,NOT INDICATED
38651,161998.0,1944-01-29,9,GERMANY,CITY AREA,CITIES TOWNS AND URBAN AREAS,50.1,8.67,B24,4.0,,205.0,68.0,,,68.0,F.F.F.
38642,161999.0,1944-01-29,9,GERMANY,CITY AREA,CITIES TOWNS AND URBAN AREAS,50.1,8.67,B24,4.0,,220.0,,36.0,,36.0,NOT INDICATED
38663,162000.0,1944-01-29,9,GERMANY,CITY AREA,CITIES TOWNS AND URBAN AREAS,50.1,8.67,B24,4.0,,,,4.0,,4.0,NOT INDICATED
38643,162001.0,1944-01-29,9,GERMANY,CITY AREA,CITIES TOWNS AND URBAN AREAS,50.1,8.67,B24,4.0,,220.0,,66.0,,66.0,NOT INDICATED
38664,162002.0,1944-01-29,9,GERMANY,CITY AREA,CITIES TOWNS AND URBAN AREAS,50.1,8.67,B24,4.0,,,,,,,NOT INDICATED
38665,162003.0,1944-01-29,9,GERMANY,CITY AREA,CITIES TOWNS AND URBAN AREAS,50.1,8.67,B24,4.0,,,4.0,,,4.0,NOT INDICATED
38648,162004.0,1944-01-29,9,GERMANY,CITY AREA,CITIES TOWNS AND URBAN AREAS,50.1,8.67,B17,4.0,,220.0,47.0,24.0,,71.0,NOT INDICATED
38399,162005.0,1944-01-29,9,GERMANY,CITY AREA,CITIES TOWNS AND URBAN AREAS,50.1,8.67,B17,4.0,,245.0,,52.0,,52.0,F.F.F.
38629,162006.0,1944-01-29,9,GERMANY,CITY AREA,CITIES TOWNS AND URBAN AREAS,50.1,8.67,B17,4.0,,230.0,45.0,,,45.0,F.F.F.
38614,162007.0,1944-01-29,9,GERMANY,CITY AREA,CITIES TOWNS AND URBAN AREAS,50.1,8.67,B17,4.0,,240.0,48.0,,,48.0,F.F.F.
38615,162008.0,1944-01-29,9,GERMANY,CITY AREA,CITIES TOWNS AND URBAN AREAS,50.1,8.67,B17,4.0,,240.0,55.0,30.0,,85.0,F.F.F.
38400,162009.0,1944-01-29,9,GERMANY,CITY AREA,CITIES TOWNS AND URBAN AREAS,50.1,8.67,B17,4.0,,245.0,82.0,4.0,,86.0,NOT INDICATED
38388,162010.0,1944-01-29,9,GERMANY,CITY AREA,CITIES TOWNS AND URBAN AREAS,50.1,8.67,B17,4.0,,250.0,40.0,23.0,,63.0,NOT INDICATED
38389,162011.0,1944-01-29,9,GERMANY,CITY AREA,CITIES TOWNS AND URBAN AREAS,50.1,8.67,B17,4.0,,250.0,,84.0,,84.0,F.F.F.
38674,162012.0,1944-01-29,9,GERMANY,CITY AREA,CITIES TOWNS AND URBAN AREAS,50.1,8.67,B17,4.0,,,7.0,,,7.0,F.F.F.
38630,162013.0,1944-01-29,9,GERMANY,CITY AREA,CITIES TOWNS AND URBAN AREAS,50.1,8.67,B17,4.0,,230.0,98.0,,,98.0,F.F.F.
38616,162014.0,1944-01-29,9,GERMANY,CITY AREA,CITIES TOWNS AND URBAN AREAS,50.1,8.67,B17,4.0,,240.0,108.0,,,108.0,F.F.F.
38601,162015.0,1944-01-29,9,GERMANY,CITY AREA,CITIES TOWNS AND URBAN AREAS,50.1,8.67,B17,4.0,,245.0,45.0,6.0,,51.0,F.F.F.
38617,162016.0,1944-01-29,9,GERMANY,CITY AREA,CITIES TOWNS AND URBAN AREAS,50.1,8.67,B17,4.0,,240.0,102.0,,,102.0,F.F.F.
38602,162017.0,1944-01-29,9,GERMANY,CITY AREA,CITIES TOWNS AND URBAN AREAS,50.1,8.67,B17,4.0,,245.0,48.0,16.0,,64.0,F.F.F.
38618,162018.0,1944-01-29,9,GERMANY,CITY AREA,CITIES TOWNS AND URBAN AREAS,50.1,8.67,B17,4.0,,240.0,107.0,,,107.0,NOT INDICATED
38390,162019.0,1944-01-29,9,GERMANY,CITY AREA,CITIES TOWNS AND URBAN AREAS,50.1,8.67,B17,4.0,,250.0,,50.0,,50.0,F.F.F.
38624,162020.0,1944-01-29,9,GERMANY,CITY AREA,CITIES TOWNS AND URBAN AREAS,50.1,8.67,B17,4.0,,234.0,107.0,,,107.0,F.F.F.
38636,162021.0,1944-01-29,9,GERMANY,CITY AREA,CITIES TOWNS AND URBAN AREAS,50.1,8.67,B17,4.0,,225.0,57.0,13.0,,70.0,F.F.F.
38621,162022.0,1944-01-29,9,GERMANY,CITY AREA,CITIES TOWNS AND URBAN AREAS,50.1,8.67,B17,4.0,,235.0,83.0,,,83.0,F.F.F.
38675,162023.0,1944-01-29,9,GERMANY,CITY AREA,CITIES TOWNS AND URBAN AREAS,50.1,8.67,B17,4.0,,,,,,,NOT INDICATED
38676,162024.0,1944-01-29,9,GERMANY,CITY AREA,CITIES TOWNS AND URBAN AREAS,50.1,8.67,B17,4.0,,,150.0,,,150.0,NOT INDICATED
38635,162025.0,1944-01-29,9,GERMANY,CITY AREA,CITIES TOWNS AND URBAN AREAS,50.1,8.67,B24,4.0,,225.0,,37.0,,37.0,F.F.F.
38655,162026.0,1944-01-29,9,GERMANY,CITY AREA,CITIES TOWNS AND URBAN AREAS,50.1,8.67,B24,4.0,,195.0,69.0,,,69.0,F.F.F.
38645,162027.0,1944-01-29,9,GERMANY,CITY AREA,CITIES TOWNS AND URBAN AREAS,50.1,8.67,B24,4.0,,220.0,75.0,,,75.0,NOT INDICATED
38652,162028.0,1944-01-29,9,GERMANY,CITY AREA,CITIES TOWNS AND URBAN AREAS,50.1,8.67,B24,4.0,,205.0,68.0,,,68.0,F.F.F.
38646,162029.0,1944-01-29,9,GERMANY,CITY AREA,CITIES TOWNS AND URBAN AREAS,50.1,8.67,B24,4.0,,220.0,,36.0,,36.0,NOT INDICATED
38670,162030.0,1944-01-29,9,GERMANY,CITY AREA,CITIES TOWNS AND URBAN AREAS,50.1,8.67,B24,4.0,,,,4.0,,4.0,NOT INDICATED
38647,162031.0,1944-01-29,9,GERMANY,CITY AREA,CITIES TOWNS AND URBAN AREAS,50.1,8.67,B24,4.0,,220.0,,66.0,,66.0,NOT INDICATED
38671,162032.0,1944-01-29,9,GERMANY,CITY AREA,CITIES TOWNS AND URBAN AREAS,50.1,8.67,B24,4.0,,,,,,,NOT INDICATED
38672,162033.0,1944-01-29,9,GERMANY,CITY AREA,CITIES TOWNS AND URBAN AREAS,50.1,8.67,B24,4.0,,,4.0,,,4.0,NOT INDICATED
38603,162034.0,1944-01-29,9,GERMANY,MARSHALLING YARD,"""RR INSTALLATIONS,  TRACKS,  MARSHALLING YARDS,  AND STATIONS""",50.1,8.67,B17,4.0,,245.0,40.0,29.0,,69.0,F.F.F.
38673,162035.0,1944-01-29,9,GERMANY,MARSHALLING YARD,"""RR INSTALLATIONS,  TRACKS,  MARSHALLING YARDS,  AND STATIONS""",50.1,8.67,B24,4.0,,,3.0,,,3.0,F.F.F.
38649,162036.0,1944-01-29,9,GERMANY,MARSHALLING YARD,"""RR INSTALLATIONS,  TRACKS,  MARSHALLING YARDS,  AND STATIONS""",50.1,8.67,B24,4.0,,211.0,52.0,,,52.0,F.F.F.
39215,98076.0,1944-01-30,8,GERMANY,AC FACTORIES,AIRCRAFT FACTORIES AND ASSEMBLY PLANTS,52.25,10.5,B17,4.0,,220.0,51.0,14.0,,65.0,NOT INDICATED
39206,98077.0,1944-01-30,8,GERMANY,AC FACTORIES,AIRCRAFT FACTORIES AND ASSEMBLY PLANTS,52.25,10.5,B17,4.0,,230.0,111.0,,,111.0,F.F.F.
38990,98078.0,1944-01-30,8,GERMANY,AC FACTORIES,AIRCRAFT FACTORIES AND ASSEMBLY PLANTS,52.25,10.5,B17,4.0,,245.0,,14.0,,14.0,NOT INDICATED
38984,98079.0,1944-01-30,8,GERMANY,AC FACTORIES,AIRCRAFT FACTORIES AND ASSEMBLY PLANTS,52.25,10.5,B17,4.0,,250.0,50.0,,,50.0,F.F.F.
38969,98080.0,1944-01-30,8,GERMANY,AC FACTORIES,AIRCRAFT FACTORIES AND ASSEMBLY PLANTS,52.25,10.5,B17,4.0,,282.0,39.0,21.0,,60.0,NOT INDICATED
38975,98081.0,1944-01-30,8,GERMANY,AC FACTORIES,AIRCRAFT FACTORIES AND ASSEMBLY PLANTS,52.25,10.5,B17,4.0,,266.0,42.0,16.0,,58.0,F.F.F.
38997,98082.0,1944-01-30,8,GERMANY,AC FACTORIES,AIRCRAFT FACTORIES AND ASSEMBLY PLANTS,52.25,10.5,B17,4.0,,244.0,,42.0,,42.0,F.F.F.
38987,98083.0,1944-01-30,8,GERMANY,AC FACTORIES,AIRCRAFT FACTORIES AND ASSEMBLY PLANTS,52.25,10.5,B17,4.0,,248.0,,58.0,,58.0,F.F.F.
39209,98084.0,1944-01-30,8,GERMANY,AC FACTORIES,AIRCRAFT FACTORIES AND ASSEMBLY PLANTS,52.25,10.5,B17,4.0,,225.0,39.0,14.0,,53.0,F.F.F.
39212,98085.0,1944-01-30,8,GERMANY,AC FACTORIES,AIRCRAFT FACTORIES AND ASSEMBLY PLANTS,52.25,10.5,B17,4.0,,223.0,57.0,12.0,,69.0,F.F.F.
39000,98086.0,1944-01-30,8,GERMANY,AC FACTORIES,AIRCRAFT FACTORIES AND ASSEMBLY PLANTS,52.25,10.5,B17,4.0,,240.0,101.0,,,101.0,NOT INDICATED
38972,98087.0,1944-01-30,8,GERMANY,AC FACTORIES,AIRCRAFT FACTORIES AND ASSEMBLY PLANTS,52.25,10.5,B17,4.0,,268.0,44.0,60.0,,104.0,F.F.F.
38978,98088.0,1944-01-30,8,GERMANY,AC FACTORIES,AIRCRAFT FACTORIES AND ASSEMBLY PLANTS,52.25,10.5,B17,4.0,,260.0,,45.0,,45.0,F.F.F.
38979,98089.0,1944-01-30,8,GERMANY,AC FACTORIES,AIRCRAFT FACTORIES AND ASSEMBLY PLANTS,52.25,10.5,B17,4.0,,260.0,20.0,41.0,,61.0,F.F.F.
39218,98090.0,1944-01-30,8,GERMANY,AC FACTORIES,AIRCRAFT FACTORIES AND ASSEMBLY PLANTS,52.25,10.5,B24,4.0,,210.0,74.0,,,74.0,F.F.F.
39227,98091.0,1944-01-30,8,GERMANY,AC FACTORIES,AIRCRAFT FACTORIES AND ASSEMBLY PLANTS,52.25,10.5,B17,3.0,,,42.0,,,42.0,F.F.F.
39203,98092.0,1944-01-30,8,GERMANY,AC FACTORIES,AIRCRAFT FACTORIES AND ASSEMBLY PLANTS,52.25,10.5,B17,3.0,,236.0,10.0,,,10.0,F.F.F.
38921,98098.0,1944-01-30,15,ALBANIA,FIER RADAR STATION,RADIO & RADAR INSTALLATIONS,40.73,19.45,B24,4.0,35.0,195.0,87.0,,,87.0,NOT INDICATED
38991,98105.0,1944-01-30,8,GERMANY,BUSSING MT PLANT,VEHICLE MFG. PLANTS,52.25,10.5,B17,4.0,,245.0,98.0,,,98.0,F.F.F.
39226,98106.0,1944-01-30,8,GERMANY,BUSSING MT PLANT,VEHICLE MFG. PLANTS,52.25,10.5,B24,4.0,,,3.0,,,3.0,F.F.F.
39222,98107.0,1944-01-30,8,GERMANY,BUSSING MT PLANT,VEHICLE MFG. PLANTS,52.25,10.5,B24,4.0,,199.0,45.0,,,45.0,F.F.F.
38992,98108.0,1944-01-30,8,GERMANY,BUSSING MT PLANT,VEHICLE MFG. PLANTS,52.25,10.5,B17,4.0,,245.0,98.0,,,98.0,F.F.F.
39225,98109.0,1944-01-30,8,GERMANY,BUSSING MT PLANT,VEHICLE MFG. PLANTS,52.25,10.5,B24,4.0,,,3.0,,,3.0,F.F.F.
39221,98110.0,1944-01-30,8,GERMANY,BUSSING MT PLANT,VEHICLE MFG. PLANTS,52.25,10.5,B24,4.0,,199.0,45.0,,,45.0,F.F.F.
38942,98111.0,1944-01-30,9,GERMANY,UNIDENTIFIED TARGET,UNIDENTIFIED TARGETS,52.25,10.5,B24,4.0,,200.0,,37.0,,37.0,F.F.F.
38943,98112.0,1944-01-30,9,GERMANY,UNIDENTIFIED TARGET,UNIDENTIFIED TARGETS,52.25,10.5,B24,4.0,,200.0,50.0,,,50.0,NOT INDICATED
38954,98113.0,1944-01-30,9,GERMANY,UNIDENTIFIED TARGET,UNIDENTIFIED TARGETS,52.25,10.5,B24,4.0,,,,41.0,,41.0,NOT INDICATED
38955,98114.0,1944-01-30,9,GERMANY,UNIDENTIFIED TARGET,UNIDENTIFIED TARGETS,52.25,10.5,B24,4.0,,,,3.0,,3.0,NOT INDICATED
38956,98115.0,1944-01-30,9,GERMANY,UNIDENTIFIED TARGET,UNIDENTIFIED TARGETS,52.25,10.5,B24,4.0,,,,,,,NOT INDICATED
38947,98116.0,1944-01-30,9,GERMANY,UNIDENTIFIED TARGET,UNIDENTIFIED TARGETS,52.25,10.5,B24,4.0,,200.0,3.0,,,3.0,NOT INDICATED
38933,98117.0,1944-01-30,9,GERMANY,UNIDENTIFIED TARGET,UNIDENTIFIED TARGETS,52.25,10.5,B17,4.0,,210.0,98.0,,,98.0,F.F.F.
38924,98118.0,1944-01-30,9,GERMANY,UNIDENTIFIED TARGET,UNIDENTIFIED TARGETS,52.25,10.5,B17,4.0,,251.0,76.0,,,76.0,NOT INDICATED
38930,98119.0,1944-01-30,9,GERMANY,UNIDENTIFIED TARGET,UNIDENTIFIED TARGETS,52.25,10.5,B17,4.0,,233.0,45.0,13.0,,58.0,F.F.F.
38960,98120.0,1944-01-30,9,GERMANY,UNIDENTIFIED TARGET,UNIDENTIFIED TARGETS,52.25,10.5,B17,4.0,,,,,,,NOT INDICATED
38927,98121.0,1944-01-30,9,GERMANY,UNIDENTIFIED TARGET,UNIDENTIFIED TARGETS,52.25,10.5,B17,4.0,,250.0,17.0,,,17.0,NOT INDICATED
38966,98125.0,1944-01-30,9,GERMANY,CITY AREA,CITIES TOWNS AND URBAN AREAS,52.38,9.73,B24,4.0,,,,,,,NOT INDICATED
38951,98126.0,1944-01-30,9,GERMANY,CITY AREA,CITIES TOWNS AND URBAN AREAS,52.38,9.73,B24,4.0,,200.0,2.0,,,2.0,NOT INDICATED
38936,98127.0,1944-01-30,9,GERMANY,CITY AREA,CITIES TOWNS AND URBAN AREAS,52.38,9.73,B24,3.0,,205.0,,54.0,,54.0,F.F.F.
38939,98128.0,1944-01-30,9,GERMANY,CITY AREA,CITIES TOWNS AND URBAN AREAS,52.38,9.73,B24,2.0,,203.0,65.0,,,65.0,F.F.F.
39216,162041.0,1944-01-30,8,GERMANY,AC FACTORIES,AIRCRAFT FACTORIES AND ASSEMBLY PLANTS,52.25,10.5,B17,4.0,,220.0,51.0,14.0,,65.0,NOT INDICATED
39207,162042.0,1944-01-30,8,GERMANY,AC FACTORIES,AIRCRAFT FACTORIES AND ASSEMBLY PLANTS,52.25,10.5,B17,4.0,,230.0,111.0,,,111.0,F.F.F.
38993,162043.0,1944-01-30,8,GERMANY,AC FACTORIES,AIRCRAFT FACTORIES AND ASSEMBLY PLANTS,52.25,10.5,B17,4.0,,245.0,,14.0,,14.0,NOT INDICATED
38985,162044.0,1944-01-30,8,GERMANY,AC FACTORIES,AIRCRAFT FACTORIES AND ASSEMBLY PLANTS,52.25,10.5,B17,4.0,,250.0,50.0,,,50.0,F.F.F.
38970,162045.0,1944-01-30,8,GERMANY,AC FACTORIES,AIRCRAFT FACTORIES AND ASSEMBLY PLANTS,52.25,10.5,B17,4.0,,282.0,39.0,21.0,,60.0,NOT INDICATED
38976,162046.0,1944-01-30,8,GERMANY,AC FACTORIES,AIRCRAFT FACTORIES AND ASSEMBLY PLANTS,52.25,10.5,B17,4.0,,266.0,42.0,16.0,,58.0,F.F.F.
38998,162047.0,1944-01-30,8,GERMANY,AC FACTORIES,AIRCRAFT FACTORIES AND ASSEMBLY PLANTS,52.25,10.5,B17,4.0,,244.0,,42.0,,42.0,F.F.F.
38988,162048.0,1944-01-30,8,GERMANY,AC FACTORIES,AIRCRAFT FACTORIES AND ASSEMBLY PLANTS,52.25,10.5,B17,4.0,,248.0,,58.0,,58.0,F.F.F.
39210,162049.0,1944-01-30,8,GERMANY,AC FACTORIES,AIRCRAFT FACTORIES AND ASSEMBLY PLANTS,52.25,10.5,B17,4.0,,225.0,39.0,14.0,,53.0,F.F.F.
39213,162050.0,1944-01-30,8,GERMANY,AC FACTORIES,AIRCRAFT FACTORIES AND ASSEMBLY PLANTS,52.25,10.5,B17,4.0,,223.0,57.0,12.0,,69.0,F.F.F.
39201,162051.0,1944-01-30,8,GERMANY,AC FACTORIES,AIRCRAFT FACTORIES AND ASSEMBLY PLANTS,52.25,10.5,B17,4.0,,240.0,101.0,,,101.0,NOT INDICATED
38973,162052.0,1944-01-30,8,GERMANY,AC FACTORIES,AIRCRAFT FACTORIES AND ASSEMBLY PLANTS,52.25,10.5,B17,4.0,,268.0,44.0,60.0,,104.0,F.F.F.
38980,162053.0,1944-01-30,8,GERMANY,AC FACTORIES,AIRCRAFT FACTORIES AND ASSEMBLY PLANTS,52.25,10.5,B17,4.0,,260.0,,45.0,,45.0,F.F.F.
38981,162054.0,1944-01-30,8,GERMANY,AC FACTORIES,AIRCRAFT FACTORIES AND ASSEMBLY PLANTS,52.25,10.5,B17,4.0,,260.0,20.0,41.0,,61.0,F.F.F.
39219,162055.0,1944-01-30,8,GERMANY,AC FACTORIES,AIRCRAFT FACTORIES AND ASSEMBLY PLANTS,52.25,10.5,B24,4.0,,210.0,74.0,,,74.0,F.F.F.
39229,162056.0,1944-01-30,8,GERMANY,AC FACTORIES,AIRCRAFT FACTORIES AND ASSEMBLY PLANTS,52.25,10.5,B17,3.0,,,42.0,,,42.0,F.F.F.
39204,162057.0,1944-01-30,8,GERMANY,AC FACTORIES,AIRCRAFT FACTORIES AND ASSEMBLY PLANTS,52.25,10.5,B17,3.0,,236.0,10.0,,,10.0,F.F.F.
38948,162058.0,1944-01-30,9,GERMANY,UNIDENTIFIED TARGET,UNIDENTIFIED TARGETS,52.25,10.5,B24,4.0,,200.0,,37.0,,37.0,F.F.F.
38949,162059.0,1944-01-30,9,GERMANY,UNIDENTIFIED TARGET,UNIDENTIFIED TARGETS,52.25,10.5,B24,4.0,,200.0,50.0,,,50.0,NOT INDICATED
38961,162060.0,1944-01-30,9,GERMANY,UNIDENTIFIED TARGET,UNIDENTIFIED TARGETS,52.25,10.5,B24,4.0,,,,41.0,,41.0,NOT INDICATED
38962,162061.0,1944-01-30,9,GERMANY,UNIDENTIFIED TARGET,UNIDENTIFIED TARGETS,52.25,10.5,B24,4.0,,,,3.0,,3.0,NOT INDICATED
38963,162062.0,1944-01-30,9,GERMANY,UNIDENTIFIED TARGET,UNIDENTIFIED TARGETS,52.25,10.5,B24,4.0,,,,,,,NOT INDICATED
38950,162063.0,1944-01-30,9,GERMANY,UNIDENTIFIED TARGET,UNIDENTIFIED TARGETS,52.25,10.5,B24,4.0,,200.0,3.0,,,3.0,NOT INDICATED
38934,162064.0,1944-01-30,9,GERMANY,UNIDENTIFIED TARGET,UNIDENTIFIED TARGETS,52.25,10.5,B17,4.0,,210.0,98.0,,,98.0,F.F.F.
38925,162065.0,1944-01-30,9,GERMANY,UNIDENTIFIED TARGET,UNIDENTIFIED TARGETS,52.25,10.5,B17,4.0,,251.0,76.0,,,76.0,NOT INDICATED
38931,162066.0,1944-01-30,9,GERMANY,UNIDENTIFIED TARGET,UNIDENTIFIED TARGETS,52.25,10.5,B17,4.0,,233.0,45.0,13.0,,58.0,F.F.F.
38964,162067.0,1944-01-30,9,GERMANY,UNIDENTIFIED TARGET,UNIDENTIFIED TARGETS,52.25,10.5,B17,4.0,,,,,,,NOT INDICATED
38928,162068.0,1944-01-30,9,GERMANY,UNIDENTIFIED TARGET,UNIDENTIFIED TARGETS,52.25,10.5,B17,4.0,,250.0,17.0,,,17.0,NOT INDICATED
38967,162070.0,1944-01-30,9,GERMANY,CITY AREA,CITIES TOWNS AND URBAN AREAS,52.38,9.73,B24,4.0,,,,,,,NOT INDICATED
38952,162071.0,1944-01-30,9,GERMANY,CITY AREA,CITIES TOWNS AND URBAN AREAS,52.38,9.73,B24,4.0,,200.0,2.0,,,2.0,NOT INDICATED
38937,162072.0,1944-01-30,9,GERMANY,CITY AREA,CITIES TOWNS AND URBAN AREAS,52.38,9.73,B24,3.0,,205.0,,54.0,,54.0,F.F.F.
38940,162073.0,1944-01-30,9,GERMANY,CITY AREA,CITIES TOWNS AND URBAN AREAS,52.38,9.73,B24,2.0,,203.0,65.0,,,65.0,F.F.F.
38968,162079.0,1944-01-30,9,GERMANY,CITY AREA,CITIES TOWNS AND URBAN AREAS,52.38,9.73,B24,4.0,,,,,,,NOT INDICATED
38953,162080.0,1944-01-30,9,GERMANY,CITY AREA,CITIES TOWNS AND URBAN AREAS,52.38,9.73,B24,4.0,,200.0,2.0,,,2.0,NOT INDICATED
38938,162081.0,1944-01-30,9,GERMANY,CITY AREA,CITIES TOWNS AND URBAN AREAS,52.38,9.73,B24,3.0,,205.0,,54.0,,54.0,F.F.F.
38941,162082.0,1944-01-30,9,GERMANY,CITY AREA,CITIES TOWNS AND URBAN AREAS,52.38,9.73,B24,2.0,,203.0,65.0,,,65.0,F.F.F.
38944,162083.0,1944-01-30,9,GERMANY,UNIDENTIFIED TARGET,UNIDENTIFIED TARGETS,52.25,10.5,B24,4.0,,200.0,,37.0,,37.0,F.F.F.
38945,162084.0,1944-01-30,9,GERMANY,UNIDENTIFIED TARGET,UNIDENTIFIED TARGETS,52.25,10.5,B24,4.0,,200.0,50.0,,,50.0,NOT INDICATED
38957,162085.0,1944-01-30,9,GERMANY,UNIDENTIFIED TARGET,UNIDENTIFIED TARGETS,52.25,10.5,B24,4.0,,,,41.0,,41.0,NOT INDICATED
38958,162086.0,1944-01-30,9,GERMANY,UNIDENTIFIED TARGET,UNIDENTIFIED TARGETS,52.25,10.5,B24,4.0,,,,3.0,,3.0,NOT INDICATED
38959,162087.0,1944-01-30,9,GERMANY,UNIDENTIFIED TARGET,UNIDENTIFIED TARGETS,52.25,10.5,B24,4.0,,,,,,,NOT INDICATED
38946,162088.0,1944-01-30,9,GERMANY,UNIDENTIFIED TARGET,UNIDENTIFIED TARGETS,52.25,10.5,B24,4.0,,200.0,3.0,,,3.0,NOT INDICATED
38935,162089.0,1944-01-30,9,GERMANY,UNIDENTIFIED TARGET,UNIDENTIFIED TARGETS,52.25,10.5,B17,4.0,,210.0,98.0,,,98.0,F.F.F.
38926,162090.0,1944-01-30,9,GERMANY,UNIDENTIFIED TARGET,UNIDENTIFIED TARGETS,52.25,10.5,B17,4.0,,251.0,76.0,,,76.0,NOT INDICATED
38932,162091.0,1944-01-30,9,GERMANY,UNIDENTIFIED TARGET,UNIDENTIFIED TARGETS,52.25,10.5,B17,4.0,,233.0,45.0,13.0,,58.0,F.F.F.
38965,162092.0,1944-01-30,9,GERMANY,UNIDENTIFIED TARGET,UNIDENTIFIED TARGETS,52.25,10.5,B17,4.0,,,,,,,NOT INDICATED
38929,162093.0,1944-01-30,9,GERMANY,UNIDENTIFIED TARGET,UNIDENTIFIED TARGETS,52.25,10.5,B17,4.0,,250.0,17.0,,,17.0,NOT INDICATED
39217,162095.0,1944-01-30,8,GERMANY,AC FACTORIES,AIRCRAFT FACTORIES AND ASSEMBLY PLANTS,52.25,10.5,B17,4.0,,220.0,51.0,14.0,,65.0,NOT INDICATED
39208,162096.0,1944-01-30,8,GERMANY,AC FACTORIES,AIRCRAFT FACTORIES AND ASSEMBLY PLANTS,52.25,10.5,B17,4.0,,230.0,111.0,,,111.0,F.F.F.
38994,162097.0,1944-01-30,8,GERMANY,AC FACTORIES,AIRCRAFT FACTORIES AND ASSEMBLY PLANTS,52.25,10.5,B17,4.0,,245.0,,14.0,,14.0,NOT INDICATED
38986,162098.0,1944-01-30,8,GERMANY,AC FACTORIES,AIRCRAFT FACTORIES AND ASSEMBLY PLANTS,52.25,10.5,B17,4.0,,250.0,50.0,,,50.0,F.F.F.
38971,162099.0,1944-01-30,8,GERMANY,AC FACTORIES,AIRCRAFT FACTORIES AND ASSEMBLY PLANTS,52.25,10.5,B17,4.0,,282.0,39.0,21.0,,60.0,NOT INDICATED
38977,162100.0,1944-01-30,8,GERMANY,AC FACTORIES,AIRCRAFT FACTORIES AND ASSEMBLY PLANTS,52.25,10.5,B17,4.0,,266.0,42.0,16.0,,58.0,F.F.F.
38999,162101.0,1944-01-30,8,GERMANY,AC FACTORIES,AIRCRAFT FACTORIES AND ASSEMBLY PLANTS,52.25,10.5,B17,4.0,,244.0,,42.0,,42.0,F.F.F.
38989,162102.0,1944-01-30,8,GERMANY,AC FACTORIES,AIRCRAFT FACTORIES AND ASSEMBLY PLANTS,52.25,10.5,B17,4.0,,248.0,,58.0,,58.0,F.F.F.
39211,162103.0,1944-01-30,8,GERMANY,AC FACTORIES,AIRCRAFT FACTORIES AND ASSEMBLY PLANTS,52.25,10.5,B17,4.0,,225.0,39.0,14.0,,53.0,F.F.F.
39214,162104.0,1944-01-30,8,GERMANY,AC FACTORIES,AIRCRAFT FACTORIES AND ASSEMBLY PLANTS,52.25,10.5,B17,4.0,,223.0,57.0,12.0,,69.0,F.F.F.
39202,162105.0,1944-01-30,8,GERMANY,AC FACTORIES,AIRCRAFT FACTORIES AND ASSEMBLY PLANTS,52.25,10.5,B17,4.0,,240.0,101.0,,,101.0,NOT INDICATED
38974,162106.0,1944-01-30,8,GERMANY,AC FACTORIES,AIRCRAFT FACTORIES AND ASSEMBLY PLANTS,52.25,10.5,B17,4.0,,268.0,44.0,60.0,,104.0,F.F.F.
38982,162107.0,1944-01-30,8,GERMANY,AC FACTORIES,AIRCRAFT FACTORIES AND ASSEMBLY PLANTS,52.25,10.5,B17,4.0,,260.0,,45.0,,45.0,F.F.F.
38983,162108.0,1944-01-30,8,GERMANY,AC FACTORIES,AIRCRAFT FACTORIES AND ASSEMBLY PLANTS,52.25,10.5,B17,4.0,,260.0,20.0,41.0,,61.0,F.F.F.
39220,162109.0,1944-01-30,8,GERMANY,AC FACTORIES,AIRCRAFT FACTORIES AND ASSEMBLY PLANTS,52.25,10.5,B24,4.0,,210.0,74.0,,,74.0,F.F.F.
39231,162110.0,1944-01-30,8,GERMANY,AC FACTORIES,AIRCRAFT FACTORIES AND ASSEMBLY PLANTS,52.25,10.5,B17,3.0,,,42.0,,,42.0,F.F.F.
39205,162111.0,1944-01-30,8,GERMANY,AC FACTORIES,AIRCRAFT FACTORIES AND ASSEMBLY PLANTS,52.25,10.5,B17,3.0,,236.0,10.0,,,10.0,F.F.F.
38995,162112.0,1944-01-30,8,GERMANY,BUSSING MT PLANT,VEHICLE MFG. PLANTS,52.25,10.5,B17,4.0,,245.0,98.0,,,98.0,F.F.F.
39228,162113.0,1944-01-30,8,GERMANY,BUSSING MT PLANT,VEHICLE MFG. PLANTS,52.25,10.5,B24,4.0,,,3.0,,,3.0,F.F.F.
39223,162114.0,1944-01-30,8,GERMANY,BUSSING MT PLANT,VEHICLE MFG. PLANTS,52.25,10.5,B24,4.0,,199.0,45.0,,,45.0,F.F.F.
38996,162115.0,1944-01-30,8,GERMANY,BUSSING MT PLANT,VEHICLE MFG. PLANTS,52.25,10.5,B17,4.0,,245.0,98.0,,,98.0,F.F.F.
39230,162116.0,1944-01-30,8,GERMANY,BUSSING MT PLANT,VEHICLE MFG. PLANTS,52.25,10.5,B24,4.0,,,3.0,,,3.0,F.F.F.
39224,162117.0,1944-01-30,8,GERMANY,BUSSING MT PLANT,VEHICLE MFG. PLANTS,52.25,10.5,B24,4.0,,199.0,45.0,,,45.0,F.F.F.
38922,200805.0,1944-01-30,15,ALBANIA,FIER RADAR STATION,RADIO & RADAR INSTALLATIONS,40.73,19.45,B24,4.0,35.0,195.0,87.0,,,87.0,NOT INDICATED
38920,210592.0,1944-01-30,15,ALBANIA,FIER RADAR STATION,RADIO & RADAR INSTALLATIONS,40.73,19.45,B24,4.0,35.0,195.0,87.0,,,87.0,NOT INDICATED
39504,98129.0,1944-01-31,15,AUSTRIA,AIRDROME,AIR FIELDS AND AIRDROMES,46.63,14.3,B17,4.0,36.0,225.0,102.0,,,102.0,NOT INDICATED
39501,98130.0,1944-01-31,15,AUSTRIA,AIRDROME,AIR FIELDS AND AIRDROMES,46.63,14.3,B17,4.0,33.0,230.0,99.0,,,99.0,NOT INDICATED
39505,200814.0,1944-01-31,15,AUSTRIA,AIRDROME,AIR FIELDS AND AIRDROMES,46.63,14.3,B17,4.0,36.0,225.0,102.0,,,102.0,NOT INDICATED
39502,200815.0,1944-01-31,15,AUSTRIA,AIRDROME,AIR FIELDS AND AIRDROMES,46.63,14.3,B17,4.0,33.0,230.0,99.0,,,99.0,NOT INDICATED
39506,200830.0,1944-01-31,15,AUSTRIA,AIRDROME,AIR FIELDS AND AIRDROMES,46.63,14.3,B17,4.0,36.0,225.0,102.0,,,102.0,NOT INDICATED
39503,200831.0,1944-01-31,15,AUSTRIA,AIRDROME,AIR FIELDS AND AIRDROMES,46.63,14.3,B17,4.0,33.0,230.0,99.0,,,99.0,NOT INDICATED
39588,98145.0,1944-02-02,15,ALBANIA,RADAR STATIONS,RADIO & RADAR INSTALLATIONS,41.32,19.47,B24,4.0,41.0,175.0,97.0,,,97.0,NOT INDICATED
39589,200845.0,1944-02-02,15,ALBANIA,RADAR STATIONS,RADIO & RADAR INSTALLATIONS,41.32,19.47,B24,4.0,41.0,175.0,97.0,,,97.0,NOT INDICATED
39587,210593.0,1944-02-02,15,ALBANIA,RADAR STATIONS,RADIO & RADAR INSTALLATIONS,41.32,19.47,B24,4.0,41.0,175.0,97.0,,,97.0,NOT INDICATED
39848,98162.0,1944-02-03,15,GERMANY,CITY AREA,CITIES TOWNS AND URBAN AREAS,48.45,12.17,B17,4.0,,,,,,,NOT INDICATED
39845,98163.0,1944-02-03,15,GERMANY,CITY AREA,CITIES TOWNS AND URBAN AREAS,48.45,12.17,B17,4.0,,273.0,2.0,,,2.0,NOT INDICATED
39849,162134.0,1944-02-03,15,GERMANY,CITY AREA,CITIES TOWNS AND URBAN AREAS,48.45,12.17,B17,4.0,,,,,,,NOT INDICATED
39846,162135.0,1944-02-03,15,GERMANY,CITY AREA,CITIES TOWNS AND URBAN AREAS,48.45,12.17,B17,4.0,,273.0,2.0,,,2.0,NOT INDICATED
39850,162140.0,1944-02-03,15,GERMANY,CITY AREA,CITIES TOWNS AND URBAN AREAS,48.45,12.17,B17,4.0,,,,,,,NOT INDICATED
39847,162141.0,1944-02-03,15,GERMANY,CITY AREA,CITIES TOWNS AND URBAN AREAS,48.45,12.17,B17,4.0,,273.0,2.0,,,2.0,NOT INDICATED
40328,98165.0,1944-02-04,8,GERMANY,MANUFACTURING INSTALL,MANUFACTURING INSTALLATIONS (NOT SPECIFICALLY IDENTIFIED BELOW FROM CLASS 11 THROUGH 59),50.1,8.67,B17,4.0,,265.0,87.0,,,87.0,F.F.F.
40333,98166.0,1944-02-04,8,GERMANY,MANUFACTURING INSTALL,MANUFACTURING INSTALLATIONS (NOT SPECIFICALLY IDENTIFIED BELOW FROM CLASS 11 THROUGH 59),50.1,8.67,B17,4.0,,241.0,43.0,45.0,,88.0,NOT INDICATED
40336,98167.0,1944-02-04,8,GERMANY,ENGINE PLANTS,ENGINE PLANTS,50.1,8.67,B17,4.0,,231.0,78.0,,,78.0,F.F.F.
40184,98169.0,1944-02-04,9,GERMANY,UNIDENTIFIED TARGET,UNIDENTIFIED TARGETS,50.35,7.6,B17,1.0,,240.0,87.0,,,87.0,F.F.F.
40199,98170.0,1944-02-04,9,GERMANY,UNIDENTIFIED TARGET,UNIDENTIFIED TARGETS,50.1,8.67,B17,4.0,,230.0,47.0,,,47.0,F.F.F.
40309,98171.0,1944-02-04,9,GERMANY,UNIDENTIFIED TARGET,UNIDENTIFIED TARGETS,50.1,8.67,B17,4.0,,227.0,,29.0,,29.0,NOT INDICATED
40315,98172.0,1944-02-04,9,GERMANY,UNIDENTIFIED TARGET,UNIDENTIFIED TARGETS,50.1,8.67,B17,4.0,,220.0,50.0,28.0,,78.0,F.F.F.
40322,98173.0,1944-02-04,9,GERMANY,UNIDENTIFIED TARGET,UNIDENTIFIED TARGETS,50.1,8.67,B17,4.0,,,,,,,NOT INDICATED
40175,98174.0,1944-02-04,9,GERMANY,UNIDENTIFIED TARGET,UNIDENTIFIED TARGETS,50.1,8.67,B17,4.0,,250.0,14.0,,,14.0,NOT INDICATED
40176,98176.0,1944-02-04,9,GERMANY,CITY AREA,CITIES TOWNS AND URBAN AREAS,50.1,8.67,B17,4.0,,250.0,,43.0,,43.0,F.F.F.
40172,98177.0,1944-02-04,9,GERMANY,CITY AREA,CITIES TOWNS AND URBAN AREAS,50.1,8.67,B17,4.0,,251.0,,38.0,,38.0,NOT INDICATED
40323,98178.0,1944-02-04,9,GERMANY,CITY AREA,CITIES TOWNS AND URBAN AREAS,50.1,8.67,B17,4.0,,,9.0,,,9.0,NOT INDICATED
40187,98179.0,1944-02-04,9,GERMANY,CITY AREA,CITIES TOWNS AND URBAN AREAS,50.1,8.67,B17,4.0,,240.0,76.0,,,76.0,NOT INDICATED
40301,98180.0,1944-02-04,9,GERMANY,CITY AREA,CITIES TOWNS AND URBAN AREAS,50.1,8.67,B17,4.0,,230.0,38.0,29.0,,67.0,F.F.F.
40302,98181.0,1944-02-04,9,GERMANY,CITY AREA,CITIES TOWNS AND URBAN AREAS,50.1,8.67,B17,4.0,,230.0,95.0,,,95.0,F.F.F.
40193,98182.0,1944-02-04,9,GERMANY,CITY AREA,CITIES TOWNS AND URBAN AREAS,50.1,8.67,B17,4.0,,235.0,48.0,23.0,,71.0,F.F.F.
40312,98183.0,1944-02-04,9,GERMANY,CITY AREA,CITIES TOWNS AND URBAN AREAS,50.1,8.67,B17,4.0,,221.0,42.0,17.0,,59.0,NOT INDICATED
40188,98184.0,1944-02-04,9,GERMANY,CITY AREA,CITIES TOWNS AND URBAN AREAS,50.1,8.67,B17,4.0,,240.0,,47.0,,47.0,F.F.F.
40177,98185.0,1944-02-04,9,GERMANY,CITY AREA,CITIES TOWNS AND URBAN AREAS,50.1,8.67,B17,4.0,,250.0,75.0,,,75.0,F.F.F.
40194,98186.0,1944-02-04,9,GERMANY,CITY AREA,CITIES TOWNS AND URBAN AREAS,50.1,8.67,B17,4.0,,235.0,65.0,,,65.0,NOT INDICATED
40319,98187.0,1944-02-04,9,GERMANY,CITY AREA,CITIES TOWNS AND URBAN AREAS,50.1,8.67,B24,1.0,,200.0,71.0,,,71.0,F.F.F.
40337,162149.0,1944-02-04,8,GERMANY,ENGINE PLANTS,ENGINE PLANTS,50.1,8.67,B17,4.0,,231.0,78.0,,,78.0,F.F.F.
40185,162151.0,1944-02-04,9,GERMANY,UNIDENTIFIED TARGET,UNIDENTIFIED TARGETS,50.35,7.6,B17,1.0,,240.0,87.0,,,87.0,F.F.F.
40303,162152.0,1944-02-04,9,GERMANY,UNIDENTIFIED TARGET,UNIDENTIFIED TARGETS,50.1,8.67,B17,4.0,,230.0,47.0,,,47.0,F.F.F.
40310,162153.0,1944-02-04,9,GERMANY,UNIDENTIFIED TARGET,UNIDENTIFIED TARGETS,50.1,8.67,B17,4.0,,227.0,,29.0,,29.0,NOT INDICATED
40316,162154.0,1944-02-04,9,GERMANY,UNIDENTIFIED TARGET,UNIDENTIFIED TARGETS,50.1,8.67,B17,4.0,,220.0,50.0,28.0,,78.0,F.F.F.
40324,162155.0,1944-02-04,9,GERMANY,UNIDENTIFIED TARGET,UNIDENTIFIED TARGETS,50.1,8.67,B17,4.0,,,,,,,NOT INDICATED
40178,162156.0,1944-02-04,9,GERMANY,UNIDENTIFIED TARGET,UNIDENTIFIED TARGETS,50.1,8.67,B17,4.0,,250.0,14.0,,,14.0,NOT INDICATED
40179,162159.0,1944-02-04,9,GERMANY,CITY AREA,CITIES TOWNS AND URBAN AREAS,50.1,8.67,B17,4.0,,250.0,,43.0,,43.0,F.F.F.
40173,162160.0,1944-02-04,9,GERMANY,CITY AREA,CITIES TOWNS AND URBAN AREAS,50.1,8.67,B17,4.0,,251.0,,38.0,,38.0,NOT INDICATED
40325,162161.0,1944-02-04,9,GERMANY,CITY AREA,CITIES TOWNS AND URBAN AREAS,50.1,8.67,B17,4.0,,,9.0,,,9.0,NOT INDICATED
40189,162162.0,1944-02-04,9,GERMANY,CITY AREA,CITIES TOWNS AND URBAN AREAS,50.1,8.67,B17,4.0,,240.0,76.0,,,76.0,NOT INDICATED
40304,162163.0,1944-02-04,9,GERMANY,CITY AREA,CITIES TOWNS AND URBAN AREAS,50.1,8.67,B17,4.0,,230.0,38.0,29.0,,67.0,F.F.F.
40305,162164.0,1944-02-04,9,GERMANY,CITY AREA,CITIES TOWNS AND URBAN AREAS,50.1,8.67,B17,4.0,,230.0,95.0,,,95.0,F.F.F.
40195,162165.0,1944-02-04,9,GERMANY,CITY AREA,CITIES TOWNS AND URBAN AREAS,50.1,8.67,B17,4.0,,235.0,48.0,23.0,,71.0,F.F.F.
40313,162166.0,1944-02-04,9,GERMANY,CITY AREA,CITIES TOWNS AND URBAN AREAS,50.1,8.67,B17,4.0,,221.0,42.0,17.0,,59.0,NOT INDICATED
40190,162167.0,1944-02-04,9,GERMANY,CITY AREA,CITIES TOWNS AND URBAN AREAS,50.1,8.67,B17,4.0,,240.0,,47.0,,47.0,F.F.F.
40180,162168.0,1944-02-04,9,GERMANY,CITY AREA,CITIES TOWNS AND URBAN AREAS,50.1,8.67,B17,4.0,,250.0,75.0,,,75.0,F.F.F.
40196,162169.0,1944-02-04,9,GERMANY,CITY AREA,CITIES TOWNS AND URBAN AREAS,50.1,8.67,B17,4.0,,235.0,65.0,,,65.0,NOT INDICATED
40320,162170.0,1944-02-04,9,GERMANY,CITY AREA,CITIES TOWNS AND URBAN AREAS,50.1,8.67,B24,1.0,,200.0,71.0,,,71.0,F.F.F.
40181,162173.0,1944-02-04,9,GERMANY,CITY AREA,CITIES TOWNS AND URBAN AREAS,50.1,8.67,B17,4.0,,250.0,,43.0,,43.0,F.F.F.
40174,162174.0,1944-02-04,9,GERMANY,CITY AREA,CITIES TOWNS AND URBAN AREAS,50.1,8.67,B17,4.0,,251.0,,38.0,,38.0,NOT INDICATED
40326,162175.0,1944-02-04,9,GERMANY,CITY AREA,CITIES TOWNS AND URBAN AREAS,50.1,8.67,B17,4.0,,,9.0,,,9.0,NOT INDICATED
40191,162176.0,1944-02-04,9,GERMANY,CITY AREA,CITIES TOWNS AND URBAN AREAS,50.1,8.67,B17,4.0,,240.0,76.0,,,76.0,NOT INDICATED
40306,162177.0,1944-02-04,9,GERMANY,CITY AREA,CITIES TOWNS AND URBAN AREAS,50.1,8.67,B17,4.0,,230.0,38.0,29.0,,67.0,F.F.F.
40307,162178.0,1944-02-04,9,GERMANY,CITY AREA,CITIES TOWNS AND URBAN AREAS,50.1,8.67,B17,4.0,,230.0,95.0,,,95.0,F.F.F.
40197,162179.0,1944-02-04,9,GERMANY,CITY AREA,CITIES TOWNS AND URBAN AREAS,50.1,8.67,B17,4.0,,235.0,48.0,23.0,,71.0,F.F.F.
40314,162180.0,1944-02-04,9,GERMANY,CITY AREA,CITIES TOWNS AND URBAN AREAS,50.1,8.67,B17,4.0,,221.0,42.0,17.0,,59.0,NOT INDICATED
40192,162181.0,1944-02-04,9,GERMANY,CITY AREA,CITIES TOWNS AND URBAN AREAS,50.1,8.67,B17,4.0,,240.0,,47.0,,47.0,F.F.F.
40182,162182.0,1944-02-04,9,GERMANY,CITY AREA,CITIES TOWNS AND URBAN AREAS,50.1,8.67,B17,4.0,,250.0,75.0,,,75.0,F.F.F.
40198,162183.0,1944-02-04,9,GERMANY,CITY AREA,CITIES TOWNS AND URBAN AREAS,50.1,8.67,B17,4.0,,235.0,65.0,,,65.0,NOT INDICATED
40321,162184.0,1944-02-04,9,GERMANY,CITY AREA,CITIES TOWNS AND URBAN AREAS,50.1,8.67,B24,1.0,,200.0,71.0,,,71.0,F.F.F.
40332,162185.0,1944-02-04,8,GERMANY,MANUFACTURING INSTALL,MANUFACTURING INSTALLATIONS (NOT SPECIFICALLY IDENTIFIED BELOW FROM CLASS 11 THROUGH 59),50.1,8.67,B17,4.0,,244.0,68.0,,,68.0,F.F.F.
40329,162186.0,1944-02-04,8,GERMANY,MANUFACTURING INSTALL,MANUFACTURING INSTALLATIONS (NOT SPECIFICALLY IDENTIFIED BELOW FROM CLASS 11 THROUGH 59),50.1,8.67,B17,4.0,,265.0,87.0,,,87.0,F.F.F.
40334,162187.0,1944-02-04,8,GERMANY,MANUFACTURING INSTALL,MANUFACTURING INSTALLATIONS (NOT SPECIFICALLY IDENTIFIED BELOW FROM CLASS 11 THROUGH 59),50.1,8.67,B17,4.0,,241.0,43.0,45.0,,88.0,NOT INDICATED
40330,162188.0,1944-02-04,8,GERMANY,MANUFACTURING INSTALL,MANUFACTURING INSTALLATIONS (NOT SPECIFICALLY IDENTIFIED BELOW FROM CLASS 11 THROUGH 59),50.1,8.67,B17,4.0,,265.0,87.0,,,87.0,F.F.F.
40335,162189.0,1944-02-04,8,GERMANY,MANUFACTURING INSTALL,MANUFACTURING INSTALLATIONS (NOT SPECIFICALLY IDENTIFIED BELOW FROM CLASS 11 THROUGH 59),50.1,8.67,B17,4.0,,241.0,43.0,45.0,,88.0,NOT INDICATED
40186,162190.0,1944-02-04,9,GERMANY,UNIDENTIFIED TARGET,UNIDENTIFIED TARGETS,50.35,7.6,B17,1.0,,240.0,87.0,,,87.0,F.F.F.
40308,162191.0,1944-02-04,9,GERMANY,UNIDENTIFIED TARGET,UNIDENTIFIED TARGETS,50.1,8.67,B17,4.0,,230.0,47.0,,,47.0,F.F.F.
40311,162192.0,1944-02-04,9,GERMANY,UNIDENTIFIED TARGET,UNIDENTIFIED TARGETS,50.1,8.67,B17,4.0,,227.0,,29.0,,29.0,NOT INDICATED
40318,162193.0,1944-02-04,9,GERMANY,UNIDENTIFIED TARGET,UNIDENTIFIED TARGETS,50.1,8.67,B17,4.0,,220.0,50.0,28.0,,78.0,F.F.F.
40327,162194.0,1944-02-04,9,GERMANY,UNIDENTIFIED TARGET,UNIDENTIFIED TARGETS,50.1,8.67,B17,4.0,,,,,,,NOT INDICATED
40183,162195.0,1944-02-04,9,GERMANY,UNIDENTIFIED TARGET,UNIDENTIFIED TARGETS,50.1,8.67,B17,4.0,,250.0,14.0,,,14.0,NOT INDICATED
40338,162197.0,1944-02-04,8,GERMANY,ENGINE PLANTS,ENGINE PLANTS,50.1,8.67,B17,4.0,,231.0,78.0,,,78.0,F.F.F.
40171,162200.0,1944-02-04,9,GERMANY,RR,"""RR INSTALLATIONS,  TRACKS,  MARSHALLING YARDS,  AND STATIONS""",50.4,10.02,B17,3.0,13.0,256.0,39.0,,,39.0,F.F.F.
40317,162201.0,1944-02-04,9,GERMANY,MARSHALLING YARD,"""RR INSTALLATIONS,  TRACKS,  MARSHALLING YARDS,  AND STATIONS""",50.1,8.67,B24,3.0,,220.0,,34.0,,34.0,F.F.F.
40331,192474.0,1944-02-04,8,GERMANY,MANUFACTURING INSTALL,MANUFACTURING INSTALLATIONS (NOT SPECIFICALLY IDENTIFIED BELOW FROM CLASS 11 THROUGH 59),50.1,8.67,B17,4.0,,244.0,68.0,,,68.0,F.F.F.
40970,98257.0,1944-02-06,9,GERMANY,CITY AREA,CITIES TOWNS AND URBAN AREAS,50.1,8.67,B17,4.0,,250.0,44.0,,,44.0,F.F.F.
40971,162215.0,1944-02-06,9,GERMANY,CITY AREA,CITIES TOWNS AND URBAN AREAS,50.1,8.67,B17,4.0,,250.0,44.0,,,44.0,F.F.F.
40972,162220.0,1944-02-06,9,GERMANY,CITY AREA,CITIES TOWNS AND URBAN AREAS,50.1,8.67,B17,4.0,,250.0,44.0,,,44.0,F.F.F.
41560,98268.0,1944-02-08,8,GERMANY,MANUFACTURING INSTALL,MANUFACTURING INSTALLATIONS (NOT SPECIFICALLY IDENTIFIED BELOW FROM CLASS 11 THROUGH 59),50.1,8.67,B17,4.0,,239.0,60.0,,,60.0,F.F.F.
41552,98288.0,1944-02-08,9,FRANCE,UNIDENTIFIED TARGET,UNIDENTIFIED TARGETS,46.43,-1.48,B26,4.0,,125.0,26.0,,,26.0,NOT INDICATED
41554,98289.0,1944-02-08,9,FRANCE,UNIDENTIFIED TARGET,UNIDENTIFIED TARGETS,46.43,-1.48,B26,4.0,,111.0,20.0,,,20.0,GEE
41530,98300.0,1944-02-08,9,GERMANY,CITY AREA,CITIES TOWNS AND URBAN AREAS,50.1,8.67,B17,4.0,,269.0,50.0,,,50.0,F.F.F.
41543,98301.0,1944-02-08,9,GERMANY,CITY AREA,CITIES TOWNS AND URBAN AREAS,50.1,8.67,B17,4.0,,247.0,35.0,,,35.0,NOT INDICATED
41534,98302.0,1944-02-08,9,GERMANY,CITY AREA,CITIES TOWNS AND URBAN AREAS,50.1,8.67,B17,4.0,,264.0,,22.0,,22.0,F.F.F.
41546,98303.0,1944-02-08,9,GERMANY,CITY AREA,CITIES TOWNS AND URBAN AREAS,50.1,8.67,B17,4.0,,243.0,47.0,,,47.0,NOT INDICATED
41549,98304.0,1944-02-08,9,GERMANY,CITY AREA,CITIES TOWNS AND URBAN AREAS,50.1,8.67,B17,4.0,,235.0,,54.0,,54.0,F.F.F.
41557,98305.0,1944-02-08,9,GERMANY,CITY AREA,CITIES TOWNS AND URBAN AREAS,50.1,8.67,B17,4.0,,,,,,,NOT INDICATED
41540,98306.0,1944-02-08,9,GERMANY,CITY AREA,CITIES TOWNS AND URBAN AREAS,50.1,8.67,B17,4.0,,250.0,9.0,,,9.0,NOT INDICATED
41537,98307.0,1944-02-08,9,GERMANY,CITY AREA,CITIES TOWNS AND URBAN AREAS,50.1,8.67,B17,4.0,,260.0,38.0,,,38.0,NOT INDICATED
41553,162242.0,1944-02-08,9,FRANCE,UNIDENTIFIED TARGET,UNIDENTIFIED TARGETS,46.43,-1.48,B26,4.0,,125.0,26.0,,,26.0,NOT INDICATED
41555,162243.0,1944-02-08,9,FRANCE,UNIDENTIFIED TARGET,UNIDENTIFIED TARGETS,46.43,-1.48,B26,4.0,,111.0,20.0,,,20.0,GEE
41531,162246.0,1944-02-08,9,GERMANY,CITY AREA,CITIES TOWNS AND URBAN AREAS,50.1,8.67,B17,4.0,,269.0,50.0,,,50.0,F.F.F.
41544,162247.0,1944-02-08,9,GERMANY,CITY AREA,CITIES TOWNS AND URBAN AREAS,50.1,8.67,B17,4.0,,247.0,35.0,,,35.0,NOT INDICATED
41535,162248.0,1944-02-08,9,GERMANY,CITY AREA,CITIES TOWNS AND URBAN AREAS,50.1,8.67,B17,4.0,,264.0,,22.0,,22.0,F.F.F.
41547,162249.0,1944-02-08,9,GERMANY,CITY AREA,CITIES TOWNS AND URBAN AREAS,50.1,8.67,B17,4.0,,243.0,47.0,,,47.0,NOT INDICATED
41550,162250.0,1944-02-08,9,GERMANY,CITY AREA,CITIES TOWNS AND URBAN AREAS,50.1,8.67,B17,4.0,,235.0,,54.0,,54.0,F.F.F.
41558,162251.0,1944-02-08,9,GERMANY,CITY AREA,CITIES TOWNS AND URBAN AREAS,50.1,8.67,B17,4.0,,,,,,,NOT INDICATED
41541,162252.0,1944-02-08,9,GERMANY,CITY AREA,CITIES TOWNS AND URBAN AREAS,50.1,8.67,B17,4.0,,250.0,9.0,,,9.0,NOT INDICATED
41538,162253.0,1944-02-08,9,GERMANY,CITY AREA,CITIES TOWNS AND URBAN AREAS,50.1,8.67,B17,4.0,,260.0,38.0,,,38.0,NOT INDICATED
41532,162262.0,1944-02-08,9,GERMANY,CITY AREA,CITIES TOWNS AND URBAN AREAS,50.1,8.67,B17,4.0,,269.0,50.0,,,50.0,F.F.F.
41545,162263.0,1944-02-08,9,GERMANY,CITY AREA,CITIES TOWNS AND URBAN AREAS,50.1,8.67,B17,4.0,,247.0,35.0,,,35.0,NOT INDICATED
41536,162264.0,1944-02-08,9,GERMANY,CITY AREA,CITIES TOWNS AND URBAN AREAS,50.1,8.67,B17,4.0,,264.0,,22.0,,22.0,F.F.F.
41548,162265.0,1944-02-08,9,GERMANY,CITY AREA,CITIES TOWNS AND URBAN AREAS,50.1,8.67,B17,4.0,,243.0,47.0,,,47.0,NOT INDICATED
41551,162266.0,1944-02-08,9,GERMANY,CITY AREA,CITIES TOWNS AND URBAN AREAS,50.1,8.67,B17,4.0,,235.0,,54.0,,54.0,F.F.F.
41559,162267.0,1944-02-08,9,GERMANY,CITY AREA,CITIES TOWNS AND URBAN AREAS,50.1,8.67,B17,4.0,,,,,,,NOT INDICATED
41542,162268.0,1944-02-08,9,GERMANY,CITY AREA,CITIES TOWNS AND URBAN AREAS,50.1,8.67,B17,4.0,,250.0,9.0,,,9.0,NOT INDICATED
41539,162269.0,1944-02-08,9,GERMANY,CITY AREA,CITIES TOWNS AND URBAN AREAS,50.1,8.67,B17,1.0,,260.0,38.0,,,38.0,NOT INDICATED
41561,162270.0,1944-02-08,8,GERMANY,MANUFACTURING INSTALL,MANUFACTURING INSTALLATIONS (NOT SPECIFICALLY IDENTIFIED BELOW FROM CLASS 11 THROUGH 59),50.1,8.67,B17,4.0,,239.0,60.0,,,60.0,F.F.F.
41562,162271.0,1944-02-08,8,GERMANY,MANUFACTURING INSTALL,MANUFACTURING INSTALLATIONS (NOT SPECIFICALLY IDENTIFIED BELOW FROM CLASS 11 THROUGH 59),50.1,8.67,B17,4.0,,239.0,60.0,,,60.0,F.F.F.
42415,98326.0,1944-02-10,8,GERMANY,AC FACTORIES,AIRCRAFT FACTORIES AND ASSEMBLY PLANTS,52.25,10.5,B17,4.0,,,,9.0,,9.0,NOT INDICATED
42412,98327.0,1944-02-10,8,GERMANY,AC FACTORIES,AIRCRAFT FACTORIES AND ASSEMBLY PLANTS,52.25,10.5,B17,4.0,,242.0,23.0,,,23.0,NOT INDICATED
42401,98329.0,1944-02-10,9,FRANCE,TILLIE AD,AIR FIELDS AND AIRDROMES,49.43,-2.08,B26,2.0,,112.0,23.0,,,23.0,NOT INDICATED
42198,98340.0,1944-02-10,9,GERMANY,CITY AREA,CITIES TOWNS AND URBAN AREAS,52.25,10.5,B17,4.0,,223.0,36.0,9.0,,45.0,F.F.F.
42177,98341.0,1944-02-10,9,GERMANY,CITY AREA,CITIES TOWNS AND URBAN AREAS,52.25,10.5,B17,4.0,,240.0,38.0,9.0,,47.0,F.F.F.
42192,98342.0,1944-02-10,9,GERMANY,CITY AREA,CITIES TOWNS AND URBAN AREAS,52.25,10.5,B17,4.0,,229.0,23.0,9.0,,32.0,NOT INDICATED
42403,98343.0,1944-02-10,9,GERMANY,CITY AREA,CITIES TOWNS AND URBAN AREAS,52.25,10.5,B17,4.0,,,3.0,,,3.0,F.F.F.
42178,98344.0,1944-02-10,9,GERMANY,CITY AREA,CITIES TOWNS AND URBAN AREAS,52.25,10.5,B17,4.0,,240.0,30.0,14.0,,44.0,F.F.F.
42404,98345.0,1944-02-10,9,GERMANY,CITY AREA,CITIES TOWNS AND URBAN AREAS,52.25,10.5,B17,4.0,,,,5.0,,5.0,VISUAL
42189,98346.0,1944-02-10,9,GERMANY,CITY AREA,CITIES TOWNS AND URBAN AREAS,52.25,10.5,B17,4.0,,230.0,31.0,4.0,,35.0,VISUAL
42186,98347.0,1944-02-10,9,GERMANY,CITY AREA,CITIES TOWNS AND URBAN AREAS,52.25,10.5,B17,4.0,,235.0,,8.0,,8.0,NOT INDICATED
42174,98348.0,1944-02-10,9,GERMANY,CITY AREA,CITIES TOWNS AND URBAN AREAS,52.25,10.5,B17,4.0,,247.0,33.0,14.0,,47.0,NOT INDICATED
42195,98349.0,1944-02-10,9,GERMANY,CITY AREA,CITIES TOWNS AND URBAN AREAS,52.25,10.5,B17,4.0,,225.0,26.0,6.0,,32.0,NOT INDICATED
42405,98350.0,1944-02-10,9,GERMANY,CITY AREA,CITIES TOWNS AND URBAN AREAS,52.25,10.5,B17,4.0,,,,,,,NOT INDICATED
42179,98351.0,1944-02-10,9,GERMANY,CITY AREA,CITIES TOWNS AND URBAN AREAS,52.25,10.5,B17,4.0,,240.0,4.0,,,4.0,NOT INDICATED
42416,162290.0,1944-02-10,8,GERMANY,AC FACTORIES,AIRCRAFT FACTORIES AND ASSEMBLY PLANTS,52.25,10.5,B17,4.0,,,,9.0,,9.0,NOT INDICATED
42413,162291.0,1944-02-10,8,GERMANY,AC FACTORIES,AIRCRAFT FACTORIES AND ASSEMBLY PLANTS,52.25,10.5,B17,4.0,,242.0,23.0,,,23.0,NOT INDICATED
42199,162294.0,1944-02-10,9,GERMANY,CITY AREA,CITIES TOWNS AND URBAN AREAS,52.25,10.5,B17,4.0,,223.0,36.0,9.0,,45.0,F.F.F.
42180,162295.0,1944-02-10,9,GERMANY,CITY AREA,CITIES TOWNS AND URBAN AREAS,52.25,10.5,B17,4.0,,240.0,38.0,9.0,,47.0,F.F.F.
42193,162296.0,1944-02-10,9,GERMANY,CITY AREA,CITIES TOWNS AND URBAN AREAS,52.25,10.5,B17,4.0,,229.0,23.0,9.0,,32.0,NOT INDICATED
42406,162297.0,1944-02-10,9,GERMANY,CITY AREA,CITIES TOWNS AND URBAN AREAS,52.25,10.5,B17,4.0,,,3.0,,,3.0,F.F.F.
42181,162298.0,1944-02-10,9,GERMANY,CITY AREA,CITIES TOWNS AND URBAN AREAS,52.25,10.5,B17,4.0,,240.0,30.0,14.0,,44.0,F.F.F.
42407,162299.0,1944-02-10,9,GERMANY,CITY AREA,CITIES TOWNS AND URBAN AREAS,52.25,10.5,B17,4.0,,,,5.0,,5.0,VISUAL
42190,162300.0,1944-02-10,9,GERMANY,CITY AREA,CITIES TOWNS AND URBAN AREAS,52.25,10.5,B17,4.0,,230.0,31.0,4.0,,35.0,VISUAL
42187,162301.0,1944-02-10,9,GERMANY,CITY AREA,CITIES TOWNS AND URBAN AREAS,52.25,10.5,B17,4.0,,235.0,,8.0,,8.0,NOT INDICATED
42175,162302.0,1944-02-10,9,GERMANY,CITY AREA,CITIES TOWNS AND URBAN AREAS,52.25,10.5,B17,4.0,,247.0,33.0,14.0,,47.0,NOT INDICATED
42196,162303.0,1944-02-10,9,GERMANY,CITY AREA,CITIES TOWNS AND URBAN AREAS,52.25,10.5,B17,4.0,,225.0,26.0,6.0,,32.0,NOT INDICATED
42408,162304.0,1944-02-10,9,GERMANY,CITY AREA,CITIES TOWNS AND URBAN AREAS,52.25,10.5,B17,4.0,,,,,,,NOT INDICATED
42182,162305.0,1944-02-10,9,GERMANY,CITY AREA,CITIES TOWNS AND URBAN AREAS,52.25,10.5,B17,4.0,,240.0,4.0,,,4.0,NOT INDICATED
42200,162308.0,1944-02-10,9,GERMANY,CITY AREA,CITIES TOWNS AND URBAN AREAS,52.25,10.5,B17,4.0,,223.0,36.0,9.0,,45.0,F.F.F.
42183,162309.0,1944-02-10,9,GERMANY,CITY AREA,CITIES TOWNS AND URBAN AREAS,52.25,10.5,B17,4.0,,240.0,38.0,9.0,,47.0,F.F.F.
42194,162310.0,1944-02-10,9,GERMANY,CITY AREA,CITIES TOWNS AND URBAN AREAS,52.25,10.5,B17,4.0,,229.0,23.0,9.0,,32.0,NOT INDICATED
42409,162311.0,1944-02-10,9,GERMANY,CITY AREA,CITIES TOWNS AND URBAN AREAS,52.25,10.5,B17,4.0,,,3.0,,,3.0,F.F.F.
42184,162312.0,1944-02-10,9,GERMANY,CITY AREA,CITIES TOWNS AND URBAN AREAS,52.25,10.5,B17,4.0,,240.0,30.0,14.0,,44.0,F.F.F.
42410,162313.0,1944-02-10,9,GERMANY,CITY AREA,CITIES TOWNS AND URBAN AREAS,52.25,10.5,B17,4.0,,,,5.0,,5.0,VISUAL
42191,162314.0,1944-02-10,9,GERMANY,CITY AREA,CITIES TOWNS AND URBAN AREAS,52.25,10.5,B17,4.0,,230.0,31.0,4.0,,35.0,VISUAL
42188,162315.0,1944-02-10,9,GERMANY,CITY AREA,CITIES TOWNS AND URBAN AREAS,52.25,10.5,B17,4.0,,235.0,,8.0,,8.0,NOT INDICATED
42176,162316.0,1944-02-10,9,GERMANY,CITY AREA,CITIES TOWNS AND URBAN AREAS,52.25,10.5,B17,4.0,,247.0,33.0,14.0,,47.0,NOT INDICATED
42197,162317.0,1944-02-10,9,GERMANY,CITY AREA,CITIES TOWNS AND URBAN AREAS,52.25,10.5,B17,4.0,,225.0,26.0,6.0,,32.0,NOT INDICATED
42411,162318.0,1944-02-10,9,GERMANY,CITY AREA,CITIES TOWNS AND URBAN AREAS,52.25,10.5,B17,4.0,,,,,,,NOT INDICATED
42185,162319.0,1944-02-10,9,GERMANY,CITY AREA,CITIES TOWNS AND URBAN AREAS,52.25,10.5,B17,4.0,,240.0,4.0,,,4.0,NOT INDICATED
42417,162321.0,1944-02-10,8,GERMANY,AC FACTORIES,AIRCRAFT FACTORIES AND ASSEMBLY PLANTS,52.25,10.5,B17,4.0,,,,9.0,,9.0,NOT INDICATED
42414,162322.0,1944-02-10,8,GERMANY,AC FACTORIES,AIRCRAFT FACTORIES AND ASSEMBLY PLANTS,52.25,10.5,B17,4.0,,242.0,23.0,,,23.0,NOT INDICATED
42402,201069.0,1944-02-10,9,FRANCE,TILLIE AD,AIR FIELDS AND AIRDROMES,49.43,-2.08,B26,2.0,,112.0,23.0,,,23.0,NOT INDICATED
42706,98365.0,1944-02-11,9,GERMANY,CITY AREA,CITIES TOWNS AND URBAN AREAS,50.1,8.67,B17,4.0,,250.0,49.0,,,49.0,F.F.F.
42715,98366.0,1944-02-11,9,GERMANY,CITY AREA,CITIES TOWNS AND URBAN AREAS,50.1,8.67,B17,4.0,,247.0,48.0,8.0,,56.0,F.F.F.
42718,98367.0,1944-02-11,9,GERMANY,CITY AREA,CITIES TOWNS AND URBAN AREAS,50.1,8.67,B17,4.0,,240.0,56.0,,,56.0,F.F.F.
42703,98368.0,1944-02-11,9,GERMANY,CITY AREA,CITIES TOWNS AND URBAN AREAS,50.1,8.67,B17,4.0,,268.0,,18.0,,18.0,NOT INDICATED
42712,98369.0,1944-02-11,9,GERMANY,CITY AREA,CITIES TOWNS AND URBAN AREAS,50.1,8.67,B17,4.0,,249.0,56.0,17.0,,73.0,NOT INDICATED
42724,98370.0,1944-02-11,9,GERMANY,CITY AREA,CITIES TOWNS AND URBAN AREAS,50.1,8.67,B17,4.0,,,,,,,NOT INDICATED
42707,98371.0,1944-02-11,9,GERMANY,CITY AREA,CITIES TOWNS AND URBAN AREAS,50.1,8.67,B17,4.0,,250.0,5.0,,,5.0,NOT INDICATED
42708,162335.0,1944-02-11,9,GERMANY,CITY AREA,CITIES TOWNS AND URBAN AREAS,50.1,8.67,B17,4.0,,250.0,49.0,,,49.0,F.F.F.
42716,162336.0,1944-02-11,9,GERMANY,CITY AREA,CITIES TOWNS AND URBAN AREAS,50.1,8.67,B17,4.0,,247.0,48.0,8.0,,56.0,F.F.F.
42719,162337.0,1944-02-11,9,GERMANY,CITY AREA,CITIES TOWNS AND URBAN AREAS,50.1,8.67,B17,4.0,,240.0,56.0,,,56.0,F.F.F.
42704,162338.0,1944-02-11,9,GERMANY,CITY AREA,CITIES TOWNS AND URBAN AREAS,50.1,8.67,B17,4.0,,268.0,,18.0,,18.0,NOT INDICATED
42713,162339.0,1944-02-11,9,GERMANY,CITY AREA,CITIES TOWNS AND URBAN AREAS,50.1,8.67,B17,4.0,,249.0,56.0,17.0,,73.0,NOT INDICATED
42725,162340.0,1944-02-11,9,GERMANY,CITY AREA,CITIES TOWNS AND URBAN AREAS,50.1,8.67,B17,4.0,,,,,,,NOT INDICATED
42709,162341.0,1944-02-11,9,GERMANY,CITY AREA,CITIES TOWNS AND URBAN AREAS,50.1,8.67,B17,4.0,,250.0,5.0,,,5.0,NOT INDICATED
42710,162348.0,1944-02-11,9,GERMANY,CITY AREA,CITIES TOWNS AND URBAN AREAS,50.1,8.67,B17,4.0,,250.0,49.0,,,49.0,F.F.F.
42717,162349.0,1944-02-11,9,GERMANY,CITY AREA,CITIES TOWNS AND URBAN AREAS,50.1,8.67,B17,4.0,,247.0,48.0,8.0,,56.0,F.F.F.
42720,162350.0,1944-02-11,9,GERMANY,CITY AREA,CITIES TOWNS AND URBAN AREAS,50.1,8.67,B17,4.0,,240.0,56.0,,,56.0,F.F.F.
42705,162351.0,1944-02-11,9,GERMANY,CITY AREA,CITIES TOWNS AND URBAN AREAS,50.1,8.67,B17,4.0,,268.0,,18.0,,18.0,NOT INDICATED
42714,162352.0,1944-02-11,9,GERMANY,CITY AREA,CITIES TOWNS AND URBAN AREAS,50.1,8.67,B17,4.0,,249.0,56.0,17.0,,73.0,NOT INDICATED
42726,162353.0,1944-02-11,9,GERMANY,CITY AREA,CITIES TOWNS AND URBAN AREAS,50.1,8.67,B17,4.0,,,,,,,NOT INDICATED
42711,162354.0,1944-02-11,9,GERMANY,CITY AREA,CITIES TOWNS AND URBAN AREAS,50.1,8.67,B17,4.0,,250.0,5.0,,,5.0,NOT INDICATED
43326,98416.0,1944-02-13,9,FRANCE,UNIDENTIFIED TARGET,UNIDENTIFIED TARGETS,49.77,1.25,B26,4.0,,115.0,53.0,,,53.0,NOT INDICATED
43328,98420.0,1944-02-13,9,FRANCE,UNIDENTIFIED TARGET,UNIDENTIFIED TARGETS,49.85,1.45,B26,4.0,,110.0,21.0,,,21.0,NOT INDICATED
43327,162379.0,1944-02-13,9,FRANCE,UNIDENTIFIED TARGET,UNIDENTIFIED TARGETS,49.77,1.25,B26,4.0,,115.0,53.0,,,53.0,NOT INDICATED
43329,162383.0,1944-02-13,9,FRANCE,UNIDENTIFIED TARGET,UNIDENTIFIED TARGETS,49.85,1.45,B26,4.0,,110.0,21.0,,,21.0,NOT INDICATED
44104,98449.0,1944-02-15,9,FRANCE,CONSTRUCTION WORKS,V - WEAPON LAUNCHING SITES,49.6,-1.57,B26,4.0,,120.0,26.0,,,26.0,NOT INDICATED
44114,98450.0,1944-02-15,9,FRANCE,CONSTRUCTION WORKS,V - WEAPON LAUNCHING SITES,49.6,-1.57,B26,4.0,,110.0,17.0,,,17.0,NOT INDICATED
44118,98451.0,1944-02-15,9,FRANCE,V WEAPON,V - WEAPON LAUNCHING SITES,49.53,-1.6,B26,4.0,,110.0,27.0,,,27.0,NOT INDICATED
44115,98463.0,1944-02-15,9,FRANCE,UNIDENTIFIED TARGET,UNIDENTIFIED TARGETS,49.6,-1.57,B26,4.0,,110.0,48.0,,,48.0,NOT INDICATED
44105,98464.0,1944-02-15,9,FRANCE,UNIDENTIFIED TARGET,UNIDENTIFIED TARGETS,49.6,-1.57,B26,4.0,,120.0,23.0,,,23.0,NOT INDICATED
44112,98468.0,1944-02-15,9,FRANCE,UNIDENTIFIED TARGET,UNIDENTIFIED TARGETS,49.53,-1.6,B26,4.0,,115.0,26.0,,,26.0,NOT INDICATED
44124,98469.0,1944-02-15,9,FRANCE,UNIDENTIFIED TARGET,UNIDENTIFIED TARGETS,49.53,-1.6,B26,4.0,,,8.0,,,8.0,NOT INDICATED
44102,98470.0,1944-02-15,9,FRANCE,UNIDENTIFIED TARGET,UNIDENTIFIED TARGETS,49.53,-1.6,B26,4.0,,125.0,17.0,,,17.0,NOT INDICATED
44116,162409.0,1944-02-15,9,FRANCE,UNIDENTIFIED TARGET,UNIDENTIFIED TARGETS,49.6,-1.57,B26,4.0,,110.0,48.0,,,48.0,NOT INDICATED
44106,162410.0,1944-02-15,9,FRANCE,UNIDENTIFIED TARGET,UNIDENTIFIED TARGETS,49.6,-1.57,B26,4.0,,120.0,23.0,,,23.0,NOT INDICATED
44113,162414.0,1944-02-15,9,FRANCE,UNIDENTIFIED TARGET,UNIDENTIFIED TARGETS,49.53,-1.6,B26,4.0,,115.0,26.0,,,26.0,NOT INDICATED
44125,162415.0,1944-02-15,9,FRANCE,UNIDENTIFIED TARGET,UNIDENTIFIED TARGETS,49.53,-1.6,B26,4.0,,,8.0,,,8.0,NOT INDICATED
44103,162416.0,1944-02-15,9,FRANCE,UNIDENTIFIED TARGET,UNIDENTIFIED TARGETS,49.53,-1.6,B26,4.0,,125.0,17.0,,,17.0,NOT INDICATED
44120,201199.0,1944-02-15,9,FRANCE,CONSTRUCTION WORKS,V - WEAPON LAUNCHING SITES,49.6,-1.57,B26,4.0,,12.0,26.0,,,26.0,NOT INDICATED
44121,201200.0,1944-02-15,9,FRANCE,CONSTRUCTION WORKS,V - WEAPON LAUNCHING SITES,49.6,-1.57,B26,4.0,,11.0,17.0,,,17.0,NOT INDICATED
44122,201201.0,1944-02-15,9,FRANCE,V WEAPON,V - WEAPON LAUNCHING SITES,49.53,-1.6,B26,4.0,,11.0,27.0,,,27.0,NOT INDICATED
44107,201202.0,1944-02-15,9,FRANCE,CONSTRUCTION WORKS,V - WEAPON LAUNCHING SITES,49.6,-1.57,B26,4.0,,120.0,26.0,,,26.0,NOT INDICATED
44117,201203.0,1944-02-15,9,FRANCE,CONSTRUCTION WORKS,V - WEAPON LAUNCHING SITES,49.6,-1.57,B26,4.0,,110.0,17.0,,,17.0,NOT INDICATED
44119,201204.0,1944-02-15,9,FRANCE,V WEAPON,V - WEAPON LAUNCHING SITES,49.53,-1.6,B26,4.0,,110.0,27.0,,,27.0,NOT INDICATED
45032,300041.0,1944-02-18,15,GERMANY,BMW ENGINE WORKS,ENGINE PLANTS,48.13,11.58,B17,3.0,,190.0,48.0,9.0,,57.0,NOT INDICATED
45712,98530.0,1944-02-20,8,POLAND,AC COMPONENTS WORKS,AIRCRAFT FACTORIES AND ASSEMBLY PLANTS,52.42,16.97,B17,4.0,,115.0,30.0,,,30.0,NOT INDICATED
45709,98531.0,1944-02-20,8,POLAND,AC COMPONENTS WORKS,AIRCRAFT FACTORIES AND ASSEMBLY PLANTS,52.42,16.97,B17,4.0,,120.0,50.0,,,50.0,F.F.F.
45715,98533.0,1944-02-20,8,GERMANY,AC FACTORIES,AIRCRAFT FACTORIES AND ASSEMBLY PLANTS,52.25,10.5,B24,4.0,,,9.0,,,9.0,NOT INDICATED
45394,98534.0,1944-02-20,8,GERMANY,AC FACTORIES,AIRCRAFT FACTORIES AND ASSEMBLY PLANTS,52.25,10.5,B24,4.0,,160.0,76.0,,,76.0,NOT INDICATED
45716,98535.0,1944-02-20,8,GERMANY,AC FACTORIES,AIRCRAFT FACTORIES AND ASSEMBLY PLANTS,52.25,10.5,B24,4.0,,,,,,,NOT INDICATED
45388,98536.0,1944-02-20,8,GERMANY,AC FACTORIES,AIRCRAFT FACTORIES AND ASSEMBLY PLANTS,52.25,10.5,B24,4.0,,170.0,1.0,,,1.0,NOT INDICATED
45400,98537.0,1944-02-20,8,GERMANY,AC ASSEMBLY PLANT,AIRCRAFT FACTORIES AND ASSEMBLY PLANTS,51.8,11.73,B17,4.0,,150.0,44.0,1.0,,45.0,NOT INDICATED
45389,98549.0,1944-02-20,8,GERMANY,ME 110 AC COMP FACTORY,A/C COMPONENT PLANTS,52.25,10.5,B24,4.0,,170.0,63.0,,,63.0,NOT INDICATED
45721,98566.0,1944-02-20,8,GERMANY,UNIDENTIFIED TARGET,UNIDENTIFIED TARGETS,51.8,11.73,B17,4.0,,,,,,,NOT INDICATED
45701,98567.0,1944-02-20,8,GERMANY,UNIDENTIFIED TARGET,UNIDENTIFIED TARGETS,51.8,11.73,B17,4.0,,150.0,1.0,,,1.0,NOT INDICATED
45370,98568.0,1944-02-20,9,GERMANY,UNIDENTIFIED TARGET,UNIDENTIFIED TARGETS,50.95,10.72,B24,4.0,,,21.0,,,21.0,NOT INDICATED
45367,98569.0,1944-02-20,9,GERMANY,UNIDENTIFIED TARGET,UNIDENTIFIED TARGETS,50.95,10.72,B24,4.0,,165.0,90.0,,,90.0,NOT INDICATED
45371,98570.0,1944-02-20,9,GERMANY,UNIDENTIFIED TARGET,UNIDENTIFIED TARGETS,50.95,10.72,B24,4.0,,,,,,,NOT INDICATED
45364,98571.0,1944-02-20,9,GERMANY,UNIDENTIFIED TARGET,UNIDENTIFIED TARGETS,50.95,10.72,B24,4.0,,170.0,1.0,,,1.0,NOT INDICATED
45725,98572.0,1944-02-20,8,GERMANY,UNIDENTIFIED TARGET,UNIDENTIFIED TARGETS,51.88,11.05,B24,4.0,,,,,,,NOT INDICATED
45707,98573.0,1944-02-20,8,GERMANY,UNIDENTIFIED TARGET,UNIDENTIFIED TARGETS,51.88,11.05,B24,4.0,,135.0,1.0,,,1.0,NOT INDICATED
45727,98577.0,1944-02-20,8,GERMANY,UNIDENTIFIED TARGET,UNIDENTIFIED TARGETS,53.42,14.57,B17,3.0,,,8.0,,,8.0,NOT INDICATED
45379,98578.0,1944-02-20,8,GERMANY,UNIDENTIFIED TARGET,UNIDENTIFIED TARGETS,53.42,14.57,B17,3.0,,198.0,50.0,4.0,,54.0,NOT INDICATED
45397,98579.0,1944-02-20,8,GERMANY,CITY AREA,CITIES TOWNS AND URBAN AREAS,49.3,8.98,B24,2.0,,160.0,3.0,69.0,,72.0,NOT INDICATED
45713,162451.0,1944-02-20,8,POLAND,AC COMPONENTS WORKS,AIRCRAFT FACTORIES AND ASSEMBLY PLANTS,52.42,16.97,B17,4.0,,115.0,30.0,,,30.0,NOT INDICATED
45710,162452.0,1944-02-20,8,POLAND,AC COMPONENTS WORKS,AIRCRAFT FACTORIES AND ASSEMBLY PLANTS,52.42,16.97,B17,4.0,,120.0,50.0,,,50.0,F.F.F.
45717,162454.0,1944-02-20,8,GERMANY,AC FACTORIES,AIRCRAFT FACTORIES AND ASSEMBLY PLANTS,52.25,10.5,B24,4.0,,,9.0,,,9.0,NOT INDICATED
45395,162455.0,1944-02-20,8,GERMANY,AC FACTORIES,AIRCRAFT FACTORIES AND ASSEMBLY PLANTS,52.25,10.5,B24,4.0,,160.0,76.0,,,76.0,NOT INDICATED
45718,162456.0,1944-02-20,8,GERMANY,AC FACTORIES,AIRCRAFT FACTORIES AND ASSEMBLY PLANTS,52.25,10.5,B24,4.0,,,,,,,NOT INDICATED
45390,162457.0,1944-02-20,8,GERMANY,AC FACTORIES,AIRCRAFT FACTORIES AND ASSEMBLY PLANTS,52.25,10.5,B24,4.0,,170.0,1.0,,,1.0,NOT INDICATED
45702,162458.0,1944-02-20,8,GERMANY,AC ASSEMBLY PLANT,AIRCRAFT FACTORIES AND ASSEMBLY PLANTS,51.8,11.73,B17,4.0,,150.0,44.0,1.0,,45.0,NOT INDICATED
45391,162462.0,1944-02-20,8,GERMANY,ME 110 AC COMP FACTORY,A/C COMPONENT PLANTS,52.25,10.5,B24,4.0,,170.0,63.0,,,63.0,NOT INDICATED
45722,162463.0,1944-02-20,8,GERMANY,UNIDENTIFIED TARGET,UNIDENTIFIED TARGETS,51.8,11.73,B17,4.0,,,,,,,NOT INDICATED
45703,162464.0,1944-02-20,8,GERMANY,UNIDENTIFIED TARGET,UNIDENTIFIED TARGETS,51.8,11.73,B17,4.0,,150.0,1.0,,,1.0,NOT INDICATED
45374,162465.0,1944-02-20,9,GERMANY,UNIDENTIFIED TARGET,UNIDENTIFIED TARGETS,50.95,10.72,B24,4.0,,,21.0,,,21.0,NOT INDICATED
45369,162466.0,1944-02-20,9,GERMANY,UNIDENTIFIED TARGET,UNIDENTIFIED TARGETS,50.95,10.72,B24,4.0,,165.0,90.0,,,90.0,NOT INDICATED
45375,162467.0,1944-02-20,9,GERMANY,UNIDENTIFIED TARGET,UNIDENTIFIED TARGETS,50.95,10.72,B24,4.0,,,,,,,NOT INDICATED
45366,162468.0,1944-02-20,9,GERMANY,UNIDENTIFIED TARGET,UNIDENTIFIED TARGETS,50.95,10.72,B24,4.0,,170.0,1.0,,,1.0,NOT INDICATED
45726,162469.0,1944-02-20,8,GERMANY,UNIDENTIFIED TARGET,UNIDENTIFIED TARGETS,51.88,11.05,B24,4.0,,,,,,,NOT INDICATED
45708,162470.0,1944-02-20,8,GERMANY,UNIDENTIFIED TARGET,UNIDENTIFIED TARGETS,51.88,11.05,B24,4.0,,135.0,1.0,,,1.0,NOT INDICATED
45728,162474.0,1944-02-20,8,GERMANY,UNIDENTIFIED TARGET,UNIDENTIFIED TARGETS,53.42,14.57,B17,3.0,,,8.0,,,8.0,NOT INDICATED
45380,162475.0,1944-02-20,8,GERMANY,UNIDENTIFIED TARGET,UNIDENTIFIED TARGETS,53.42,14.57,B17,3.0,,198.0,50.0,4.0,,54.0,NOT INDICATED
45386,162478.0,1944-02-20,8,POLAND,UNIDENTIFIED TARGET,UNIDENTIFIED TARGETS,52.42,16.97,B17,4.0,,183.0,,51.0,,51.0,NOT INDICATED
45398,162479.0,1944-02-20,8,GERMANY,CITY AREA,CITIES TOWNS AND URBAN AREAS,49.3,8.98,B24,2.0,,160.0,3.0,69.0,,72.0,NOT INDICATED
45399,162484.0,1944-02-20,8,GERMANY,CITY AREA,CITIES TOWNS AND URBAN AREAS,49.3,8.98,B24,2.0,,160.0,3.0,69.0,,72.0,NOT INDICATED
45723,162485.0,1944-02-20,8,GERMANY,UNIDENTIFIED TARGET,UNIDENTIFIED TARGETS,51.8,11.73,B17,4.0,,,,,,,NOT INDICATED
45704,162486.0,1944-02-20,8,GERMANY,UNIDENTIFIED TARGET,UNIDENTIFIED TARGETS,51.8,11.73,B17,4.0,,150.0,1.0,,,1.0,NOT INDICATED
45372,162487.0,1944-02-20,9,GERMANY,UNIDENTIFIED TARGET,UNIDENTIFIED TARGETS,50.95,10.72,B24,4.0,,,21.0,,,21.0,NOT INDICATED
45368,162488.0,1944-02-20,9,GERMANY,UNIDENTIFIED TARGET,UNIDENTIFIED TARGETS,50.95,10.72,B24,4.0,,165.0,90.0,,,90.0,NOT INDICATED
45373,162489.0,1944-02-20,9,GERMANY,UNIDENTIFIED TARGET,UNIDENTIFIED TARGETS,50.95,10.72,B24,4.0,,,,,,,NOT INDICATED
45365,162490.0,1944-02-20,9,GERMANY,UNIDENTIFIED TARGET,UNIDENTIFIED TARGETS,50.95,10.72,B24,4.0,,170.0,1.0,,,1.0,NOT INDICATED
45724,162491.0,1944-02-20,8,GERMANY,UNIDENTIFIED TARGET,UNIDENTIFIED TARGETS,51.88,11.05,B24,4.0,,,,,,,NOT INDICATED
45706,162492.0,1944-02-20,8,GERMANY,UNIDENTIFIED TARGET,UNIDENTIFIED TARGETS,51.88,11.05,B24,4.0,,135.0,1.0,,,1.0,NOT INDICATED
45729,162496.0,1944-02-20,8,GERMANY,UNIDENTIFIED TARGET,UNIDENTIFIED TARGETS,53.42,14.57,B17,3.0,,,8.0,,,8.0,NOT INDICATED
45381,162497.0,1944-02-20,8,GERMANY,UNIDENTIFIED TARGET,UNIDENTIFIED TARGETS,53.42,14.57,B17,3.0,,198.0,50.0,4.0,,54.0,NOT INDICATED
45387,162500.0,1944-02-20,8,POLAND,UNIDENTIFIED TARGET,UNIDENTIFIED TARGETS,52.42,16.97,B17,4.0,,183.0,,51.0,,51.0,NOT INDICATED
45719,162501.0,1944-02-20,8,GERMANY,AC FACTORIES,AIRCRAFT FACTORIES AND ASSEMBLY PLANTS,52.25,10.5,B24,4.0,,,9.0,,,9.0,NOT INDICATED
45396,162502.0,1944-02-20,8,GERMANY,AC FACTORIES,AIRCRAFT FACTORIES AND ASSEMBLY PLANTS,52.25,10.5,B24,4.0,,160.0,76.0,,,76.0,NOT INDICATED
45720,162503.0,1944-02-20,8,GERMANY,AC FACTORIES,AIRCRAFT FACTORIES AND ASSEMBLY PLANTS,52.25,10.5,B24,4.0,,,,,,,NOT INDICATED
45392,162504.0,1944-02-20,8,GERMANY,AC FACTORIES,AIRCRAFT FACTORIES AND ASSEMBLY PLANTS,52.25,10.5,B24,4.0,,170.0,1.0,,,1.0,NOT INDICATED
45393,162505.0,1944-02-20,8,GERMANY,ME 110 AC COMP FACTORY,A/C COMPONENT PLANTS,52.25,10.5,B24,4.0,,170.0,63.0,,,63.0,NOT INDICATED
45705,162506.0,1944-02-20,8,GERMANY,AC ASSEMBLY PLANT,AIRCRAFT FACTORIES AND ASSEMBLY PLANTS,51.8,11.73,B17,4.0,,150.0,44.0,1.0,,45.0,NOT INDICATED
45376,162517.0,1944-02-20,8,GERMANY,ERLA MOTOR WORKS,ENGINE PLANTS,51.33,12.38,B17,4.0,,220.0,103.0,,,103.0,NOT INDICATED
45384,162518.0,1944-02-20,8,GERMANY,ERLA MOTOR WORKS,ENGINE PLANTS,51.33,12.38,B17,4.0,,190.0,48.0,22.0,,70.0,VISUAL
45382,162519.0,1944-02-20,8,GERMANY,ERLA MOTOR WORKS,ENGINE PLANTS,51.33,12.38,B17,4.0,,197.0,,41.0,,41.0,NOT INDICATED
45377,162520.0,1944-02-20,8,GERMANY,ERLA MOTOR WORKS,ENGINE PLANTS,51.33,12.38,B17,4.0,,209.0,,23.0,,23.0,NOT INDICATED
45714,162522.0,1944-02-20,8,POLAND,AC COMPONENTS WORKS,AIRCRAFT FACTORIES AND ASSEMBLY PLANTS,52.42,16.97,B17,4.0,,115.0,30.0,,,30.0,NOT INDICATED
45711,162523.0,1944-02-20,8,POLAND,AC COMPONENTS WORKS,AIRCRAFT FACTORIES AND ASSEMBLY PLANTS,52.42,16.97,B17,4.0,,120.0,50.0,,,50.0,F.F.F.
45385,300025.0,1944-02-20,8,GERMANY,ERLA MOTOR WORKS,ENGINE PLANTS,51.33,12.38,B17,4.0,,190.0,48.0,22.0,,70.0,VISUAL
45383,300026.0,1944-02-20,8,GERMANY,ERLA MOTOR WORKS,ENGINE PLANTS,51.33,12.38,B17,4.0,,197.0,,41.0,,41.0,NOT INDICATED
45378,300027.0,1944-02-20,8,GERMANY,ERLA MOTOR WORKS,ENGINE PLANTS,51.33,12.38,B17,4.0,,209.0,,23.0,,23.0,NOT INDICATED
46522,98580.0,1944-02-21,8,GERMANY,AC FACTORIES,AIRCRAFT FACTORIES AND ASSEMBLY PLANTS,52.25,10.5,B17,4.0,,230.0,52.0,,,52.0,VISUAL
46519,98581.0,1944-02-21,8,GERMANY,AC FACTORIES,AIRCRAFT FACTORIES AND ASSEMBLY PLANTS,52.25,10.5,B17,4.0,,240.0,88.0,,,88.0,NOT INDICATED
46528,98582.0,1944-02-21,8,GERMANY,AC FACTORIES,AIRCRAFT FACTORIES AND ASSEMBLY PLANTS,52.25,10.5,B17,4.0,,220.0,73.0,,,73.0,NOT INDICATED
46523,98583.0,1944-02-21,8,GERMANY,AC FACTORIES,AIRCRAFT FACTORIES AND ASSEMBLY PLANTS,52.25,10.5,B17,4.0,,230.0,56.0,,,56.0,NOT INDICATED
46540,98584.0,1944-02-21,8,GERMANY,AC FACTORIES,AIRCRAFT FACTORIES AND ASSEMBLY PLANTS,52.25,10.5,B17,4.0,,,,,,,NOT INDICATED
46529,98585.0,1944-02-21,8,GERMANY,AC FACTORIES,AIRCRAFT FACTORIES AND ASSEMBLY PLANTS,52.25,10.5,B17,4.0,,220.0,2.0,,,2.0,NOT INDICATED
46537,98604.0,1944-02-21,8,GERMANY,ME 110 AC COMP FACTORY,A/C COMPONENT PLANTS,52.25,10.5,B17,4.0,,125.0,68.0,,,68.0,NOT INDICATED
46534,98606.0,1944-02-21,8,GERMANY,AIRDROME,AIR FIELDS AND AIRDROMES,54.32,10.9,B24,2.0,,170.0,86.0,,,86.0,NOT INDICATED
46513,98629.0,1944-02-21,9,GERMANY,UNIDENTIFIED TARGET,UNIDENTIFIED TARGETS,52.38,9.73,B17,4.0,,,,,,,NOT INDICATED
46508,98630.0,1944-02-21,9,GERMANY,UNIDENTIFIED TARGET,UNIDENTIFIED TARGETS,52.38,9.73,B17,4.0,,230.0,2.0,,,2.0,NOT INDICATED
46524,162533.0,1944-02-21,8,GERMANY,AC FACTORIES,AIRCRAFT FACTORIES AND ASSEMBLY PLANTS,52.25,10.5,B17,4.0,,230.0,52.0,,,52.0,VISUAL
46520,162534.0,1944-02-21,8,GERMANY,AC FACTORIES,AIRCRAFT FACTORIES AND ASSEMBLY PLANTS,52.25,10.5,B17,4.0,,240.0,88.0,,,88.0,NOT INDICATED
46530,162535.0,1944-02-21,8,GERMANY,AC FACTORIES,AIRCRAFT FACTORIES AND ASSEMBLY PLANTS,52.25,10.5,B17,4.0,,220.0,73.0,,,73.0,NOT INDICATED
46525,162536.0,1944-02-21,8,GERMANY,AC FACTORIES,AIRCRAFT FACTORIES AND ASSEMBLY PLANTS,52.25,10.5,B17,4.0,,230.0,56.0,,,56.0,NOT INDICATED
46541,162537.0,1944-02-21,8,GERMANY,AC FACTORIES,AIRCRAFT FACTORIES AND ASSEMBLY PLANTS,52.25,10.5,B17,4.0,,,,,,,NOT INDICATED
46531,162538.0,1944-02-21,8,GERMANY,AC FACTORIES,AIRCRAFT FACTORIES AND ASSEMBLY PLANTS,52.25,10.5,B17,4.0,,220.0,2.0,,,2.0,NOT INDICATED
46538,162539.0,1944-02-21,8,GERMANY,ME 110 AC COMP FACTORY,A/C COMPONENT PLANTS,52.25,10.5,B17,4.0,,125.0,68.0,,,68.0,NOT INDICATED
46514,162540.0,1944-02-21,9,GERMANY,UNIDENTIFIED TARGET,UNIDENTIFIED TARGETS,52.38,9.73,B17,4.0,,,,,,,NOT INDICATED
46509,162541.0,1944-02-21,9,GERMANY,UNIDENTIFIED TARGET,UNIDENTIFIED TARGETS,52.38,9.73,B17,4.0,,230.0,2.0,,,2.0,NOT INDICATED
46515,162550.0,1944-02-21,9,GERMANY,UNIDENTIFIED TARGET,UNIDENTIFIED TARGETS,52.38,9.73,B17,4.0,,,,,,,NOT INDICATED
46510,162551.0,1944-02-21,9,GERMANY,UNIDENTIFIED TARGET,UNIDENTIFIED TARGETS,52.38,9.73,B17,4.0,,230.0,2.0,,,2.0,NOT INDICATED
46526,162555.0,1944-02-21,8,GERMANY,AC FACTORIES,AIRCRAFT FACTORIES AND ASSEMBLY PLANTS,52.25,10.5,B17,4.0,,230.0,52.0,,,52.0,VISUAL
46521,162556.0,1944-02-21,8,GERMANY,AC FACTORIES,AIRCRAFT FACTORIES AND ASSEMBLY PLANTS,52.25,10.5,B17,4.0,,240.0,88.0,,,88.0,NOT INDICATED
46532,162557.0,1944-02-21,8,GERMANY,AC FACTORIES,AIRCRAFT FACTORIES AND ASSEMBLY PLANTS,52.25,10.5,B17,4.0,,220.0,73.0,,,73.0,NOT INDICATED
46527,162558.0,1944-02-21,8,GERMANY,AC FACTORIES,AIRCRAFT FACTORIES AND ASSEMBLY PLANTS,52.25,10.5,B17,4.0,,230.0,56.0,,,56.0,NOT INDICATED
46542,162559.0,1944-02-21,8,GERMANY,AC FACTORIES,AIRCRAFT FACTORIES AND ASSEMBLY PLANTS,52.25,10.5,B17,4.0,,,,,,,NOT INDICATED
46533,162560.0,1944-02-21,8,GERMANY,AC FACTORIES,AIRCRAFT FACTORIES AND ASSEMBLY PLANTS,52.25,10.5,B17,4.0,,220.0,2.0,,,2.0,NOT INDICATED
46539,162561.0,1944-02-21,8,GERMANY,ME 110 AC COMP FACTORY,A/C COMPONENT PLANTS,52.25,10.5,B17,4.0,,125.0,68.0,,,68.0,NOT INDICATED
46535,201338.0,1944-02-21,8,GERMANY,AIRDROME,AIR FIELDS AND AIRDROMES,54.32,10.9,B24,2.0,,170.0,86.0,,,86.0,NOT INDICATED
46536,201378.0,1944-02-21,8,GERMANY,AIRDROME,AIR FIELDS AND AIRDROMES,54.32,10.9,B24,2.0,,170.0,86.0,,,86.0,NOT INDICATED
47347,98631.0,1944-02-22,8,GERMANY,AC ASSEMBLY PLANT,AIRCRAFT FACTORIES AND ASSEMBLY PLANTS,51.8,11.73,B17,4.0,,208.0,42.0,,30.0,72.0,NOT INDICATED
47356,98633.0,1944-02-22,8,GERMANY,AC ASSEMBLY PLANT,AIRCRAFT FACTORIES AND ASSEMBLY PLANTS,51.8,11.73,B17,4.0,,191.0,15.0,,35.0,50.0,NOT INDICATED
47353,98651.0,1944-02-22,8,GERMANY,AC ENG WORKS,ENGINE PLANTS,51.88,11.05,B17,4.0,,200.0,53.0,,,53.0,NOT INDICATED
47334,98659.0,1944-02-22,15,GERMANY,CITY AREA,CITIES TOWNS AND URBAN AREAS,48.67,12.67,B24,3.0,1.0,,,1.0,,1.0,NOT INDICATED
47325,98666.0,1944-02-22,15,AUSTRIA,UNIDENTIFIED TARGETS,UNIDENTIFIED TARGETS,46.67,14.33,B24,3.0,1.0,,,1.0,,1.0,NOT INDICATED
47326,98667.0,1944-02-22,15,AUSTRIA,UNIDENTIFIED TARGETS,UNIDENTIFIED TARGETS,46.67,14.33,B24,3.0,1.0,,,1.0,,1.0,NOT INDICATED
47327,98668.0,1944-02-22,15,AUSTRIA,UNIDENTIFIED TARGETS,UNIDENTIFIED TARGETS,46.67,14.33,B24,2.0,1.0,,3.0,,,3.0,NOT INDICATED
47322,98669.0,1944-02-22,15,AUSTRIA,CITY AREA,CITIES TOWNS AND URBAN AREAS,46.75,14.37,B24,2.0,1.0,,3.0,,,3.0,NOT INDICATED
47338,98670.0,1944-02-22,9,GERMANY,UNIDENTIFIED TARGET,UNIDENTIFIED TARGETS,52.13,11.63,B17,2.0,,200.0,27.0,,,27.0,NOT INDICATED
47359,98671.0,1944-02-22,8,GERMANY,UNIDENTIFIED TARGET,UNIDENTIFIED TARGETS,54.7,9.58,B17,4.0,,190.0,54.0,,,54.0,NOT INDICATED
47350,98672.0,1944-02-22,8,GERMANY,UNIDENTIFIED TARGET,UNIDENTIFIED TARGETS,54.7,9.58,B17,2.0,,205.0,9.0,3.0,,12.0,NOT INDICATED
47345,98673.0,1944-02-22,9,GERMANY,UNIDENTIFIED TARGET,UNIDENTIFIED TARGETS,50.95,10.72,B24,4.0,,,,,5.0,5.0,NOT INDICATED
47342,98674.0,1944-02-22,9,GERMANY,UNIDENTIFIED TARGET,UNIDENTIFIED TARGETS,50.95,10.72,B24,4.0,,170.0,,,4.0,4.0,NOT INDICATED
47348,162569.0,1944-02-22,8,GERMANY,AC ASSEMBLY PLANT,AIRCRAFT FACTORIES AND ASSEMBLY PLANTS,51.8,11.73,B17,4.0,,208.0,42.0,,30.0,72.0,NOT INDICATED
47357,162571.0,1944-02-22,8,GERMANY,AC ASSEMBLY PLANT,AIRCRAFT FACTORIES AND ASSEMBLY PLANTS,51.8,11.73,B17,4.0,,191.0,15.0,,35.0,50.0,NOT INDICATED
47354,162579.0,1944-02-22,8,GERMANY,AC ENG WORKS,ENGINE PLANTS,51.88,11.05,B17,4.0,,200.0,53.0,,,53.0,NOT INDICATED
47328,162582.0,1944-02-22,15,AUSTRIA,UNIDENTIFIED TARGETS,UNIDENTIFIED TARGETS,46.67,14.33,B24,3.0,1.0,,,1.0,,1.0,NOT INDICATED
47329,162583.0,1944-02-22,15,AUSTRIA,UNIDENTIFIED TARGETS,UNIDENTIFIED TARGETS,46.67,14.33,B24,3.0,1.0,,,1.0,,1.0,NOT INDICATED
47330,162584.0,1944-02-22,15,AUSTRIA,UNIDENTIFIED TARGETS,UNIDENTIFIED TARGETS,46.67,14.33,B24,2.0,1.0,,3.0,,,3.0,NOT INDICATED
47360,162585.0,1944-02-22,8,GERMANY,UNIDENTIFIED TARGET,UNIDENTIFIED TARGETS,54.7,9.58,B17,4.0,,190.0,54.0,,,54.0,NOT INDICATED
47351,162586.0,1944-02-22,8,GERMANY,UNIDENTIFIED TARGET,UNIDENTIFIED TARGETS,54.7,9.58,B17,2.0,,205.0,9.0,3.0,,12.0,NOT INDICATED
47346,162587.0,1944-02-22,9,GERMANY,UNIDENTIFIED TARGET,UNIDENTIFIED TARGETS,50.95,10.72,B24,4.0,,,,,5.0,5.0,NOT INDICATED
47343,162588.0,1944-02-22,9,GERMANY,UNIDENTIFIED TARGET,UNIDENTIFIED TARGETS,50.95,10.72,B24,4.0,,170.0,,,4.0,4.0,NOT INDICATED
47339,162589.0,1944-02-22,9,GERMANY,UNIDENTIFIED TARGET,UNIDENTIFIED TARGETS,52.13,11.63,B17,2.0,,200.0,27.0,,,27.0,NOT INDICATED
47323,162596.0,1944-02-22,15,AUSTRIA,CITY AREA,CITIES TOWNS AND URBAN AREAS,46.75,14.37,B24,2.0,1.0,,3.0,,,3.0,NOT INDICATED
47335,162598.0,1944-02-22,15,GERMANY,CITY AREA,CITIES TOWNS AND URBAN AREAS,48.67,12.67,B24,3.0,1.0,,,1.0,,1.0,NOT INDICATED
47324,162604.0,1944-02-22,15,AUSTRIA,CITY AREA,CITIES TOWNS AND URBAN AREAS,46.75,14.37,B24,2.0,1.0,,3.0,,,3.0,NOT INDICATED
47331,162606.0,1944-02-22,15,AUSTRIA,UNIDENTIFIED TARGETS,UNIDENTIFIED TARGETS,46.67,14.33,B24,3.0,1.0,,,1.0,,1.0,NOT INDICATED
47332,162607.0,1944-02-22,15,AUSTRIA,UNIDENTIFIED TARGETS,UNIDENTIFIED TARGETS,46.67,14.33,B24,3.0,1.0,,,1.0,,1.0,NOT INDICATED
47333,162608.0,1944-02-22,15,AUSTRIA,UNIDENTIFIED TARGETS,UNIDENTIFIED TARGETS,46.67,14.33,B24,2.0,1.0,,3.0,,,3.0,NOT INDICATED
47361,162609.0,1944-02-22,8,GERMANY,UNIDENTIFIED TARGET,UNIDENTIFIED TARGETS,54.7,9.58,B17,4.0,,190.0,54.0,,,54.0,NOT INDICATED
47352,162610.0,1944-02-22,8,GERMANY,UNIDENTIFIED TARGET,UNIDENTIFIED TARGETS,54.7,9.58,B17,2.0,,205.0,9.0,3.0,,12.0,NOT INDICATED
47344,162611.0,1944-02-22,9,GERMANY,UNIDENTIFIED TARGET,UNIDENTIFIED TARGETS,50.95,10.72,B24,4.0,,,,,5.0,5.0,NOT INDICATED
47341,162612.0,1944-02-22,9,GERMANY,UNIDENTIFIED TARGET,UNIDENTIFIED TARGETS,50.95,10.72,B24,4.0,,170.0,,,4.0,4.0,NOT INDICATED
47340,162613.0,1944-02-22,9,GERMANY,UNIDENTIFIED TARGET,UNIDENTIFIED TARGETS,52.13,11.63,B17,2.0,,200.0,27.0,,,27.0,NOT INDICATED
47349,162620.0,1944-02-22,8,GERMANY,AC ASSEMBLY PLANT,AIRCRAFT FACTORIES AND ASSEMBLY PLANTS,51.8,11.73,B17,4.0,,208.0,42.0,,30.0,72.0,NOT INDICATED
47358,162621.0,1944-02-22,8,GERMANY,AC ASSEMBLY PLANT,AIRCRAFT FACTORIES AND ASSEMBLY PLANTS,51.8,11.73,B17,4.0,,191.0,15.0,,35.0,50.0,NOT INDICATED
47355,162623.0,1944-02-22,8,GERMANY,AC ENG WORKS,ENGINE PLANTS,51.88,11.05,B17,4.0,,200.0,53.0,,,53.0,NOT INDICATED
47336,162632.0,1944-02-22,15,GERMANY,CITY AREA,CITIES TOWNS AND URBAN AREAS,48.67,12.67,B24,3.0,1.0,,,1.0,,1.0,NOT INDICATED
47798,98678.0,1944-02-23,15,AUSTRIA,AIRCRAFT FACTORY,AIRCRAFT FACTORIES AND ASSEMBLY PLANTS,48.05,14.45,B24,4.0,24.0,202.0,54.0,,,54.0,NOT INDICATED
48101,98679.0,1944-02-23,15,AUSTRIA,STEYR AERO ENG WORKS,ENGINE PLANTS,48.05,14.45,B24,4.0,27.0,190.0,53.0,,,53.0,VISUAL
47792,98681.0,1944-02-23,15,AUSTRIA,STEYR AERO ENG WORKS,ENGINE PLANTS,48.05,14.45,B24,4.0,27.0,210.0,68.0,,,68.0,NOT INDICATED
47793,98682.0,1944-02-23,15,AUSTRIA,STEYR AERO ENG WORKS,ENGINE PLANTS,48.05,14.45,B24,4.0,28.0,210.0,48.0,,,48.0,VISUAL
47799,162642.0,1944-02-23,15,AUSTRIA,AIRCRAFT FACTORY,AIRCRAFT FACTORIES AND ASSEMBLY PLANTS,48.05,14.45,B24,4.0,24.0,202.0,54.0,,,54.0,NOT INDICATED
47794,162643.0,1944-02-23,15,AUSTRIA,STEYR AERO ENG WORKS,ENGINE PLANTS,48.05,14.45,B24,4.0,27.0,210.0,68.0,,,68.0,NOT INDICATED
47795,162644.0,1944-02-23,15,AUSTRIA,STEYR AERO ENG WORKS,ENGINE PLANTS,48.05,14.45,B24,4.0,28.0,210.0,48.0,,,48.0,VISUAL
48102,162645.0,1944-02-23,15,AUSTRIA,STEYR AERO ENG WORKS,ENGINE PLANTS,48.05,14.45,B24,4.0,27.0,190.0,53.0,,,53.0,VISUAL
48103,162646.0,1944-02-23,15,AUSTRIA,STEYR AERO ENG WORKS,ENGINE PLANTS,48.05,14.45,B24,4.0,27.0,190.0,53.0,,,53.0,VISUAL
47800,162647.0,1944-02-23,15,AUSTRIA,AIRCRAFT FACTORY,AIRCRAFT FACTORIES AND ASSEMBLY PLANTS,48.05,14.45,B24,4.0,24.0,202.0,54.0,,,54.0,NOT INDICATED
47796,162648.0,1944-02-23,15,AUSTRIA,STEYR AERO ENG WORKS,ENGINE PLANTS,48.05,14.45,B24,4.0,27.0,210.0,68.0,,,68.0,NOT INDICATED
47797,162649.0,1944-02-23,15,AUSTRIA,STEYR AERO ENG WORKS,ENGINE PLANTS,48.05,14.45,B24,4.0,28.0,210.0,48.0,,,48.0,VISUAL
48162,98683.0,1944-02-24,15,AUSTRIA,AIRCRAFT FACTORY,AIRCRAFT FACTORIES AND ASSEMBLY PLANTS,48.05,14.45,B17,4.0,25.0,195.0,75.0,,,75.0,NOT INDICATED
48155,98684.0,1944-02-24,15,AUSTRIA,AIRCRAFT FACTORY,AIRCRAFT FACTORIES AND ASSEMBLY PLANTS,48.05,14.45,B17,4.0,30.0,224.0,90.0,,,90.0,NOT INDICATED
48158,98685.0,1944-02-24,15,AUSTRIA,AIRCRAFT FACTORY,AIRCRAFT FACTORIES AND ASSEMBLY PLANTS,48.05,14.45,B17,4.0,32.0,217.0,96.0,,,96.0,NOT INDICATED
48183,98715.0,1944-02-24,8,POLAND,AC COMPONENTS WORKS,AIRCRAFT FACTORIES AND ASSEMBLY PLANTS,52.42,16.97,B17,4.0,,160.0,50.0,42.0,,92.0,F.F.F.
48173,98719.0,1944-02-24,9,GERMANY,UNIDENTIFIED TARGET,UNIDENTIFIED TARGETS,50.95,10.72,B24,4.0,,160.0,60.0,,,60.0,NOT INDICATED
48170,98720.0,1944-02-24,9,GERMANY,UNIDENTIFIED TARGET,UNIDENTIFIED TARGETS,50.95,10.72,B24,4.0,,168.0,,,71.0,71.0,NOT INDICATED
48165,98729.0,1944-02-24,9,GERMANY,CITY AREA,CITIES TOWNS AND URBAN AREAS,50.97,10.33,B24,4.0,,210.0,,1.0,,1.0,NOT INDICATED
48163,162650.0,1944-02-24,15,AUSTRIA,AIRCRAFT FACTORY,AIRCRAFT FACTORIES AND ASSEMBLY PLANTS,48.05,14.45,B17,4.0,25.0,195.0,75.0,,,75.0,NOT INDICATED
48156,162651.0,1944-02-24,15,AUSTRIA,AIRCRAFT FACTORY,AIRCRAFT FACTORIES AND ASSEMBLY PLANTS,48.05,14.45,B17,4.0,30.0,224.0,90.0,,,90.0,NOT INDICATED
48159,162652.0,1944-02-24,15,AUSTRIA,AIRCRAFT FACTORY,AIRCRAFT FACTORIES AND ASSEMBLY PLANTS,48.05,14.45,B17,4.0,32.0,217.0,96.0,,,96.0,NOT INDICATED
48184,162661.0,1944-02-24,8,POLAND,AC COMPONENTS WORKS,AIRCRAFT FACTORIES AND ASSEMBLY PLANTS,52.42,16.97,B17,4.0,,160.0,50.0,42.0,,92.0,F.F.F.
48174,162662.0,1944-02-24,9,GERMANY,UNIDENTIFIED TARGET,UNIDENTIFIED TARGETS,50.95,10.72,B24,4.0,,160.0,60.0,,,60.0,NOT INDICATED
48171,162663.0,1944-02-24,9,GERMANY,UNIDENTIFIED TARGET,UNIDENTIFIED TARGETS,50.95,10.72,B24,4.0,,168.0,,,71.0,71.0,NOT INDICATED
48186,162675.0,1944-02-24,8,POLAND,UNIDENTIFIED TARGET,UNIDENTIFIED TARGETS,52.42,16.97,B17,4.0,,153.0,90.0,,,90.0,NOT INDICATED
48166,162677.0,1944-02-24,9,GERMANY,CITY AREA,CITIES TOWNS AND URBAN AREAS,50.97,10.33,B24,4.0,,210.0,,1.0,,1.0,NOT INDICATED
48167,162682.0,1944-02-24,9,GERMANY,CITY AREA,CITIES TOWNS AND URBAN AREAS,50.97,10.33,B24,4.0,,210.0,,1.0,,1.0,NOT INDICATED
48172,162683.0,1944-02-24,9,GERMANY,UNIDENTIFIED TARGET,UNIDENTIFIED TARGETS,50.95,10.72,B24,4.0,,160.0,60.0,,,60.0,NOT INDICATED
48169,162684.0,1944-02-24,9,GERMANY,UNIDENTIFIED TARGET,UNIDENTIFIED TARGETS,50.95,10.72,B24,4.0,,168.0,,,71.0,71.0,NOT INDICATED
48187,162696.0,1944-02-24,8,POLAND,UNIDENTIFIED TARGET,UNIDENTIFIED TARGETS,52.42,16.97,B17,4.0,,153.0,90.0,,,90.0,NOT INDICATED
48185,162705.0,1944-02-24,8,POLAND,AC COMPONENTS WORKS,AIRCRAFT FACTORIES AND ASSEMBLY PLANTS,52.42,16.97,B17,4.0,,160.0,50.0,42.0,,92.0,F.F.F.
48164,162706.0,1944-02-24,15,AUSTRIA,AIRCRAFT FACTORY,AIRCRAFT FACTORIES AND ASSEMBLY PLANTS,48.05,14.45,B17,4.0,25.0,195.0,75.0,,,75.0,NOT INDICATED
48157,162707.0,1944-02-24,15,AUSTRIA,AIRCRAFT FACTORY,AIRCRAFT FACTORIES AND ASSEMBLY PLANTS,48.05,14.45,B17,4.0,30.0,224.0,90.0,,,90.0,NOT INDICATED
48160,162708.0,1944-02-24,15,AUSTRIA,AIRCRAFT FACTORY,AIRCRAFT FACTORIES AND ASSEMBLY PLANTS,48.05,14.45,B17,4.0,32.0,217.0,96.0,,,96.0,NOT INDICATED
48168,162726.0,1944-02-24,9,GERMANY,RR LINES,"""RR INSTALLATIONS,  TRACKS,  MARSHALLING YARDS,  AND STATIONS""",50.97,10.33,B24,1.0,,180.0,,,17.0,17.0,NOT INDICATED
48161,201416.0,1944-02-24,15,CZECHOSLOVAKIA,AIRDROME,AIR FIELDS AND AIRDROMES,50.05,15.75,B17,4.0,28.0,215.0,84.0,,,84.0,VISUAL
48998,98730.0,1944-02-25,12,GERMANY,AC ASSEMBLY PLANTS,AIRCRAFT FACTORIES AND ASSEMBLY PLANTS,48.37,10.88,B17,4.0,,202.0,42.0,5.0,,47.0,NOT INDICATED
48977,98731.0,1944-02-25,12,GERMANY,AC ASSEMBLY PLANTS,AIRCRAFT FACTORIES AND ASSEMBLY PLANTS,48.37,10.88,B17,4.0,,221.0,48.0,,,48.0,NOT INDICATED
49304,98732.0,1944-02-25,12,GERMANY,AC ASSEMBLY PLANTS,AIRCRAFT FACTORIES AND ASSEMBLY PLANTS,48.37,10.88,B17,4.0,,201.0,48.0,18.0,,66.0,VISUAL
48986,98733.0,1944-02-25,12,GERMANY,AC ASSEMBLY PLANTS,AIRCRAFT FACTORIES AND ASSEMBLY PLANTS,48.37,10.88,B17,4.0,,210.0,39.0,,,39.0,NOT INDICATED
48983,98734.0,1944-02-25,12,GERMANY,AC ASSEMBLY PLANTS,AIRCRAFT FACTORIES AND ASSEMBLY PLANTS,48.37,10.88,B17,4.0,,217.0,,16.0,,16.0,NOT INDICATED
49308,98735.0,1944-02-25,12,GERMANY,AC ASSEMBLY PLANTS,AIRCRAFT FACTORIES AND ASSEMBLY PLANTS,48.37,10.88,B17,4.0,,,3.0,,,3.0,NOT INDICATED
48987,98736.0,1944-02-25,12,GERMANY,AC ASSEMBLY PLANTS,AIRCRAFT FACTORIES AND ASSEMBLY PLANTS,48.37,10.88,B17,4.0,,210.0,51.0,,,51.0,NOT INDICATED
48988,98737.0,1944-02-25,12,GERMANY,AC ASSEMBLY PLANTS,AIRCRAFT FACTORIES AND ASSEMBLY PLANTS,48.37,10.88,B17,4.0,,210.0,45.0,14.0,,59.0,NOT INDICATED
48974,98738.0,1944-02-25,12,GERMANY,AC ASSEMBLY PLANTS,AIRCRAFT FACTORIES AND ASSEMBLY PLANTS,48.37,10.88,B17,4.0,,227.0,,22.0,,22.0,NOT INDICATED
48999,98739.0,1944-02-25,12,GERMANY,AC ASSEMBLY PLANTS,AIRCRAFT FACTORIES AND ASSEMBLY PLANTS,48.37,10.88,B17,4.0,,202.0,48.0,,,48.0,NOT INDICATED
48995,98740.0,1944-02-25,12,GERMANY,AC ASSEMBLY PLANTS,AIRCRAFT FACTORIES AND ASSEMBLY PLANTS,48.37,10.88,B17,4.0,,205.0,54.0,10.0,,64.0,NOT INDICATED
49309,98741.0,1944-02-25,12,GERMANY,AC ASSEMBLY PLANTS,AIRCRAFT FACTORIES AND ASSEMBLY PLANTS,48.37,10.88,B17,4.0,,,,,,,NOT INDICATED
48980,98742.0,1944-02-25,12,GERMANY,AC ASSEMBLY PLANTS,AIRCRAFT FACTORIES AND ASSEMBLY PLANTS,48.37,10.88,B17,4.0,,220.0,3.0,,,3.0,NOT INDICATED
49320,98743.0,1944-02-25,8,GERMANY,AC FACTORY,AIRCRAFT FACTORIES AND ASSEMBLY PLANTS,48.92,12.67,B24,4.0,,180.0,66.0,,,66.0,NOT INDICATED
49324,98768.0,1944-02-25,8,GERMANY,AIRDROME,AIR FIELDS AND AIRDROMES,48.92,12.67,B24,4.0,,180.0,,,40.0,40.0,NOT INDICATED
49316,98773.0,1944-02-25,8,GERMANY,AC COMPONENTS,A/C COMPONENT PLANTS,48.92,12.67,B24,4.0,,185.0,,,28.0,28.0,NOT INDICATED
49321,98774.0,1944-02-25,8,GERMANY,AC COMPONENTS,A/C COMPONENT PLANTS,48.92,12.67,B24,4.0,,180.0,,46.0,,46.0,NOT INDICATED
49329,98775.0,1944-02-25,8,GERMANY,AC COMPONENTS,A/C COMPONENT PLANTS,48.92,12.67,B24,4.0,,177.0,,,40.0,40.0,NOT INDICATED
48971,98777.0,1944-02-25,15,AUSTRIA,THELERHOF AD,AIR FIELDS AND AIRDROMES,47.07,15.43,B24,4.0,19.0,205.0,48.0,,,48.0,NOT INDICATED
48968,98778.0,1944-02-25,15,AUSTRIA,THELERHOF AD,AIR FIELDS AND AIRDROMES,47.07,15.43,B24,4.0,32.0,225.0,80.0,,,80.0,NOT INDICATED
49000,162727.0,1944-02-25,12,GERMANY,AC ASSEMBLY PLANTS,AIRCRAFT FACTORIES AND ASSEMBLY PLANTS,48.37,10.88,B17,4.0,,202.0,42.0,5.0,,47.0,NOT INDICATED
48978,162728.0,1944-02-25,12,GERMANY,AC ASSEMBLY PLANTS,AIRCRAFT FACTORIES AND ASSEMBLY PLANTS,48.37,10.88,B17,4.0,,221.0,48.0,,,48.0,NOT INDICATED
49305,162729.0,1944-02-25,12,GERMANY,AC ASSEMBLY PLANTS,AIRCRAFT FACTORIES AND ASSEMBLY PLANTS,48.37,10.88,B17,4.0,,201.0,48.0,18.0,,66.0,VISUAL
48989,162730.0,1944-02-25,12,GERMANY,AC ASSEMBLY PLANTS,AIRCRAFT FACTORIES AND ASSEMBLY PLANTS,48.37,10.88,B17,4.0,,210.0,39.0,,,39.0,NOT INDICATED
48984,162731.0,1944-02-25,12,GERMANY,AC ASSEMBLY PLANTS,AIRCRAFT FACTORIES AND ASSEMBLY PLANTS,48.37,10.88,B17,4.0,,217.0,,16.0,,16.0,NOT INDICATED
49310,162732.0,1944-02-25,12,GERMANY,AC ASSEMBLY PLANTS,AIRCRAFT FACTORIES AND ASSEMBLY PLANTS,48.37,10.88,B17,4.0,,,3.0,,,3.0,NOT INDICATED
48990,162733.0,1944-02-25,12,GERMANY,AC ASSEMBLY PLANTS,AIRCRAFT FACTORIES AND ASSEMBLY PLANTS,48.37,10.88,B17,4.0,,210.0,51.0,,,51.0,NOT INDICATED
48991,162734.0,1944-02-25,12,GERMANY,AC ASSEMBLY PLANTS,AIRCRAFT FACTORIES AND ASSEMBLY PLANTS,48.37,10.88,B17,4.0,,210.0,45.0,14.0,,59.0,NOT INDICATED
48975,162735.0,1944-02-25,12,GERMANY,AC ASSEMBLY PLANTS,AIRCRAFT FACTORIES AND ASSEMBLY PLANTS,48.37,10.88,B17,4.0,,227.0,,22.0,,22.0,NOT INDICATED
49301,162736.0,1944-02-25,12,GERMANY,AC ASSEMBLY PLANTS,AIRCRAFT FACTORIES AND ASSEMBLY PLANTS,48.37,10.88,B17,4.0,,202.0,48.0,,,48.0,NOT INDICATED
48996,162737.0,1944-02-25,12,GERMANY,AC ASSEMBLY PLANTS,AIRCRAFT FACTORIES AND ASSEMBLY PLANTS,48.37,10.88,B17,4.0,,205.0,54.0,10.0,,64.0,NOT INDICATED
49311,162738.0,1944-02-25,12,GERMANY,AC ASSEMBLY PLANTS,AIRCRAFT FACTORIES AND ASSEMBLY PLANTS,48.37,10.88,B17,4.0,,,,,,,NOT INDICATED
48981,162739.0,1944-02-25,12,GERMANY,AC ASSEMBLY PLANTS,AIRCRAFT FACTORIES AND ASSEMBLY PLANTS,48.37,10.88,B17,4.0,,220.0,3.0,,,3.0,NOT INDICATED
49322,162740.0,1944-02-25,8,GERMANY,AC FACTORY,AIRCRAFT FACTORIES AND ASSEMBLY PLANTS,48.92,12.67,B24,4.0,,180.0,66.0,,,66.0,NOT INDICATED
49317,162756.0,1944-02-25,8,GERMANY,AC COMPONENTS,A/C COMPONENT PLANTS,48.92,12.67,B24,4.0,,185.0,,,28.0,28.0,NOT INDICATED
49323,162757.0,1944-02-25,8,GERMANY,AC COMPONENTS,A/C COMPONENT PLANTS,48.92,12.67,B24,4.0,,180.0,,46.0,,46.0,NOT INDICATED
49330,162758.0,1944-02-25,8,GERMANY,AC COMPONENTS,A/C COMPONENT PLANTS,48.92,12.67,B24,4.0,,177.0,,,40.0,40.0,NOT INDICATED
49302,162760.0,1944-02-25,12,GERMANY,AC ASSEMBLY PLANTS,AIRCRAFT FACTORIES AND ASSEMBLY PLANTS,48.37,10.88,B17,4.0,,202.0,42.0,5.0,,47.0,NOT INDICATED
48979,162761.0,1944-02-25,12,GERMANY,AC ASSEMBLY PLANTS,AIRCRAFT FACTORIES AND ASSEMBLY PLANTS,48.37,10.88,B17,4.0,,221.0,48.0,,,48.0,NOT INDICATED
49306,162762.0,1944-02-25,12,GERMANY,AC ASSEMBLY PLANTS,AIRCRAFT FACTORIES AND ASSEMBLY PLANTS,48.37,10.88,B17,4.0,,201.0,48.0,18.0,,66.0,VISUAL
48992,162763.0,1944-02-25,12,GERMANY,AC ASSEMBLY PLANTS,AIRCRAFT FACTORIES AND ASSEMBLY PLANTS,48.37,10.88,B17,4.0,,210.0,39.0,,,39.0,NOT INDICATED
48985,162764.0,1944-02-25,12,GERMANY,AC ASSEMBLY PLANTS,AIRCRAFT FACTORIES AND ASSEMBLY PLANTS,48.37,10.88,B17,4.0,,217.0,,16.0,,16.0,NOT INDICATED
48993,162765.0,1944-02-25,12,GERMANY,AC ASSEMBLY PLANTS,AIRCRAFT FACTORIES AND ASSEMBLY PLANTS,48.37,10.88,B17,4.0,,210.0,51.0,,,51.0,NOT INDICATED
48994,162766.0,1944-02-25,12,GERMANY,AC ASSEMBLY PLANTS,AIRCRAFT FACTORIES AND ASSEMBLY PLANTS,48.37,10.88,B17,4.0,,210.0,45.0,14.0,,59.0,NOT INDICATED
48976,162767.0,1944-02-25,12,GERMANY,AC ASSEMBLY PLANTS,AIRCRAFT FACTORIES AND ASSEMBLY PLANTS,48.37,10.88,B17,4.0,,227.0,,22.0,,22.0,NOT INDICATED
49303,162768.0,1944-02-25,12,GERMANY,AC ASSEMBLY PLANTS,AIRCRAFT FACTORIES AND ASSEMBLY PLANTS,48.37,10.88,B17,4.0,,202.0,48.0,,,48.0,NOT INDICATED
48997,162769.0,1944-02-25,12,GERMANY,AC ASSEMBLY PLANTS,AIRCRAFT FACTORIES AND ASSEMBLY PLANTS,48.37,10.88,B17,4.0,,205.0,54.0,10.0,,64.0,NOT INDICATED
49312,162770.0,1944-02-25,12,GERMANY,AC ASSEMBLY PLANTS,AIRCRAFT FACTORIES AND ASSEMBLY PLANTS,48.37,10.88,B17,4.0,,,,,,,NOT INDICATED
48982,162771.0,1944-02-25,12,GERMANY,AC ASSEMBLY PLANTS,AIRCRAFT FACTORIES AND ASSEMBLY PLANTS,48.37,10.88,B17,4.0,,220.0,3.0,,,3.0,NOT INDICATED
49325,162772.0,1944-02-25,8,GERMANY,AC FACTORY,AIRCRAFT FACTORIES AND ASSEMBLY PLANTS,48.92,12.67,B24,4.0,,180.0,66.0,,,66.0,NOT INDICATED
49332,162773.0,1944-02-25,8,GERMANY,AC FACTORY,AIRCRAFT FACTORIES AND ASSEMBLY PLANTS,48.92,12.67,B24,4.0,,160.0,84.0,,,84.0,NOT INDICATED
49314,162774.0,1944-02-25,8,GERMANY,AC FACTORY,AIRCRAFT FACTORIES AND ASSEMBLY PLANTS,48.92,12.67,B24,4.0,,200.0,43.0,,,43.0,VISUAL
49318,162775.0,1944-02-25,8,GERMANY,AC COMPONENTS,A/C COMPONENT PLANTS,48.92,12.67,B24,4.0,,185.0,,,28.0,28.0,NOT INDICATED
49326,162776.0,1944-02-25,8,GERMANY,AC COMPONENTS,A/C COMPONENT PLANTS,48.92,12.67,B24,4.0,,180.0,,46.0,,46.0,NOT INDICATED
49331,162777.0,1944-02-25,8,GERMANY,AC COMPONENTS,A/C COMPONENT PLANTS,48.92,12.67,B24,4.0,,177.0,,,40.0,40.0,NOT INDICATED
49319,162801.0,1944-02-25,8,GERMANY,RR JUNC,"""RR INSTALLATIONS,  TRACKS,  MARSHALLING YARDS,  AND STATIONS""",49.5,10.9,B24,2.0,,180.0,24.0,,,24.0,NOT INDICATED
49315,162802.0,1944-02-25,8,GERMANY,MARSHALLING YARD,"""RR INSTALLATIONS,  TRACKS,  MARSHALLING YARDS,  AND STATIONS""",48.92,12.67,B24,4.0,,190.0,66.0,,,66.0,NOT INDICATED
49307,192453.0,1944-02-25,12,GERMANY,AC ASSEMBLY PLANTS,AIRCRAFT FACTORIES AND ASSEMBLY PLANTS,48.37,10.88,B17,4.0,,,3.0,,,3.0,NOT INDICATED
49327,201423.0,1944-02-25,8,GERMANY,AIRDROME,AIR FIELDS AND AIRDROMES,48.92,12.67,B24,4.0,,180.0,,,40.0,40.0,NOT INDICATED
48972,201425.0,1944-02-25,15,AUSTRIA,THELERHOF AD,AIR FIELDS AND AIRDROMES,47.07,15.43,B24,4.0,19.0,205.0,48.0,,,48.0,NOT INDICATED
48969,201426.0,1944-02-25,15,AUSTRIA,THELERHOF AD,AIR FIELDS AND AIRDROMES,47.07,15.43,B24,4.0,32.0,225.0,80.0,,,80.0,NOT INDICATED
48973,201433.0,1944-02-25,15,AUSTRIA,THELERHOF AD,AIR FIELDS AND AIRDROMES,47.07,15.43,B24,4.0,19.0,205.0,48.0,,,48.0,NOT INDICATED
48970,201434.0,1944-02-25,15,AUSTRIA,THELERHOF AD,AIR FIELDS AND AIRDROMES,47.07,15.43,B24,4.0,32.0,225.0,80.0,,,80.0,NOT INDICATED
49328,201435.0,1944-02-25,8,GERMANY,AIRDROME,AIR FIELDS AND AIRDROMES,48.92,12.67,B24,4.0,,180.0,,,40.0,40.0,NOT INDICATED
50168,98797.0,1944-02-28,9,FRANCE,UNIDENTIFIED TARGET,UNIDENTIFIED TARGETS,46.43,-1.48,B26,4.0,,120.0,34.0,,,34.0,NOT INDICATED
50169,162807.0,1944-02-28,9,FRANCE,UNIDENTIFIED TARGET,UNIDENTIFIED TARGETS,46.43,-1.48,B26,4.0,,120.0,34.0,,,34.0,NOT INDICATED
50595,98798.0,1944-02-29,8,GERMANY,AC FACTORIES,AIRCRAFT FACTORIES AND ASSEMBLY PLANTS,52.25,10.5,B17,4.0,,218.0,21.0,,,21.0,NOT INDICATED
50589,98799.0,1944-02-29,8,GERMANY,AC FACTORIES,AIRCRAFT FACTORIES AND ASSEMBLY PLANTS,52.25,10.5,B17,4.0,,222.0,34.0,,,34.0,F.F.F.
50592,98801.0,1944-02-29,8,GERMANY,AC FACTORIES,AIRCRAFT FACTORIES AND ASSEMBLY PLANTS,52.25,10.5,B17,4.0,,220.0,20.0,23.0,,43.0,F.F.F.
50568,98811.0,1944-02-29,9,GERMANY,UNIDENTIFIED TARGET,UNIDENTIFIED TARGETS,52.25,10.5,B17,4.0,,220.0,40.0,,,40.0,F.F.F.
50569,98815.0,1944-02-29,9,GERMANY,CITY AREA,CITIES TOWNS AND URBAN AREAS,52.25,10.5,B17,4.0,,220.0,45.0,30.0,,75.0,NOT INDICATED
50583,98816.0,1944-02-29,9,GERMANY,CITY AREA,CITIES TOWNS AND URBAN AREAS,52.25,10.5,B17,4.0,,210.0,3.0,26.0,,29.0,NOT INDICATED
50570,98817.0,1944-02-29,9,GERMANY,CITY AREA,CITIES TOWNS AND URBAN AREAS,52.25,10.5,B17,4.0,,220.0,36.0,,,36.0,F.F.F.
50580,98818.0,1944-02-29,9,GERMANY,CITY AREA,CITIES TOWNS AND URBAN AREAS,52.25,10.5,B17,4.0,,215.0,44.0,,,44.0,NOT INDICATED
50565,98819.0,1944-02-29,9,GERMANY,CITY AREA,CITIES TOWNS AND URBAN AREAS,52.25,10.5,B17,4.0,,230.0,42.0,,,42.0,NOT INDICATED
50586,98820.0,1944-02-29,9,GERMANY,CITY AREA,CITIES TOWNS AND URBAN AREAS,52.25,10.5,B17,4.0,,,,,,,NOT INDICATED
50571,98821.0,1944-02-29,9,GERMANY,CITY AREA,CITIES TOWNS AND URBAN AREAS,52.25,10.5,B17,4.0,,220.0,10.0,,,10.0,NOT INDICATED
50596,162809.0,1944-02-29,8,GERMANY,AC FACTORIES,AIRCRAFT FACTORIES AND ASSEMBLY PLANTS,52.25,10.5,B17,4.0,,218.0,21.0,,,21.0,NOT INDICATED
50590,162810.0,1944-02-29,8,GERMANY,AC FACTORIES,AIRCRAFT FACTORIES AND ASSEMBLY PLANTS,52.25,10.5,B17,4.0,,222.0,34.0,,,34.0,F.F.F.
50593,162811.0,1944-02-29,8,GERMANY,AC FACTORIES,AIRCRAFT FACTORIES AND ASSEMBLY PLANTS,52.25,10.5,B17,4.0,,220.0,20.0,23.0,,43.0,F.F.F.
50572,162812.0,1944-02-29,9,GERMANY,UNIDENTIFIED TARGET,UNIDENTIFIED TARGETS,52.25,10.5,B17,4.0,,220.0,40.0,,,40.0,F.F.F.
50573,162813.0,1944-02-29,9,GERMANY,CITY AREA,CITIES TOWNS AND URBAN AREAS,52.25,10.5,B17,4.0,,220.0,45.0,30.0,,75.0,NOT INDICATED
50584,162814.0,1944-02-29,9,GERMANY,CITY AREA,CITIES TOWNS AND URBAN AREAS,52.25,10.5,B17,4.0,,210.0,3.0,26.0,,29.0,NOT INDICATED
50574,162815.0,1944-02-29,9,GERMANY,CITY AREA,CITIES TOWNS AND URBAN AREAS,52.25,10.5,B17,4.0,,220.0,36.0,,,36.0,F.F.F.
50581,162816.0,1944-02-29,9,GERMANY,CITY AREA,CITIES TOWNS AND URBAN AREAS,52.25,10.5,B17,4.0,,215.0,44.0,,,44.0,NOT INDICATED
50566,162817.0,1944-02-29,9,GERMANY,CITY AREA,CITIES TOWNS AND URBAN AREAS,52.25,10.5,B17,4.0,,230.0,42.0,,,42.0,NOT INDICATED
50587,162818.0,1944-02-29,9,GERMANY,CITY AREA,CITIES TOWNS AND URBAN AREAS,52.25,10.5,B17,4.0,,,,,,,NOT INDICATED
50575,162819.0,1944-02-29,9,GERMANY,CITY AREA,CITIES TOWNS AND URBAN AREAS,52.25,10.5,B17,4.0,,220.0,10.0,,,10.0,NOT INDICATED
50576,162827.0,1944-02-29,9,GERMANY,CITY AREA,CITIES TOWNS AND URBAN AREAS,52.25,10.5,B17,4.0,,220.0,45.0,30.0,,75.0,NOT INDICATED
50585,162828.0,1944-02-29,9,GERMANY,CITY AREA,CITIES TOWNS AND URBAN AREAS,52.25,10.5,B17,4.0,,210.0,3.0,26.0,,29.0,NOT INDICATED
50577,162829.0,1944-02-29,9,GERMANY,CITY AREA,CITIES TOWNS AND URBAN AREAS,52.25,10.5,B17,4.0,,220.0,36.0,,,36.0,F.F.F.
50582,162830.0,1944-02-29,9,GERMANY,CITY AREA,CITIES TOWNS AND URBAN AREAS,52.25,10.5,B17,4.0,,215.0,44.0,,,44.0,NOT INDICATED
50567,162831.0,1944-02-29,9,GERMANY,CITY AREA,CITIES TOWNS AND URBAN AREAS,52.25,10.5,B17,4.0,,230.0,42.0,,,42.0,NOT INDICATED
50588,162832.0,1944-02-29,9,GERMANY,CITY AREA,CITIES TOWNS AND URBAN AREAS,52.25,10.5,B17,4.0,,,,,,,NOT INDICATED
50578,162833.0,1944-02-29,9,GERMANY,CITY AREA,CITIES TOWNS AND URBAN AREAS,52.25,10.5,B17,4.0,,220.0,10.0,,,10.0,NOT INDICATED
50579,162835.0,1944-02-29,9,GERMANY,UNIDENTIFIED TARGET,UNIDENTIFIED TARGETS,52.25,10.5,B17,4.0,,220.0,40.0,,,40.0,F.F.F.
50591,162836.0,1944-02-29,8,GERMANY,AC FACTORIES,AIRCRAFT FACTORIES AND ASSEMBLY PLANTS,52.25,10.5,B17,4.0,,222.0,34.0,,,34.0,F.F.F.
50597,162837.0,1944-02-29,8,GERMANY,AC FACTORIES,AIRCRAFT FACTORIES AND ASSEMBLY PLANTS,52.25,10.5,B17,4.0,,215.0,,29.0,,29.0,F.F.F.
50594,162838.0,1944-02-29,8,GERMANY,AC FACTORIES,AIRCRAFT FACTORIES AND ASSEMBLY PLANTS,52.25,10.5,B17,4.0,,220.0,20.0,23.0,,43.0,F.F.F.
50598,162839.0,1944-02-29,8,GERMANY,AC FACTORIES,AIRCRAFT FACTORIES AND ASSEMBLY PLANTS,52.25,10.5,B17,4.0,,215.0,,29.0,,29.0,F.F.F.
51391,98822.0,1944-03-02,8,GERMANY,CITY AREA,CITIES TOWNS AND URBAN AREAS,50.72,10.12,B24,3.0,,192.0,,34.0,,34.0,NOT INDICATED
51381,98823.0,1944-03-02,8,GERMANY,MANUFACTURING INSTALL,MANUFACTURING INSTALLATIONS (NOT SPECIFICALLY IDENTIFIED BELOW FROM CLASS 11 THROUGH 59),50.1,8.67,B17,4.0,,230.0,43.0,28.0,,71.0,F.F.F.
51378,98824.0,1944-03-02,8,GERMANY,MANUFACTURING INSTALL,MANUFACTURING INSTALLATIONS (NOT SPECIFICALLY IDENTIFIED BELOW FROM CLASS 11 THROUGH 59),50.1,8.67,B17,4.0,,242.0,105.0,,,105.0,F.F.F.
51370,98830.0,1944-03-02,9,FRANCE,MARSHALLING YARD,"""RR INSTALLATIONS,  TRACKS,  MARSHALLING YARDS,  AND STATIONS""",50.63,2.37,B26,2.0,,115.0,48.0,,,48.0,NOT INDICATED
51375,98842.0,1944-03-02,8,GERMANY,ENGINE PLANTS,ENGINE PLANTS,50.1,8.67,B17,4.0,,260.0,,23.0,,23.0,F.F.F.
51352,98863.0,1944-03-02,9,GERMANY,UNIDENTIFIED TARGET,UNIDENTIFIED TARGETS,47.97,7.93,B17,2.0,,250.0,70.0,,,70.0,VISUAL
51393,98864.0,1944-03-02,8,GERMANY,CITY AREA,CITIES TOWNS AND URBAN AREAS,50.72,10.12,B24,4.0,,,,,,,NOT INDICATED
51387,98865.0,1944-03-02,8,GERMANY,CITY AREA,CITIES TOWNS AND URBAN AREAS,50.72,10.12,B24,4.0,,200.0,3.0,,,3.0,NOT INDICATED
51384,98866.0,1944-03-02,8,GERMANY,CITY AREA,CITIES TOWNS AND URBAN AREAS,50.72,10.12,B24,2.0,,210.0,,40.0,,40.0,F.F.F.
51367,98867.0,1944-03-02,9,GERMANY,CITY AREA,CITIES TOWNS AND URBAN AREAS,50.1,8.67,B17,4.0,,200.0,23.0,36.0,,59.0,F.F.F.
51355,98868.0,1944-03-02,9,GERMANY,CITY AREA,CITIES TOWNS AND URBAN AREAS,50.1,8.67,B17,4.0,,250.0,67.0,,,67.0,NOT INDICATED
51361,98869.0,1944-03-02,9,GERMANY,CITY AREA,CITIES TOWNS AND URBAN AREAS,50.1,8.67,B17,4.0,,240.0,30.0,,,30.0,F.F.F.
51372,98870.0,1944-03-02,9,GERMANY,CITY AREA,CITIES TOWNS AND URBAN AREAS,50.1,8.67,B17,4.0,,,,,,,NOT INDICATED
51356,98871.0,1944-03-02,9,GERMANY,CITY AREA,CITIES TOWNS AND URBAN AREAS,50.1,8.67,B17,4.0,,250.0,2.0,,,2.0,NOT INDICATED
51364,98872.0,1944-03-02,9,GERMANY,CITY AREA,CITIES TOWNS AND URBAN AREAS,50.1,8.67,B17,3.0,,237.0,36.0,9.0,,45.0,F.F.F.
51392,162820.0,1944-03-02,8,GERMANY,CITY AREA,CITIES TOWNS AND URBAN AREAS,50.72,10.12,B24,3.0,,192.0,,34.0,,34.0,NOT INDICATED
51390,162834.0,1944-03-02,8,GERMANY,CITY AREA,CITIES TOWNS AND URBAN AREAS,50.72,10.12,B24,3.0,,192.0,,34.0,,34.0,NOT INDICATED
51376,162840.0,1944-03-02,8,GERMANY,ENGINE PLANTS,ENGINE PLANTS,50.1,8.67,B17,4.0,,260.0,,23.0,,23.0,F.F.F.
51353,162845.0,1944-03-02,9,GERMANY,UNIDENTIFIED TARGET,UNIDENTIFIED TARGETS,47.97,7.93,B17,2.0,,250.0,70.0,,,70.0,VISUAL
51394,162848.0,1944-03-02,8,GERMANY,CITY AREA,CITIES TOWNS AND URBAN AREAS,50.72,10.12,B24,4.0,,,,,,,NOT INDICATED
51388,162849.0,1944-03-02,8,GERMANY,CITY AREA,CITIES TOWNS AND URBAN AREAS,50.72,10.12,B24,4.0,,200.0,3.0,,,3.0,NOT INDICATED
51385,162850.0,1944-03-02,8,GERMANY,CITY AREA,CITIES TOWNS AND URBAN AREAS,50.72,10.12,B24,2.0,,210.0,,40.0,,40.0,F.F.F.
51368,162851.0,1944-03-02,9,GERMANY,CITY AREA,CITIES TOWNS AND URBAN AREAS,50.1,8.67,B17,4.0,,200.0,23.0,36.0,,59.0,F.F.F.
51357,162852.0,1944-03-02,9,GERMANY,CITY AREA,CITIES TOWNS AND URBAN AREAS,50.1,8.67,B17,4.0,,250.0,67.0,,,67.0,NOT INDICATED
51362,162853.0,1944-03-02,9,GERMANY,CITY AREA,CITIES TOWNS AND URBAN AREAS,50.1,8.67,B17,4.0,,240.0,30.0,,,30.0,F.F.F.
51373,162854.0,1944-03-02,9,GERMANY,CITY AREA,CITIES TOWNS AND URBAN AREAS,50.1,8.67,B17,4.0,,,,,,,NOT INDICATED
51358,162855.0,1944-03-02,9,GERMANY,CITY AREA,CITIES TOWNS AND URBAN AREAS,50.1,8.67,B17,4.0,,250.0,2.0,,,2.0,NOT INDICATED
51365,162856.0,1944-03-02,9,GERMANY,CITY AREA,CITIES TOWNS AND URBAN AREAS,50.1,8.67,B17,3.0,,237.0,36.0,9.0,,45.0,F.F.F.
51395,162869.0,1944-03-02,8,GERMANY,CITY AREA,CITIES TOWNS AND URBAN AREAS,50.72,10.12,B24,4.0,,,,,,,NOT INDICATED
51389,162870.0,1944-03-02,8,GERMANY,CITY AREA,CITIES TOWNS AND URBAN AREAS,50.72,10.12,B24,4.0,,200.0,3.0,,,3.0,NOT INDICATED
51386,162871.0,1944-03-02,8,GERMANY,CITY AREA,CITIES TOWNS AND URBAN AREAS,50.72,10.12,B24,2.0,,210.0,,40.0,,40.0,F.F.F.
51369,162872.0,1944-03-02,9,GERMANY,CITY AREA,CITIES TOWNS AND URBAN AREAS,50.1,8.67,B17,4.0,,200.0,23.0,36.0,,59.0,F.F.F.
51359,162873.0,1944-03-02,9,GERMANY,CITY AREA,CITIES TOWNS AND URBAN AREAS,50.1,8.67,B17,4.0,,250.0,67.0,,,67.0,NOT INDICATED
51363,162874.0,1944-03-02,9,GERMANY,CITY AREA,CITIES TOWNS AND URBAN AREAS,50.1,8.67,B17,4.0,,240.0,30.0,,,30.0,F.F.F.
51374,162875.0,1944-03-02,9,GERMANY,CITY AREA,CITIES TOWNS AND URBAN AREAS,50.1,8.67,B17,4.0,,,,,,,NOT INDICATED
51360,162876.0,1944-03-02,9,GERMANY,CITY AREA,CITIES TOWNS AND URBAN AREAS,50.1,8.67,B17,4.0,,250.0,2.0,,,2.0,NOT INDICATED
51366,162877.0,1944-03-02,9,GERMANY,CITY AREA,CITIES TOWNS AND URBAN AREAS,50.1,8.67,B17,3.0,,237.0,36.0,9.0,,45.0,F.F.F.
51382,162887.0,1944-03-02,8,GERMANY,MANUFACTURING INSTALL,MANUFACTURING INSTALLATIONS (NOT SPECIFICALLY IDENTIFIED BELOW FROM CLASS 11 THROUGH 59),50.1,8.67,B17,4.0,,230.0,43.0,28.0,,71.0,F.F.F.
51379,162888.0,1944-03-02,8,GERMANY,MANUFACTURING INSTALL,MANUFACTURING INSTALLATIONS (NOT SPECIFICALLY IDENTIFIED BELOW FROM CLASS 11 THROUGH 59),50.1,8.67,B17,4.0,,242.0,105.0,,,105.0,F.F.F.
51383,162890.0,1944-03-02,8,GERMANY,MANUFACTURING INSTALL,MANUFACTURING INSTALLATIONS (NOT SPECIFICALLY IDENTIFIED BELOW FROM CLASS 11 THROUGH 59),50.1,8.67,B17,4.0,,230.0,43.0,28.0,,71.0,F.F.F.
51380,162891.0,1944-03-02,8,GERMANY,MANUFACTURING INSTALL,MANUFACTURING INSTALLATIONS (NOT SPECIFICALLY IDENTIFIED BELOW FROM CLASS 11 THROUGH 59),50.1,8.67,B17,4.0,,242.0,105.0,,,105.0,F.F.F.
51354,162893.0,1944-03-02,9,GERMANY,UNIDENTIFIED TARGET,UNIDENTIFIED TARGETS,47.97,7.93,B17,2.0,,250.0,70.0,,,70.0,F.F.F.
51377,162894.0,1944-03-02,8,GERMANY,ENGINE PLANTS,ENGINE PLANTS,50.1,8.67,B17,4.0,,260.0,,23.0,,23.0,F.F.F.
51371,201484.0,1944-03-02,9,FRANCE,MARSHALLING YARD,"""RR INSTALLATIONS,  TRACKS,  MARSHALLING YARDS,  AND STATIONS""",50.63,2.37,B26,2.0,,115.0,48.0,,,48.0,NOT INDICATED
52172,98877.0,1944-03-03,8,GERMANY,V KF BEARING MFG PLAN,BEARINGS MFG. PLANTS,52.43,13.77,B17,4.0,,270.0,47.0,,,47.0,NOT INDICATED
52174,98878.0,1944-03-03,8,GERMANY,V KF BEARING MFG PLAN,BEARINGS MFG. PLANTS,52.43,13.77,B17,4.0,,260.0,3.0,,,3.0,NOT INDICATED
52176,98879.0,1944-03-03,8,GERMANY,V KF BEARING MFG PLAN,BEARINGS MFG. PLANTS,52.43,13.77,B17,4.0,,,,1.0,,1.0,NOT INDICATED
52173,162928.0,1944-03-03,8,GERMANY,V KF BEARING MFG PLAN,BEARINGS MFG. PLANTS,52.43,13.77,B17,4.0,,270.0,47.0,,,47.0,NOT INDICATED
52175,162929.0,1944-03-03,8,GERMANY,V KF BEARING MFG PLAN,BEARINGS MFG. PLANTS,52.43,13.77,B17,4.0,,260.0,3.0,,,3.0,NOT INDICATED
52177,162930.0,1944-03-03,8,GERMANY,V KF BEARING MFG PLAN,BEARINGS MFG. PLANTS,52.43,13.77,B17,4.0,,,,1.0,,1.0,NOT INDICATED
52927,98916.0,1944-03-04,9,GERMANY,UNIDENTIFIED TARGET,UNIDENTIFIED TARGETS,52.53,13.42,B17,4.0,,255.0,60.0,,,60.0,F.F.F.
52942,98917.0,1944-03-04,9,GERMANY,UNIDENTIFIED TARGET,UNIDENTIFIED TARGETS,52.53,13.42,B17,4.0,,,,,,,NOT INDICATED
52918,98918.0,1944-03-04,9,GERMANY,UNIDENTIFIED TARGET,UNIDENTIFIED TARGETS,52.53,13.42,B17,4.0,,260.0,,,,,NOT INDICATED
52936,98919.0,1944-03-04,9,GERMANY,CITY AREA,CITIES TOWNS AND URBAN AREAS,50.73,7.07,B17,4.0,,245.0,,39.0,,39.0,F.F.F.
52939,98920.0,1944-03-04,9,GERMANY,CITY AREA,CITIES TOWNS AND URBAN AREAS,50.73,7.07,B17,4.0,,208.0,25.0,,,25.0,NOT INDICATED
52933,98921.0,1944-03-04,9,GERMANY,CITY AREA,CITIES TOWNS AND URBAN AREAS,50.73,7.07,B17,4.0,,249.0,,22.0,,22.0,F.F.F.
52930,98922.0,1944-03-04,9,GERMANY,CITY AREA,CITIES TOWNS AND URBAN AREAS,50.73,7.07,B17,4.0,,254.0,38.0,,,38.0,NOT INDICATED
52946,98923.0,1944-03-04,9,GERMANY,CITY AREA,CITIES TOWNS AND URBAN AREAS,50.73,7.07,B17,4.0,,,,,,,NOT INDICATED
52921,98924.0,1944-03-04,9,GERMANY,CITY AREA,CITIES TOWNS AND URBAN AREAS,50.73,7.07,B17,4.0,,260.0,1.0,,,1.0,NOT INDICATED
52915,98925.0,1944-03-04,9,GERMANY,CITY AREA,CITIES TOWNS AND URBAN AREAS,50.73,7.07,B17,2.0,,265.0,35.0,13.0,,48.0,F.F.F.
52922,98926.0,1944-03-04,9,GERMANY,CITY AREA,CITIES TOWNS AND URBAN AREAS,50.73,7.07,B17,2.0,,260.0,13.0,,,13.0,NOT INDICATED
52910,98927.0,1944-03-04,9,GERMANY,CITY AREA,CITIES TOWNS AND URBAN AREAS,50.73,7.07,B17,2.0,,274.0,42.0,,,42.0,NOT INDICATED
52928,162935.0,1944-03-04,9,GERMANY,UNIDENTIFIED TARGET,UNIDENTIFIED TARGETS,52.53,13.42,B17,4.0,,255.0,60.0,,,60.0,F.F.F.
52943,162936.0,1944-03-04,9,GERMANY,UNIDENTIFIED TARGET,UNIDENTIFIED TARGETS,52.53,13.42,B17,4.0,,,,,,,NOT INDICATED
52919,162937.0,1944-03-04,9,GERMANY,UNIDENTIFIED TARGET,UNIDENTIFIED TARGETS,52.53,13.42,B17,4.0,,260.0,,,,,NOT INDICATED
52937,162942.0,1944-03-04,9,GERMANY,CITY AREA,CITIES TOWNS AND URBAN AREAS,50.73,7.07,B17,4.0,,245.0,,39.0,,39.0,F.F.F.
52940,162943.0,1944-03-04,9,GERMANY,CITY AREA,CITIES TOWNS AND URBAN AREAS,50.73,7.07,B17,4.0,,208.0,25.0,,,25.0,NOT INDICATED
52934,162944.0,1944-03-04,9,GERMANY,CITY AREA,CITIES TOWNS AND URBAN AREAS,50.73,7.07,B17,4.0,,249.0,,22.0,,22.0,F.F.F.
52931,162945.0,1944-03-04,9,GERMANY,CITY AREA,CITIES TOWNS AND URBAN AREAS,50.73,7.07,B17,4.0,,254.0,38.0,,,38.0,NOT INDICATED
52947,162946.0,1944-03-04,9,GERMANY,CITY AREA,CITIES TOWNS AND URBAN AREAS,50.73,7.07,B17,4.0,,,,,,,NOT INDICATED
52923,162947.0,1944-03-04,9,GERMANY,CITY AREA,CITIES TOWNS AND URBAN AREAS,50.73,7.07,B17,4.0,,260.0,1.0,,,1.0,NOT INDICATED
52916,162948.0,1944-03-04,9,GERMANY,CITY AREA,CITIES TOWNS AND URBAN AREAS,50.73,7.07,B17,2.0,,265.0,35.0,13.0,,48.0,F.F.F.
52924,162949.0,1944-03-04,9,GERMANY,CITY AREA,CITIES TOWNS AND URBAN AREAS,50.73,7.07,B17,2.0,,260.0,13.0,,,13.0,NOT INDICATED
52911,162950.0,1944-03-04,9,GERMANY,CITY AREA,CITIES TOWNS AND URBAN AREAS,50.73,7.07,B17,2.0,,274.0,42.0,,,42.0,NOT INDICATED
52938,162959.0,1944-03-04,9,GERMANY,CITY AREA,CITIES TOWNS AND URBAN AREAS,50.73,7.07,B17,4.0,,245.0,,39.0,,39.0,F.F.F.
52941,162960.0,1944-03-04,9,GERMANY,CITY AREA,CITIES TOWNS AND URBAN AREAS,50.73,7.07,B17,4.0,,208.0,25.0,,,25.0,NOT INDICATED
52935,162961.0,1944-03-04,9,GERMANY,CITY AREA,CITIES TOWNS AND URBAN AREAS,50.73,7.07,B17,4.0,,249.0,,22.0,,22.0,F.F.F.
52932,162962.0,1944-03-04,9,GERMANY,CITY AREA,CITIES TOWNS AND URBAN AREAS,50.73,7.07,B17,4.0,,254.0,38.0,,,38.0,NOT INDICATED
52948,162963.0,1944-03-04,9,GERMANY,CITY AREA,CITIES TOWNS AND URBAN AREAS,50.73,7.07,B17,4.0,,,,,,,NOT INDICATED
52925,162964.0,1944-03-04,9,GERMANY,CITY AREA,CITIES TOWNS AND URBAN AREAS,50.73,7.07,B17,4.0,,260.0,1.0,,,1.0,NOT INDICATED
52917,162965.0,1944-03-04,9,GERMANY,CITY AREA,CITIES TOWNS AND URBAN AREAS,50.73,7.07,B17,2.0,,265.0,35.0,13.0,,48.0,F.F.F.
52926,162966.0,1944-03-04,9,GERMANY,CITY AREA,CITIES TOWNS AND URBAN AREAS,50.73,7.07,B17,2.0,,260.0,13.0,,,13.0,NOT INDICATED
52912,162967.0,1944-03-04,9,GERMANY,CITY AREA,CITIES TOWNS AND URBAN AREAS,50.73,7.07,B17,2.0,,274.0,42.0,,,42.0,NOT INDICATED
52929,162976.0,1944-03-04,9,GERMANY,UNIDENTIFIED TARGET,UNIDENTIFIED TARGETS,52.53,13.42,B17,4.0,,255.0,60.0,,,60.0,F.F.F.
52944,162977.0,1944-03-04,9,GERMANY,UNIDENTIFIED TARGET,UNIDENTIFIED TARGETS,52.53,13.42,B17,4.0,,,,7.0,,7.0,NOT INDICATED
52945,162978.0,1944-03-04,9,GERMANY,UNIDENTIFIED TARGET,UNIDENTIFIED TARGETS,52.53,13.42,B17,4.0,,,,,,,NOT INDICATED
52920,162979.0,1944-03-04,9,GERMANY,UNIDENTIFIED TARGET,UNIDENTIFIED TARGETS,52.53,13.42,B17,4.0,,260.0,,,,,NOT INDICATED
53363,98935.0,1944-03-05,8,FRANCE,AIRDROME,AIR FIELDS AND AIRDROMES,44.53,-1.15,B24,4.0,,160.0,33.0,20.0,,53.0,NOT INDICATED
53369,98936.0,1944-03-05,8,FRANCE,AIRDROME,AIR FIELDS AND AIRDROMES,45.7,-0.32,B24,4.0,,145.0,84.0,,,84.0,NOT INDICATED
53366,98937.0,1944-03-05,8,FRANCE,AIRDROME,AIR FIELDS AND AIRDROMES,45.7,-0.32,B24,3.0,,160.0,36.0,,,36.0,NOT INDICATED
53372,98938.0,1944-03-05,8,FRANCE,AIRDROME,AIR FIELDS AND AIRDROMES,45.7,-0.32,B24,2.0,,140.0,33.0,,,33.0,NOT INDICATED
53356,98951.0,1944-03-05,9,FRANCE,UNIDENTIFIED TARGET,UNIDENTIFIED TARGETS,48.2,16.37,B26,4.0,,119.0,57.0,,,57.0,NOT INDICATED
53354,98952.0,1944-03-05,9,FRANCE,UNIDENTIFIED TARGET,UNIDENTIFIED TARGETS,48.2,16.37,B26,4.0,,120.0,26.0,,,26.0,NOT INDICATED
53360,98953.0,1944-03-05,9,FRANCE,UNIDENTIFIED TARGET,UNIDENTIFIED TARGETS,49.99,1.79,B26,4.0,,110.0,30.0,,,30.0,NOT INDICATED
53357,162984.0,1944-03-05,9,FRANCE,UNIDENTIFIED TARGET,UNIDENTIFIED TARGETS,48.2,16.37,B26,4.0,,119.0,57.0,,,57.0,NOT INDICATED
53355,162985.0,1944-03-05,9,FRANCE,UNIDENTIFIED TARGET,UNIDENTIFIED TARGETS,48.2,16.37,B26,4.0,,120.0,26.0,,,26.0,NOT INDICATED
53361,162986.0,1944-03-05,9,FRANCE,UNIDENTIFIED TARGET,UNIDENTIFIED TARGETS,49.99,1.79,B26,4.0,,110.0,30.0,,,30.0,NOT INDICATED
53364,201560.0,1944-03-05,8,FRANCE,AIRDROME,AIR FIELDS AND AIRDROMES,44.53,-1.15,B24,4.0,,160.0,33.0,20.0,,53.0,NOT INDICATED
53370,201561.0,1944-03-05,8,FRANCE,AIRDROME,AIR FIELDS AND AIRDROMES,45.7,-0.32,B24,4.0,,145.0,84.0,,,84.0,NOT INDICATED
53367,201562.0,1944-03-05,8,FRANCE,AIRDROME,AIR FIELDS AND AIRDROMES,45.7,-0.32,B24,3.0,,160.0,36.0,,,36.0,NOT INDICATED
53373,201563.0,1944-03-05,8,FRANCE,AIRDROME,AIR FIELDS AND AIRDROMES,45.7,-0.32,B24,2.0,,140.0,33.0,,,33.0,NOT INDICATED
53365,201588.0,1944-03-05,8,FRANCE,AIRDROME,AIR FIELDS AND AIRDROMES,44.53,-1.15,B24,4.0,,160.0,33.0,20.0,,53.0,NOT INDICATED
53371,201589.0,1944-03-05,8,FRANCE,AIRDROME,AIR FIELDS AND AIRDROMES,45.7,-0.32,B24,4.0,,145.0,84.0,,,84.0,NOT INDICATED
53368,201590.0,1944-03-05,8,FRANCE,AIRDROME,AIR FIELDS AND AIRDROMES,45.7,-0.32,B24,3.0,,160.0,36.0,,,36.0,NOT INDICATED
53374,201591.0,1944-03-05,8,FRANCE,AIRDROME,AIR FIELDS AND AIRDROMES,45.7,-0.32,B24,2.0,,140.0,33.0,,,33.0,NOT INDICATED
53698,98960.0,1944-03-06,8,GERMANY,V KF BEARING MFG PLAN,BEARINGS MFG. PLANTS,52.43,13.77,B17,3.0,,210.0,40.0,4.0,,44.0,F.F.F.
53686,98965.0,1944-03-06,9,FRANCE,TILLIE AD,AIR FIELDS AND AIRDROMES,49.43,-2.08,B26,4.0,,115.0,61.0,,,61.0,NOT INDICATED
53684,98966.0,1944-03-06,9,FRANCE,TILLIE AD,AIR FIELDS AND AIRDROMES,49.43,-2.08,B26,4.0,,120.0,54.0,,,54.0,NOT INDICATED
53695,98968.0,1944-03-06,8,GERMANY,ENGINE PLANTS,ENGINE PLANTS,52.4,12.52,B24,4.0,,210.0,30.0,,,30.0,NOT INDICATED
53692,98969.0,1944-03-06,8,GERMANY,ENGINE PLANTS,ENGINE PLANTS,52.4,12.52,B24,4.0,,225.0,84.0,,,84.0,NOT INDICATED
53646,98972.0,1944-03-06,15,GERMANY,DAIMLER BENZ ENGINE,ARMAMENT AND ORDNANCE PLANTS,52.53,13.42,B24,4.0,,225.0,,36.0,,36.0,NOT INDICATED
53648,98977.0,1944-03-06,15,GERMANY,DAIMLER BENZ ENGINE,ARMAMENT AND ORDNANCE PLANTS,52.53,13.42,B24,4.0,,225.0,,36.0,,36.0,NOT INDICATED
53676,98981.0,1944-03-06,9,GERMANY,UNIDENTIFIED TARGET,UNIDENTIFIED TARGETS,52.53,13.42,B17,4.0,,195.0,,9.0,,9.0,NOT INDICATED
53661,98982.0,1944-03-06,9,GERMANY,UNIDENTIFIED TARGET,UNIDENTIFIED TARGETS,52.53,13.42,B17,4.0,,205.0,53.0,,,53.0,F.F.F.
53667,98983.0,1944-03-06,9,GERMANY,UNIDENTIFIED TARGET,UNIDENTIFIED TARGETS,52.53,13.42,B17,4.0,,200.0,,53.0,,53.0,NOT INDICATED
53655,98984.0,1944-03-06,9,GERMANY,UNIDENTIFIED TARGET,UNIDENTIFIED TARGETS,52.53,13.42,B17,4.0,,220.0,,7.0,,7.0,NOT INDICATED
53664,98985.0,1944-03-06,9,GERMANY,UNIDENTIFIED TARGET,UNIDENTIFIED TARGETS,52.53,13.42,B17,4.0,,203.0,40.0,7.0,,47.0,NOT INDICATED
53679,98986.0,1944-03-06,9,GERMANY,UNIDENTIFIED TARGET,UNIDENTIFIED TARGETS,52.53,13.42,B17,4.0,,173.0,,22.0,,22.0,NOT INDICATED
53688,98987.0,1944-03-06,9,GERMANY,UNIDENTIFIED TARGET,UNIDENTIFIED TARGETS,52.53,13.42,B17,4.0,,,,,,,NOT INDICATED
53658,98988.0,1944-03-06,9,GERMANY,UNIDENTIFIED TARGET,UNIDENTIFIED TARGETS,52.53,13.42,B17,4.0,,210.0,8.0,,,8.0,NOT INDICATED
53670,98989.0,1944-03-06,9,GERMANY,UNIDENTIFIED TARGET,UNIDENTIFIED TARGETS,52.53,13.42,B17,3.0,,198.0,45.0,7.0,,52.0,NOT INDICATED
53653,98990.0,1944-03-06,9,GERMANY,UNIDENTIFIED TARGET,UNIDENTIFIED TARGETS,52.53,13.42,B24,3.0,,222.0,67.0,,,67.0,NOT INDICATED
53671,98991.0,1944-03-06,9,GERMANY,UNIDENTIFIED TARGET,UNIDENTIFIED TARGETS,52.53,13.42,B17,2.0,,198.0,50.0,10.0,,60.0,F.F.F.
54103,98997.0,1944-03-06,8,GERMANY,CITY AREA,CITIES TOWNS AND URBAN AREAS,52.52,13.7,B17,4.0,,,,,,,NOT INDICATED
53700,98998.0,1944-03-06,8,GERMANY,CITY AREA,CITIES TOWNS AND URBAN AREAS,52.52,13.7,B17,4.0,,206.0,42.0,7.0,,49.0,NOT INDICATED
53696,162991.0,1944-03-06,8,GERMANY,ENGINE PLANTS,ENGINE PLANTS,52.4,12.52,B24,4.0,,210.0,30.0,,,30.0,NOT INDICATED
53693,162992.0,1944-03-06,8,GERMANY,ENGINE PLANTS,ENGINE PLANTS,52.4,12.52,B24,4.0,,225.0,84.0,,,84.0,NOT INDICATED
53677,162993.0,1944-03-06,9,GERMANY,UNIDENTIFIED TARGET,UNIDENTIFIED TARGETS,52.53,13.42,B17,4.0,,195.0,,9.0,,9.0,NOT INDICATED
53662,162994.0,1944-03-06,9,GERMANY,UNIDENTIFIED TARGET,UNIDENTIFIED TARGETS,52.53,13.42,B17,4.0,,205.0,53.0,,,53.0,F.F.F.
53668,162995.0,1944-03-06,9,GERMANY,UNIDENTIFIED TARGET,UNIDENTIFIED TARGETS,52.53,13.42,B17,4.0,,200.0,,53.0,,53.0,NOT INDICATED
53656,162996.0,1944-03-06,9,GERMANY,UNIDENTIFIED TARGET,UNIDENTIFIED TARGETS,52.53,13.42,B17,4.0,,220.0,,7.0,,7.0,NOT INDICATED
53665,162997.0,1944-03-06,9,GERMANY,UNIDENTIFIED TARGET,UNIDENTIFIED TARGETS,52.53,13.42,B17,4.0,,203.0,40.0,7.0,,47.0,NOT INDICATED
53680,162998.0,1944-03-06,9,GERMANY,UNIDENTIFIED TARGET,UNIDENTIFIED TARGETS,52.53,13.42,B17,4.0,,173.0,,22.0,,22.0,NOT INDICATED
53689,162999.0,1944-03-06,9,GERMANY,UNIDENTIFIED TARGET,UNIDENTIFIED TARGETS,52.53,13.42,B17,4.0,,,,,,,NOT INDICATED
53659,163000.0,1944-03-06,9,GERMANY,UNIDENTIFIED TARGET,UNIDENTIFIED TARGETS,52.53,13.42,B17,4.0,,210.0,8.0,,,8.0,NOT INDICATED
53672,163001.0,1944-03-06,9,GERMANY,UNIDENTIFIED TARGET,UNIDENTIFIED TARGETS,52.53,13.42,B17,3.0,,198.0,45.0,7.0,,52.0,NOT INDICATED
53654,163002.0,1944-03-06,9,GERMANY,UNIDENTIFIED TARGET,UNIDENTIFIED TARGETS,52.53,13.42,B24,3.0,,222.0,67.0,,,67.0,NOT INDICATED
53673,163003.0,1944-03-06,9,GERMANY,UNIDENTIFIED TARGET,UNIDENTIFIED TARGETS,52.53,13.42,B17,2.0,,198.0,50.0,10.0,,60.0,F.F.F.
54104,163011.0,1944-03-06,8,GERMANY,CITY AREA,CITIES TOWNS AND URBAN AREAS,52.52,13.7,B17,4.0,,,,,,,NOT INDICATED
54101,163012.0,1944-03-06,8,GERMANY,CITY AREA,CITIES TOWNS AND URBAN AREAS,52.52,13.7,B17,4.0,,206.0,42.0,7.0,,49.0,NOT INDICATED
54105,163026.0,1944-03-06,8,GERMANY,CITY AREA,CITIES TOWNS AND URBAN AREAS,52.52,13.7,B17,4.0,,,,,,,NOT INDICATED
54102,163027.0,1944-03-06,8,GERMANY,CITY AREA,CITIES TOWNS AND URBAN AREAS,52.52,13.7,B17,4.0,,206.0,42.0,7.0,,49.0,NOT INDICATED
53678,163028.0,1944-03-06,9,GERMANY,UNIDENTIFIED TARGET,UNIDENTIFIED TARGETS,52.53,13.42,B17,4.0,,195.0,,9.0,,9.0,NOT INDICATED
53663,163029.0,1944-03-06,9,GERMANY,UNIDENTIFIED TARGET,UNIDENTIFIED TARGETS,52.53,13.42,B17,4.0,,205.0,53.0,,,53.0,F.F.F.
53669,163030.0,1944-03-06,9,GERMANY,UNIDENTIFIED TARGET,UNIDENTIFIED TARGETS,52.53,13.42,B17,4.0,,200.0,,53.0,,53.0,NOT INDICATED
53657,163031.0,1944-03-06,9,GERMANY,UNIDENTIFIED TARGET,UNIDENTIFIED TARGETS,52.53,13.42,B17,4.0,,220.0,,7.0,,7.0,NOT INDICATED
53666,163032.0,1944-03-06,9,GERMANY,UNIDENTIFIED TARGET,UNIDENTIFIED TARGETS,52.53,13.42,B17,4.0,,203.0,40.0,7.0,,47.0,NOT INDICATED
53681,163033.0,1944-03-06,9,GERMANY,UNIDENTIFIED TARGET,UNIDENTIFIED TARGETS,52.53,13.42,B17,4.0,,173.0,,22.0,,22.0,NOT INDICATED
53690,163034.0,1944-03-06,9,GERMANY,UNIDENTIFIED TARGET,UNIDENTIFIED TARGETS,52.53,13.42,B17,4.0,,,,,,,NOT INDICATED
53660,163035.0,1944-03-06,9,GERMANY,UNIDENTIFIED TARGET,UNIDENTIFIED TARGETS,52.53,13.42,B17,4.0,,210.0,8.0,,,8.0,NOT INDICATED
53674,163036.0,1944-03-06,9,GERMANY,UNIDENTIFIED TARGET,UNIDENTIFIED TARGETS,52.53,13.42,B17,3.0,,198.0,45.0,7.0,,52.0,NOT INDICATED
53652,163037.0,1944-03-06,9,GERMANY,UNIDENTIFIED TARGET,UNIDENTIFIED TARGETS,52.53,13.42,B24,3.0,,222.0,67.0,,,67.0,NOT INDICATED
53675,163038.0,1944-03-06,9,GERMANY,UNIDENTIFIED TARGET,UNIDENTIFIED TARGETS,52.53,13.42,B17,2.0,,198.0,50.0,10.0,,60.0,F.F.F.
53697,163042.0,1944-03-06,8,GERMANY,ENGINE PLANTS,ENGINE PLANTS,52.4,12.52,B24,4.0,,210.0,30.0,,,30.0,NOT INDICATED
53694,163043.0,1944-03-06,8,GERMANY,ENGINE PLANTS,ENGINE PLANTS,52.4,12.52,B24,4.0,,225.0,84.0,,,84.0,NOT INDICATED
53647,163049.0,1944-03-06,15,GERMANY,DAIMLER BENZ ENGINE,ARMAMENT AND ORDNANCE PLANTS,52.53,13.42,B24,4.0,,225.0,,36.0,,36.0,NOT INDICATED
53649,163050.0,1944-03-06,15,GERMANY,DAIMLER BENZ ENGINE,ARMAMENT AND ORDNANCE PLANTS,52.53,13.42,B24,4.0,,225.0,,36.0,,36.0,NOT INDICATED
53699,163053.0,1944-03-06,8,GERMANY,V KF BEARING MFG PLAN,BEARINGS MFG. PLANTS,52.43,13.77,B17,3.0,,210.0,40.0,4.0,,44.0,F.F.F.
53687,201595.0,1944-03-06,9,FRANCE,TILLIE AD,AIR FIELDS AND AIRDROMES,49.43,-2.08,B26,4.0,,115.0,61.0,,,61.0,NOT INDICATED
53685,201596.0,1944-03-06,9,FRANCE,TILLIE AD,AIR FIELDS AND AIRDROMES,49.43,-2.08,B26,4.0,,120.0,54.0,,,54.0,NOT INDICATED
54991,99023.0,1944-03-08,8,GERMANY,V KF BEARING MFG PLAN,BEARINGS MFG. PLANTS,52.43,13.77,B17,4.0,,218.0,11.0,22.0,,33.0,NOT INDICATED
54961,99024.0,1944-03-08,8,GERMANY,V KF BEARING MFG PLAN,BEARINGS MFG. PLANTS,52.43,13.77,B24,4.0,,268.0,14.0,21.0,,35.0,NOT INDICATED
54971,99025.0,1944-03-08,8,GERMANY,V KF BEARING MFG PLAN,BEARINGS MFG. PLANTS,52.43,13.77,B17,4.0,,250.0,23.0,11.0,,34.0,NOT INDICATED
54957,99026.0,1944-03-08,8,GERMANY,V KF BEARING MFG PLAN,BEARINGS MFG. PLANTS,52.43,13.77,B17,4.0,,270.0,11.0,,38.0,49.0,NOT INDICATED
54975,99027.0,1944-03-08,8,GERMANY,V KF BEARING MFG PLAN,BEARINGS MFG. PLANTS,52.43,13.77,B17,4.0,,247.0,11.0,38.0,,49.0,VISUAL
54976,99028.0,1944-03-08,8,GERMANY,V KF BEARING MFG PLAN,BEARINGS MFG. PLANTS,52.43,13.77,B17,4.0,,247.0,34.0,,,34.0,NOT INDICATED
54983,99029.0,1944-03-08,8,GERMANY,V KF BEARING MFG PLAN,BEARINGS MFG. PLANTS,52.43,13.77,B17,4.0,,227.0,13.0,36.0,,49.0,NOT INDICATED
54973,99030.0,1944-03-08,8,GERMANY,V KF BEARING MFG PLAN,BEARINGS MFG. PLANTS,52.43,13.77,B17,4.0,,249.0,32.0,,,32.0,NOT INDICATED
54985,99031.0,1944-03-08,8,GERMANY,V KF BEARING MFG PLAN,BEARINGS MFG. PLANTS,52.43,13.77,B24,4.0,,225.0,18.0,26.0,,44.0,NOT INDICATED
54969,99032.0,1944-03-08,8,GERMANY,V KF BEARING MFG PLAN,BEARINGS MFG. PLANTS,52.43,13.77,B17,4.0,,251.0,,37.0,,37.0,VISUAL
54987,99033.0,1944-03-08,8,GERMANY,V KF BEARING MFG PLAN,BEARINGS MFG. PLANTS,52.43,13.77,B17,4.0,,220.0,8.0,17.0,,25.0,NOT INDICATED
54979,99034.0,1944-03-08,8,GERMANY,V KF BEARING MFG PLAN,BEARINGS MFG. PLANTS,52.43,13.77,B24,4.0,,240.0,13.0,25.0,,38.0,NOT INDICATED
54988,99035.0,1944-03-08,8,GERMANY,V KF BEARING MFG PLAN,BEARINGS MFG. PLANTS,52.43,13.77,B17,4.0,,220.0,7.0,14.0,,21.0,NOT INDICATED
54963,99036.0,1944-03-08,8,GERMANY,V KF BEARING MFG PLAN,BEARINGS MFG. PLANTS,52.43,13.77,B17,4.0,,262.0,,35.0,,35.0,NOT INDICATED
54965,99037.0,1944-03-08,8,GERMANY,V KF BEARING MFG PLAN,BEARINGS MFG. PLANTS,52.43,13.77,B17,4.0,,261.0,,23.0,,23.0,VISUAL
54967,99038.0,1944-03-08,8,GERMANY,V KF BEARING MFG PLAN,BEARINGS MFG. PLANTS,52.43,13.77,B17,4.0,,256.0,,29.0,,29.0,NOT INDICATED
54993,99039.0,1944-03-08,8,GERMANY,V KF BEARING MFG PLAN,BEARINGS MFG. PLANTS,52.43,13.77,B17,4.0,,209.0,11.0,23.0,,34.0,NOT INDICATED
54958,99040.0,1944-03-08,8,GERMANY,V KF BEARING MFG PLAN,BEARINGS MFG. PLANTS,52.43,13.77,B17,4.0,,270.0,,26.0,,26.0,NOT INDICATED
54981,99041.0,1944-03-08,8,GERMANY,V KF BEARING MFG PLAN,BEARINGS MFG. PLANTS,52.43,13.77,B24,3.0,,230.0,18.0,27.0,,45.0,VISUAL
54946,99053.0,1944-03-08,9,GERMANY,UNIDENTIFIED TARGET,UNIDENTIFIED TARGETS,52.53,13.42,B24,4.0,,220.0,15.0,24.0,,39.0,NOT INDICATED
54948,99054.0,1944-03-08,9,GERMANY,UNIDENTIFIED TARGET,UNIDENTIFIED TARGETS,52.53,13.42,B17,4.0,,,,26.0,,26.0,NOT INDICATED
54933,99055.0,1944-03-08,9,GERMANY,UNIDENTIFIED TARGET,UNIDENTIFIED TARGETS,52.53,13.42,B17,4.0,,230.0,,6.0,,6.0,NOT INDICATED
54930,99056.0,1944-03-08,9,GERMANY,UNIDENTIFIED TARGET,UNIDENTIFIED TARGETS,52.53,13.42,B17,4.0,,260.0,11.0,35.0,,46.0,NOT INDICATED
54934,99057.0,1944-03-08,9,GERMANY,UNIDENTIFIED TARGET,UNIDENTIFIED TARGETS,52.53,13.42,B17,4.0,,230.0,8.0,16.0,,24.0,NOT INDICATED
54949,99058.0,1944-03-08,9,GERMANY,UNIDENTIFIED TARGET,UNIDENTIFIED TARGETS,52.53,13.42,B17,4.0,,,,,,,NOT INDICATED
54950,99059.0,1944-03-08,9,GERMANY,UNIDENTIFIED TARGET,UNIDENTIFIED TARGETS,52.53,13.42,B17,4.0,,,1.0,,,1.0,NOT INDICATED
54942,99060.0,1944-03-08,9,GERMANY,UNIDENTIFIED TARGET,UNIDENTIFIED TARGETS,52.53,13.42,B17,4.0,,223.0,9.0,,,9.0,NOT INDICATED
54940,99061.0,1944-03-08,9,GERMANY,UNIDENTIFIED TARGET,UNIDENTIFIED TARGETS,52.53,13.42,B24,3.0,,224.0,12.0,24.0,,36.0,NOT INDICATED
54996,99062.0,1944-03-08,8,GERMANY,UNIDENTIFIED TARGET,UNIDENTIFIED TARGETS,52.37,14.07,B24,2.0,,,,2.0,,2.0,NOT INDICATED
54947,163064.0,1944-03-08,9,GERMANY,UNIDENTIFIED TARGET,UNIDENTIFIED TARGETS,52.53,13.42,B24,4.0,,220.0,15.0,24.0,,39.0,NOT INDICATED
54951,163065.0,1944-03-08,9,GERMANY,UNIDENTIFIED TARGET,UNIDENTIFIED TARGETS,52.53,13.42,B17,4.0,,,,26.0,,26.0,NOT INDICATED
54935,163066.0,1944-03-08,9,GERMANY,UNIDENTIFIED TARGET,UNIDENTIFIED TARGETS,52.53,13.42,B17,4.0,,230.0,,6.0,,6.0,NOT INDICATED
54931,163067.0,1944-03-08,9,GERMANY,UNIDENTIFIED TARGET,UNIDENTIFIED TARGETS,52.53,13.42,B17,4.0,,260.0,11.0,35.0,,46.0,NOT INDICATED
54936,163068.0,1944-03-08,9,GERMANY,UNIDENTIFIED TARGET,UNIDENTIFIED TARGETS,52.53,13.42,B17,4.0,,230.0,8.0,16.0,,24.0,NOT INDICATED
54952,163069.0,1944-03-08,9,GERMANY,UNIDENTIFIED TARGET,UNIDENTIFIED TARGETS,52.53,13.42,B17,4.0,,,,,,,NOT INDICATED
54953,163070.0,1944-03-08,9,GERMANY,UNIDENTIFIED TARGET,UNIDENTIFIED TARGETS,52.53,13.42,B17,4.0,,,1.0,,,1.0,NOT INDICATED
54943,163071.0,1944-03-08,9,GERMANY,UNIDENTIFIED TARGET,UNIDENTIFIED TARGETS,52.53,13.42,B17,4.0,,223.0,9.0,,,9.0,NOT INDICATED
54941,163072.0,1944-03-08,9,GERMANY,UNIDENTIFIED TARGET,UNIDENTIFIED TARGETS,52.53,13.42,B24,3.0,,224.0,12.0,24.0,,36.0,NOT INDICATED
54997,163073.0,1944-03-08,8,GERMANY,UNIDENTIFIED TARGET,UNIDENTIFIED TARGETS,52.37,14.07,B24,2.0,,,,2.0,,2.0,NOT INDICATED
54945,163076.0,1944-03-08,9,GERMANY,UNIDENTIFIED TARGET,UNIDENTIFIED TARGETS,52.53,13.42,B24,4.0,,220.0,15.0,24.0,,39.0,NOT INDICATED
54954,163077.0,1944-03-08,9,GERMANY,UNIDENTIFIED TARGET,UNIDENTIFIED TARGETS,52.53,13.42,B17,4.0,,,,26.0,,26.0,NOT INDICATED
54937,163078.0,1944-03-08,9,GERMANY,UNIDENTIFIED TARGET,UNIDENTIFIED TARGETS,52.53,13.42,B17,4.0,,230.0,,6.0,,6.0,NOT INDICATED
54932,163079.0,1944-03-08,9,GERMANY,UNIDENTIFIED TARGET,UNIDENTIFIED TARGETS,52.53,13.42,B17,4.0,,260.0,11.0,35.0,,46.0,NOT INDICATED
54955,163080.0,1944-03-08,9,GERMANY,UNIDENTIFIED TARGET,UNIDENTIFIED TARGETS,52.53,13.42,B17,4.0,,,,,,,NOT INDICATED
54956,163081.0,1944-03-08,9,GERMANY,UNIDENTIFIED TARGET,UNIDENTIFIED TARGETS,52.53,13.42,B17,4.0,,,1.0,,,1.0,NOT INDICATED
54944,163082.0,1944-03-08,9,GERMANY,UNIDENTIFIED TARGET,UNIDENTIFIED TARGETS,52.53,13.42,B17,4.0,,223.0,9.0,,,9.0,NOT INDICATED
54939,163083.0,1944-03-08,9,GERMANY,UNIDENTIFIED TARGET,UNIDENTIFIED TARGETS,52.53,13.42,B24,3.0,,224.0,12.0,24.0,,36.0,NOT INDICATED
54995,163084.0,1944-03-08,8,GERMANY,UNIDENTIFIED TARGET,UNIDENTIFIED TARGETS,52.37,14.07,B24,2.0,,,,2.0,,2.0,NOT INDICATED
54992,163087.0,1944-03-08,8,GERMANY,V KF BEARING MFG PLAN,BEARINGS MFG. PLANTS,52.43,13.77,B17,4.0,,218.0,11.0,22.0,,33.0,NOT INDICATED
54962,163088.0,1944-03-08,8,GERMANY,V KF BEARING MFG PLAN,BEARINGS MFG. PLANTS,52.43,13.77,B24,4.0,,268.0,14.0,21.0,,35.0,NOT INDICATED
54972,163089.0,1944-03-08,8,GERMANY,V KF BEARING MFG PLAN,BEARINGS MFG. PLANTS,52.43,13.77,B17,4.0,,250.0,23.0,11.0,,34.0,NOT INDICATED
54959,163090.0,1944-03-08,8,GERMANY,V KF BEARING MFG PLAN,BEARINGS MFG. PLANTS,52.43,13.77,B17,4.0,,270.0,11.0,,38.0,49.0,NOT INDICATED
54977,163091.0,1944-03-08,8,GERMANY,V KF BEARING MFG PLAN,BEARINGS MFG. PLANTS,52.43,13.77,B17,4.0,,247.0,11.0,38.0,,49.0,VISUAL
54978,163092.0,1944-03-08,8,GERMANY,V KF BEARING MFG PLAN,BEARINGS MFG. PLANTS,52.43,13.77,B17,4.0,,247.0,34.0,,,34.0,NOT INDICATED
54984,163093.0,1944-03-08,8,GERMANY,V KF BEARING MFG PLAN,BEARINGS MFG. PLANTS,52.43,13.77,B17,4.0,,227.0,13.0,36.0,,49.0,NOT INDICATED
54974,163094.0,1944-03-08,8,GERMANY,V KF BEARING MFG PLAN,BEARINGS MFG. PLANTS,52.43,13.77,B17,4.0,,249.0,32.0,,,32.0,NOT INDICATED
54986,163095.0,1944-03-08,8,GERMANY,V KF BEARING MFG PLAN,BEARINGS MFG. PLANTS,52.43,13.77,B24,4.0,,225.0,18.0,26.0,,44.0,NOT INDICATED
54970,163096.0,1944-03-08,8,GERMANY,V KF BEARING MFG PLAN,BEARINGS MFG. PLANTS,52.43,13.77,B17,4.0,,251.0,,37.0,,37.0,VISUAL
54989,163097.0,1944-03-08,8,GERMANY,V KF BEARING MFG PLAN,BEARINGS MFG. PLANTS,52.43,13.77,B17,4.0,,220.0,8.0,17.0,,25.0,NOT INDICATED
54980,163098.0,1944-03-08,8,GERMANY,V KF BEARING MFG PLAN,BEARINGS MFG. PLANTS,52.43,13.77,B24,4.0,,240.0,13.0,25.0,,38.0,NOT INDICATED
54990,163099.0,1944-03-08,8,GERMANY,V KF BEARING MFG PLAN,BEARINGS MFG. PLANTS,52.43,13.77,B17,4.0,,220.0,7.0,14.0,,21.0,NOT INDICATED
54964,163100.0,1944-03-08,8,GERMANY,V KF BEARING MFG PLAN,BEARINGS MFG. PLANTS,52.43,13.77,B17,4.0,,262.0,,35.0,,35.0,NOT INDICATED
54966,163101.0,1944-03-08,8,GERMANY,V KF BEARING MFG PLAN,BEARINGS MFG. PLANTS,52.43,13.77,B17,4.0,,261.0,,23.0,,23.0,VISUAL
54968,163102.0,1944-03-08,8,GERMANY,V KF BEARING MFG PLAN,BEARINGS MFG. PLANTS,52.43,13.77,B17,4.0,,256.0,,29.0,,29.0,NOT INDICATED
54994,163103.0,1944-03-08,8,GERMANY,V KF BEARING MFG PLAN,BEARINGS MFG. PLANTS,52.43,13.77,B17,4.0,,209.0,11.0,23.0,,34.0,NOT INDICATED
54960,163104.0,1944-03-08,8,GERMANY,V KF BEARING MFG PLAN,BEARINGS MFG. PLANTS,52.43,13.77,B17,4.0,,270.0,,26.0,,26.0,NOT INDICATED
54982,163105.0,1944-03-08,8,GERMANY,V KF BEARING MFG PLAN,BEARINGS MFG. PLANTS,52.43,13.77,B24,3.0,,230.0,18.0,27.0,,45.0,VISUAL
54938,163109.0,1944-03-08,9,GERMANY,UNIDENTIFIED TARGET,UNIDENTIFIED TARGETS,52.53,13.42,B17,4.0,,230.0,8.0,16.0,,24.0,NOT INDICATED
55742,99064.0,1944-03-09,8,GERMANY,ARADO AC FACTORY,AIRCRAFT FACTORIES AND ASSEMBLY PLANTS,52.4,12.52,B24,4.0,,190.0,64.0,,,64.0,NOT INDICATED
55737,99065.0,1944-03-09,8,GERMANY,INDUSTRIAL AREA,MANUFACTURING INSTALLATIONS (NOT SPECIFICALLY IDENTIFIED BELOW FROM CLASS 11 THROUGH 59),52.4,12.52,B24,4.0,,210.0,75.0,,,75.0,NOT INDICATED
55739,99077.0,1944-03-09,8,GERMANY,ARADO AC PL AIRFIELD,AIR FIELDS AND AIRDROMES,52.38,9.73,B24,4.0,,210.0,,14.0,,14.0,F.F.F.
55721,99084.0,1944-03-09,9,GERMANY,UNIDENTIFIED TARGET,UNIDENTIFIED TARGETS,52.53,13.42,B17,4.0,,220.0,,30.0,,30.0,NOT INDICATED
55712,99085.0,1944-03-09,9,GERMANY,UNIDENTIFIED TARGET,UNIDENTIFIED TARGETS,52.53,13.42,B17,4.0,,230.0,30.0,,,30.0,NOT INDICATED
55718,99086.0,1944-03-09,9,GERMANY,UNIDENTIFIED TARGET,UNIDENTIFIED TARGETS,52.53,13.42,B17,4.0,,225.0,,20.0,,20.0,NOT INDICATED
55706,99087.0,1944-03-09,9,GERMANY,UNIDENTIFIED TARGET,UNIDENTIFIED TARGETS,52.53,13.42,B17,4.0,,235.0,10.0,,,10.0,F.F.F.
55391,99088.0,1944-03-09,9,GERMANY,UNIDENTIFIED TARGET,UNIDENTIFIED TARGETS,52.53,13.42,B17,4.0,,250.0,38.0,,,38.0,F.F.F.
55400,99089.0,1944-03-09,9,GERMANY,UNIDENTIFIED TARGET,UNIDENTIFIED TARGETS,52.53,13.42,B17,4.0,,240.0,46.0,,,46.0,F.F.F.
55713,99090.0,1944-03-09,9,GERMANY,UNIDENTIFIED TARGET,UNIDENTIFIED TARGETS,52.53,13.42,B17,4.0,,230.0,50.0,,,50.0,NOT INDICATED
55730,99091.0,1944-03-09,9,GERMANY,UNIDENTIFIED TARGET,UNIDENTIFIED TARGETS,52.53,13.42,B17,4.0,,,10.0,3.0,,13.0,NOT INDICATED
55722,99092.0,1944-03-09,9,GERMANY,UNIDENTIFIED TARGET,UNIDENTIFIED TARGETS,52.53,13.42,B17,4.0,,220.0,,26.0,,26.0,F.F.F.
55701,99093.0,1944-03-09,9,GERMANY,UNIDENTIFIED TARGET,UNIDENTIFIED TARGETS,52.53,13.42,B17,4.0,,240.0,48.0,,,48.0,NOT INDICATED
55727,99094.0,1944-03-09,9,GERMANY,UNIDENTIFIED TARGET,UNIDENTIFIED TARGETS,52.53,13.42,B17,4.0,,217.0,43.0,,,43.0,NOT INDICATED
55731,99095.0,1944-03-09,9,GERMANY,UNIDENTIFIED TARGET,UNIDENTIFIED TARGETS,52.53,13.42,B17,4.0,,,,,,,NOT INDICATED
55709,99096.0,1944-03-09,9,GERMANY,UNIDENTIFIED TARGET,UNIDENTIFIED TARGETS,52.53,13.42,B17,4.0,,232.0,4.0,,,4.0,NOT INDICATED
55397,99097.0,1944-03-09,9,GERMANY,UNIDENTIFIED TARGET,UNIDENTIFIED TARGETS,52.53,13.42,B17,3.0,,243.0,45.0,,,45.0,NOT INDICATED
55394,99098.0,1944-03-09,9,GERMANY,UNIDENTIFIED TARGET,UNIDENTIFIED TARGETS,52.75,13.27,B17,4.0,,250.0,44.0,,,44.0,F.F.F.
55743,163111.0,1944-03-09,8,GERMANY,ARADO AC FACTORY,AIRCRAFT FACTORIES AND ASSEMBLY PLANTS,52.4,12.52,B24,4.0,,190.0,64.0,,,64.0,NOT INDICATED
55723,163112.0,1944-03-09,9,GERMANY,UNIDENTIFIED TARGET,UNIDENTIFIED TARGETS,52.53,13.42,B17,4.0,,220.0,,30.0,,30.0,NOT INDICATED
55714,163113.0,1944-03-09,9,GERMANY,UNIDENTIFIED TARGET,UNIDENTIFIED TARGETS,52.53,13.42,B17,4.0,,230.0,30.0,,,30.0,NOT INDICATED
55719,163114.0,1944-03-09,9,GERMANY,UNIDENTIFIED TARGET,UNIDENTIFIED TARGETS,52.53,13.42,B17,4.0,,225.0,,20.0,,20.0,NOT INDICATED
55707,163115.0,1944-03-09,9,GERMANY,UNIDENTIFIED TARGET,UNIDENTIFIED TARGETS,52.53,13.42,B17,4.0,,235.0,10.0,,,10.0,F.F.F.
55392,163116.0,1944-03-09,9,GERMANY,UNIDENTIFIED TARGET,UNIDENTIFIED TARGETS,52.53,13.42,B17,4.0,,250.0,38.0,,,38.0,F.F.F.
55702,163117.0,1944-03-09,9,GERMANY,UNIDENTIFIED TARGET,UNIDENTIFIED TARGETS,52.53,13.42,B17,4.0,,240.0,46.0,,,46.0,F.F.F.
55715,163118.0,1944-03-09,9,GERMANY,UNIDENTIFIED TARGET,UNIDENTIFIED TARGETS,52.53,13.42,B17,4.0,,230.0,50.0,,,50.0,NOT INDICATED
55732,163119.0,1944-03-09,9,GERMANY,UNIDENTIFIED TARGET,UNIDENTIFIED TARGETS,52.53,13.42,B17,4.0,,,10.0,3.0,,13.0,NOT INDICATED
55724,163120.0,1944-03-09,9,GERMANY,UNIDENTIFIED TARGET,UNIDENTIFIED TARGETS,52.53,13.42,B17,4.0,,220.0,,26.0,,26.0,F.F.F.
55703,163121.0,1944-03-09,9,GERMANY,UNIDENTIFIED TARGET,UNIDENTIFIED TARGETS,52.53,13.42,B17,4.0,,240.0,48.0,,,48.0,NOT INDICATED
55728,163122.0,1944-03-09,9,GERMANY,UNIDENTIFIED TARGET,UNIDENTIFIED TARGETS,52.53,13.42,B17,4.0,,217.0,43.0,,,43.0,NOT INDICATED
55733,163123.0,1944-03-09,9,GERMANY,UNIDENTIFIED TARGET,UNIDENTIFIED TARGETS,52.53,13.42,B17,4.0,,,,,,,NOT INDICATED
55710,163124.0,1944-03-09,9,GERMANY,UNIDENTIFIED TARGET,UNIDENTIFIED TARGETS,52.53,13.42,B17,4.0,,232.0,4.0,,,4.0,NOT INDICATED
55398,163125.0,1944-03-09,9,GERMANY,UNIDENTIFIED TARGET,UNIDENTIFIED TARGETS,52.53,13.42,B17,3.0,,243.0,45.0,,,45.0,NOT INDICATED
55395,163126.0,1944-03-09,9,GERMANY,UNIDENTIFIED TARGET,UNIDENTIFIED TARGETS,52.75,13.27,B17,4.0,,250.0,44.0,,,44.0,F.F.F.
55736,163134.0,1944-03-09,8,GERMANY,INDUSTRIAL AREA,MANUFACTURING INSTALLATIONS (NOT SPECIFICALLY IDENTIFIED BELOW FROM CLASS 11 THROUGH 59),52.4,12.52,B24,4.0,,210.0,75.0,,,75.0,NOT INDICATED
55738,163135.0,1944-03-09,8,GERMANY,INDUSTRIAL AREA,MANUFACTURING INSTALLATIONS (NOT SPECIFICALLY IDENTIFIED BELOW FROM CLASS 11 THROUGH 59),52.4,12.52,B24,4.0,,210.0,75.0,,,75.0,NOT INDICATED
55725,163136.0,1944-03-09,9,GERMANY,UNIDENTIFIED TARGET,UNIDENTIFIED TARGETS,52.53,13.42,B17,4.0,,220.0,,30.0,,30.0,NOT INDICATED
55716,163137.0,1944-03-09,9,GERMANY,UNIDENTIFIED TARGET,UNIDENTIFIED TARGETS,52.53,13.42,B17,4.0,,230.0,30.0,,,30.0,NOT INDICATED
55720,163138.0,1944-03-09,9,GERMANY,UNIDENTIFIED TARGET,UNIDENTIFIED TARGETS,52.53,13.42,B17,4.0,,225.0,,20.0,,20.0,NOT INDICATED
55708,163139.0,1944-03-09,9,GERMANY,UNIDENTIFIED TARGET,UNIDENTIFIED TARGETS,52.53,13.42,B17,4.0,,235.0,10.0,,,10.0,F.F.F.
55393,163140.0,1944-03-09,9,GERMANY,UNIDENTIFIED TARGET,UNIDENTIFIED TARGETS,52.53,13.42,B17,4.0,,250.0,38.0,,,38.0,F.F.F.
55704,163141.0,1944-03-09,9,GERMANY,UNIDENTIFIED TARGET,UNIDENTIFIED TARGETS,52.53,13.42,B17,4.0,,240.0,46.0,,,46.0,F.F.F.
55717,163142.0,1944-03-09,9,GERMANY,UNIDENTIFIED TARGET,UNIDENTIFIED TARGETS,52.53,13.42,B17,4.0,,230.0,50.0,,,50.0,NOT INDICATED
55734,163143.0,1944-03-09,9,GERMANY,UNIDENTIFIED TARGET,UNIDENTIFIED TARGETS,52.53,13.42,B17,4.0,,,10.0,3.0,,13.0,NOT INDICATED
55726,163144.0,1944-03-09,9,GERMANY,UNIDENTIFIED TARGET,UNIDENTIFIED TARGETS,52.53,13.42,B17,4.0,,220.0,,26.0,,26.0,F.F.F.
55705,163145.0,1944-03-09,9,GERMANY,UNIDENTIFIED TARGET,UNIDENTIFIED TARGETS,52.53,13.42,B17,4.0,,240.0,48.0,,,48.0,NOT INDICATED
55729,163146.0,1944-03-09,9,GERMANY,UNIDENTIFIED TARGET,UNIDENTIFIED TARGETS,52.53,13.42,B17,4.0,,217.0,43.0,,,43.0,NOT INDICATED
55735,163147.0,1944-03-09,9,GERMANY,UNIDENTIFIED TARGET,UNIDENTIFIED TARGETS,52.53,13.42,B17,4.0,,,,,,,NOT INDICATED
55711,163148.0,1944-03-09,9,GERMANY,UNIDENTIFIED TARGET,UNIDENTIFIED TARGETS,52.53,13.42,B17,4.0,,232.0,4.0,,,4.0,NOT INDICATED
55399,163149.0,1944-03-09,9,GERMANY,UNIDENTIFIED TARGET,UNIDENTIFIED TARGETS,52.53,13.42,B17,3.0,,243.0,45.0,,,45.0,NOT INDICATED
55396,163150.0,1944-03-09,9,GERMANY,UNIDENTIFIED TARGET,UNIDENTIFIED TARGETS,52.75,13.27,B17,4.0,,250.0,44.0,,,44.0,F.F.F.
55744,163154.0,1944-03-09,8,GERMANY,ARADO AC FACTORY,AIRCRAFT FACTORIES AND ASSEMBLY PLANTS,52.4,12.52,B24,4.0,,190.0,64.0,,,64.0,NOT INDICATED
55740,201647.0,1944-03-09,8,GERMANY,ARADO AC PL AIRFIELD,AIR FIELDS AND AIRDROMES,52.38,9.73,B24,4.0,,210.0,,14.0,,14.0,F.F.F.
55741,201666.0,1944-03-09,8,GERMANY,ARADO AC PL AIRFIELD,AIR FIELDS AND AIRDROMES,52.38,9.73,B24,4.0,,210.0,,14.0,,14.0,F.F.F.
56566,99119.0,1944-03-11,9,GERMANY,CITY AREA,CITIES TOWNS AND URBAN AREAS,50.13,8.46,B17,4.0,,215.0,36.0,,,36.0,F.F.F.
56557,99120.0,1944-03-11,9,GERMANY,CITY AREA,CITIES TOWNS AND URBAN AREAS,50.13,8.46,B17,4.0,,227.0,,29.0,,29.0,NOT INDICATED
56560,99121.0,1944-03-11,9,GERMANY,CITY AREA,CITIES TOWNS AND URBAN AREAS,50.13,8.46,B17,4.0,,226.0,34.0,,,34.0,F.F.F.
56567,99122.0,1944-03-11,9,GERMANY,CITY AREA,CITIES TOWNS AND URBAN AREAS,50.13,8.46,B17,4.0,,215.0,,28.0,,28.0,NOT INDICATED
56574,99123.0,1944-03-11,9,GERMANY,CITY AREA,CITIES TOWNS AND URBAN AREAS,50.13,8.46,B17,4.0,,,,,,,NOT INDICATED
56563,99124.0,1944-03-11,9,GERMANY,CITY AREA,CITIES TOWNS AND URBAN AREAS,50.13,8.46,B17,4.0,,220.0,8.0,,,8.0,NOT INDICATED
56568,163162.0,1944-03-11,9,GERMANY,CITY AREA,CITIES TOWNS AND URBAN AREAS,50.13,8.46,B17,4.0,,215.0,36.0,,,36.0,F.F.F.
56558,163163.0,1944-03-11,9,GERMANY,CITY AREA,CITIES TOWNS AND URBAN AREAS,50.13,8.46,B17,4.0,,227.0,,29.0,,29.0,NOT INDICATED
56561,163164.0,1944-03-11,9,GERMANY,CITY AREA,CITIES TOWNS AND URBAN AREAS,50.13,8.46,B17,4.0,,226.0,34.0,,,34.0,F.F.F.
56569,163165.0,1944-03-11,9,GERMANY,CITY AREA,CITIES TOWNS AND URBAN AREAS,50.13,8.46,B17,4.0,,215.0,,28.0,,28.0,NOT INDICATED
56575,163166.0,1944-03-11,9,GERMANY,CITY AREA,CITIES TOWNS AND URBAN AREAS,50.13,8.46,B17,4.0,,,,,,,NOT INDICATED
56564,163167.0,1944-03-11,9,GERMANY,CITY AREA,CITIES TOWNS AND URBAN AREAS,50.13,8.46,B17,4.0,,220.0,8.0,,,8.0,NOT INDICATED
56570,163169.0,1944-03-11,9,GERMANY,CITY AREA,CITIES TOWNS AND URBAN AREAS,50.13,8.46,B17,4.0,,215.0,36.0,,,36.0,F.F.F.
56559,163170.0,1944-03-11,9,GERMANY,CITY AREA,CITIES TOWNS AND URBAN AREAS,50.13,8.46,B17,4.0,,227.0,,29.0,,29.0,NOT INDICATED
56562,163171.0,1944-03-11,9,GERMANY,CITY AREA,CITIES TOWNS AND URBAN AREAS,50.13,8.46,B17,4.0,,226.0,34.0,,,34.0,F.F.F.
56571,163172.0,1944-03-11,9,GERMANY,CITY AREA,CITIES TOWNS AND URBAN AREAS,50.13,8.46,B17,4.0,,215.0,,28.0,,28.0,NOT INDICATED
56576,163173.0,1944-03-11,9,GERMANY,CITY AREA,CITIES TOWNS AND URBAN AREAS,50.13,8.46,B17,4.0,,,,,,,NOT INDICATED
56565,163174.0,1944-03-11,9,GERMANY,CITY AREA,CITIES TOWNS AND URBAN AREAS,50.13,8.46,B17,4.0,,220.0,8.0,,,8.0,NOT INDICATED
56572,163175.0,1944-03-11,9,GERMANY,R R,"""RR INSTALLATIONS,  TRACKS,  MARSHALLING YARDS,  AND STATIONS""",50.13,8.46,B17,4.0,,212.0,,29.0,,29.0,F.F.F.
56556,163176.0,1944-03-11,9,GERMANY,R R,"""RR INSTALLATIONS,  TRACKS,  MARSHALLING YARDS,  AND STATIONS""",50.13,8.46,B17,4.0,,230.0,1.0,40.0,,41.0,F.F.F.
58519,99152.0,1944-03-15,8,GERMANY,AC FACTORIES,AIRCRAFT FACTORIES AND ASSEMBLY PLANTS,52.25,10.5,B24,4.0,,200.0,14.0,33.0,,47.0,F.F.F.
58501,99178.0,1944-03-15,9,GERMANY,UNIDENTIFIED TARGET,UNIDENTIFIED TARGETS,52.25,10.5,B17,3.0,,191.0,10.0,22.0,,32.0,NOT INDICATED
58165,99183.0,1944-03-15,9,GERMANY,CITY AREA,CITIES TOWNS AND URBAN AREAS,52.25,10.5,B24,4.0,,222.0,12.0,34.0,,46.0,NOT INDICATED
58183,99184.0,1944-03-15,9,GERMANY,CITY AREA,CITIES TOWNS AND URBAN AREAS,52.25,10.5,B24,4.0,,200.0,13.0,30.0,,43.0,NOT INDICATED
58504,99185.0,1944-03-15,9,GERMANY,CITY AREA,CITIES TOWNS AND URBAN AREAS,52.25,10.5,B24,4.0,,180.0,14.0,32.0,,46.0,F.F.F.
58174,99186.0,1944-03-15,9,GERMANY,CITY AREA,CITIES TOWNS AND URBAN AREAS,52.25,10.5,B17,4.0,,210.0,10.0,22.0,,32.0,NOT INDICATED
58510,99187.0,1944-03-15,9,GERMANY,CITY AREA,CITIES TOWNS AND URBAN AREAS,52.25,10.5,B17,4.0,,172.0,11.0,24.0,,35.0,NOT INDICATED
58197,99188.0,1944-03-15,9,GERMANY,CITY AREA,CITIES TOWNS AND URBAN AREAS,52.25,10.5,B17,4.0,,193.0,11.0,23.0,,34.0,NOT INDICATED
58175,99189.0,1944-03-15,9,GERMANY,CITY AREA,CITIES TOWNS AND URBAN AREAS,52.25,10.5,B17,4.0,,210.0,9.0,19.0,,28.0,F.F.F.
58185,99190.0,1944-03-15,9,GERMANY,CITY AREA,CITIES TOWNS AND URBAN AREAS,52.25,10.5,B17,4.0,,200.0,9.0,18.0,,27.0,F.F.F.
58186,99191.0,1944-03-15,9,GERMANY,CITY AREA,CITIES TOWNS AND URBAN AREAS,52.25,10.5,B17,4.0,,200.0,10.0,21.0,,31.0,NOT INDICATED
58513,99192.0,1944-03-15,9,GERMANY,CITY AREA,CITIES TOWNS AND URBAN AREAS,52.25,10.5,B17,4.0,,,,,,,NOT INDICATED
58514,99193.0,1944-03-15,9,GERMANY,CITY AREA,CITIES TOWNS AND URBAN AREAS,52.25,10.5,B17,4.0,,,1.0,,,1.0,NOT INDICATED
58188,99194.0,1944-03-15,9,GERMANY,CITY AREA,CITIES TOWNS AND URBAN AREAS,52.25,10.5,B17,4.0,,200.0,8.0,,,8.0,NOT INDICATED
58195,99195.0,1944-03-15,9,GERMANY,CITY AREA,CITIES TOWNS AND URBAN AREAS,52.25,10.5,B24,3.0,,193.0,14.0,33.0,,47.0,F.F.F.
58168,99196.0,1944-03-15,9,GERMANY,CITY AREA,CITIES TOWNS AND URBAN AREAS,52.25,10.5,B24,3.0,,220.0,15.0,7.0,,22.0,NOT INDICATED
58176,99197.0,1944-03-15,9,GERMANY,CITY AREA,CITIES TOWNS AND URBAN AREAS,52.25,10.5,B17,3.0,,210.0,11.0,23.0,,34.0,F.F.F.
58507,99198.0,1944-03-15,9,GERMANY,CITY AREA,CITIES TOWNS AND URBAN AREAS,52.25,10.5,B17,3.0,,178.0,10.0,21.0,,31.0,F.F.F.
58171,99199.0,1944-03-15,9,GERMANY,CITY AREA,CITIES TOWNS AND URBAN AREAS,52.15,9.97,B24,2.0,,220.0,,,,,NOT INDICATED
58520,163185.0,1944-03-15,8,GERMANY,AC FACTORIES,AIRCRAFT FACTORIES AND ASSEMBLY PLANTS,52.25,10.5,B24,4.0,,200.0,14.0,33.0,,47.0,F.F.F.
58502,163186.0,1944-03-15,9,GERMANY,UNIDENTIFIED TARGET,UNIDENTIFIED TARGETS,52.25,10.5,B17,3.0,,191.0,10.0,22.0,,32.0,NOT INDICATED
58166,163191.0,1944-03-15,9,GERMANY,CITY AREA,CITIES TOWNS AND URBAN AREAS,52.25,10.5,B24,4.0,,222.0,12.0,34.0,,46.0,NOT INDICATED
58184,163192.0,1944-03-15,9,GERMANY,CITY AREA,CITIES TOWNS AND URBAN AREAS,52.25,10.5,B24,4.0,,200.0,13.0,30.0,,43.0,NOT INDICATED
58505,163193.0,1944-03-15,9,GERMANY,CITY AREA,CITIES TOWNS AND URBAN AREAS,52.25,10.5,B24,4.0,,180.0,14.0,32.0,,46.0,F.F.F.
58177,163194.0,1944-03-15,9,GERMANY,CITY AREA,CITIES TOWNS AND URBAN AREAS,52.25,10.5,B17,4.0,,210.0,10.0,22.0,,32.0,NOT INDICATED
58511,163195.0,1944-03-15,9,GERMANY,CITY AREA,CITIES TOWNS AND URBAN AREAS,52.25,10.5,B17,4.0,,172.0,11.0,24.0,,35.0,NOT INDICATED
58199,163196.0,1944-03-15,9,GERMANY,CITY AREA,CITIES TOWNS AND URBAN AREAS,52.25,10.5,B17,4.0,,193.0,11.0,23.0,,34.0,NOT INDICATED
58178,163197.0,1944-03-15,9,GERMANY,CITY AREA,CITIES TOWNS AND URBAN AREAS,52.25,10.5,B17,4.0,,210.0,9.0,19.0,,28.0,F.F.F.
58189,163198.0,1944-03-15,9,GERMANY,CITY AREA,CITIES TOWNS AND URBAN AREAS,52.25,10.5,B17,4.0,,200.0,9.0,18.0,,27.0,F.F.F.
58190,163199.0,1944-03-15,9,GERMANY,CITY AREA,CITIES TOWNS AND URBAN AREAS,52.25,10.5,B17,4.0,,200.0,10.0,21.0,,31.0,NOT INDICATED
58515,163200.0,1944-03-15,9,GERMANY,CITY AREA,CITIES TOWNS AND URBAN AREAS,52.25,10.5,B17,4.0,,,,,,,NOT INDICATED
58516,163201.0,1944-03-15,9,GERMANY,CITY AREA,CITIES TOWNS AND URBAN AREAS,52.25,10.5,B17,4.0,,,1.0,,,1.0,NOT INDICATED
58191,163202.0,1944-03-15,9,GERMANY,CITY AREA,CITIES TOWNS AND URBAN AREAS,52.25,10.5,B17,4.0,,200.0,8.0,,,8.0,NOT INDICATED
58196,163203.0,1944-03-15,9,GERMANY,CITY AREA,CITIES TOWNS AND URBAN AREAS,52.25,10.5,B24,3.0,,193.0,14.0,33.0,,47.0,F.F.F.
58169,163204.0,1944-03-15,9,GERMANY,CITY AREA,CITIES TOWNS AND URBAN AREAS,52.25,10.5,B24,3.0,,220.0,15.0,7.0,,22.0,NOT INDICATED
58179,163205.0,1944-03-15,9,GERMANY,CITY AREA,CITIES TOWNS AND URBAN AREAS,52.25,10.5,B17,3.0,,210.0,11.0,23.0,,34.0,F.F.F.
58508,163206.0,1944-03-15,9,GERMANY,CITY AREA,CITIES TOWNS AND URBAN AREAS,52.25,10.5,B17,3.0,,178.0,10.0,21.0,,31.0,F.F.F.
58172,163207.0,1944-03-15,9,GERMANY,CITY AREA,CITIES TOWNS AND URBAN AREAS,52.15,9.97,B24,2.0,,220.0,,,,,NOT INDICATED
58167,163227.0,1944-03-15,9,GERMANY,CITY AREA,CITIES TOWNS AND URBAN AREAS,52.25,10.5,B24,4.0,,222.0,12.0,34.0,,46.0,NOT INDICATED
58512,163228.0,1944-03-15,9,GERMANY,CITY AREA,CITIES TOWNS AND URBAN AREAS,52.25,10.5,B17,4.0,,172.0,11.0,24.0,,35.0,NOT INDICATED
58187,163229.0,1944-03-15,9,GERMANY,CITY AREA,CITIES TOWNS AND URBAN AREAS,52.25,10.5,B24,4.0,,200.0,13.0,30.0,,43.0,NOT INDICATED
58506,163230.0,1944-03-15,9,GERMANY,CITY AREA,CITIES TOWNS AND URBAN AREAS,52.25,10.5,B24,4.0,,180.0,14.0,32.0,,46.0,F.F.F.
58180,163231.0,1944-03-15,9,GERMANY,CITY AREA,CITIES TOWNS AND URBAN AREAS,52.25,10.5,B17,4.0,,210.0,10.0,22.0,,32.0,NOT INDICATED
58200,163232.0,1944-03-15,9,GERMANY,CITY AREA,CITIES TOWNS AND URBAN AREAS,52.25,10.5,B17,4.0,,193.0,11.0,23.0,,34.0,NOT INDICATED
58181,163233.0,1944-03-15,9,GERMANY,CITY AREA,CITIES TOWNS AND URBAN AREAS,52.25,10.5,B17,4.0,,210.0,9.0,19.0,,28.0,F.F.F.
58192,163234.0,1944-03-15,9,GERMANY,CITY AREA,CITIES TOWNS AND URBAN AREAS,52.25,10.5,B17,4.0,,200.0,9.0,18.0,,27.0,F.F.F.
58193,163235.0,1944-03-15,9,GERMANY,CITY AREA,CITIES TOWNS AND URBAN AREAS,52.25,10.5,B17,4.0,,200.0,10.0,21.0,,31.0,NOT INDICATED
58517,163236.0,1944-03-15,9,GERMANY,CITY AREA,CITIES TOWNS AND URBAN AREAS,52.25,10.5,B17,4.0,,,,,,,NOT INDICATED
58518,163237.0,1944-03-15,9,GERMANY,CITY AREA,CITIES TOWNS AND URBAN AREAS,52.25,10.5,B17,4.0,,,1.0,,,1.0,NOT INDICATED
58194,163238.0,1944-03-15,9,GERMANY,CITY AREA,CITIES TOWNS AND URBAN AREAS,52.25,10.5,B17,4.0,,200.0,8.0,,,8.0,NOT INDICATED
58198,163239.0,1944-03-15,9,GERMANY,CITY AREA,CITIES TOWNS AND URBAN AREAS,52.25,10.5,B24,3.0,,193.0,14.0,33.0,,47.0,F.F.F.
58170,163240.0,1944-03-15,9,GERMANY,CITY AREA,CITIES TOWNS AND URBAN AREAS,52.25,10.5,B24,3.0,,220.0,15.0,7.0,,22.0,NOT INDICATED
58182,163241.0,1944-03-15,9,GERMANY,CITY AREA,CITIES TOWNS AND URBAN AREAS,52.25,10.5,B17,3.0,,210.0,11.0,23.0,,34.0,F.F.F.
58509,163242.0,1944-03-15,9,GERMANY,CITY AREA,CITIES TOWNS AND URBAN AREAS,52.25,10.5,B17,3.0,,178.0,10.0,21.0,,31.0,F.F.F.
58173,163243.0,1944-03-15,9,GERMANY,CITY AREA,CITIES TOWNS AND URBAN AREAS,52.15,9.97,B24,2.0,,220.0,,,,,NOT INDICATED
58503,163244.0,1944-03-15,9,GERMANY,UNIDENTIFIED TARGET,UNIDENTIFIED TARGETS,52.25,10.5,B17,3.0,,191.0,10.0,22.0,,32.0,NOT INDICATED
58521,163245.0,1944-03-15,8,GERMANY,AC FACTORIES,AIRCRAFT FACTORIES AND ASSEMBLY PLANTS,52.25,10.5,B24,4.0,,200.0,14.0,33.0,,47.0,F.F.F.
59307,99200.0,1944-03-16,15,GERMANY,AC FACTORY,AIRCRAFT FACTORIES AND ASSEMBLY PLANTS,47.65,9.5,B24,4.0,,191.0,36.0,27.0,,63.0,F.F.F.
59304,99201.0,1944-03-16,15,GERMANY,AC FACTORY,AIRCRAFT FACTORIES AND ASSEMBLY PLANTS,47.65,9.5,B24,4.0,,195.0,42.0,27.0,,69.0,F.F.F.
58971,99202.0,1944-03-16,15,GERMANY,AC FACTORY,AIRCRAFT FACTORIES AND ASSEMBLY PLANTS,47.65,9.5,B24,4.0,,215.0,32.0,16.0,,48.0,F.F.F.
58983,99209.0,1944-03-16,15,GERMANY,AIRDROME,AIR FIELDS AND AIRDROMES,48.17,10.87,B17,4.0,,205.0,,,56.0,56.0,F.F.F.
59322,99210.0,1944-03-16,15,GERMANY,AIRDROME,AIR FIELDS AND AIRDROMES,48.17,10.87,B17,4.0,,180.0,48.0,,,48.0,NOT INDICATED
59332,99218.0,1944-03-16,8,GERMANY,CITY AREA,CITIES TOWNS AND URBAN AREAS,48.13,11.27,B17,4.0,,230.0,,32.0,,32.0,NOT INDICATED
59335,99220.0,1944-03-16,8,GERMANY,MAYBACH ENGINE WKS,TANK FACTORIES,47.65,9.5,B24,4.0,,200.0,,30.0,,30.0,F.F.F.
59336,99221.0,1944-03-16,8,GERMANY,MAYBACH ENGINE WKS,TANK FACTORIES,47.65,9.5,B24,4.0,,200.0,,30.0,,30.0,F.F.F.
59329,99222.0,1944-03-16,15,GERMANY,CITY AREA,CITIES TOWNS AND URBAN AREAS,48.37,10.88,B24,4.0,,,,,,,NOT INDICATED
58989,99223.0,1944-03-16,15,GERMANY,CITY AREA,CITIES TOWNS AND URBAN AREAS,48.37,10.88,B17,4.0,,200.0,38.0,,30.0,68.0,NOT INDICATED
58990,99224.0,1944-03-16,15,GERMANY,CITY AREA,CITIES TOWNS AND URBAN AREAS,48.37,10.88,B17,4.0,,200.0,,38.0,,38.0,NOT INDICATED
59324,99225.0,1944-03-16,15,GERMANY,CITY AREA,CITIES TOWNS AND URBAN AREAS,48.37,10.88,B17,4.0,,178.0,27.0,,,27.0,F.F.F.
58977,99226.0,1944-03-16,15,GERMANY,CITY AREA,CITIES TOWNS AND URBAN AREAS,48.37,10.88,B17,4.0,,209.0,40.0,13.0,,53.0,NOT INDICATED
58991,99227.0,1944-03-16,15,GERMANY,CITY AREA,CITIES TOWNS AND URBAN AREAS,48.37,10.88,B17,4.0,,200.0,40.0,,,40.0,F.F.F.
58974,99228.0,1944-03-16,15,GERMANY,CITY AREA,CITIES TOWNS AND URBAN AREAS,48.37,10.88,B17,4.0,,210.0,80.0,46.0,,126.0,NOT INDICATED
59310,99229.0,1944-03-16,15,GERMANY,CITY AREA,CITIES TOWNS AND URBAN AREAS,48.37,10.88,B17,4.0,,190.0,45.0,7.0,,52.0,NOT INDICATED
58992,99230.0,1944-03-16,15,GERMANY,CITY AREA,CITIES TOWNS AND URBAN AREAS,48.37,10.88,B17,4.0,,200.0,10.0,,,10.0,NOT INDICATED
58993,99231.0,1944-03-16,15,GERMANY,CITY AREA,CITIES TOWNS AND URBAN AREAS,48.37,10.88,B17,3.0,,200.0,50.0,7.0,,57.0,F.F.F.
59319,99232.0,1944-03-16,15,GERMANY,CITY AREA,CITIES TOWNS AND URBAN AREAS,48.37,10.88,B17,3.0,,185.0,50.0,,,50.0,F.F.F.
59316,99233.0,1944-03-16,15,GERMANY,CITY AREA,CITIES TOWNS AND URBAN AREAS,48.37,10.88,B17,3.0,,189.0,,10.0,31.0,41.0,F.F.F.
58986,99234.0,1944-03-16,15,GERMANY,CITY AREA,CITIES TOWNS AND URBAN AREAS,48.37,10.88,B17,3.0,,202.0,40.0,9.0,,49.0,F.F.F.
59311,99235.0,1944-03-16,15,GERMANY,CITY AREA,CITIES TOWNS AND URBAN AREAS,48.37,10.88,B17,3.0,,190.0,43.0,,,43.0,INSTRUMENT-GENERAL
58980,99236.0,1944-03-16,15,GERMANY,CITY AREA,CITIES TOWNS AND URBAN AREAS,48.37,10.88,B17,3.0,,205.0,,24.0,,24.0,F.F.F.
59339,99247.0,1944-03-16,8,GERMANY,CITY AREA,CITIES TOWNS AND URBAN AREAS,48.32,10.75,B17,4.0,,176.0,38.0,,16.0,54.0,F.F.F.
59308,163257.0,1944-03-16,15,GERMANY,AC FACTORY,AIRCRAFT FACTORIES AND ASSEMBLY PLANTS,47.65,9.5,B24,4.0,,191.0,36.0,27.0,,63.0,F.F.F.
59305,163258.0,1944-03-16,15,GERMANY,AC FACTORY,AIRCRAFT FACTORIES AND ASSEMBLY PLANTS,47.65,9.5,B24,4.0,,195.0,42.0,27.0,,69.0,F.F.F.
58972,163259.0,1944-03-16,15,GERMANY,AC FACTORY,AIRCRAFT FACTORIES AND ASSEMBLY PLANTS,47.65,9.5,B24,4.0,,215.0,32.0,16.0,,48.0,F.F.F.
59330,163260.0,1944-03-16,15,GERMANY,CITY AREA,CITIES TOWNS AND URBAN AREAS,48.37,10.88,B24,4.0,,,,,,,NOT INDICATED
58994,163261.0,1944-03-16,15,GERMANY,CITY AREA,CITIES TOWNS AND URBAN AREAS,48.37,10.88,B17,4.0,,200.0,38.0,,30.0,68.0,NOT INDICATED
58995,163262.0,1944-03-16,15,GERMANY,CITY AREA,CITIES TOWNS AND URBAN AREAS,48.37,10.88,B17,4.0,,200.0,,38.0,,38.0,NOT INDICATED
59325,163263.0,1944-03-16,15,GERMANY,CITY AREA,CITIES TOWNS AND URBAN AREAS,48.37,10.88,B17,4.0,,178.0,27.0,,,27.0,F.F.F.
58978,163264.0,1944-03-16,15,GERMANY,CITY AREA,CITIES TOWNS AND URBAN AREAS,48.37,10.88,B17,4.0,,209.0,40.0,13.0,,53.0,NOT INDICATED
58996,163265.0,1944-03-16,15,GERMANY,CITY AREA,CITIES TOWNS AND URBAN AREAS,48.37,10.88,B17,4.0,,200.0,40.0,,,40.0,F.F.F.
58975,163266.0,1944-03-16,15,GERMANY,CITY AREA,CITIES TOWNS AND URBAN AREAS,48.37,10.88,B17,4.0,,210.0,80.0,46.0,,126.0,NOT INDICATED
59312,163267.0,1944-03-16,15,GERMANY,CITY AREA,CITIES TOWNS AND URBAN AREAS,48.37,10.88,B17,4.0,,190.0,45.0,7.0,,52.0,NOT INDICATED
58997,163268.0,1944-03-16,15,GERMANY,CITY AREA,CITIES TOWNS AND URBAN AREAS,48.37,10.88,B17,4.0,,200.0,10.0,,,10.0,NOT INDICATED
58998,163269.0,1944-03-16,15,GERMANY,CITY AREA,CITIES TOWNS AND URBAN AREAS,48.37,10.88,B17,3.0,,200.0,50.0,7.0,,57.0,F.F.F.
59320,163270.0,1944-03-16,15,GERMANY,CITY AREA,CITIES TOWNS AND URBAN AREAS,48.37,10.88,B17,3.0,,185.0,50.0,,,50.0,F.F.F.
59317,163271.0,1944-03-16,15,GERMANY,CITY AREA,CITIES TOWNS AND URBAN AREAS,48.37,10.88,B17,3.0,,189.0,,10.0,31.0,41.0,F.F.F.
58987,163272.0,1944-03-16,15,GERMANY,CITY AREA,CITIES TOWNS AND URBAN AREAS,48.37,10.88,B17,3.0,,202.0,40.0,9.0,,49.0,F.F.F.
59313,163273.0,1944-03-16,15,GERMANY,CITY AREA,CITIES TOWNS AND URBAN AREAS,48.37,10.88,B17,3.0,,190.0,43.0,,,43.0,INSTRUMENT-GENERAL
58981,163274.0,1944-03-16,15,GERMANY,CITY AREA,CITIES TOWNS AND URBAN AREAS,48.37,10.88,B17,3.0,,205.0,,24.0,,24.0,F.F.F.
59340,163283.0,1944-03-16,8,GERMANY,CITY AREA,CITIES TOWNS AND URBAN AREAS,48.32,10.75,B17,4.0,,176.0,38.0,,16.0,54.0,F.F.F.
59333,163284.0,1944-03-16,8,GERMANY,CITY AREA,CITIES TOWNS AND URBAN AREAS,48.13,11.27,B17,4.0,,230.0,,32.0,,32.0,NOT INDICATED
59331,163290.0,1944-03-16,15,GERMANY,CITY AREA,CITIES TOWNS AND URBAN AREAS,48.37,10.88,B24,4.0,,,,,,,NOT INDICATED
58999,163291.0,1944-03-16,15,GERMANY,CITY AREA,CITIES TOWNS AND URBAN AREAS,48.37,10.88,B17,4.0,,200.0,38.0,,30.0,68.0,NOT INDICATED
59000,163292.0,1944-03-16,15,GERMANY,CITY AREA,CITIES TOWNS AND URBAN AREAS,48.37,10.88,B17,4.0,,200.0,,38.0,,38.0,NOT INDICATED
59326,163293.0,1944-03-16,15,GERMANY,CITY AREA,CITIES TOWNS AND URBAN AREAS,48.37,10.88,B17,4.0,,178.0,27.0,,,27.0,F.F.F.
58979,163294.0,1944-03-16,15,GERMANY,CITY AREA,CITIES TOWNS AND URBAN AREAS,48.37,10.88,B17,4.0,,209.0,40.0,13.0,,53.0,NOT INDICATED
59301,163295.0,1944-03-16,15,GERMANY,CITY AREA,CITIES TOWNS AND URBAN AREAS,48.37,10.88,B17,4.0,,200.0,40.0,,,40.0,F.F.F.
58976,163296.0,1944-03-16,15,GERMANY,CITY AREA,CITIES TOWNS AND URBAN AREAS,48.37,10.88,B17,4.0,,210.0,80.0,46.0,,126.0,NOT INDICATED
59314,163297.0,1944-03-16,15,GERMANY,CITY AREA,CITIES TOWNS AND URBAN AREAS,48.37,10.88,B17,4.0,,190.0,45.0,7.0,,52.0,NOT INDICATED
59302,163298.0,1944-03-16,15,GERMANY,CITY AREA,CITIES TOWNS AND URBAN AREAS,48.37,10.88,B17,4.0,,200.0,10.0,,,10.0,NOT INDICATED
59303,163299.0,1944-03-16,15,GERMANY,CITY AREA,CITIES TOWNS AND URBAN AREAS,48.37,10.88,B17,3.0,,200.0,50.0,7.0,,57.0,F.F.F.
59321,163300.0,1944-03-16,15,GERMANY,CITY AREA,CITIES TOWNS AND URBAN AREAS,48.37,10.88,B17,3.0,,185.0,50.0,,,50.0,F.F.F.
59318,163301.0,1944-03-16,15,GERMANY,CITY AREA,CITIES TOWNS AND URBAN AREAS,48.37,10.88,B17,3.0,,189.0,,10.0,31.0,41.0,F.F.F.
58988,163302.0,1944-03-16,15,GERMANY,CITY AREA,CITIES TOWNS AND URBAN AREAS,48.37,10.88,B17,3.0,,202.0,40.0,9.0,,49.0,F.F.F.
59315,163303.0,1944-03-16,15,GERMANY,CITY AREA,CITIES TOWNS AND URBAN AREAS,48.37,10.88,B17,3.0,,190.0,43.0,,,43.0,F.F.F.
58982,163304.0,1944-03-16,15,GERMANY,CITY AREA,CITIES TOWNS AND URBAN AREAS,48.37,10.88,B17,3.0,,205.0,,24.0,,24.0,F.F.F.
59341,163313.0,1944-03-16,8,GERMANY,CITY AREA,CITIES TOWNS AND URBAN AREAS,48.32,10.75,B17,4.0,,176.0,38.0,,16.0,54.0,F.F.F.
59309,163314.0,1944-03-16,15,GERMANY,AC FACTORY,AIRCRAFT FACTORIES AND ASSEMBLY PLANTS,47.65,9.5,B24,4.0,,191.0,36.0,27.0,,63.0,F.F.F.
59306,163315.0,1944-03-16,15,GERMANY,AC FACTORY,AIRCRAFT FACTORIES AND ASSEMBLY PLANTS,47.65,9.5,B24,4.0,,195.0,42.0,27.0,,69.0,F.F.F.
58973,163316.0,1944-03-16,15,GERMANY,AC FACTORY,AIRCRAFT FACTORIES AND ASSEMBLY PLANTS,47.65,9.5,B24,4.0,,215.0,32.0,16.0,,48.0,F.F.F.
59334,163317.0,1944-03-16,8,GERMANY,CITY AREA,CITIES TOWNS AND URBAN AREAS,48.13,11.27,B17,4.0,,230.0,,32.0,,32.0,NOT INDICATED
59337,163319.0,1944-03-16,8,GERMANY,MAYBACH ENGINE WKS,TANK FACTORIES,47.65,9.5,B24,4.0,,200.0,,30.0,,30.0,F.F.F.
59338,163320.0,1944-03-16,8,GERMANY,MAYBACH ENGINE WKS,TANK FACTORIES,47.65,9.5,B24,4.0,,200.0,,30.0,,30.0,F.F.F.
59327,163322.0,1944-03-16,15,GERMANY,MARSHALLING YARD,"""RR INSTALLATIONS,  TRACKS,  MARSHALLING YARDS,  AND STATIONS""",48.37,10.88,B17,4.0,,175.0,,,71.0,71.0,F.F.F.
58984,201760.0,1944-03-16,15,GERMANY,AIRDROME,AIR FIELDS AND AIRDROMES,48.17,10.87,B17,4.0,,205.0,,,56.0,56.0,F.F.F.
59323,201761.0,1944-03-16,15,GERMANY,AIRDROME,AIR FIELDS AND AIRDROMES,48.17,10.87,B17,4.0,,180.0,48.0,,,48.0,NOT INDICATED
58985,201774.0,1944-03-16,15,GERMANY,AIRDROME,AIR FIELDS AND AIRDROMES,48.17,10.87,B17,4.0,,205.0,,,56.0,56.0,F.F.F.
59328,201775.0,1944-03-16,15,GERMANY,AIRDROME,AIR FIELDS AND AIRDROMES,48.17,10.87,B17,4.0,,130.0,48.0,,,48.0,NOT INDICATED
59682,99248.0,1944-03-17,15,AUSTRIA,AIRCRAFT FACTORIES,AIRCRAFT FACTORIES AND ASSEMBLY PLANTS,47.95,16.18,B24,4.0,28.0,220.0,51.0,,,51.0,NOT INDICATED
59689,99249.0,1944-03-17,15,AUSTRIA,AIRCRAFT FACTORIES,AIRCRAFT FACTORIES AND ASSEMBLY PLANTS,47.95,16.18,B24,3.0,34.0,200.0,,,41.0,41.0,NOT INDICATED
59676,99250.0,1944-03-17,15,AUSTRIA,HEINKEL AC FACTORY,AIRCRAFT FACTORIES AND ASSEMBLY PLANTS,48.12,16.53,B24,4.0,25.0,230.0,73.0,,,73.0,NOT INDICATED
59693,99251.0,1944-03-17,15,AUSTRIA,HEINKEL AC FACTORY,AIRCRAFT FACTORIES AND ASSEMBLY PLANTS,48.12,16.53,B24,4.0,25.0,200.0,74.0,,,74.0,NOT INDICATED
59677,99252.0,1944-03-17,15,AUSTRIA,HEINKEL AC FACTORY,AIRCRAFT FACTORIES AND ASSEMBLY PLANTS,48.12,16.53,B24,4.0,16.0,230.0,,17.0,,17.0,NOT INDICATED
59686,99256.0,1944-03-17,15,AUSTRIA,AIRDROME,AIR FIELDS AND AIRDROMES,48.12,16.53,B24,4.0,34.0,210.0,71.0,,,71.0,NOT INDICATED
59684,99263.0,1944-03-17,15,AUSTRIA,AIRCRAFT FACTORIES,AIRCRAFT FACTORIES AND ASSEMBLY PLANTS,47.95,16.18,B24,4.0,28.0,220.0,51.0,,,51.0,NOT INDICATED
59691,99264.0,1944-03-17,15,AUSTRIA,AIRCRAFT FACTORIES,AIRCRAFT FACTORIES AND ASSEMBLY PLANTS,47.95,16.18,B24,3.0,34.0,200.0,,,41.0,41.0,NOT INDICATED
59670,99265.0,1944-03-17,15,AUSTRIA,CITY AREA,CITIES TOWNS AND URBAN AREAS,48.2,16.37,B24,4.0,33.0,235.0,,44.0,,44.0,NOT INDICATED
59671,99266.0,1944-03-17,15,AUSTRIA,CITY AREA,CITIES TOWNS AND URBAN AREAS,48.2,16.37,B24,3.0,32.0,235.0,60.0,,,60.0,NOT INDICATED
59683,163323.0,1944-03-17,15,AUSTRIA,AIRCRAFT FACTORIES,AIRCRAFT FACTORIES AND ASSEMBLY PLANTS,47.95,16.18,B24,4.0,28.0,220.0,51.0,,,51.0,NOT INDICATED
59690,163324.0,1944-03-17,15,AUSTRIA,AIRCRAFT FACTORIES,AIRCRAFT FACTORIES AND ASSEMBLY PLANTS,47.95,16.18,B24,3.0,34.0,200.0,,,41.0,41.0,NOT INDICATED
59678,163325.0,1944-03-17,15,AUSTRIA,HEINKEL AC FACTORY,AIRCRAFT FACTORIES AND ASSEMBLY PLANTS,48.12,16.53,B24,4.0,25.0,230.0,73.0,,,73.0,NOT INDICATED
59694,163326.0,1944-03-17,15,AUSTRIA,HEINKEL AC FACTORY,AIRCRAFT FACTORIES AND ASSEMBLY PLANTS,48.12,16.53,B24,4.0,25.0,200.0,74.0,,,74.0,NOT INDICATED
59679,163327.0,1944-03-17,15,AUSTRIA,HEINKEL AC FACTORY,AIRCRAFT FACTORIES AND ASSEMBLY PLANTS,48.12,16.53,B24,4.0,16.0,230.0,,17.0,,17.0,NOT INDICATED
59672,163329.0,1944-03-17,15,AUSTRIA,CITY AREA,CITIES TOWNS AND URBAN AREAS,48.2,16.37,B24,4.0,33.0,235.0,,44.0,,44.0,NOT INDICATED
59673,163330.0,1944-03-17,15,AUSTRIA,CITY AREA,CITIES TOWNS AND URBAN AREAS,48.2,16.37,B24,3.0,32.0,235.0,60.0,,,60.0,NOT INDICATED
59674,163331.0,1944-03-17,15,AUSTRIA,CITY AREA,CITIES TOWNS AND URBAN AREAS,48.2,16.37,B24,4.0,33.0,235.0,,44.0,,44.0,NOT INDICATED
59675,163332.0,1944-03-17,15,AUSTRIA,CITY AREA,CITIES TOWNS AND URBAN AREAS,48.2,16.37,B24,3.0,32.0,235.0,60.0,,,60.0,NOT INDICATED
59680,163334.0,1944-03-17,15,AUSTRIA,HEINKEL AC FACTORY,AIRCRAFT FACTORIES AND ASSEMBLY PLANTS,48.12,16.53,B24,4.0,25.0,230.0,73.0,,,73.0,NOT INDICATED
59695,163335.0,1944-03-17,15,AUSTRIA,HEINKEL AC FACTORY,AIRCRAFT FACTORIES AND ASSEMBLY PLANTS,48.12,16.53,B24,4.0,25.0,200.0,74.0,,,74.0,NOT INDICATED
59681,163336.0,1944-03-17,15,AUSTRIA,HEINKEL AC FACTORY,AIRCRAFT FACTORIES AND ASSEMBLY PLANTS,48.12,16.53,B24,4.0,16.0,230.0,,17.0,,17.0,NOT INDICATED
59685,163337.0,1944-03-17,15,AUSTRIA,AIRCRAFT FACTORIES,AIRCRAFT FACTORIES AND ASSEMBLY PLANTS,47.95,16.18,B24,4.0,28.0,220.0,51.0,,,51.0,NOT INDICATED
59692,163338.0,1944-03-17,15,AUSTRIA,AIRCRAFT FACTORIES,AIRCRAFT FACTORIES AND ASSEMBLY PLANTS,47.95,16.18,B24,3.0,34.0,200.0,,,41.0,41.0,NOT INDICATED
59687,201782.0,1944-03-17,15,AUSTRIA,AIRDROME,AIR FIELDS AND AIRDROMES,48.12,16.53,B24,4.0,34.0,210.0,71.0,,,71.0,NOT INDICATED
59688,201793.0,1944-03-17,15,AUSTRIA,AIRDROME,AIR FIELDS AND AIRDROMES,48.12,16.53,B24,4.0,34.0,210.0,71.0,,,71.0,NOT INDICATED
60401,99267.0,1944-03-18,15,GERMANY,AC FACTORY,AIRCRAFT FACTORIES AND ASSEMBLY PLANTS,47.65,9.5,B24,4.0,,200.0,,43.0,,43.0,NOT INDICATED
60402,99268.0,1944-03-18,15,GERMANY,AC FACTORY,AIRCRAFT FACTORIES AND ASSEMBLY PLANTS,47.65,9.5,B24,4.0,,200.0,25.0,22.0,,47.0,NOT INDICATED
60093,99269.0,1944-03-18,15,GERMANY,AC FACTORY,AIRCRAFT FACTORIES AND ASSEMBLY PLANTS,47.65,9.5,B24,4.0,,210.0,20.0,19.0,,39.0,F.F.F.
60417,99270.0,1944-03-18,15,GERMANY,AC FACTORY,AIRCRAFT FACTORIES AND ASSEMBLY PLANTS,47.65,9.5,B24,4.0,,195.0,,39.0,,39.0,NOT INDICATED
60087,99271.0,1944-03-18,15,GERMANY,AC FACTORY,AIRCRAFT FACTORIES AND ASSEMBLY PLANTS,47.65,9.5,B24,4.0,,220.0,18.0,5.0,,23.0,NOT INDICATED
60094,99274.0,1944-03-18,15,GERMANY,MANZELL DD AC COMP,A/C COMPONENT PLANTS,47.65,9.5,B24,4.0,,210.0,72.0,,,72.0,INSTRUMENT-GENERAL
60469,99286.0,1944-03-18,8,GERMANY,AIRDROME,AIR FIELDS AND AIRDROMES,47.65,9.5,B24,4.0,,183.0,39.0,17.0,,56.0,NOT INDICATED
60459,99287.0,1944-03-18,8,GERMANY,AIRDROME,AIR FIELDS AND AIRDROMES,48.05,10.88,B17,4.0,,219.0,,29.0,,29.0,NOT INDICATED
60456,99288.0,1944-03-18,8,GERMANY,AIRDROME,AIR FIELDS AND AIRDROMES,48.05,10.88,B17,4.0,,220.0,,,2.0,2.0,NOT INDICATED
60445,99289.0,1944-03-18,8,GERMANY,AIRDROME,AIR FIELDS AND AIRDROMES,48.05,10.88,B17,4.0,,235.0,41.0,,,41.0,NOT INDICATED
60472,99290.0,1944-03-18,8,GERMANY,AIRDROME,AIR FIELDS AND AIRDROMES,48.05,10.88,B17,4.0,,,,,,,NOT INDICATED
60462,99291.0,1944-03-18,8,GERMANY,AIRDROME,AIR FIELDS AND AIRDROMES,48.05,10.88,B17,4.0,,200.0,1.0,,,1.0,NOT INDICATED
60078,99292.0,1944-03-18,15,GERMANY,AIRDROME,AIR FIELDS AND AIRDROMES,48.17,10.87,B17,4.0,,240.0,38.0,,11.0,49.0,NOT INDICATED
60081,99293.0,1944-03-18,15,GERMANY,AIRDROME,AIR FIELDS AND AIRDROMES,48.17,10.87,B17,4.0,,230.0,55.0,,,55.0,NOT INDICATED
60084,99294.0,1944-03-18,15,GERMANY,AIRDROME,AIR FIELDS AND AIRDROMES,48.17,10.87,B17,4.0,,227.0,,,17.0,17.0,NOT INDICATED
60407,99295.0,1944-03-18,15,GERMANY,AIRDROME,AIR FIELDS AND AIRDROMES,48.17,10.87,B17,4.0,,200.0,42.0,23.0,,65.0,NOT INDICATED
60420,99296.0,1944-03-18,15,GERMANY,AIRDROME,AIR FIELDS AND AIRDROMES,48.17,10.87,B17,4.0,,195.0,,,74.0,74.0,VISUAL
60090,99297.0,1944-03-18,15,GERMANY,AIRDROME,AIR FIELDS AND AIRDROMES,48.17,10.87,B17,4.0,,220.0,50.0,29.0,,79.0,NOT INDICATED
60426,99298.0,1944-03-18,15,GERMANY,AIRDROME,AIR FIELDS AND AIRDROMES,48.17,10.87,B17,4.0,,,,,,,NOT INDICATED
60408,99299.0,1944-03-18,15,GERMANY,AIRDROME,AIR FIELDS AND AIRDROMES,48.17,10.87,B17,4.0,,200.0,5.0,,,5.0,NOT INDICATED
60475,99322.0,1944-03-18,8,GERMANY,CITY AREA,CITIES TOWNS AND URBAN AREAS,48.13,11.27,B17,4.0,,,,,,,NOT INDICATED
60448,99323.0,1944-03-18,8,GERMANY,CITY AREA,CITIES TOWNS AND URBAN AREAS,48.13,11.27,B17,4.0,,230.0,2.0,,,2.0,NOT INDICATED
60451,99324.0,1944-03-18,8,GERMANY,MAYBACH ENGINE WKS,TANK FACTORIES,47.65,9.5,B24,4.0,,220.0,33.0,16.0,,49.0,NOT INDICATED
60465,99325.0,1944-03-18,8,GERMANY,MAYBACH ENGINE WKS,TANK FACTORIES,47.65,9.5,B24,4.0,,185.0,54.0,,,54.0,NOT INDICATED
60452,99326.0,1944-03-18,8,GERMANY,MAYBACH ENGINE WKS,TANK FACTORIES,47.65,9.5,B24,4.0,,220.0,33.0,16.0,,49.0,NOT INDICATED
60466,99327.0,1944-03-18,8,GERMANY,MAYBACH ENGINE WKS,TANK FACTORIES,47.65,9.5,B24,4.0,,185.0,54.0,,,54.0,NOT INDICATED
60403,163339.0,1944-03-18,15,GERMANY,AC FACTORY,AIRCRAFT FACTORIES AND ASSEMBLY PLANTS,47.65,9.5,B24,4.0,,200.0,,43.0,,43.0,NOT INDICATED
60404,163340.0,1944-03-18,15,GERMANY,AC FACTORY,AIRCRAFT FACTORIES AND ASSEMBLY PLANTS,47.65,9.5,B24,4.0,,200.0,25.0,22.0,,47.0,NOT INDICATED
60095,163341.0,1944-03-18,15,GERMANY,AC FACTORY,AIRCRAFT FACTORIES AND ASSEMBLY PLANTS,47.65,9.5,B24,4.0,,210.0,20.0,19.0,,39.0,F.F.F.
60418,163342.0,1944-03-18,15,GERMANY,AC FACTORY,AIRCRAFT FACTORIES AND ASSEMBLY PLANTS,47.65,9.5,B24,4.0,,195.0,,39.0,,39.0,NOT INDICATED
60088,163343.0,1944-03-18,15,GERMANY,AC FACTORY,AIRCRAFT FACTORIES AND ASSEMBLY PLANTS,47.65,9.5,B24,4.0,,220.0,18.0,5.0,,23.0,NOT INDICATED
60096,163346.0,1944-03-18,15,GERMANY,MANZELL DD AC COMP,A/C COMPONENT PLANTS,47.65,9.5,B24,4.0,,210.0,72.0,,,72.0,INSTRUMENT-GENERAL
60476,163350.0,1944-03-18,8,GERMANY,CITY AREA,CITIES TOWNS AND URBAN AREAS,48.13,11.27,B17,4.0,,,,,,,NOT INDICATED
60449,163351.0,1944-03-18,8,GERMANY,CITY AREA,CITIES TOWNS AND URBAN AREAS,48.13,11.27,B17,4.0,,230.0,2.0,,,2.0,NOT INDICATED
60405,163357.0,1944-03-18,15,GERMANY,AC FACTORY,AIRCRAFT FACTORIES AND ASSEMBLY PLANTS,47.65,9.5,B24,4.0,,200.0,,43.0,,43.0,NOT INDICATED
60406,163358.0,1944-03-18,15,GERMANY,AC FACTORY,AIRCRAFT FACTORIES AND ASSEMBLY PLANTS,47.65,9.5,B24,4.0,,200.0,25.0,22.0,,47.0,NOT INDICATED
60097,163359.0,1944-03-18,15,GERMANY,AC FACTORY,AIRCRAFT FACTORIES AND ASSEMBLY PLANTS,47.65,9.5,B24,4.0,,210.0,20.0,19.0,,39.0,F.F.F.
60419,163360.0,1944-03-18,15,GERMANY,AC FACTORY,AIRCRAFT FACTORIES AND ASSEMBLY PLANTS,47.65,9.5,B24,4.0,,195.0,,39.0,,39.0,NOT INDICATED
60089,163361.0,1944-03-18,15,GERMANY,AC FACTORY,AIRCRAFT FACTORIES AND ASSEMBLY PLANTS,47.65,9.5,B24,4.0,,220.0,18.0,5.0,,23.0,NOT INDICATED
60098,163362.0,1944-03-18,15,GERMANY,MANZELL DD AC COMP,A/C COMPONENT PLANTS,47.65,9.5,B24,4.0,,210.0,72.0,,,72.0,INSTRUMENT-GENERAL
60099,163363.0,1944-03-18,15,GERMANY,BMW ENGINE WORKS,ENGINE PLANTS,48.13,11.58,B17,4.0,,201.0,50.0,12.0,,62.0,NOT INDICATED
60429,163364.0,1944-03-18,15,GERMANY,BMW ENGINE WORKS,ENGINE PLANTS,48.13,11.58,B17,4.0,,,,,,,NOT INDICATED
60413,163365.0,1944-03-18,15,GERMANY,BMW ENGINE WORKS,ENGINE PLANTS,48.13,11.58,B17,4.0,,200.0,1.0,,,1.0,NOT INDICATED
60414,163366.0,1944-03-18,15,GERMANY,BMW ENGINE WORKS,ENGINE PLANTS,48.13,11.58,B17,3.0,,200.0,,38.0,,38.0,F.F.F.
60423,163367.0,1944-03-18,15,GERMANY,BMW ENGINE WORKS,ENGINE PLANTS,48.13,11.58,B17,3.0,,195.0,33.0,,,33.0,NOT INDICATED
60425,163368.0,1944-03-18,15,GERMANY,BMW ENGINE WORKS,ENGINE PLANTS,48.13,11.58,B17,3.0,,190.0,48.0,9.0,,57.0,NOT INDICATED
60477,163371.0,1944-03-18,8,GERMANY,CITY AREA,CITIES TOWNS AND URBAN AREAS,48.13,11.27,B17,4.0,,,,,,,NOT INDICATED
60450,163372.0,1944-03-18,8,GERMANY,CITY AREA,CITIES TOWNS AND URBAN AREAS,48.13,11.27,B17,4.0,,230.0,2.0,,,2.0,NOT INDICATED
60453,163373.0,1944-03-18,8,GERMANY,MAYBACH ENGINE WKS,TANK FACTORIES,47.65,9.5,B24,4.0,,220.0,33.0,16.0,,49.0,NOT INDICATED
60467,163374.0,1944-03-18,8,GERMANY,MAYBACH ENGINE WKS,TANK FACTORIES,47.65,9.5,B24,4.0,,185.0,54.0,,,54.0,NOT INDICATED
60454,163375.0,1944-03-18,8,GERMANY,MAYBACH ENGINE WKS,TANK FACTORIES,47.65,9.5,B24,4.0,,220.0,33.0,16.0,,49.0,NOT INDICATED
60468,163376.0,1944-03-18,8,GERMANY,MAYBACH ENGINE WKS,TANK FACTORIES,47.65,9.5,B24,4.0,,185.0,54.0,,,54.0,NOT INDICATED
60455,163377.0,1944-03-18,8,GERMANY,MARSHALLING YARD,"""RR INSTALLATIONS,  TRACKS,  MARSHALLING YARDS,  AND STATIONS""",47.65,9.5,B24,3.0,,220.0,,17.0,,17.0,NOT INDICATED
60470,201804.0,1944-03-18,8,GERMANY,AIRDROME,AIR FIELDS AND AIRDROMES,47.65,9.5,B24,4.0,,183.0,39.0,17.0,,56.0,NOT INDICATED
60460,201805.0,1944-03-18,8,GERMANY,AIRDROME,AIR FIELDS AND AIRDROMES,48.05,10.88,B17,4.0,,219.0,,29.0,,29.0,NOT INDICATED
60457,201806.0,1944-03-18,8,GERMANY,AIRDROME,AIR FIELDS AND AIRDROMES,48.05,10.88,B17,4.0,,220.0,,,2.0,2.0,NOT INDICATED
60446,201807.0,1944-03-18,8,GERMANY,AIRDROME,AIR FIELDS AND AIRDROMES,48.05,10.88,B17,4.0,,235.0,41.0,,,41.0,NOT INDICATED
60473,201808.0,1944-03-18,8,GERMANY,AIRDROME,AIR FIELDS AND AIRDROMES,48.05,10.88,B17,4.0,,,,,,,NOT INDICATED
60463,201809.0,1944-03-18,8,GERMANY,AIRDROME,AIR FIELDS AND AIRDROMES,48.05,10.88,B17,4.0,,200.0,1.0,,,1.0,NOT INDICATED
60079,201810.0,1944-03-18,15,GERMANY,AIRDROME,AIR FIELDS AND AIRDROMES,48.17,10.87,B17,4.0,,240.0,38.0,,11.0,49.0,NOT INDICATED
60082,201811.0,1944-03-18,15,GERMANY,AIRDROME,AIR FIELDS AND AIRDROMES,48.17,10.87,B17,4.0,,230.0,55.0,,,55.0,NOT INDICATED
60085,201812.0,1944-03-18,15,GERMANY,AIRDROME,AIR FIELDS AND AIRDROMES,48.17,10.87,B17,4.0,,227.0,,,17.0,17.0,NOT INDICATED
60409,201813.0,1944-03-18,15,GERMANY,AIRDROME,AIR FIELDS AND AIRDROMES,48.17,10.87,B17,4.0,,200.0,42.0,23.0,,65.0,NOT INDICATED
60421,201814.0,1944-03-18,15,GERMANY,AIRDROME,AIR FIELDS AND AIRDROMES,48.17,10.87,B17,4.0,,195.0,,,74.0,74.0,VISUAL
60091,201815.0,1944-03-18,15,GERMANY,AIRDROME,AIR FIELDS AND AIRDROMES,48.17,10.87,B17,4.0,,220.0,50.0,29.0,,79.0,NOT INDICATED
60427,201816.0,1944-03-18,15,GERMANY,AIRDROME,AIR FIELDS AND AIRDROMES,48.17,10.87,B17,4.0,,,,,,,NOT INDICATED
60410,201817.0,1944-03-18,15,GERMANY,AIRDROME,AIR FIELDS AND AIRDROMES,48.17,10.87,B17,4.0,,200.0,5.0,,,5.0,NOT INDICATED
60471,201843.0,1944-03-18,8,GERMANY,AIRDROME,AIR FIELDS AND AIRDROMES,47.65,9.5,B24,4.0,,183.0,39.0,17.0,,56.0,NOT INDICATED
60461,201844.0,1944-03-18,8,GERMANY,AIRDROME,AIR FIELDS AND AIRDROMES,48.05,10.88,B17,4.0,,219.0,,29.0,,29.0,NOT INDICATED
60458,201845.0,1944-03-18,8,GERMANY,AIRDROME,AIR FIELDS AND AIRDROMES,48.05,10.88,B17,4.0,,220.0,,,2.0,2.0,NOT INDICATED
60447,201846.0,1944-03-18,8,GERMANY,AIRDROME,AIR FIELDS AND AIRDROMES,48.05,10.88,B17,4.0,,235.0,41.0,,,41.0,NOT INDICATED
60474,201847.0,1944-03-18,8,GERMANY,AIRDROME,AIR FIELDS AND AIRDROMES,48.05,10.88,B17,4.0,,,,,,,NOT INDICATED
60464,201848.0,1944-03-18,8,GERMANY,AIRDROME,AIR FIELDS AND AIRDROMES,48.05,10.88,B17,4.0,,200.0,1.0,,,1.0,NOT INDICATED
60080,201849.0,1944-03-18,15,GERMANY,AIRDROME,AIR FIELDS AND AIRDROMES,48.17,10.87,B17,4.0,,240.0,38.0,,11.0,49.0,NOT INDICATED
60083,201850.0,1944-03-18,15,GERMANY,AIRDROME,AIR FIELDS AND AIRDROMES,48.17,10.87,B17,4.0,,230.0,55.0,,,55.0,NOT INDICATED
60086,201851.0,1944-03-18,15,GERMANY,AIRDROME,AIR FIELDS AND AIRDROMES,48.17,10.87,B17,4.0,,227.0,,,17.0,17.0,NOT INDICATED
60411,201852.0,1944-03-18,15,GERMANY,AIRDROME,AIR FIELDS AND AIRDROMES,48.17,10.87,B17,4.0,,200.0,42.0,23.0,,65.0,NOT INDICATED
60422,201853.0,1944-03-18,15,GERMANY,AIRDROME,AIR FIELDS AND AIRDROMES,48.17,10.87,B17,4.0,,195.0,,,74.0,74.0,VISUAL
60092,201854.0,1944-03-18,15,GERMANY,AIRDROME,AIR FIELDS AND AIRDROMES,48.17,10.87,B17,4.0,,220.0,50.0,29.0,,79.0,NOT INDICATED
60428,201855.0,1944-03-18,15,GERMANY,AIRDROME,AIR FIELDS AND AIRDROMES,48.17,10.87,B17,4.0,,,,,,,NOT INDICATED
60412,201856.0,1944-03-18,15,GERMANY,AIRDROME,AIR FIELDS AND AIRDROMES,48.17,10.87,B17,4.0,,200.0,5.0,,,5.0,NOT INDICATED
60100,300036.0,1944-03-18,15,GERMANY,BMW ENGINE WORKS,ENGINE PLANTS,48.13,11.58,B17,4.0,,201.0,50.0,12.0,,62.0,NOT INDICATED
60430,300037.0,1944-03-18,15,GERMANY,BMW ENGINE WORKS,ENGINE PLANTS,48.13,11.58,B17,4.0,,,,,,,NOT INDICATED
60415,300038.0,1944-03-18,15,GERMANY,BMW ENGINE WORKS,ENGINE PLANTS,48.13,11.58,B17,4.0,,200.0,1.0,,,1.0,NOT INDICATED
60416,300039.0,1944-03-18,15,GERMANY,BMW ENGINE WORKS,ENGINE PLANTS,48.13,11.58,B17,3.0,,200.0,,38.0,,38.0,F.F.F.
60424,300040.0,1944-03-18,15,GERMANY,BMW ENGINE WORKS,ENGINE PLANTS,48.13,11.58,B17,3.0,,195.0,33.0,,,33.0,NOT INDICATED
61298,99333.0,1944-03-19,15,AUSTRIA,AC FACTORY,AIRCRAFT FACTORIES AND ASSEMBLY PLANTS,46.63,14.3,B24,4.0,31.0,205.0,90.0,,,90.0,NOT INDICATED
61291,99334.0,1944-03-19,15,AUSTRIA,AC FACTORY,AIRCRAFT FACTORIES AND ASSEMBLY PLANTS,46.63,14.3,B24,4.0,16.0,209.0,40.0,,,40.0,NOT INDICATED
61288,99335.0,1944-03-19,15,AUSTRIA,AIRCRAFT FACTORY,AIRCRAFT FACTORIES AND ASSEMBLY PLANTS,48.05,14.45,B24,4.0,18.0,210.0,,23.0,,23.0,NOT INDICATED
61283,99339.0,1944-03-19,15,AUSTRIA,CITY AREA,CITIES TOWNS AND URBAN AREAS,47.07,15.43,B24,3.0,36.0,210.0,105.0,,,105.0,NOT INDICATED
61275,99340.0,1944-03-19,15,AUSTRIA,AIRDROME,AIR FIELDS AND AIRDROMES,46.63,14.3,B17,4.0,17.0,222.0,51.0,,,51.0,NOT INDICATED
61278,99341.0,1944-03-19,15,AUSTRIA,AIRDROME,AIR FIELDS AND AIRDROMES,46.63,14.3,B17,4.0,32.0,220.0,96.0,,,96.0,NOT INDICATED
61295,99342.0,1944-03-19,15,AUSTRIA,AIRDROME,AIR FIELDS AND AIRDROMES,46.63,14.3,B17,4.0,21.0,208.0,63.0,,,63.0,NOT INDICATED
61285,99343.0,1944-03-19,15,AUSTRIA,AIRDROME,AIR FIELDS AND AIRDROMES,46.63,14.3,B24,4.0,30.0,210.0,75.0,,,75.0,NOT INDICATED
61272,99344.0,1944-03-19,15,AUSTRIA,AIRDROME,AIR FIELDS AND AIRDROMES,46.63,14.3,B17,3.0,26.0,254.0,72.0,,,72.0,NOT INDICATED
61605,99345.0,1944-03-19,15,AUSTRIA,AIRDROME,AIR FIELDS AND AIRDROMES,46.63,14.3,B24,3.0,32.0,,,21.0,,21.0,NOT INDICATED
61602,99346.0,1944-03-19,15,AUSTRIA,AIRDROME,AIR FIELDS AND AIRDROMES,46.63,14.3,B24,3.0,30.0,190.0,73.0,,,73.0,NOT INDICATED
61300,99368.0,1944-03-19,15,AUSTRIA,AC FACTORY,AIRCRAFT FACTORIES AND ASSEMBLY PLANTS,46.63,14.3,B24,4.0,31.0,205.0,90.0,,,90.0,NOT INDICATED
61293,99369.0,1944-03-19,15,AUSTRIA,AC FACTORY,AIRCRAFT FACTORIES AND ASSEMBLY PLANTS,46.63,14.3,B24,4.0,16.0,209.0,40.0,,,40.0,NOT INDICATED
61281,99371.0,1944-03-19,15,AUSTRIA,CITY AREA,CITIES TOWNS AND URBAN AREAS,47.07,15.43,B24,3.0,36.0,210.0,105.0,,,105.0,NOT INDICATED
61299,163378.0,1944-03-19,15,AUSTRIA,AC FACTORY,AIRCRAFT FACTORIES AND ASSEMBLY PLANTS,46.63,14.3,B24,4.0,31.0,205.0,90.0,,,90.0,NOT INDICATED
61292,163379.0,1944-03-19,15,AUSTRIA,AC FACTORY,AIRCRAFT FACTORIES AND ASSEMBLY PLANTS,46.63,14.3,B24,4.0,16.0,209.0,40.0,,,40.0,NOT INDICATED
61289,163380.0,1944-03-19,15,AUSTRIA,AIRCRAFT FACTORY,AIRCRAFT FACTORIES AND ASSEMBLY PLANTS,48.05,14.45,B24,4.0,18.0,210.0,,23.0,,23.0,NOT INDICATED
61282,163385.0,1944-03-19,15,AUSTRIA,CITY AREA,CITIES TOWNS AND URBAN AREAS,47.07,15.43,B24,3.0,36.0,210.0,105.0,,,105.0,NOT INDICATED
61284,163389.0,1944-03-19,15,AUSTRIA,CITY AREA,CITIES TOWNS AND URBAN AREAS,47.07,15.43,B24,3.0,36.0,210.0,105.0,,,105.0,NOT INDICATED
61290,163392.0,1944-03-19,15,AUSTRIA,AIRCRAFT FACTORY,AIRCRAFT FACTORIES AND ASSEMBLY PLANTS,48.05,14.45,B24,4.0,18.0,210.0,,23.0,,23.0,NOT INDICATED
61601,163393.0,1944-03-19,15,AUSTRIA,AC FACTORY,AIRCRAFT FACTORIES AND ASSEMBLY PLANTS,46.63,14.3,B24,4.0,31.0,205.0,90.0,,,90.0,NOT INDICATED
61294,163394.0,1944-03-19,15,AUSTRIA,AC FACTORY,AIRCRAFT FACTORIES AND ASSEMBLY PLANTS,46.63,14.3,B24,4.0,16.0,209.0,40.0,,,40.0,NOT INDICATED
61276,201886.0,1944-03-19,15,AUSTRIA,AIRDROME,AIR FIELDS AND AIRDROMES,46.63,14.3,B17,4.0,17.0,222.0,51.0,,,51.0,NOT INDICATED
61279,201887.0,1944-03-19,15,AUSTRIA,AIRDROME,AIR FIELDS AND AIRDROMES,46.63,14.3,B17,4.0,32.0,220.0,96.0,,,96.0,NOT INDICATED
61296,201888.0,1944-03-19,15,AUSTRIA,AIRDROME,AIR FIELDS AND AIRDROMES,46.63,14.3,B17,4.0,21.0,208.0,63.0,,,63.0,NOT INDICATED
61286,201889.0,1944-03-19,15,AUSTRIA,AIRDROME,AIR FIELDS AND AIRDROMES,46.63,14.3,B24,4.0,30.0,210.0,75.0,,,75.0,NOT INDICATED
61273,201890.0,1944-03-19,15,AUSTRIA,AIRDROME,AIR FIELDS AND AIRDROMES,46.63,14.3,B17,3.0,26.0,254.0,72.0,,,72.0,NOT INDICATED
61606,201891.0,1944-03-19,15,AUSTRIA,AIRDROME,AIR FIELDS AND AIRDROMES,46.63,14.3,B24,3.0,32.0,,,21.0,,21.0,NOT INDICATED
61603,201892.0,1944-03-19,15,AUSTRIA,AIRDROME,AIR FIELDS AND AIRDROMES,46.63,14.3,B24,3.0,30.0,190.0,73.0,,,73.0,NOT INDICATED
61277,201917.0,1944-03-19,15,AUSTRIA,AIRDROME,AIR FIELDS AND AIRDROMES,46.63,14.3,B17,4.0,17.0,222.0,51.0,,,51.0,NOT INDICATED
61280,201918.0,1944-03-19,15,AUSTRIA,AIRDROME,AIR FIELDS AND AIRDROMES,46.63,14.3,B17,4.0,32.0,220.0,96.0,,,96.0,NOT INDICATED
61297,201919.0,1944-03-19,15,AUSTRIA,AIRDROME,AIR FIELDS AND AIRDROMES,46.63,14.3,B17,4.0,21.0,208.0,63.0,,,63.0,NOT INDICATED
61287,201920.0,1944-03-19,15,AUSTRIA,AIRDROME,AIR FIELDS AND AIRDROMES,46.63,14.3,B24,4.0,30.0,210.0,75.0,,,75.0,NOT INDICATED
61274,201921.0,1944-03-19,15,AUSTRIA,AIRDROME,AIR FIELDS AND AIRDROMES,46.63,14.3,B17,3.0,26.0,254.0,72.0,,,72.0,NOT INDICATED
61607,201922.0,1944-03-19,15,AUSTRIA,AIRDROME,AIR FIELDS AND AIRDROMES,46.63,14.3,B24,3.0,32.0,,,21.0,,21.0,NOT INDICATED
61604,201923.0,1944-03-19,15,AUSTRIA,AIRDROME,AIR FIELDS AND AIRDROMES,46.63,14.3,B24,3.0,30.0,190.0,73.0,,,73.0,NOT INDICATED
62053,99376.0,1944-03-20,8,GERMANY,METAL WORKS,LIGHT METAL PLANTS,50.1,8.67,B17,4.0,,263.0,25.0,,,25.0,F.F.F.
62045,99377.0,1944-03-20,8,GERMANY,METAL WORKS,LIGHT METAL PLANTS,50.1,8.67,B17,4.0,,270.0,,48.0,,48.0,F.F.F.
62061,99378.0,1944-03-20,8,GERMANY,METAL WORKS,LIGHT METAL PLANTS,50.1,8.67,B17,4.0,,223.0,,22.0,,22.0,NOT INDICATED
62065,99379.0,1944-03-20,8,GERMANY,METAL WORKS,LIGHT METAL PLANTS,50.1,8.67,B17,4.0,,,,,,,NOT INDICATED
62049,99380.0,1944-03-20,8,GERMANY,METAL WORKS,LIGHT METAL PLANTS,50.1,8.67,B17,4.0,,264.0,1.0,,,1.0,NOT INDICATED
62057,99381.0,1944-03-20,8,GERMANY,METAL WORKS,LIGHT METAL PLANTS,50.1,8.67,B17,3.0,,226.0,34.0,,,34.0,NOT INDICATED
62054,99401.0,1944-03-20,8,GERMANY,METAL WORKS,LIGHT METAL PLANTS,50.1,8.67,B17,4.0,,263.0,25.0,,,25.0,F.F.F.
62046,99402.0,1944-03-20,8,GERMANY,METAL WORKS,LIGHT METAL PLANTS,50.1,8.67,B17,4.0,,270.0,,48.0,,48.0,F.F.F.
62062,99403.0,1944-03-20,8,GERMANY,METAL WORKS,LIGHT METAL PLANTS,50.1,8.67,B17,4.0,,223.0,,22.0,,22.0,NOT INDICATED
62066,99404.0,1944-03-20,8,GERMANY,METAL WORKS,LIGHT METAL PLANTS,50.1,8.67,B17,4.0,,,,,,,NOT INDICATED
62050,99405.0,1944-03-20,8,GERMANY,METAL WORKS,LIGHT METAL PLANTS,50.1,8.67,B17,4.0,,264.0,1.0,,,1.0,NOT INDICATED
62058,99406.0,1944-03-20,8,GERMANY,METAL WORKS,LIGHT METAL PLANTS,50.1,8.67,B17,3.0,,226.0,34.0,,,34.0,NOT INDICATED
62055,163403.0,1944-03-20,8,GERMANY,METAL WORKS,LIGHT METAL PLANTS,50.1,8.67,B17,4.0,,263.0,25.0,,,25.0,F.F.F.
62047,163404.0,1944-03-20,8,GERMANY,METAL WORKS,LIGHT METAL PLANTS,50.1,8.67,B17,4.0,,270.0,,48.0,,48.0,F.F.F.
62063,163405.0,1944-03-20,8,GERMANY,METAL WORKS,LIGHT METAL PLANTS,50.1,8.67,B17,4.0,,223.0,,22.0,,22.0,NOT INDICATED
62067,163406.0,1944-03-20,8,GERMANY,METAL WORKS,LIGHT METAL PLANTS,50.1,8.67,B17,4.0,,,,,,,NOT INDICATED
62051,163407.0,1944-03-20,8,GERMANY,METAL WORKS,LIGHT METAL PLANTS,50.1,8.67,B17,4.0,,264.0,1.0,,,1.0,NOT INDICATED
62059,163408.0,1944-03-20,8,GERMANY,METAL WORKS,LIGHT METAL PLANTS,50.1,8.67,B17,3.0,,226.0,34.0,,,34.0,NOT INDICATED
62056,163410.0,1944-03-20,8,GERMANY,METAL WORKS,LIGHT METAL PLANTS,50.1,8.67,B17,4.0,,263.0,25.0,,,25.0,F.F.F.
62048,163411.0,1944-03-20,8,GERMANY,METAL WORKS,LIGHT METAL PLANTS,50.1,8.67,B17,4.0,,270.0,,48.0,,48.0,F.F.F.
62064,163412.0,1944-03-20,8,GERMANY,METAL WORKS,LIGHT METAL PLANTS,50.1,8.67,B17,4.0,,223.0,,22.0,,22.0,NOT INDICATED
62068,163413.0,1944-03-20,8,GERMANY,METAL WORKS,LIGHT METAL PLANTS,50.1,8.67,B17,4.0,,,,,,,NOT INDICATED
62052,163414.0,1944-03-20,8,GERMANY,METAL WORKS,LIGHT METAL PLANTS,50.1,8.67,B17,4.0,,264.0,1.0,,,1.0,NOT INDICATED
62060,163415.0,1944-03-20,8,GERMANY,METAL WORKS,LIGHT METAL PLANTS,50.1,8.67,B17,3.0,,226.0,34.0,,,34.0,NOT INDICATED
62044,163416.0,1944-03-20,9,GERMANY,MARSHALLING YARD,"""RR INSTALLATIONS,  TRACKS,  MARSHALLING YARDS,  AND STATIONS""",49.97,7.9,B17,4.0,,237.0,,32.0,,32.0,NOT INDICATED
62479,99410.0,1944-03-21,8,GERMANY,MARSHALLING YARD,"""RR INSTALLATIONS,  TRACKS,  MARSHALLING YARDS,  AND STATIONS""",45.95,7.97,B26,2.0,24.0,89.0,48.0,,,48.0,NOT INDICATED
62480,201953.0,1944-03-21,8,GERMANY,MARSHALLING YARD,"""RR INSTALLATIONS,  TRACKS,  MARSHALLING YARDS,  AND STATIONS""",45.95,7.97,B26,2.0,24.0,89.0,48.0,,,48.0,NOT INDICATED
63212,99426.0,1944-03-22,8,GERMANY,ENGINE PLANTS,ENGINE PLANTS,52.4,12.52,B24,3.0,,225.0,,45.0,,45.0,NOT INDICATED
63218,99427.0,1944-03-22,8,GERMANY,BMW AC ENGINES,ENGINE PLANTS,52.72,13.45,B24,4.0,,215.0,,42.0,,42.0,F.F.F.
63215,99429.0,1944-03-22,8,FRANCE,AIRDROME,AIR FIELDS AND AIRDROMES,45.7,-0.32,B17,4.0,,220.0,45.0,,,45.0,VISUAL
63203,99444.0,1944-03-22,9,GERMANY,UNIDENTIFIED TARGET,UNIDENTIFIED TARGETS,52.72,13.45,B24,3.0,,190.0,50.0,,,50.0,NOT INDICATED
62891,99445.0,1944-03-22,9,GERMANY,UNIDENTIFIED TARGET,UNIDENTIFIED TARGETS,52.72,13.45,B24,3.0,,210.0,55.0,,,55.0,NOT INDICATED
63205,99446.0,1944-03-22,9,GERMANY,UNIDENTIFIED TARGET,UNIDENTIFIED TARGETS,52.53,13.42,B17,4.0,,,,,,,NOT INDICATED
62860,99447.0,1944-03-22,9,GERMANY,UNIDENTIFIED TARGET,UNIDENTIFIED TARGETS,52.53,13.42,B17,4.0,,250.0,9.0,,,9.0,NOT INDICATED
62877,99448.0,1944-03-22,9,GERMANY,UNIDENTIFIED TARGET,UNIDENTIFIED TARGETS,52.53,13.42,B17,4.0,,225.0,,30.0,,30.0,F.F.F.
62874,99449.0,1944-03-22,9,GERMANY,UNIDENTIFIED TARGET,UNIDENTIFIED TARGETS,52.53,13.42,B17,4.0,,230.0,44.0,,,44.0,NOT INDICATED
62868,99450.0,1944-03-22,9,GERMANY,UNIDENTIFIED TARGET,UNIDENTIFIED TARGETS,52.53,13.42,B17,4.0,,240.0,,38.0,,38.0,NOT INDICATED
62880,99451.0,1944-03-22,9,GERMANY,UNIDENTIFIED TARGET,UNIDENTIFIED TARGETS,52.53,13.42,B17,4.0,,220.0,45.0,,,45.0,F.F.F.
62871,99452.0,1944-03-22,9,GERMANY,UNIDENTIFIED TARGET,UNIDENTIFIED TARGETS,52.53,13.42,B17,3.0,,237.0,,39.0,,39.0,NOT INDICATED
62899,99453.0,1944-03-22,9,GERMANY,UNIDENTIFIED TARGET,UNIDENTIFIED TARGETS,52.53,13.42,B17,3.0,,200.0,,25.0,,25.0,F.F.F.
62893,99454.0,1944-03-22,9,GERMANY,UNIDENTIFIED TARGET,UNIDENTIFIED TARGETS,52.53,13.42,B17,3.0,,210.0,,28.0,,28.0,NOT INDICATED
62894,99455.0,1944-03-22,9,GERMANY,UNIDENTIFIED TARGET,UNIDENTIFIED TARGETS,52.53,13.42,B17,3.0,,210.0,42.0,,,42.0,NOT INDICATED
62865,99456.0,1944-03-22,9,GERMANY,UNIDENTIFIED TARGET,UNIDENTIFIED TARGETS,52.53,13.42,B17,2.0,,248.0,,37.0,,37.0,F.F.F.
63213,163417.0,1944-03-22,8,GERMANY,ENGINE PLANTS,ENGINE PLANTS,52.4,12.52,B24,3.0,,225.0,,45.0,,45.0,NOT INDICATED
63219,163418.0,1944-03-22,8,GERMANY,BMW AC ENGINES,ENGINE PLANTS,52.72,13.45,B24,4.0,,215.0,,42.0,,42.0,F.F.F.
63204,163420.0,1944-03-22,9,GERMANY,UNIDENTIFIED TARGET,UNIDENTIFIED TARGETS,52.72,13.45,B24,3.0,,190.0,50.0,,,50.0,NOT INDICATED
62892,163421.0,1944-03-22,9,GERMANY,UNIDENTIFIED TARGET,UNIDENTIFIED TARGETS,52.72,13.45,B24,3.0,,210.0,55.0,,,55.0,NOT INDICATED
63206,163422.0,1944-03-22,9,GERMANY,UNIDENTIFIED TARGET,UNIDENTIFIED TARGETS,52.53,13.42,B17,4.0,,,,,,,NOT INDICATED
62861,163423.0,1944-03-22,9,GERMANY,UNIDENTIFIED TARGET,UNIDENTIFIED TARGETS,52.53,13.42,B17,4.0,,250.0,9.0,,,9.0,NOT INDICATED
62878,163424.0,1944-03-22,9,GERMANY,UNIDENTIFIED TARGET,UNIDENTIFIED TARGETS,52.53,13.42,B17,4.0,,225.0,,30.0,,30.0,F.F.F.
62875,163425.0,1944-03-22,9,GERMANY,UNIDENTIFIED TARGET,UNIDENTIFIED TARGETS,52.53,13.42,B17,4.0,,230.0,44.0,,,44.0,NOT INDICATED
62869,163426.0,1944-03-22,9,GERMANY,UNIDENTIFIED TARGET,UNIDENTIFIED TARGETS,52.53,13.42,B17,4.0,,240.0,,38.0,,38.0,NOT INDICATED
62881,163427.0,1944-03-22,9,GERMANY,UNIDENTIFIED TARGET,UNIDENTIFIED TARGETS,52.53,13.42,B17,4.0,,220.0,45.0,,,45.0,F.F.F.
62872,163428.0,1944-03-22,9,GERMANY,UNIDENTIFIED TARGET,UNIDENTIFIED TARGETS,52.53,13.42,B17,3.0,,237.0,,39.0,,39.0,NOT INDICATED
62900,163429.0,1944-03-22,9,GERMANY,UNIDENTIFIED TARGET,UNIDENTIFIED TARGETS,52.53,13.42,B17,3.0,,200.0,,25.0,,25.0,F.F.F.
62895,163430.0,1944-03-22,9,GERMANY,UNIDENTIFIED TARGET,UNIDENTIFIED TARGETS,52.53,13.42,B17,3.0,,210.0,,28.0,,28.0,NOT INDICATED
62896,163431.0,1944-03-22,9,GERMANY,UNIDENTIFIED TARGET,UNIDENTIFIED TARGETS,52.53,13.42,B17,3.0,,210.0,42.0,,,42.0,NOT INDICATED
62866,163432.0,1944-03-22,9,GERMANY,UNIDENTIFIED TARGET,UNIDENTIFIED TARGETS,52.53,13.42,B17,2.0,,248.0,,37.0,,37.0,F.F.F.
63202,163458.0,1944-03-22,9,GERMANY,UNIDENTIFIED TARGET,UNIDENTIFIED TARGETS,52.72,13.45,B24,3.0,,190.0,50.0,,,50.0,NOT INDICATED
62890,163459.0,1944-03-22,9,GERMANY,UNIDENTIFIED TARGET,UNIDENTIFIED TARGETS,52.72,13.45,B24,3.0,,210.0,55.0,,,55.0,NOT INDICATED
63207,163460.0,1944-03-22,9,GERMANY,UNIDENTIFIED TARGET,UNIDENTIFIED TARGETS,52.53,13.42,B17,4.0,,,,,,,NOT INDICATED
62862,163461.0,1944-03-22,9,GERMANY,UNIDENTIFIED TARGET,UNIDENTIFIED TARGETS,52.53,13.42,B17,4.0,,250.0,9.0,,,9.0,NOT INDICATED
62879,163462.0,1944-03-22,9,GERMANY,UNIDENTIFIED TARGET,UNIDENTIFIED TARGETS,52.53,13.42,B17,4.0,,225.0,,30.0,,30.0,F.F.F.
62876,163463.0,1944-03-22,9,GERMANY,UNIDENTIFIED TARGET,UNIDENTIFIED TARGETS,52.53,13.42,B17,4.0,,230.0,44.0,,,44.0,NOT INDICATED
62870,163464.0,1944-03-22,9,GERMANY,UNIDENTIFIED TARGET,UNIDENTIFIED TARGETS,52.53,13.42,B17,4.0,,240.0,,38.0,,38.0,NOT INDICATED
62882,163465.0,1944-03-22,9,GERMANY,UNIDENTIFIED TARGET,UNIDENTIFIED TARGETS,52.53,13.42,B17,4.0,,220.0,45.0,,,45.0,F.F.F.
62873,163466.0,1944-03-22,9,GERMANY,UNIDENTIFIED TARGET,UNIDENTIFIED TARGETS,52.53,13.42,B17,3.0,,237.0,,39.0,,39.0,NOT INDICATED
62897,163467.0,1944-03-22,9,GERMANY,UNIDENTIFIED TARGET,UNIDENTIFIED TARGETS,52.53,13.42,B17,3.0,,210.0,,28.0,,28.0,NOT INDICATED
62898,163468.0,1944-03-22,9,GERMANY,UNIDENTIFIED TARGET,UNIDENTIFIED TARGETS,52.53,13.42,B17,3.0,,210.0,42.0,,,42.0,NOT INDICATED
62867,163469.0,1944-03-22,9,GERMANY,UNIDENTIFIED TARGET,UNIDENTIFIED TARGETS,52.53,13.42,B17,2.0,,248.0,,37.0,,37.0,F.F.F.
63220,163471.0,1944-03-22,8,GERMANY,BMW AC ENGINES,ENGINE PLANTS,52.72,13.45,B24,4.0,,215.0,,42.0,,42.0,F.F.F.
63214,163473.0,1944-03-22,8,GERMANY,ENGINE PLANTS,ENGINE PLANTS,52.4,12.52,B24,3.0,,225.0,,45.0,,45.0,NOT INDICATED
63201,163487.0,1944-03-22,9,GERMANY,UNIDENTIFIED TARGET,UNIDENTIFIED TARGETS,52.53,13.42,B17,3.0,,200.0,,25.0,,25.0,F.F.F.
63216,201976.0,1944-03-22,8,FRANCE,AIRDROME,AIR FIELDS AND AIRDROMES,45.7,-0.32,B17,4.0,,220.0,45.0,,,45.0,VISUAL
63217,201977.0,1944-03-22,8,FRANCE,AIRDROME,AIR FIELDS AND AIRDROMES,45.7,-0.32,B17,4.0,,220.0,45.0,,,45.0,VISUAL
63581,99457.0,1944-03-23,8,GERMANY,AC FACTORIES,AIRCRAFT FACTORIES AND ASSEMBLY PLANTS,52.25,10.5,B17,4.0,,203.0,,30.0,,30.0,F.F.F.
63592,99458.0,1944-03-23,8,GERMANY,AC FACTORIES,AIRCRAFT FACTORIES AND ASSEMBLY PLANTS,52.25,10.5,B17,4.0,,,50.0,,,50.0,F.F.F.
63566,99459.0,1944-03-23,8,GERMANY,AC FACTORIES,AIRCRAFT FACTORIES AND ASSEMBLY PLANTS,52.25,10.5,B17,4.0,,230.0,14.0,,,14.0,F.F.F.
63578,99460.0,1944-03-23,8,GERMANY,AC FACTORIES,AIRCRAFT FACTORIES AND ASSEMBLY PLANTS,52.25,10.5,B17,4.0,,208.0,43.0,,,43.0,NOT INDICATED
63572,99461.0,1944-03-23,8,GERMANY,AC FACTORIES,AIRCRAFT FACTORIES AND ASSEMBLY PLANTS,52.25,10.5,B17,4.0,,218.0,53.0,,,53.0,F.F.F.
63584,99462.0,1944-03-23,8,GERMANY,AC FACTORIES,AIRCRAFT FACTORIES AND ASSEMBLY PLANTS,52.25,10.5,B17,4.0,,200.0,45.0,9.0,,54.0,F.F.F.
63563,99463.0,1944-03-23,8,GERMANY,AC FACTORIES,AIRCRAFT FACTORIES AND ASSEMBLY PLANTS,52.25,10.5,B17,4.0,,235.0,23.0,,,23.0,F.F.F.
63593,99464.0,1944-03-23,8,GERMANY,AC FACTORIES,AIRCRAFT FACTORIES AND ASSEMBLY PLANTS,52.25,10.5,B17,4.0,,,43.0,,,43.0,F.F.F.
63575,99465.0,1944-03-23,8,GERMANY,AC FACTORIES,AIRCRAFT FACTORIES AND ASSEMBLY PLANTS,52.25,10.5,B17,4.0,,210.0,43.0,,,43.0,NOT INDICATED
63569,99466.0,1944-03-23,8,GERMANY,AC FACTORIES,AIRCRAFT FACTORIES AND ASSEMBLY PLANTS,52.25,10.5,B17,3.0,,224.0,48.0,,,48.0,NOT INDICATED
63590,99485.0,1944-03-23,8,FRANCE,AIRDROME,AIR FIELDS AND AIRDROMES,49.07,0.78,B26,4.0,,12.0,56.0,,,56.0,NOT INDICATED
63546,99493.0,1944-03-23,9,GERMANY,CITY AREA,CITIES TOWNS AND URBAN AREAS,50.13,8.46,B24,4.0,,210.0,31.0,17.0,,48.0,NOT INDICATED
63557,99494.0,1944-03-23,9,GERMANY,CITY AREA,CITIES TOWNS AND URBAN AREAS,50.13,8.46,B17,4.0,,179.0,63.0,20.0,,83.0,NOT INDICATED
63560,99495.0,1944-03-23,9,GERMANY,CITY AREA,CITIES TOWNS AND URBAN AREAS,51.77,7.88,B17,4.0,,,,,,,NOT INDICATED
63548,99496.0,1944-03-23,9,GERMANY,CITY AREA,CITIES TOWNS AND URBAN AREAS,51.77,7.88,B17,4.0,,199.0,45.0,13.0,,58.0,NOT INDICATED
63551,99497.0,1944-03-23,9,GERMANY,UNIDENTIFIED TARGET,UNIDENTIFIED TARGETS,51.77,7.88,B17,2.0,,189.0,54.0,15.0,,69.0,NOT INDICATED
63552,99498.0,1944-03-23,9,GERMANY,UNIDENTIFIED TARGET,UNIDENTIFIED TARGETS,51.77,7.88,B17,2.0,,189.0,54.0,,,54.0,NOT INDICATED
63542,99499.0,1944-03-23,9,GERMANY,CITY AREA,CITIES TOWNS AND URBAN AREAS,52.25,10.5,B17,4.0,,218.0,17.0,,33.0,50.0,NOT INDICATED
63587,99500.0,1944-03-23,8,GERMANY,CITY AREA,CITIES TOWNS AND URBAN AREAS,51.8,7.73,B17,4.0,,200.0,54.0,13.0,,67.0,NOT INDICATED
63582,163488.0,1944-03-23,8,GERMANY,AC FACTORIES,AIRCRAFT FACTORIES AND ASSEMBLY PLANTS,52.25,10.5,B17,4.0,,203.0,,30.0,,30.0,F.F.F.
63594,163489.0,1944-03-23,8,GERMANY,AC FACTORIES,AIRCRAFT FACTORIES AND ASSEMBLY PLANTS,52.25,10.5,B17,4.0,,,50.0,,,50.0,F.F.F.
63567,163490.0,1944-03-23,8,GERMANY,AC FACTORIES,AIRCRAFT FACTORIES AND ASSEMBLY PLANTS,52.25,10.5,B17,4.0,,230.0,14.0,,,14.0,F.F.F.
63579,163491.0,1944-03-23,8,GERMANY,AC FACTORIES,AIRCRAFT FACTORIES AND ASSEMBLY PLANTS,52.25,10.5,B17,4.0,,208.0,43.0,,,43.0,NOT INDICATED
63573,163492.0,1944-03-23,8,GERMANY,AC FACTORIES,AIRCRAFT FACTORIES AND ASSEMBLY PLANTS,52.25,10.5,B17,4.0,,218.0,53.0,,,53.0,F.F.F.
63585,163493.0,1944-03-23,8,GERMANY,AC FACTORIES,AIRCRAFT FACTORIES AND ASSEMBLY PLANTS,52.25,10.5,B17,4.0,,200.0,45.0,9.0,,54.0,F.F.F.
63564,163494.0,1944-03-23,8,GERMANY,AC FACTORIES,AIRCRAFT FACTORIES AND ASSEMBLY PLANTS,52.25,10.5,B17,4.0,,235.0,23.0,,,23.0,F.F.F.
63595,163495.0,1944-03-23,8,GERMANY,AC FACTORIES,AIRCRAFT FACTORIES AND ASSEMBLY PLANTS,52.25,10.5,B17,4.0,,,43.0,,,43.0,F.F.F.
63576,163496.0,1944-03-23,8,GERMANY,AC FACTORIES,AIRCRAFT FACTORIES AND ASSEMBLY PLANTS,52.25,10.5,B17,4.0,,210.0,43.0,,,43.0,NOT INDICATED
63570,163497.0,1944-03-23,8,GERMANY,AC FACTORIES,AIRCRAFT FACTORIES AND ASSEMBLY PLANTS,52.25,10.5,B17,3.0,,224.0,48.0,,,48.0,NOT INDICATED
63553,163498.0,1944-03-23,9,GERMANY,UNIDENTIFIED TARGET,UNIDENTIFIED TARGETS,51.77,7.88,B17,2.0,,189.0,54.0,15.0,,69.0,NOT INDICATED
63554,163499.0,1944-03-23,9,GERMANY,UNIDENTIFIED TARGET,UNIDENTIFIED TARGETS,51.77,7.88,B17,2.0,,189.0,54.0,,,54.0,NOT INDICATED
63561,163500.0,1944-03-23,9,GERMANY,CITY AREA,CITIES TOWNS AND URBAN AREAS,51.77,7.88,B17,4.0,,,,,,,NOT INDICATED
63549,163501.0,1944-03-23,9,GERMANY,CITY AREA,CITIES TOWNS AND URBAN AREAS,51.77,7.88,B17,4.0,,199.0,45.0,13.0,,58.0,NOT INDICATED
63543,163502.0,1944-03-23,9,GERMANY,CITY AREA,CITIES TOWNS AND URBAN AREAS,52.25,10.5,B17,4.0,,218.0,17.0,,33.0,50.0,NOT INDICATED
63588,163503.0,1944-03-23,8,GERMANY,CITY AREA,CITIES TOWNS AND URBAN AREAS,51.8,7.73,B17,4.0,,200.0,54.0,13.0,,67.0,NOT INDICATED
63545,163505.0,1944-03-23,9,GERMANY,CITY AREA,CITIES TOWNS AND URBAN AREAS,50.13,8.46,B24,4.0,,210.0,31.0,17.0,,48.0,NOT INDICATED
63558,163506.0,1944-03-23,9,GERMANY,CITY AREA,CITIES TOWNS AND URBAN AREAS,50.13,8.46,B17,4.0,,179.0,63.0,20.0,,83.0,NOT INDICATED
63562,163507.0,1944-03-23,9,GERMANY,CITY AREA,CITIES TOWNS AND URBAN AREAS,51.77,7.88,B17,4.0,,,,,,,NOT INDICATED
63550,163508.0,1944-03-23,9,GERMANY,CITY AREA,CITIES TOWNS AND URBAN AREAS,51.77,7.88,B17,4.0,,199.0,45.0,13.0,,58.0,NOT INDICATED
63544,163509.0,1944-03-23,9,GERMANY,CITY AREA,CITIES TOWNS AND URBAN AREAS,52.25,10.5,B17,4.0,,218.0,17.0,,33.0,50.0,NOT INDICATED
63589,163510.0,1944-03-23,8,GERMANY,CITY AREA,CITIES TOWNS AND URBAN AREAS,51.8,7.73,B17,4.0,,200.0,54.0,13.0,,67.0,NOT INDICATED
63555,163514.0,1944-03-23,9,GERMANY,UNIDENTIFIED TARGET,UNIDENTIFIED TARGETS,51.77,7.88,B17,2.0,,189.0,54.0,15.0,,69.0,NOT INDICATED
63556,163515.0,1944-03-23,9,GERMANY,UNIDENTIFIED TARGET,UNIDENTIFIED TARGETS,51.77,7.88,B17,2.0,,189.0,54.0,,,54.0,NOT INDICATED
63583,163516.0,1944-03-23,8,GERMANY,AC FACTORIES,AIRCRAFT FACTORIES AND ASSEMBLY PLANTS,52.25,10.5,B17,4.0,,203.0,,30.0,,30.0,F.F.F.
63596,163517.0,1944-03-23,8,GERMANY,AC FACTORIES,AIRCRAFT FACTORIES AND ASSEMBLY PLANTS,52.25,10.5,B17,4.0,,,50.0,,,50.0,F.F.F.
63568,163518.0,1944-03-23,8,GERMANY,AC FACTORIES,AIRCRAFT FACTORIES AND ASSEMBLY PLANTS,52.25,10.5,B17,4.0,,230.0,14.0,,,14.0,F.F.F.
63580,163519.0,1944-03-23,8,GERMANY,AC FACTORIES,AIRCRAFT FACTORIES AND ASSEMBLY PLANTS,52.25,10.5,B17,4.0,,208.0,43.0,,,43.0,NOT INDICATED
63574,163520.0,1944-03-23,8,GERMANY,AC FACTORIES,AIRCRAFT FACTORIES AND ASSEMBLY PLANTS,52.25,10.5,B17,4.0,,218.0,53.0,,,53.0,F.F.F.
63586,163521.0,1944-03-23,8,GERMANY,AC FACTORIES,AIRCRAFT FACTORIES AND ASSEMBLY PLANTS,52.25,10.5,B17,4.0,,200.0,45.0,9.0,,54.0,F.F.F.
63565,163522.0,1944-03-23,8,GERMANY,AC FACTORIES,AIRCRAFT FACTORIES AND ASSEMBLY PLANTS,52.25,10.5,B17,4.0,,235.0,23.0,,,23.0,F.F.F.
63597,163523.0,1944-03-23,8,GERMANY,AC FACTORIES,AIRCRAFT FACTORIES AND ASSEMBLY PLANTS,52.25,10.5,B17,4.0,,,43.0,,,43.0,F.F.F.
63577,163524.0,1944-03-23,8,GERMANY,AC FACTORIES,AIRCRAFT FACTORIES AND ASSEMBLY PLANTS,52.25,10.5,B17,4.0,,210.0,43.0,,,43.0,NOT INDICATED
63571,163525.0,1944-03-23,8,GERMANY,AC FACTORIES,AIRCRAFT FACTORIES AND ASSEMBLY PLANTS,52.25,10.5,B17,3.0,,224.0,48.0,,,48.0,NOT INDICATED
63547,163526.0,1944-03-23,9,GERMANY,CITY AREA,CITIES TOWNS AND URBAN AREAS,50.13,8.46,B24,4.0,,210.0,31.0,17.0,,48.0,NOT INDICATED
63559,163527.0,1944-03-23,9,GERMANY,CITY AREA,CITIES TOWNS AND URBAN AREAS,50.13,8.46,B17,4.0,,179.0,63.0,20.0,,83.0,NOT INDICATED
63591,202003.0,1944-03-23,8,FRANCE,AIRDROME,AIR FIELDS AND AIRDROMES,49.07,0.78,B26,4.0,,12.0,56.0,,,56.0,NOT INDICATED
63996,99502.0,1944-03-24,15,AUSTRIA,AIRCRAFT FACTORY,AIRCRAFT FACTORIES AND ASSEMBLY PLANTS,48.05,14.45,B24,4.0,32.0,160.0,80.0,,,80.0,NOT INDICATED
64330,99522.0,1944-03-24,8,GERMANY,CITY AREA,CITIES TOWNS AND URBAN AREAS,51.8,7.73,B17,4.0,,185.0,49.0,,,49.0,NOT INDICATED
64327,99523.0,1944-03-24,8,GERMANY,CITY AREA,CITIES TOWNS AND URBAN AREAS,51.8,7.73,B17,4.0,,210.0,50.0,,,50.0,NOT INDICATED
64315,99524.0,1944-03-24,9,GERMANY,CITY AREA,CITIES TOWNS AND URBAN AREAS,50.1,8.67,B17,4.0,,,,,,,F.F.F.
64312,99525.0,1944-03-24,9,GERMANY,CITY AREA,CITIES TOWNS AND URBAN AREAS,50.1,8.67,B17,4.0,,191.0,75.0,,,75.0,F.F.F.
64000,99526.0,1944-03-24,9,GERMANY,CITY AREA,CITIES TOWNS AND URBAN AREAS,50.1,8.67,B17,4.0,,230.0,,29.0,,29.0,F.F.F.
64301,99527.0,1944-03-24,9,GERMANY,CITY AREA,CITIES TOWNS AND URBAN AREAS,50.1,8.67,B17,4.0,,230.0,50.0,,,50.0,F.F.F.
64306,99528.0,1944-03-24,9,GERMANY,CITY AREA,CITIES TOWNS AND URBAN AREAS,50.1,8.67,B17,3.0,,210.0,8.0,29.0,,37.0,NOT INDICATED
64307,99529.0,1944-03-24,9,GERMANY,CITY AREA,CITIES TOWNS AND URBAN AREAS,50.1,8.67,B17,3.0,,210.0,53.0,,,53.0,F.F.F.
63997,163535.0,1944-03-24,15,AUSTRIA,AIRCRAFT FACTORY,AIRCRAFT FACTORIES AND ASSEMBLY PLANTS,48.05,14.45,B24,4.0,32.0,160.0,80.0,,,80.0,NOT INDICATED
64331,163539.0,1944-03-24,8,GERMANY,CITY AREA,CITIES TOWNS AND URBAN AREAS,51.8,7.73,B17,4.0,,185.0,49.0,,,49.0,NOT INDICATED
64328,163540.0,1944-03-24,8,GERMANY,CITY AREA,CITIES TOWNS AND URBAN AREAS,51.8,7.73,B17,4.0,,210.0,50.0,,,50.0,NOT INDICATED
64316,163541.0,1944-03-24,9,GERMANY,CITY AREA,CITIES TOWNS AND URBAN AREAS,50.1,8.67,B17,4.0,,,,,,,F.F.F.
64313,163542.0,1944-03-24,9,GERMANY,CITY AREA,CITIES TOWNS AND URBAN AREAS,50.1,8.67,B17,4.0,,191.0,75.0,,,75.0,F.F.F.
64302,163543.0,1944-03-24,9,GERMANY,CITY AREA,CITIES TOWNS AND URBAN AREAS,50.1,8.67,B17,4.0,,230.0,,29.0,,29.0,F.F.F.
64303,163544.0,1944-03-24,9,GERMANY,CITY AREA,CITIES TOWNS AND URBAN AREAS,50.1,8.67,B17,4.0,,230.0,50.0,,,50.0,F.F.F.
64308,163545.0,1944-03-24,9,GERMANY,CITY AREA,CITIES TOWNS AND URBAN AREAS,50.1,8.67,B17,3.0,,210.0,8.0,29.0,,37.0,NOT INDICATED
64309,163546.0,1944-03-24,9,GERMANY,CITY AREA,CITIES TOWNS AND URBAN AREAS,50.1,8.67,B17,3.0,,210.0,53.0,,,53.0,F.F.F.
64332,163550.0,1944-03-24,8,GERMANY,CITY AREA,CITIES TOWNS AND URBAN AREAS,51.8,7.73,B17,4.0,,185.0,49.0,,,49.0,NOT INDICATED
64329,163551.0,1944-03-24,8,GERMANY,CITY AREA,CITIES TOWNS AND URBAN AREAS,51.8,7.73,B17,4.0,,210.0,50.0,,,50.0,NOT INDICATED
64317,163552.0,1944-03-24,9,GERMANY,CITY AREA,CITIES TOWNS AND URBAN AREAS,50.1,8.67,B17,4.0,,,,,,,F.F.F.
64314,163553.0,1944-03-24,9,GERMANY,CITY AREA,CITIES TOWNS AND URBAN AREAS,50.1,8.67,B17,4.0,,191.0,75.0,,,75.0,F.F.F.
64304,163554.0,1944-03-24,9,GERMANY,CITY AREA,CITIES TOWNS AND URBAN AREAS,50.1,8.67,B17,4.0,,230.0,,29.0,,29.0,F.F.F.
64305,163555.0,1944-03-24,9,GERMANY,CITY AREA,CITIES TOWNS AND URBAN AREAS,50.1,8.67,B17,4.0,,230.0,50.0,,,50.0,F.F.F.
64310,163556.0,1944-03-24,9,GERMANY,CITY AREA,CITIES TOWNS AND URBAN AREAS,50.1,8.67,B17,3.0,,210.0,8.0,29.0,,37.0,NOT INDICATED
64311,163557.0,1944-03-24,9,GERMANY,CITY AREA,CITIES TOWNS AND URBAN AREAS,50.1,8.67,B17,3.0,,210.0,53.0,,,53.0,F.F.F.
63998,163561.0,1944-03-24,15,AUSTRIA,AIRCRAFT FACTORY,AIRCRAFT FACTORIES AND ASSEMBLY PLANTS,48.05,14.45,B24,4.0,32.0,160.0,80.0,,,80.0,NOT INDICATED
65165,99551.0,1944-03-26,8,FRANCE,V WEAPON SITES,V - WEAPON LAUNCHING SITES,50.85,1.77,B17,4.0,,,,,,,NOT INDICATED
65157,99552.0,1944-03-26,8,FRANCE,V WEAPON SITES,V - WEAPON LAUNCHING SITES,50.85,1.77,B17,4.0,,200.0,67.0,,,67.0,NOT INDICATED
65149,99568.0,1944-03-26,9,FRANCE,CITY AREA,CITIES TOWNS AND URBAN AREAS,49.63,-1.62,B17,4.0,,212.0,15.0,,,15.0,NOT INDICATED
65150,163571.0,1944-03-26,9,FRANCE,CITY AREA,CITIES TOWNS AND URBAN AREAS,49.63,-1.62,B17,4.0,,212.0,15.0,,,15.0,NOT INDICATED
65151,163577.0,1944-03-26,9,FRANCE,CITY AREA,CITIES TOWNS AND URBAN AREAS,49.63,-1.62,B17,4.0,,212.0,15.0,,,15.0,NOT INDICATED
65166,202063.0,1944-03-26,8,FRANCE,V WEAPON SITES,V - WEAPON LAUNCHING SITES,50.85,1.77,B17,4.0,,,,,,,NOT INDICATED
65158,202064.0,1944-03-26,8,FRANCE,V WEAPON SITES,V - WEAPON LAUNCHING SITES,50.85,1.77,B17,4.0,,200.0,67.0,,,67.0,NOT INDICATED
65167,202083.0,1944-03-26,8,FRANCE,V WEAPON SITES,V - WEAPON LAUNCHING SITES,50.85,1.77,B17,4.0,,,,,,,NOT INDICATED
65159,202084.0,1944-03-26,8,FRANCE,V WEAPON SITES,V - WEAPON LAUNCHING SITES,50.85,1.77,B17,4.0,,200.0,67.0,,,67.0,NOT INDICATED
65926,99584.0,1944-03-27,8,FRANCE,AIRDROME,AIR FIELDS AND AIRDROMES,43.47,-1.55,B24,4.0,,140.0,,,56.0,56.0,NOT INDICATED
65923,99585.0,1944-03-27,8,FRANCE,AIRDROME,AIR FIELDS AND AIRDROMES,43.47,-1.55,B24,4.0,,160.0,24.0,,,24.0,NOT INDICATED
65929,99589.0,1944-03-27,8,FRANCE,AIRDROME,AIR FIELDS AND AIRDROMES,44.53,-1.15,B17,4.0,,130.0,15.0,,,15.0,NOT INDICATED
65935,99590.0,1944-03-27,8,FRANCE,AIRDROME,AIR FIELDS AND AIRDROMES,44.53,-1.15,B17,4.0,,120.0,53.0,,,53.0,NOT INDICATED
65936,99591.0,1944-03-27,8,FRANCE,AIRDROME,AIR FIELDS AND AIRDROMES,44.53,-1.15,B17,4.0,,120.0,42.0,9.0,,51.0,NOT INDICATED
65941,99592.0,1944-03-27,8,FRANCE,AIRDROME,AIR FIELDS AND AIRDROMES,44.53,-1.15,B17,4.0,,110.0,65.0,,,65.0,NOT INDICATED
65944,99593.0,1944-03-27,8,FRANCE,AIRDROME,AIR FIELDS AND AIRDROMES,44.53,-1.15,B17,4.0,,105.0,65.0,22.0,,87.0,NOT INDICATED
65920,99596.0,1944-03-27,8,FRANCE,AIRDROME,AIR FIELDS AND AIRDROMES,46.17,-1.15,B17,4.0,,220.0,62.0,,,62.0,NOT INDICATED
65950,99597.0,1944-03-27,8,FRANCE,AIRDROME,AIR FIELDS AND AIRDROMES,46.17,-1.15,B17,4.0,,,,29.0,,29.0,NOT INDICATED
65914,99598.0,1944-03-27,8,FRANCE,AIRDROME,AIR FIELDS AND AIRDROMES,46.17,-1.15,B17,4.0,,245.0,,,,,NOT INDICATED
65917,99599.0,1944-03-27,8,FRANCE,AIRDROME,AIR FIELDS AND AIRDROMES,46.17,-1.15,B17,4.0,,227.0,54.0,,,54.0,NOT INDICATED
65947,99602.0,1944-03-27,8,FRANCE,AIRFIELD,AIR FIELDS AND AIRDROMES,43.3,-0.37,B24,4.0,,100.0,58.0,,,58.0,NOT INDICATED
65932,99603.0,1944-03-27,8,FRANCE,AIRDROME,AIR FIELDS AND AIRDROMES,43.3,-0.37,B24,4.0,,130.0,58.0,,,58.0,NOT INDICATED
65927,202109.0,1944-03-27,8,FRANCE,AIRDROME,AIR FIELDS AND AIRDROMES,43.47,-1.55,B24,4.0,,140.0,,,56.0,56.0,NOT INDICATED
65924,202110.0,1944-03-27,8,FRANCE,AIRDROME,AIR FIELDS AND AIRDROMES,43.47,-1.55,B24,4.0,,160.0,24.0,,,24.0,NOT INDICATED
65930,202114.0,1944-03-27,8,FRANCE,AIRDROME,AIR FIELDS AND AIRDROMES,44.53,-1.15,B17,4.0,,130.0,15.0,,,15.0,NOT INDICATED
65937,202115.0,1944-03-27,8,FRANCE,AIRDROME,AIR FIELDS AND AIRDROMES,44.53,-1.15,B17,4.0,,120.0,53.0,,,53.0,NOT INDICATED
65938,202116.0,1944-03-27,8,FRANCE,AIRDROME,AIR FIELDS AND AIRDROMES,44.53,-1.15,B17,4.0,,120.0,42.0,9.0,,51.0,NOT INDICATED
65942,202117.0,1944-03-27,8,FRANCE,AIRDROME,AIR FIELDS AND AIRDROMES,44.53,-1.15,B17,4.0,,110.0,65.0,,,65.0,NOT INDICATED
65945,202118.0,1944-03-27,8,FRANCE,AIRDROME,AIR FIELDS AND AIRDROMES,44.53,-1.15,B17,4.0,,105.0,65.0,22.0,,87.0,NOT INDICATED
65921,202121.0,1944-03-27,8,FRANCE,AIRDROME,AIR FIELDS AND AIRDROMES,46.17,-1.15,B17,4.0,,220.0,62.0,,,62.0,NOT INDICATED
65951,202122.0,1944-03-27,8,FRANCE,AIRDROME,AIR FIELDS AND AIRDROMES,46.17,-1.15,B17,4.0,,,,29.0,,29.0,NOT INDICATED
65915,202123.0,1944-03-27,8,FRANCE,AIRDROME,AIR FIELDS AND AIRDROMES,46.17,-1.15,B17,4.0,,245.0,,,,,NOT INDICATED
65918,202124.0,1944-03-27,8,FRANCE,AIRDROME,AIR FIELDS AND AIRDROMES,46.17,-1.15,B17,4.0,,227.0,54.0,,,54.0,NOT INDICATED
65948,202127.0,1944-03-27,8,FRANCE,AIRFIELD,AIR FIELDS AND AIRDROMES,43.3,-0.37,B24,4.0,,100.0,58.0,,,58.0,NOT INDICATED
65933,202128.0,1944-03-27,8,FRANCE,AIRDROME,AIR FIELDS AND AIRDROMES,43.3,-0.37,B24,4.0,,130.0,58.0,,,58.0,NOT INDICATED
65922,202138.0,1944-03-27,8,FRANCE,AIRDROME,AIR FIELDS AND AIRDROMES,46.17,-1.15,B17,4.0,,220.0,62.0,,,62.0,NOT INDICATED
65952,202139.0,1944-03-27,8,FRANCE,AIRDROME,AIR FIELDS AND AIRDROMES,46.17,-1.15,B17,4.0,,,,29.0,,29.0,NOT INDICATED
65916,202140.0,1944-03-27,8,FRANCE,AIRDROME,AIR FIELDS AND AIRDROMES,46.17,-1.15,B17,4.0,,245.0,,,,,NOT INDICATED
65919,202141.0,1944-03-27,8,FRANCE,AIRDROME,AIR FIELDS AND AIRDROMES,46.17,-1.15,B17,4.0,,227.0,54.0,,,54.0,NOT INDICATED
65949,202144.0,1944-03-27,8,FRANCE,AIRFIELD,AIR FIELDS AND AIRDROMES,43.3,-0.37,B24,4.0,,100.0,58.0,,,58.0,NOT INDICATED
65934,202145.0,1944-03-27,8,FRANCE,AIRDROME,AIR FIELDS AND AIRDROMES,43.3,-0.37,B24,4.0,,130.0,58.0,,,58.0,NOT INDICATED
65928,202151.0,1944-03-27,8,FRANCE,AIRDROME,AIR FIELDS AND AIRDROMES,43.47,-1.55,B24,4.0,,140.0,,,56.0,56.0,NOT INDICATED
65925,202152.0,1944-03-27,8,FRANCE,AIRDROME,AIR FIELDS AND AIRDROMES,43.47,-1.55,B24,4.0,,160.0,24.0,,,24.0,NOT INDICATED
65931,202158.0,1944-03-27,8,FRANCE,AIRDROME,AIR FIELDS AND AIRDROMES,44.53,-1.15,B17,4.0,,130.0,15.0,,,15.0,NOT INDICATED
65939,202159.0,1944-03-27,8,FRANCE,AIRDROME,AIR FIELDS AND AIRDROMES,44.53,-1.15,B17,4.0,,120.0,53.0,,,53.0,NOT INDICATED
65940,202160.0,1944-03-27,8,FRANCE,AIRDROME,AIR FIELDS AND AIRDROMES,44.53,-1.15,B17,4.0,,120.0,42.0,9.0,,51.0,NOT INDICATED
65943,202161.0,1944-03-27,8,FRANCE,AIRDROME,AIR FIELDS AND AIRDROMES,44.53,-1.15,B17,4.0,,110.0,65.0,,,65.0,NOT INDICATED
65946,202162.0,1944-03-27,8,FRANCE,AIRDROME,AIR FIELDS AND AIRDROMES,44.53,-1.15,B17,4.0,,105.0,65.0,22.0,,87.0,NOT INDICATED
67160,99641.0,1944-03-29,8,GERMANY,AC FACTORIES,AIRCRAFT FACTORIES AND ASSEMBLY PLANTS,52.25,10.5,B17,4.0,,238.0,10.0,22.0,,32.0,F.F.F.
67153,99645.0,1944-03-29,8,GERMANY,AC FACTORIES,AIRCRAFT FACTORIES AND ASSEMBLY PLANTS,52.25,10.5,B17,4.0,,250.0,14.0,30.0,,44.0,F.F.F.
67156,99649.0,1944-03-29,8,GERMANY,MUNITIONS FACT AT UN 5,ARMAMENT AND ORDNANCE PLANTS,52.25,10.5,B17,4.0,,240.0,10.0,22.0,,32.0,NOT INDICATED
67157,99650.0,1944-03-29,8,GERMANY,MUNITIONS FACT AT UN 5,ARMAMENT AND ORDNANCE PLANTS,52.25,10.5,B17,4.0,,240.0,10.0,22.0,,32.0,NOT INDICATED
67147,99654.0,1944-03-29,9,GERMANY,CITY AREA,CITIES TOWNS AND URBAN AREAS,52.25,10.5,B17,4.0,,225.0,13.0,30.0,,43.0,F.F.F.
67150,99655.0,1944-03-29,9,GERMANY,CITY AREA,CITIES TOWNS AND URBAN AREAS,52.25,10.5,B17,4.0,,,,,,,F.F.F.
67135,99656.0,1944-03-29,9,GERMANY,CITY AREA,CITIES TOWNS AND URBAN AREAS,52.25,10.5,B17,4.0,,245.0,9.0,19.0,,28.0,F.F.F.
67144,99657.0,1944-03-29,9,GERMANY,CITY AREA,CITIES TOWNS AND URBAN AREAS,52.25,10.5,B17,4.0,,231.0,12.0,28.0,,40.0,F.F.F.
67136,99658.0,1944-03-29,9,GERMANY,CITY AREA,CITIES TOWNS AND URBAN AREAS,52.25,10.5,B17,4.0,,245.0,9.0,20.0,,29.0,F.F.F.
67132,99659.0,1944-03-29,9,GERMANY,CITY AREA,CITIES TOWNS AND URBAN AREAS,52.25,10.5,B17,4.0,,250.0,8.0,19.0,,27.0,F.F.F.
67141,99660.0,1944-03-29,9,GERMANY,CITY AREA,CITIES TOWNS AND URBAN AREAS,52.25,10.5,B17,4.0,,240.0,9.0,20.0,,29.0,F.F.F.
67129,99661.0,1944-03-29,9,GERMANY,CITY AREA,CITIES TOWNS AND URBAN AREAS,52.25,10.5,B17,3.0,,259.0,,17.0,9.0,26.0,F.F.F.
67161,163604.0,1944-03-29,8,GERMANY,AC FACTORIES,AIRCRAFT FACTORIES AND ASSEMBLY PLANTS,52.25,10.5,B17,4.0,,238.0,10.0,22.0,,32.0,F.F.F.
67154,163605.0,1944-03-29,8,GERMANY,AC FACTORIES,AIRCRAFT FACTORIES AND ASSEMBLY PLANTS,52.25,10.5,B17,4.0,,250.0,14.0,30.0,,44.0,F.F.F.
67148,163609.0,1944-03-29,9,GERMANY,CITY AREA,CITIES TOWNS AND URBAN AREAS,52.25,10.5,B17,4.0,,225.0,13.0,30.0,,43.0,F.F.F.
67151,163610.0,1944-03-29,9,GERMANY,CITY AREA,CITIES TOWNS AND URBAN AREAS,52.25,10.5,B17,4.0,,,,,,,F.F.F.
67137,163611.0,1944-03-29,9,GERMANY,CITY AREA,CITIES TOWNS AND URBAN AREAS,52.25,10.5,B17,4.0,,245.0,9.0,19.0,,28.0,F.F.F.
67145,163612.0,1944-03-29,9,GERMANY,CITY AREA,CITIES TOWNS AND URBAN AREAS,52.25,10.5,B17,4.0,,231.0,12.0,28.0,,40.0,F.F.F.
67138,163613.0,1944-03-29,9,GERMANY,CITY AREA,CITIES TOWNS AND URBAN AREAS,52.25,10.5,B17,4.0,,245.0,9.0,20.0,,29.0,F.F.F.
67133,163614.0,1944-03-29,9,GERMANY,CITY AREA,CITIES TOWNS AND URBAN AREAS,52.25,10.5,B17,4.0,,250.0,8.0,19.0,,27.0,F.F.F.
67142,163615.0,1944-03-29,9,GERMANY,CITY AREA,CITIES TOWNS AND URBAN AREAS,52.25,10.5,B17,4.0,,240.0,9.0,20.0,,29.0,F.F.F.
67130,163616.0,1944-03-29,9,GERMANY,CITY AREA,CITIES TOWNS AND URBAN AREAS,52.25,10.5,B17,3.0,,259.0,,17.0,9.0,26.0,F.F.F.
67149,163617.0,1944-03-29,9,GERMANY,CITY AREA,CITIES TOWNS AND URBAN AREAS,52.25,10.5,B17,4.0,,225.0,13.0,30.0,,43.0,F.F.F.
67152,163618.0,1944-03-29,9,GERMANY,CITY AREA,CITIES TOWNS AND URBAN AREAS,52.25,10.5,B17,4.0,,,,,,,F.F.F.
67139,163619.0,1944-03-29,9,GERMANY,CITY AREA,CITIES TOWNS AND URBAN AREAS,52.25,10.5,B17,4.0,,245.0,9.0,19.0,,28.0,F.F.F.
67146,163620.0,1944-03-29,9,GERMANY,CITY AREA,CITIES TOWNS AND URBAN AREAS,52.25,10.5,B17,4.0,,231.0,12.0,28.0,,40.0,F.F.F.
67140,163621.0,1944-03-29,9,GERMANY,CITY AREA,CITIES TOWNS AND URBAN AREAS,52.25,10.5,B17,4.0,,245.0,9.0,20.0,,29.0,F.F.F.
67134,163622.0,1944-03-29,9,GERMANY,CITY AREA,CITIES TOWNS AND URBAN AREAS,52.25,10.5,B17,4.0,,250.0,8.0,19.0,,27.0,F.F.F.
67143,163623.0,1944-03-29,9,GERMANY,CITY AREA,CITIES TOWNS AND URBAN AREAS,52.25,10.5,B17,4.0,,240.0,9.0,20.0,,29.0,F.F.F.
67131,163624.0,1944-03-29,9,GERMANY,CITY AREA,CITIES TOWNS AND URBAN AREAS,52.25,10.5,B17,3.0,,259.0,,17.0,9.0,26.0,F.F.F.
67162,163628.0,1944-03-29,8,GERMANY,AC FACTORIES,AIRCRAFT FACTORIES AND ASSEMBLY PLANTS,52.25,10.5,B17,4.0,,238.0,10.0,22.0,,32.0,F.F.F.
67155,163629.0,1944-03-29,8,GERMANY,AC FACTORIES,AIRCRAFT FACTORIES AND ASSEMBLY PLANTS,52.25,10.5,B17,4.0,,250.0,14.0,30.0,,44.0,F.F.F.
67158,163630.0,1944-03-29,8,GERMANY,MUNITIONS FACT AT UN 5,ARMAMENT AND ORDNANCE PLANTS,52.25,10.5,B17,4.0,,240.0,10.0,22.0,,32.0,NOT INDICATED
67159,163631.0,1944-03-29,8,GERMANY,MUNITIONS FACT AT UN 5,ARMAMENT AND ORDNANCE PLANTS,52.25,10.5,B17,4.0,,240.0,10.0,22.0,,32.0,NOT INDICATED
67128,163632.0,1944-03-29,15,LUXEMBOURG,MARSHALLING YARD,"""RR INSTALLATIONS,  TRACKS,  MARSHALLING YARDS,  AND STATIONS""",46.52,11.37,B24,4.0,37.0,200.0,107.0,,,107.0,NOT INDICATED
67587,99664.0,1944-03-30,15,BULGARIA,CITY AREA,CITIES TOWNS AND URBAN AREAS,42.7,23.32,B24,4.0,37.0,190.0,102.0,,,102.0,NOT INDICATED
67561,99665.0,1944-03-30,15,BULGARIA,CITY AREA,CITIES TOWNS AND URBAN AREAS,42.7,23.32,B24,4.0,29.0,225.0,73.0,,,73.0,NOT INDICATED
67567,99666.0,1944-03-30,15,BULGARIA,CITY AREA,CITIES TOWNS AND URBAN AREAS,42.7,23.32,B24,4.0,33.0,215.0,,25.0,,25.0,NOT INDICATED
67578,99667.0,1944-03-30,15,BULGARIA,CITY AREA,CITIES TOWNS AND URBAN AREAS,42.7,23.32,B24,4.0,5.0,210.0,10.0,,,10.0,NOT INDICATED
67584,99668.0,1944-03-30,15,BULGARIA,CITY AREA,CITIES TOWNS AND URBAN AREAS,42.7,23.32,B24,4.0,32.0,200.0,80.0,,,80.0,NOT INDICATED
67590,99669.0,1944-03-30,15,BULGARIA,CITY AREA,CITIES TOWNS AND URBAN AREAS,42.7,23.32,B17,4.0,31.0,188.0,,93.0,,93.0,NOT INDICATED
67564,99670.0,1944-03-30,15,BULGARIA,CITY AREA,CITIES TOWNS AND URBAN AREAS,42.7,23.32,B17,4.0,33.0,220.0,99.0,,,99.0,NOT INDICATED
67558,99671.0,1944-03-30,15,BULGARIA,CITY AREA,CITIES TOWNS AND URBAN AREAS,42.7,23.32,B17,4.0,31.0,248.0,80.0,,,80.0,VISUAL
67581,99672.0,1944-03-30,15,BULGARIA,CITY AREA,CITIES TOWNS AND URBAN AREAS,42.7,23.32,B17,4.0,23.0,208.0,69.0,,,69.0,NOT INDICATED
67588,163645.0,1944-03-30,15,BULGARIA,CITY AREA,CITIES TOWNS AND URBAN AREAS,42.7,23.32,B24,4.0,37.0,190.0,102.0,,,102.0,NOT INDICATED
67562,163646.0,1944-03-30,15,BULGARIA,CITY AREA,CITIES TOWNS AND URBAN AREAS,42.7,23.32,B24,4.0,29.0,225.0,73.0,,,73.0,NOT INDICATED
67568,163647.0,1944-03-30,15,BULGARIA,CITY AREA,CITIES TOWNS AND URBAN AREAS,42.7,23.32,B24,4.0,33.0,215.0,,25.0,,25.0,NOT INDICATED
67579,163648.0,1944-03-30,15,BULGARIA,CITY AREA,CITIES TOWNS AND URBAN AREAS,42.7,23.32,B24,4.0,5.0,210.0,10.0,,,10.0,NOT INDICATED
67585,163649.0,1944-03-30,15,BULGARIA,CITY AREA,CITIES TOWNS AND URBAN AREAS,42.7,23.32,B24,4.0,32.0,200.0,80.0,,,80.0,NOT INDICATED
67591,163650.0,1944-03-30,15,BULGARIA,CITY AREA,CITIES TOWNS AND URBAN AREAS,42.7,23.32,B17,4.0,31.0,188.0,,93.0,,93.0,NOT INDICATED
67565,163651.0,1944-03-30,15,BULGARIA,CITY AREA,CITIES TOWNS AND URBAN AREAS,42.7,23.32,B17,4.0,33.0,220.0,99.0,,,99.0,NOT INDICATED
67559,163652.0,1944-03-30,15,BULGARIA,CITY AREA,CITIES TOWNS AND URBAN AREAS,42.7,23.32,B17,4.0,31.0,248.0,80.0,,,80.0,VISUAL
67582,163653.0,1944-03-30,15,BULGARIA,CITY AREA,CITIES TOWNS AND URBAN AREAS,42.7,23.32,B17,4.0,23.0,208.0,69.0,,,69.0,NOT INDICATED
67589,163654.0,1944-03-30,15,BULGARIA,CITY AREA,CITIES TOWNS AND URBAN AREAS,42.7,23.32,B24,4.0,37.0,190.0,102.0,,,102.0,NOT INDICATED
67563,163655.0,1944-03-30,15,BULGARIA,CITY AREA,CITIES TOWNS AND URBAN AREAS,42.7,23.32,B24,4.0,29.0,225.0,73.0,,,73.0,NOT INDICATED
67569,163656.0,1944-03-30,15,DENMARK,CITY AREA,CITIES TOWNS AND URBAN AREAS,42.7,23.32,B24,4.0,33.0,215.0,,25.0,,25.0,NOT INDICATED
67580,163657.0,1944-03-30,15,DENMARK,CITY AREA,CITIES TOWNS AND URBAN AREAS,42.7,23.32,B24,4.0,5.0,210.0,10.0,,,10.0,NOT INDICATED
67586,163658.0,1944-03-30,15,BULGARIA,CITY AREA,CITIES TOWNS AND URBAN AREAS,42.7,23.32,B24,4.0,32.0,200.0,80.0,,,80.0,NOT INDICATED
67592,163659.0,1944-03-30,15,BULGARIA,CITY AREA,CITIES TOWNS AND URBAN AREAS,42.7,23.32,B17,4.0,31.0,188.0,,93.0,,93.0,NOT INDICATED
67566,163660.0,1944-03-30,15,BULGARIA,CITY AREA,CITIES TOWNS AND URBAN AREAS,42.7,23.32,B17,4.0,33.0,220.0,99.0,,,99.0,NOT INDICATED
67560,163661.0,1944-03-30,15,DENMARK,CITY AREA,CITIES TOWNS AND URBAN AREAS,42.7,23.32,B17,4.0,31.0,248.0,80.0,,,80.0,VISUAL
67583,163662.0,1944-03-30,15,BULGARIA,CITY AREA,CITIES TOWNS AND URBAN AREAS,42.7,23.32,B17,4.0,23.0,208.0,69.0,,,69.0,NOT INDICATED
67595,163663.0,1944-03-30,12,BULGARIA,MARSHALLING YARDS,"""RR INSTALLATIONS,  TRACKS,  MARSHALLING YARDS,  AND STATIONS""",42.7,23.32,B24,4.0,32.0,210.0,,39.0,,39.0,NOT INDICATED
67594,163664.0,1944-03-30,12,BULGARIA,MARSHALLING YARDS,"""RR INSTALLATIONS,  TRACKS,  MARSHALLING YARDS,  AND STATIONS""",42.7,23.32,B24,4.0,35.0,224.0,87.0,,,87.0,NOT INDICATED
67597,163665.0,1944-03-30,12,BULGARIA,MARSHALLING YARDS,"""RR INSTALLATIONS,  TRACKS,  MARSHALLING YARDS,  AND STATIONS""",42.7,23.32,B24,4.0,38.0,190.0,114.0,,,114.0,NOT INDICATED
67596,163666.0,1944-03-30,12,BULGARIA,MARSHALLING YARDS,"""RR INSTALLATIONS,  TRACKS,  MARSHALLING YARDS,  AND STATIONS""",42.7,23.32,B24,4.0,35.0,210.0,96.0,,,96.0,NOT INDICATED
68805,99684.0,1944-04-02,15,AUSTRIA,BB FACTORY,BEARINGS MFG. PLANTS,48.05,14.45,B17,4.0,33.0,230.0,96.0,,,96.0,NOT INDICATED
68802,99685.0,1944-04-02,15,AUSTRIA,BB FACTORY,BEARINGS MFG. PLANTS,48.05,14.45,B17,4.0,37.0,253.0,111.0,,,111.0,NOT INDICATED
68816,99686.0,1944-04-02,15,AUSTRIA,BB FACTORY,BEARINGS MFG. PLANTS,48.05,14.45,B24,4.0,31.0,210.0,78.0,,,78.0,NOT INDICATED
68817,99687.0,1944-04-02,15,AUSTRIA,BB FACTORY,BEARINGS MFG. PLANTS,48.05,14.45,B24,4.0,31.0,210.0,78.0,,,78.0,NOT INDICATED
68824,99688.0,1944-04-02,15,AUSTRIA,BB FACTORY,BEARINGS MFG. PLANTS,48.05,14.45,B24,4.0,25.0,200.0,,62.0,,62.0,NOT INDICATED
68822,99689.0,1944-04-02,15,AUSTRIA,BB FACTORY,BEARINGS MFG. PLANTS,48.05,14.45,B24,4.0,28.0,204.0,,34.0,,34.0,NOT INDICATED
68818,99690.0,1944-04-02,15,AUSTRIA,BB FACTORY,BEARINGS MFG. PLANTS,48.05,14.45,B17,4.0,25.0,210.0,75.0,,,75.0,VISUAL
68804,99691.0,1944-04-02,15,FRANCE,BB FACTORY,BEARINGS MFG. PLANTS,48.05,14.45,B24,4.0,37.0,230.0,,47.0,,47.0,VISUAL
68812,99692.0,1944-04-02,15,AUSTRIA,BB FACTORY,BEARINGS MFG. PLANTS,48.05,14.45,B24,4.0,35.0,215.0,96.0,,,96.0,NOT INDICATED
68810,99693.0,1944-04-02,15,AUSTRIA,BB FACTORY,BEARINGS MFG. PLANTS,48.05,14.45,B24,4.0,35.0,223.0,85.0,,,85.0,NOT INDICATED
68808,99694.0,1944-04-02,15,AUSTRIA,BB FACTORY,BEARINGS MFG. PLANTS,48.05,14.45,B17,4.0,31.0,228.0,,93.0,,93.0,NOT INDICATED
68826,99695.0,1944-04-02,15,AUSTRIA,BB FACTORY,BEARINGS MFG. PLANTS,48.05,14.45,B24,4.0,35.0,195.0,101.0,,,101.0,NOT INDICATED
68813,99696.0,1944-04-02,15,AUSTRIA,BB FACTORY,BEARINGS MFG. PLANTS,48.05,14.45,B24,4.0,38.0,215.0,95.0,,,95.0,NOT INDICATED
68807,163667.0,1944-04-02,15,AUSTRIA,BB FACTORY,BEARINGS MFG. PLANTS,48.05,14.45,B17,4.0,33.0,230.0,96.0,,,96.0,NOT INDICATED
68803,163668.0,1944-04-02,15,AUSTRIA,BB FACTORY,BEARINGS MFG. PLANTS,48.05,14.45,B17,4.0,37.0,253.0,111.0,,,111.0,NOT INDICATED
68819,163669.0,1944-04-02,15,AUSTRIA,BB FACTORY,BEARINGS MFG. PLANTS,48.05,14.45,B24,4.0,31.0,210.0,78.0,,,78.0,NOT INDICATED
68820,163670.0,1944-04-02,15,AUSTRIA,BB FACTORY,BEARINGS MFG. PLANTS,48.05,14.45,B24,4.0,31.0,210.0,78.0,,,78.0,NOT INDICATED
68825,163671.0,1944-04-02,15,AUSTRIA,BB FACTORY,BEARINGS MFG. PLANTS,48.05,14.45,B24,4.0,25.0,200.0,,62.0,,62.0,NOT INDICATED
68823,163672.0,1944-04-02,15,AUSTRIA,BB FACTORY,BEARINGS MFG. PLANTS,48.05,14.45,B24,4.0,28.0,204.0,,34.0,,34.0,NOT INDICATED
68821,163673.0,1944-04-02,15,AUSTRIA,BB FACTORY,BEARINGS MFG. PLANTS,48.05,14.45,B17,4.0,25.0,210.0,75.0,,,75.0,VISUAL
68806,163674.0,1944-04-02,15,FRANCE,BB FACTORY,BEARINGS MFG. PLANTS,48.05,14.45,B24,4.0,37.0,230.0,,47.0,,47.0,VISUAL
68814,163675.0,1944-04-02,15,AUSTRIA,BB FACTORY,BEARINGS MFG. PLANTS,48.05,14.45,B24,4.0,35.0,215.0,96.0,,,96.0,NOT INDICATED
68811,163676.0,1944-04-02,15,AUSTRIA,BB FACTORY,BEARINGS MFG. PLANTS,48.05,14.45,B24,4.0,35.0,223.0,85.0,,,85.0,NOT INDICATED
68809,163677.0,1944-04-02,15,AUSTRIA,BB FACTORY,BEARINGS MFG. PLANTS,48.05,14.45,B17,4.0,31.0,228.0,,93.0,,93.0,NOT INDICATED
68827,163678.0,1944-04-02,15,AUSTRIA,BB FACTORY,BEARINGS MFG. PLANTS,48.05,14.45,B24,4.0,35.0,195.0,101.0,,,101.0,NOT INDICATED
68815,163679.0,1944-04-02,15,AUSTRIA,BB FACTORY,BEARINGS MFG. PLANTS,48.05,14.45,B24,4.0,38.0,215.0,95.0,,,95.0,NOT INDICATED
70865,99744.0,1944-04-08,8,GERMANY,ME 110 AC COMP FACTORY,A/C COMPONENT PLANTS,52.25,10.5,B24,4.0,26.0,200.0,65.0,,,65.0,VISUAL
70854,99745.0,1944-04-08,8,GERMANY,ME 110 AC COMP FACTORY,A/C COMPONENT PLANTS,52.25,10.5,B24,4.0,29.0,214.0,,52.0,,52.0,VISUAL
70880,99746.0,1944-04-08,8,GERMANY,ME 110 AC COMP FACTORY,A/C COMPONENT PLANTS,52.25,10.5,B24,4.0,4.0,,4.0,,,4.0,VISUAL
70881,99747.0,1944-04-08,8,GERMANY,ME 110 AC COMP FACTORY,A/C COMPONENT PLANTS,52.25,10.5,B24,4.0,9.0,,27.0,,,27.0,NOT INDICATED
70866,99748.0,1944-04-08,8,GERMANY,ME 110 AC COMP FACTORY,A/C COMPONENT PLANTS,52.25,10.5,B24,4.0,33.0,200.0,83.0,,,83.0,VISUAL
70857,99749.0,1944-04-08,8,GERMANY,ME 110 AC COMP FACTORY,A/C COMPONENT PLANTS,52.25,10.5,B24,4.0,26.0,210.0,64.0,,,64.0,VISUAL
70877,99750.0,1944-04-08,8,GERMANY,ME 110 AC COMP FACTORY,A/C COMPONENT PLANTS,52.25,10.5,B24,4.0,30.0,183.0,75.0,,,75.0,VISUAL
70867,99751.0,1944-04-08,8,GERMANY,ME 110 AC COMP FACTORY,A/C COMPONENT PLANTS,52.25,10.5,B24,4.0,33.0,200.0,,,76.0,76.0,VISUAL
70882,99752.0,1944-04-08,8,GERMANY,ME 110 AC COMP FACTORY,A/C COMPONENT PLANTS,52.25,10.5,B24,4.0,2.0,,5.0,,,5.0,NOT INDICATED
70889,99753.0,1944-04-08,8,GERMANY,AIRDROME,AIR FIELDS AND AIRDROMES,51.58,15.18,B17,3.0,8.0,,15.0,,,15.0,NOT INDICATED
70890,99754.0,1944-04-08,8,GERMANY,AIRDROME,AIR FIELDS AND AIRDROMES,51.58,15.18,B17,3.0,5.0,,10.0,,,10.0,NOT INDICATED
70862,99755.0,1944-04-08,8,GERMANY,AIRDROME,AIR FIELDS AND AIRDROMES,54.32,10.9,B17,3.0,27.0,205.0,51.0,,,51.0,VISUAL
70895,99756.0,1944-04-08,8,GERMANY,AIRDROME,AIR FIELDS AND AIRDROMES,54.32,10.9,B17,3.0,1.0,,1.0,,,1.0,NOT INDICATED
70896,99757.0,1944-04-08,8,GERMANY,AIRDROME,AIR FIELDS AND AIRDROMES,54.32,10.9,B17,3.0,1.0,,,,,,NOT INDICATED
70859,99758.0,1944-04-08,8,GERMANY,AIRDROME,AIR FIELDS AND AIRDROMES,53.95,13.56,B17,4.0,30.0,210.0,51.0,16.0,,67.0,VISUAL
70874,99759.0,1944-04-08,8,GERMANY,AIRDROME,AIR FIELDS AND AIRDROMES,53.95,13.56,B17,4.0,29.0,195.0,5.0,10.0,,15.0,VISUAL
70851,99780.0,1944-04-08,9,GERMANY,CITY AREA,CITIES TOWNS AND URBAN AREAS,51.8,10.17,B24,1.0,1.0,,3.0,,,3.0,NOT INDICATED
70868,163735.0,1944-04-08,8,GERMANY,ME 110 AC COMP FACTORY,A/C COMPONENT PLANTS,52.25,10.5,B24,4.0,26.0,200.0,65.0,,,65.0,VISUAL
70855,163736.0,1944-04-08,8,GERMANY,ME 110 AC COMP FACTORY,A/C COMPONENT PLANTS,52.25,10.5,B24,4.0,29.0,214.0,,52.0,,52.0,VISUAL
70883,163737.0,1944-04-08,8,GERMANY,ME 110 AC COMP FACTORY,A/C COMPONENT PLANTS,52.25,10.5,B24,4.0,4.0,,4.0,,,4.0,VISUAL
70884,163738.0,1944-04-08,8,GERMANY,ME 110 AC COMP FACTORY,A/C COMPONENT PLANTS,52.25,10.5,B24,4.0,9.0,,27.0,,,27.0,NOT INDICATED
70869,163739.0,1944-04-08,8,GERMANY,ME 110 AC COMP FACTORY,A/C COMPONENT PLANTS,52.25,10.5,B24,4.0,33.0,200.0,83.0,,,83.0,VISUAL
70858,163740.0,1944-04-08,8,GERMANY,ME 110 AC COMP FACTORY,A/C COMPONENT PLANTS,52.25,10.5,B24,4.0,26.0,210.0,64.0,,,64.0,VISUAL
70878,163741.0,1944-04-08,8,GERMANY,ME 110 AC COMP FACTORY,A/C COMPONENT PLANTS,52.25,10.5,B24,4.0,30.0,183.0,75.0,,,75.0,VISUAL
70870,163742.0,1944-04-08,8,GERMANY,ME 110 AC COMP FACTORY,A/C COMPONENT PLANTS,52.25,10.5,B24,4.0,33.0,200.0,,,76.0,76.0,VISUAL
70885,163743.0,1944-04-08,8,GERMANY,ME 110 AC COMP FACTORY,A/C COMPONENT PLANTS,52.25,10.5,B24,4.0,2.0,,5.0,,,5.0,NOT INDICATED
70852,163751.0,1944-04-08,9,GERMANY,CITY AREA,CITIES TOWNS AND URBAN AREAS,51.8,10.17,B24,1.0,1.0,,3.0,,,3.0,NOT INDICATED
70853,163755.0,1944-04-08,9,GERMANY,CITY AREA,CITIES TOWNS AND URBAN AREAS,51.8,10.17,B24,1.0,1.0,,3.0,,,3.0,NOT INDICATED
70871,163762.0,1944-04-08,8,GERMANY,ME 110 AC COMP FACTORY,A/C COMPONENT PLANTS,52.25,10.5,B24,4.0,26.0,200.0,65.0,,,65.0,VISUAL
70856,163763.0,1944-04-08,8,GERMANY,ME 110 AC COMP FACTORY,A/C COMPONENT PLANTS,52.25,10.5,B24,4.0,29.0,214.0,,52.0,,52.0,VISUAL
70886,163764.0,1944-04-08,8,GERMANY,ME 110 AC COMP FACTORY,A/C COMPONENT PLANTS,52.25,10.5,B24,4.0,4.0,,4.0,,,4.0,VISUAL
70887,163765.0,1944-04-08,8,GERMANY,ME 110 AC COMP FACTORY,A/C COMPONENT PLANTS,52.25,10.5,B24,4.0,9.0,,27.0,,,27.0,NOT INDICATED
70872,163766.0,1944-04-08,8,GERMANY,ME 110 AC COMP FACTORY,A/C COMPONENT PLANTS,52.25,10.5,B24,4.0,33.0,200.0,83.0,,,83.0,VISUAL
70879,163767.0,1944-04-08,8,GERMANY,ME 110 AC COMP FACTORY,A/C COMPONENT PLANTS,52.25,10.5,B24,4.0,30.0,183.0,75.0,,,75.0,VISUAL
70873,163768.0,1944-04-08,8,GERMANY,ME 110 AC COMP FACTORY,A/C COMPONENT PLANTS,52.25,10.5,B24,4.0,33.0,200.0,,,76.0,76.0,VISUAL
70888,163769.0,1944-04-08,8,GERMANY,ME 110 AC COMP FACTORY,A/C COMPONENT PLANTS,52.25,10.5,B24,4.0,2.0,,5.0,,,5.0,NOT INDICATED
70891,202294.0,1944-04-08,8,GERMANY,AIRDROME,AIR FIELDS AND AIRDROMES,51.58,15.18,B17,3.0,8.0,,15.0,,,15.0,NOT INDICATED
70892,202295.0,1944-04-08,8,GERMANY,AIRDROME,AIR FIELDS AND AIRDROMES,51.58,15.18,B17,3.0,5.0,,10.0,,,10.0,NOT INDICATED
70863,202296.0,1944-04-08,8,GERMANY,AIRDROME,AIR FIELDS AND AIRDROMES,54.32,10.9,B17,3.0,27.0,205.0,51.0,,,51.0,VISUAL
70897,202297.0,1944-04-08,8,GERMANY,AIRDROME,AIR FIELDS AND AIRDROMES,54.32,10.9,B17,3.0,1.0,,1.0,,,1.0,NOT INDICATED
70898,202298.0,1944-04-08,8,GERMANY,AIRDROME,AIR FIELDS AND AIRDROMES,54.32,10.9,B17,3.0,1.0,,,,,,NOT INDICATED
70860,202299.0,1944-04-08,8,GERMANY,AIRDROME,AIR FIELDS AND AIRDROMES,53.95,13.56,B17,4.0,30.0,210.0,51.0,16.0,,67.0,VISUAL
70875,202300.0,1944-04-08,8,GERMANY,AIRDROME,AIR FIELDS AND AIRDROMES,53.95,13.56,B17,4.0,29.0,195.0,5.0,10.0,,15.0,VISUAL
70893,202326.0,1944-04-08,8,GERMANY,AIRDROME,AIR FIELDS AND AIRDROMES,51.58,15.18,B17,3.0,8.0,,15.0,,,15.0,NOT INDICATED
70894,202327.0,1944-04-08,8,GERMANY,AIRDROME,AIR FIELDS AND AIRDROMES,51.58,15.18,B17,3.0,5.0,,10.0,,,10.0,NOT INDICATED
70864,202328.0,1944-04-08,8,GERMANY,AIRDROME,AIR FIELDS AND AIRDROMES,54.32,10.9,B17,3.0,27.0,205.0,51.0,,,51.0,VISUAL
70899,202329.0,1944-04-08,8,GERMANY,AIRDROME,AIR FIELDS AND AIRDROMES,54.32,10.9,B17,3.0,1.0,,1.0,,,1.0,NOT INDICATED
70900,202330.0,1944-04-08,8,GERMANY,AIRDROME,AIR FIELDS AND AIRDROMES,54.32,10.9,B17,3.0,1.0,,,,,,NOT INDICATED
70861,202331.0,1944-04-08,8,GERMANY,AIRDROME,AIR FIELDS AND AIRDROMES,53.95,13.56,B17,4.0,30.0,210.0,51.0,16.0,,67.0,VISUAL
70876,202332.0,1944-04-08,8,GERMANY,AIRDROME,AIR FIELDS AND AIRDROMES,53.95,13.56,B17,4.0,29.0,195.0,5.0,10.0,,15.0,VISUAL
71679,99781.0,1944-04-09,8,GERMANY,AC ASSEMBLY PLANT,AIRCRAFT FACTORIES AND ASSEMBLY PLANTS,52.11,9.98,B17,2.0,2.0,,,3.0,,3.0,NOT INDICATED
71676,99782.0,1944-04-09,8,POLAND,RAHMEL AC FACTORY,AIRCRAFT FACTORIES AND ASSEMBLY PLANTS,54.5,18.55,B17,4.0,18.0,145.0,45.0,,,45.0,VISUAL
71667,99783.0,1944-04-09,8,POLAND,RAHMEL AC FACTORY,AIRCRAFT FACTORIES AND ASSEMBLY PLANTS,54.5,18.55,B17,4.0,22.0,160.0,53.0,,,53.0,VISUAL
71670,99784.0,1944-04-09,8,POLAND,AC COMPONENTS WORKS,AIRCRAFT FACTORIES AND ASSEMBLY PLANTS,52.42,16.97,B17,4.0,17.0,150.0,43.0,,,43.0,VISUAL
72003,99785.0,1944-04-09,8,POLAND,AC COMPONENTS WORKS,AIRCRAFT FACTORIES AND ASSEMBLY PLANTS,52.42,16.97,B17,4.0,3.0,,8.0,,,8.0,NOT INDICATED
71671,99786.0,1944-04-09,8,POLAND,AC COMPONENTS WORKS,AIRCRAFT FACTORIES AND ASSEMBLY PLANTS,52.42,16.97,B17,4.0,12.0,150.0,,17.0,,17.0,VISUAL
72004,99787.0,1944-04-09,8,POLAND,AC COMPONENTS WORKS,AIRCRAFT FACTORIES AND ASSEMBLY PLANTS,52.42,16.97,B17,2.0,1.0,,3.0,,,3.0,NOT INDICATED
71685,99788.0,1944-04-09,8,GERMANY,AIRDROME,AIR FIELDS AND AIRDROMES,53.43,11.85,B24,3.0,9.0,,23.0,,,23.0,NOT INDICATED
71686,99789.0,1944-04-09,8,GERMANY,AIRDROME,AIR FIELDS AND AIRDROMES,53.43,11.85,B24,3.0,1.0,,3.0,,,3.0,NOT INDICATED
71687,99790.0,1944-04-09,8,GERMANY,AIRDROME,AIR FIELDS AND AIRDROMES,53.43,11.85,B24,3.0,1.0,,,2.0,,2.0,NOT INDICATED
71688,99791.0,1944-04-09,8,GERMANY,AIRDROME,AIR FIELDS AND AIRDROMES,53.43,11.85,B24,3.0,2.0,,,3.0,,3.0,NOT INDICATED
71689,99792.0,1944-04-09,8,GERMANY,AIRDROME,AIR FIELDS AND AIRDROMES,53.43,11.85,B24,3.0,1.0,,3.0,,,3.0,NOT INDICATED
71683,99808.0,1944-04-09,8,GERMANY,CITY AREA,CITIES TOWNS AND URBAN AREAS,53.82,12.8,B24,1.0,1.0,,3.0,,,3.0,NOT INDICATED
72001,99809.0,1944-04-09,8,GERMANY,CITY AREA,CITIES TOWNS AND URBAN AREAS,53.07,11.87,B24,1.0,1.0,,,2.0,,2.0,NOT INDICATED
71680,163772.0,1944-04-09,8,GERMANY,AC ASSEMBLY PLANT,AIRCRAFT FACTORIES AND ASSEMBLY PLANTS,52.11,9.98,B17,2.0,2.0,,,3.0,,3.0,NOT INDICATED
71677,163773.0,1944-04-09,8,POLAND,RAHMEL AC FACTORY,AIRCRAFT FACTORIES AND ASSEMBLY PLANTS,54.5,18.55,B17,4.0,18.0,145.0,45.0,,,45.0,VISUAL
71668,163774.0,1944-04-09,8,POLAND,RAHMEL AC FACTORY,AIRCRAFT FACTORIES AND ASSEMBLY PLANTS,54.5,18.55,B17,4.0,22.0,160.0,53.0,,,53.0,VISUAL
71672,163775.0,1944-04-09,8,POLAND,AC COMPONENTS WORKS,AIRCRAFT FACTORIES AND ASSEMBLY PLANTS,52.42,16.97,B17,4.0,17.0,150.0,43.0,,,43.0,VISUAL
72005,163776.0,1944-04-09,8,POLAND,AC COMPONENTS WORKS,AIRCRAFT FACTORIES AND ASSEMBLY PLANTS,52.42,16.97,B17,4.0,3.0,,8.0,,,8.0,NOT INDICATED
71673,163777.0,1944-04-09,8,POLAND,AC COMPONENTS WORKS,AIRCRAFT FACTORIES AND ASSEMBLY PLANTS,52.42,16.97,B17,4.0,12.0,150.0,,17.0,,17.0,VISUAL
72006,163778.0,1944-04-09,8,POLAND,AC COMPONENTS WORKS,AIRCRAFT FACTORIES AND ASSEMBLY PLANTS,52.42,16.97,B17,2.0,1.0,,3.0,,,3.0,NOT INDICATED
71682,163786.0,1944-04-09,8,GERMANY,CITY AREA,CITIES TOWNS AND URBAN AREAS,53.82,12.8,B24,1.0,1.0,,3.0,,,3.0,NOT INDICATED
71700,163787.0,1944-04-09,8,GERMANY,CITY AREA,CITIES TOWNS AND URBAN AREAS,53.07,11.87,B24,1.0,1.0,,,2.0,,2.0,NOT INDICATED
71681,163797.0,1944-04-09,8,GERMANY,AC ASSEMBLY PLANT,AIRCRAFT FACTORIES AND ASSEMBLY PLANTS,52.11,9.98,B17,2.0,2.0,,,3.0,,3.0,NOT INDICATED
71678,163798.0,1944-04-09,8,POLAND,RAHMEL AC FACTORY,AIRCRAFT FACTORIES AND ASSEMBLY PLANTS,54.5,18.55,B17,4.0,18.0,145.0,45.0,,,45.0,VISUAL
71669,163799.0,1944-04-09,8,POLAND,RAHMEL AC FACTORY,AIRCRAFT FACTORIES AND ASSEMBLY PLANTS,54.5,18.55,B17,4.0,22.0,160.0,53.0,,,53.0,VISUAL
71674,163800.0,1944-04-09,8,POLAND,AC COMPONENTS WORKS,AIRCRAFT FACTORIES AND ASSEMBLY PLANTS,52.42,16.97,B17,4.0,17.0,150.0,43.0,,,43.0,VISUAL
72007,163801.0,1944-04-09,8,POLAND,AC COMPONENTS WORKS,AIRCRAFT FACTORIES AND ASSEMBLY PLANTS,52.42,16.97,B17,4.0,3.0,,8.0,,,8.0,NOT INDICATED
71675,163802.0,1944-04-09,8,POLAND,AC COMPONENTS WORKS,AIRCRAFT FACTORIES AND ASSEMBLY PLANTS,52.42,16.97,B17,4.0,12.0,150.0,,17.0,,17.0,VISUAL
72008,163803.0,1944-04-09,8,POLAND,AC COMPONENTS WORKS,AIRCRAFT FACTORIES AND ASSEMBLY PLANTS,52.42,16.97,B17,2.0,1.0,,3.0,,,3.0,NOT INDICATED
71684,163804.0,1944-04-09,8,GERMANY,CITY AREA,CITIES TOWNS AND URBAN AREAS,53.82,12.8,B24,1.0,1.0,,3.0,,,3.0,NOT INDICATED
72002,163805.0,1944-04-09,8,GERMANY,CITY AREA,CITIES TOWNS AND URBAN AREAS,53.07,11.87,B24,1.0,1.0,,,2.0,,2.0,NOT INDICATED
71690,202343.0,1944-04-09,8,GERMANY,AIRDROME,AIR FIELDS AND AIRDROMES,53.43,11.85,B24,3.0,9.0,,23.0,,,23.0,NOT INDICATED
71691,202344.0,1944-04-09,8,GERMANY,AIRDROME,AIR FIELDS AND AIRDROMES,53.43,11.85,B24,3.0,1.0,,3.0,,,3.0,NOT INDICATED
71692,202345.0,1944-04-09,8,GERMANY,AIRDROME,AIR FIELDS AND AIRDROMES,53.43,11.85,B24,3.0,1.0,,,2.0,,2.0,NOT INDICATED
71693,202346.0,1944-04-09,8,GERMANY,AIRDROME,AIR FIELDS AND AIRDROMES,53.43,11.85,B24,3.0,2.0,,,3.0,,3.0,NOT INDICATED
71694,202347.0,1944-04-09,8,GERMANY,AIRDROME,AIR FIELDS AND AIRDROMES,53.43,11.85,B24,3.0,1.0,,3.0,,,3.0,NOT INDICATED
71695,202365.0,1944-04-09,8,GERMANY,AIRDROME,AIR FIELDS AND AIRDROMES,53.43,11.85,B24,3.0,9.0,,23.0,,,23.0,NOT INDICATED
71696,202366.0,1944-04-09,8,GERMANY,AIRDROME,AIR FIELDS AND AIRDROMES,53.43,11.85,B24,3.0,1.0,,3.0,,,3.0,NOT INDICATED
71697,202367.0,1944-04-09,8,GERMANY,AIRDROME,AIR FIELDS AND AIRDROMES,53.43,11.85,B24,3.0,1.0,,,2.0,,2.0,NOT INDICATED
71698,202368.0,1944-04-09,8,GERMANY,AIRDROME,AIR FIELDS AND AIRDROMES,53.43,11.85,B24,3.0,2.0,,,3.0,,3.0,NOT INDICATED
71699,202369.0,1944-04-09,8,GERMANY,AIRDROME,AIR FIELDS AND AIRDROMES,53.43,11.85,B24,3.0,1.0,,3.0,,,3.0,NOT INDICATED
72470,99840.0,1944-04-10,9,FRANCE,AIRDROME,AIR FIELDS AND AIRDROMES,49.13,2.28,B17,3.0,21.0,220.0,,30.0,,30.0,VISUAL
72479,99848.0,1944-04-10,9,BELGIUM,GUN EMPLACEMENTS,GUN EMPLACEMENTS,51.1,3.9,B26,,,,28.0,,,28.0,VISUAL
72482,99860.0,1944-04-10,8,GERMANY,ME 110 AC COMP FACTORY,A/C COMPONENT PLANTS,52.25,10.5,B24,4.0,28.0,136.0,112.0,,,112.0,VISUAL
72476,99867.0,1944-04-10,9,BELGIUM,BRUGESA D,AIR FIELDS AND AIRDROMES,51.03,3.23,B24,4.0,23.0,155.0,,41.0,,41.0,VISUAL
72473,99868.0,1944-04-10,9,BELGIUM,BRUGESA D,AIR FIELDS AND AIRDROMES,51.03,3.23,B24,3.0,13.0,158.0,,23.0,,23.0,VISUAL
72483,163818.0,1944-04-10,8,GERMANY,ME 110 AC COMP FACTORY,A/C COMPONENT PLANTS,52.25,10.5,B24,4.0,28.0,136.0,112.0,,,112.0,VISUAL
72484,163824.0,1944-04-10,8,GERMANY,ME 110 AC COMP FACTORY,A/C COMPONENT PLANTS,52.25,10.5,B24,4.0,28.0,136.0,112.0,,,112.0,VISUAL
72471,202406.0,1944-04-10,9,FRANCE,AIRDROME,AIR FIELDS AND AIRDROMES,49.13,2.28,B17,3.0,21.0,220.0,,30.0,,30.0,VISUAL
72477,202413.0,1944-04-10,9,BELGIUM,BRUGESA D,AIR FIELDS AND AIRDROMES,51.03,3.23,B24,4.0,23.0,155.0,,41.0,,41.0,VISUAL
72474,202414.0,1944-04-10,9,BELGIUM,BRUGESA D,AIR FIELDS AND AIRDROMES,51.03,3.23,B24,3.0,13.0,158.0,,23.0,,23.0,VISUAL
72480,202431.0,1944-04-10,9,BELGIUM,GUN EMPLACEMENTS,GUN EMPLACEMENTS,51.1,3.9,B26,,,,28.0,,,28.0,VISUAL
72481,202442.0,1944-04-10,9,BELGIUM,GUN EMPLACEMENTS,GUN EMPLACEMENTS,51.1,3.9,B26,,,,28.0,,,28.0,VISUAL
72478,202456.0,1944-04-10,9,BELGIUM,BRUGESA D,AIR FIELDS AND AIRDROMES,51.03,3.23,B24,4.0,23.0,155.0,,41.0,,41.0,VISUAL
72475,202457.0,1944-04-10,9,BELGIUM,BRUGESA D,AIR FIELDS AND AIRDROMES,51.03,3.23,B24,3.0,13.0,158.0,,23.0,,23.0,VISUAL
72472,202479.0,1944-04-10,9,FRANCE,AIRDROME,AIR FIELDS AND AIRDROMES,49.13,2.28,B17,3.0,21.0,220.0,,30.0,,30.0,VISUAL
73663,99887.0,1944-04-11,8,GERMANY,AC FACTORY,AIRCRAFT FACTORIES AND ASSEMBLY PLANTS,51.53,11.55,B24,1.0,2.0,,6.0,,,6.0,NOT INDICATED
73633,99888.0,1944-04-11,8,GERMANY,FOCKE WULF AC PLANT,AIRCRAFT FACTORIES AND ASSEMBLY PLANTS,51.75,14.33,B17,4.0,17.0,135.0,40.0,,,40.0,VISUAL
73642,99896.0,1944-04-11,8,GERMANY,FOCKE WULF AC FCTY,AIRCRAFT FACTORIES AND ASSEMBLY PLANTS,51.63,15.13,B17,4.0,30.0,126.0,23.0,58.0,,81.0,VISUAL
73672,99897.0,1944-04-11,8,GERMANY,FOCKE WULF AC FCTY,AIRCRAFT FACTORIES AND ASSEMBLY PLANTS,51.63,15.13,B17,4.0,16.0,,12.0,32.0,,44.0,NOT INDICATED
73639,99898.0,1944-04-11,8,GERMANY,FOCKE WULF AC FCTY,AIRCRAFT FACTORIES AND ASSEMBLY PLANTS,51.63,15.13,B17,4.0,15.0,127.0,7.0,17.0,,24.0,VISUAL
73648,99899.0,1944-04-11,8,GERMANY,FOCKE WULF AC FCTY,AIRCRAFT FACTORIES AND ASSEMBLY PLANTS,51.63,15.13,B17,4.0,27.0,115.0,21.0,53.0,,74.0,VISUAL
73624,99918.0,1944-04-11,8,GERMANY,POMMERSHCE AC ENG WKS,ENGINE PLANTS,53.43,14.73,B17,3.0,20.0,175.0,50.0,,,50.0,VISUAL
73654,99919.0,1944-04-11,8,GERMANY,POMMERSHCE AC ENG WKS,ENGINE PLANTS,53.43,14.73,B17,3.0,1.0,,1.0,,,1.0,NOT INDICATED
73655,99920.0,1944-04-11,8,GERMANY,POMMERSHCE AC ENG WKS,ENGINE PLANTS,53.43,14.73,B17,3.0,1.0,,1.0,2.0,,3.0,NOT INDICATED
73656,99921.0,1944-04-11,8,GERMANY,POMMERSHCE AC ENG WKS,ENGINE PLANTS,53.43,14.73,B17,3.0,16.0,,40.0,,,40.0,NOT INDICATED
73627,99922.0,1944-04-11,8,GERMANY,POMMERSHCE AC ENG WKS,ENGINE PLANTS,53.43,14.73,B17,3.0,37.0,170.0,50.0,25.0,,75.0,VISUAL
73666,99923.0,1944-04-11,8,GERMANY,JUNKERS AC COMPONENT F,A/C COMPONENT PLANTS,51.88,11.05,B17,3.0,9.0,,,,21.0,21.0,NOT INDICATED
73651,99924.0,1944-04-11,8,GERMANY,AHLHORN AD,AIR FIELDS AND AIRDROMES,52.92,8.25,B24,1.0,1.0,,3.0,,,3.0,NOT INDICATED
73618,99935.0,1944-04-11,9,GERMANY,CITY AREA,CITIES TOWNS AND URBAN AREAS,52.25,10.5,B17,2.0,1.0,,1.0,1.0,,2.0,NOT INDICATED
73630,99936.0,1944-04-11,8,GERMANY,CITY AREA,CITIES TOWNS AND URBAN AREAS,53.13,15.23,B17,2.0,15.0,160.0,,20.0,,20.0,VISUAL
73636,99937.0,1944-04-11,8,GERMANY,CITY AREA,CITIES TOWNS AND URBAN AREAS,53.45,10.5,B17,2.0,20.0,129.0,,26.0,,26.0,VISUAL
73645,99938.0,1944-04-11,8,GERMANY,CITY AREA,CITIES TOWNS AND URBAN AREAS,53.45,10.5,B17,2.0,18.0,119.0,42.0,,,42.0,VISUAL
73621,99939.0,1944-04-11,9,GERMANY,CITY AREA,CITIES TOWNS AND URBAN AREAS,52.38,9.73,B17,2.0,3.0,,3.0,3.0,,6.0,NOT INDICATED
73669,99940.0,1944-04-11,8,GERMANY,CITY AREA,CITIES TOWNS AND URBAN AREAS,51.65,11.8,B17,1.0,1.0,,,,2.0,2.0,NOT INDICATED
73664,163830.0,1944-04-11,8,GERMANY,AC FACTORY,AIRCRAFT FACTORIES AND ASSEMBLY PLANTS,51.53,11.55,B24,1.0,2.0,,6.0,,,6.0,NOT INDICATED
73634,163831.0,1944-04-11,8,GERMANY,FOCKE WULF AC PLANT,AIRCRAFT FACTORIES AND ASSEMBLY PLANTS,51.75,14.33,B17,4.0,17.0,135.0,40.0,,,40.0,VISUAL
73643,163839.0,1944-04-11,8,GERMANY,FOCKE WULF AC FCTY,AIRCRAFT FACTORIES AND ASSEMBLY PLANTS,51.63,15.13,B17,4.0,30.0,126.0,23.0,58.0,,81.0,VISUAL
73673,163840.0,1944-04-11,8,GERMANY,FOCKE WULF AC FCTY,AIRCRAFT FACTORIES AND ASSEMBLY PLANTS,51.63,15.13,B17,4.0,16.0,,12.0,32.0,,44.0,NOT INDICATED
73640,163841.0,1944-04-11,8,GERMANY,FOCKE WULF AC FCTY,AIRCRAFT FACTORIES AND ASSEMBLY PLANTS,51.63,15.13,B17,4.0,15.0,127.0,7.0,17.0,,24.0,VISUAL
73649,163842.0,1944-04-11,8,GERMANY,FOCKE WULF AC FCTY,AIRCRAFT FACTORIES AND ASSEMBLY PLANTS,51.63,15.13,B17,4.0,27.0,115.0,21.0,53.0,,74.0,VISUAL
73625,163843.0,1944-04-11,8,GERMANY,POMMERSHCE AC ENG WKS,ENGINE PLANTS,53.43,14.73,B17,3.0,20.0,175.0,50.0,,,50.0,VISUAL
73657,163844.0,1944-04-11,8,GERMANY,POMMERSHCE AC ENG WKS,ENGINE PLANTS,53.43,14.73,B17,3.0,1.0,,1.0,,,1.0,NOT INDICATED
73658,163845.0,1944-04-11,8,GERMANY,POMMERSHCE AC ENG WKS,ENGINE PLANTS,53.43,14.73,B17,3.0,1.0,,1.0,2.0,,3.0,NOT INDICATED
73659,163846.0,1944-04-11,8,GERMANY,POMMERSHCE AC ENG WKS,ENGINE PLANTS,53.43,14.73,B17,3.0,16.0,,40.0,,,40.0,NOT INDICATED
73628,163847.0,1944-04-11,8,GERMANY,POMMERSHCE AC ENG WKS,ENGINE PLANTS,53.43,14.73,B17,3.0,37.0,170.0,50.0,25.0,,75.0,VISUAL
73667,163848.0,1944-04-11,8,GERMANY,JUNKERS AC COMPONENT F,A/C COMPONENT PLANTS,51.88,11.05,B17,3.0,9.0,,,,21.0,21.0,NOT INDICATED
73619,163855.0,1944-04-11,9,GERMANY,CITY AREA,CITIES TOWNS AND URBAN AREAS,52.25,10.5,B17,2.0,1.0,,1.0,1.0,,2.0,NOT INDICATED
73631,163856.0,1944-04-11,8,GERMANY,CITY AREA,CITIES TOWNS AND URBAN AREAS,53.13,15.23,B17,2.0,15.0,160.0,,20.0,,20.0,VISUAL
73637,163857.0,1944-04-11,8,GERMANY,CITY AREA,CITIES TOWNS AND URBAN AREAS,53.45,10.5,B17,2.0,20.0,129.0,,26.0,,26.0,VISUAL
73646,163858.0,1944-04-11,8,GERMANY,CITY AREA,CITIES TOWNS AND URBAN AREAS,53.45,10.5,B17,2.0,18.0,119.0,42.0,,,42.0,VISUAL
73622,163859.0,1944-04-11,9,GERMANY,CITY AREA,CITIES TOWNS AND URBAN AREAS,52.38,9.73,B17,2.0,3.0,,3.0,3.0,,6.0,NOT INDICATED
73670,163860.0,1944-04-11,8,GERMANY,CITY AREA,CITIES TOWNS AND URBAN AREAS,51.65,11.8,B17,1.0,1.0,,,,2.0,2.0,NOT INDICATED
73620,163864.0,1944-04-11,9,GERMANY,CITY AREA,CITIES TOWNS AND URBAN AREAS,52.25,10.5,B17,2.0,1.0,,1.0,1.0,,2.0,NOT INDICATED
73632,163865.0,1944-04-11,8,GERMANY,CITY AREA,CITIES TOWNS AND URBAN AREAS,53.13,15.23,B17,2.0,15.0,160.0,,20.0,,20.0,VISUAL
73638,163866.0,1944-04-11,8,GERMANY,CITY AREA,CITIES TOWNS AND URBAN AREAS,53.45,10.5,B17,2.0,20.0,129.0,,26.0,,26.0,VISUAL
73647,163867.0,1944-04-11,8,GERMANY,CITY AREA,CITIES TOWNS AND URBAN AREAS,53.45,10.5,B17,2.0,18.0,119.0,42.0,,,42.0,VISUAL
73623,163868.0,1944-04-11,9,GERMANY,CITY AREA,CITIES TOWNS AND URBAN AREAS,52.38,9.73,B17,2.0,3.0,,3.0,3.0,,6.0,NOT INDICATED
73671,163869.0,1944-04-11,8,GERMANY,CITY AREA,CITIES TOWNS AND URBAN AREAS,51.65,11.8,B17,1.0,1.0,,,,2.0,2.0,NOT INDICATED
73626,163875.0,1944-04-11,8,GERMANY,POMMERSHCE AC ENG WKS,ENGINE PLANTS,53.43,14.73,B17,3.0,20.0,175.0,50.0,,,50.0,VISUAL
73660,163876.0,1944-04-11,8,GERMANY,POMMERSHCE AC ENG WKS,ENGINE PLANTS,53.43,14.73,B17,3.0,1.0,,1.0,,,1.0,NOT INDICATED
73661,163877.0,1944-04-11,8,GERMANY,POMMERSHCE AC ENG WKS,ENGINE PLANTS,53.43,14.73,B17,3.0,1.0,,1.0,2.0,,3.0,NOT INDICATED
73662,163878.0,1944-04-11,8,GERMANY,POMMERSHCE AC ENG WKS,ENGINE PLANTS,53.43,14.73,B17,3.0,16.0,,40.0,,,40.0,NOT INDICATED
73629,163879.0,1944-04-11,8,GERMANY,POMMERSHCE AC ENG WKS,ENGINE PLANTS,53.43,14.73,B17,3.0,37.0,170.0,50.0,25.0,,75.0,VISUAL
73635,163885.0,1944-04-11,8,GERMANY,FOCKE WULF AC PLANT,AIRCRAFT FACTORIES AND ASSEMBLY PLANTS,51.75,14.33,B17,4.0,17.0,135.0,40.0,,,40.0,VISUAL
73665,163886.0,1944-04-11,8,GERMANY,AC FACTORY,AIRCRAFT FACTORIES AND ASSEMBLY PLANTS,51.53,11.55,B24,1.0,2.0,,6.0,,,6.0,NOT INDICATED
73668,163887.0,1944-04-11,8,GERMANY,JUNKERS AC COMPONENT F,A/C COMPONENT PLANTS,51.88,11.05,B17,3.0,9.0,,,,21.0,21.0,NOT INDICATED
73644,163895.0,1944-04-11,8,GERMANY,FOCKE WULF AC FCTY,AIRCRAFT FACTORIES AND ASSEMBLY PLANTS,51.63,15.13,B17,4.0,30.0,126.0,23.0,58.0,,81.0,VISUAL
73674,163896.0,1944-04-11,8,GERMANY,FOCKE WULF AC FCTY,AIRCRAFT FACTORIES AND ASSEMBLY PLANTS,51.63,15.13,B17,4.0,16.0,,12.0,32.0,,44.0,NOT INDICATED
73641,163897.0,1944-04-11,8,GERMANY,FOCKE WULF AC FCTY,AIRCRAFT FACTORIES AND ASSEMBLY PLANTS,51.63,15.13,B17,4.0,15.0,127.0,7.0,17.0,,24.0,VISUAL
73650,163898.0,1944-04-11,8,GERMANY,FOCKE WULF AC FCTY,AIRCRAFT FACTORIES AND ASSEMBLY PLANTS,51.63,15.13,B17,4.0,27.0,115.0,21.0,53.0,,74.0,VISUAL
73652,202503.0,1944-04-11,8,GERMANY,AHLHORN AD,AIR FIELDS AND AIRDROMES,52.92,8.25,B24,1.0,1.0,,3.0,,,3.0,NOT INDICATED
73653,202520.0,1944-04-11,8,GERMANY,AHLHORN AD,AIR FIELDS AND AIRDROMES,52.92,8.25,B24,1.0,1.0,,3.0,,,3.0,NOT INDICATED
74723,99941.0,1944-04-12,15,AUSTRIA,AIRCRAFT FACTORIES,AIRCRAFT FACTORIES AND ASSEMBLY PLANTS,47.95,16.18,B24,4.0,38.0,186.0,64.0,,,64.0,NOT INDICATED
74715,99942.0,1944-04-12,15,AUSTRIA,AIRCRAFT FACTORIES,AIRCRAFT FACTORIES AND ASSEMBLY PLANTS,47.95,16.18,B24,4.0,33.0,190.0,64.0,,,64.0,NOT INDICATED
74716,99943.0,1944-04-12,15,AUSTRIA,AIRCRAFT FACTORIES,AIRCRAFT FACTORIES AND ASSEMBLY PLANTS,47.95,16.18,B24,4.0,37.0,190.0,68.0,,,68.0,NOT INDICATED
74703,99944.0,1944-04-12,15,AUSTRIA,AIRCRAFT FACTORIES,AIRCRAFT FACTORIES AND ASSEMBLY PLANTS,47.95,16.18,B24,4.0,35.0,210.0,68.0,,,68.0,NOT INDICATED
74707,99947.0,1944-04-12,15,AUSTRIA,WIENER NEUSTADTER AC F,AIRCRAFT FACTORIES AND ASSEMBLY PLANTS,48.12,16.62,B17,4.0,35.0,210.0,105.0,,,105.0,NOT INDICATED
74399,99948.0,1944-04-12,15,AUSTRIA,WIENER NEUSTADTER AC F,AIRCRAFT FACTORIES AND ASSEMBLY PLANTS,48.12,16.62,B17,4.0,31.0,240.0,93.0,,,93.0,NOT INDICATED
74391,99949.0,1944-04-12,15,AUSTRIA,WIENER NEUSTADTER AC F,AIRCRAFT FACTORIES AND ASSEMBLY PLANTS,48.12,16.62,B17,4.0,38.0,247.0,114.0,,,114.0,VISUAL
74395,99950.0,1944-04-12,15,AUSTRIA,WIENER NEUSTADTER AC F,AIRCRAFT FACTORIES AND ASSEMBLY PLANTS,48.12,16.62,B17,4.0,31.0,245.0,,40.0,,40.0,NOT INDICATED
74708,99951.0,1944-04-12,15,AUSTRIA,WIENER NEUSTADTER AC F,AIRCRAFT FACTORIES AND ASSEMBLY PLANTS,48.12,16.62,B17,4.0,37.0,210.0,111.0,,,111.0,NOT INDICATED
74725,99975.0,1944-04-12,15,AUSTRIA,AIRCRAFT FACTORIES,AIRCRAFT FACTORIES AND ASSEMBLY PLANTS,47.95,16.18,B24,4.0,38.0,186.0,64.0,,,64.0,NOT INDICATED
74719,99976.0,1944-04-12,15,AUSTRIA,AIRCRAFT FACTORIES,AIRCRAFT FACTORIES AND ASSEMBLY PLANTS,47.95,16.18,B24,4.0,33.0,190.0,64.0,,,64.0,NOT INDICATED
74720,99977.0,1944-04-12,15,AUSTRIA,AIRCRAFT FACTORIES,AIRCRAFT FACTORIES AND ASSEMBLY PLANTS,47.95,16.18,B24,4.0,37.0,190.0,68.0,,,68.0,NOT INDICATED
74705,99978.0,1944-04-12,15,AUSTRIA,AIRCRAFT FACTORIES,AIRCRAFT FACTORIES AND ASSEMBLY PLANTS,47.95,16.18,B24,4.0,35.0,210.0,68.0,,,68.0,NOT INDICATED
74709,99979.0,1944-04-12,15,AUSTRIA,WIENER NEUSTADTER AC F,AIRCRAFT FACTORIES AND ASSEMBLY PLANTS,48.12,16.62,B17,4.0,35.0,210.0,105.0,,,105.0,NOT INDICATED
74400,99980.0,1944-04-12,15,AUSTRIA,WIENER NEUSTADTER AC F,AIRCRAFT FACTORIES AND ASSEMBLY PLANTS,48.12,16.62,B17,4.0,31.0,240.0,93.0,,,93.0,NOT INDICATED
74392,99981.0,1944-04-12,15,AUSTRIA,WIENER NEUSTADTER AC F,AIRCRAFT FACTORIES AND ASSEMBLY PLANTS,48.12,16.62,B17,4.0,38.0,247.0,114.0,,,114.0,VISUAL
74396,99982.0,1944-04-12,15,AUSTRIA,WIENER NEUSTADTER AC F,AIRCRAFT FACTORIES AND ASSEMBLY PLANTS,48.12,16.62,B17,4.0,31.0,245.0,,40.0,,40.0,NOT INDICATED
74710,99983.0,1944-04-12,15,AUSTRIA,WIENER NEUSTADTER AC F,AIRCRAFT FACTORIES AND ASSEMBLY PLANTS,48.12,16.62,B17,4.0,37.0,210.0,111.0,,,111.0,NOT INDICATED
74724,163907.0,1944-04-12,15,AUSTRIA,AIRCRAFT FACTORIES,AIRCRAFT FACTORIES AND ASSEMBLY PLANTS,47.95,16.18,B24,4.0,38.0,186.0,64.0,,,64.0,NOT INDICATED
74717,163908.0,1944-04-12,15,AUSTRIA,AIRCRAFT FACTORIES,AIRCRAFT FACTORIES AND ASSEMBLY PLANTS,47.95,16.18,B24,4.0,33.0,190.0,64.0,,,64.0,NOT INDICATED
74718,163909.0,1944-04-12,15,AUSTRIA,AIRCRAFT FACTORIES,AIRCRAFT FACTORIES AND ASSEMBLY PLANTS,47.95,16.18,B24,4.0,37.0,190.0,68.0,,,68.0,NOT INDICATED
74704,163910.0,1944-04-12,15,AUSTRIA,AIRCRAFT FACTORIES,AIRCRAFT FACTORIES AND ASSEMBLY PLANTS,47.95,16.18,B24,4.0,35.0,210.0,68.0,,,68.0,NOT INDICATED
74711,163913.0,1944-04-12,15,AUSTRIA,WIENER NEUSTADTER AC F,AIRCRAFT FACTORIES AND ASSEMBLY PLANTS,48.12,16.62,B17,4.0,35.0,210.0,105.0,,,105.0,NOT INDICATED
74701,163914.0,1944-04-12,15,AUSTRIA,WIENER NEUSTADTER AC F,AIRCRAFT FACTORIES AND ASSEMBLY PLANTS,48.12,16.62,B17,4.0,31.0,240.0,93.0,,,93.0,NOT INDICATED
74393,163915.0,1944-04-12,15,AUSTRIA,WIENER NEUSTADTER AC F,AIRCRAFT FACTORIES AND ASSEMBLY PLANTS,48.12,16.62,B17,4.0,38.0,247.0,114.0,,,114.0,VISUAL
74397,163916.0,1944-04-12,15,AUSTRIA,WIENER NEUSTADTER AC F,AIRCRAFT FACTORIES AND ASSEMBLY PLANTS,48.12,16.62,B17,4.0,31.0,245.0,,40.0,,40.0,NOT INDICATED
74712,163917.0,1944-04-12,15,AUSTRIA,WIENER NEUSTADTER AC F,AIRCRAFT FACTORIES AND ASSEMBLY PLANTS,48.12,16.62,B17,4.0,37.0,210.0,111.0,,,111.0,NOT INDICATED
74726,163922.0,1944-04-12,15,AUSTRIA,AIRCRAFT FACTORIES,AIRCRAFT FACTORIES AND ASSEMBLY PLANTS,47.95,16.18,B24,4.0,38.0,186.0,64.0,,,64.0,NOT INDICATED
74721,163923.0,1944-04-12,15,AUSTRIA,AIRCRAFT FACTORIES,AIRCRAFT FACTORIES AND ASSEMBLY PLANTS,47.95,16.18,B24,4.0,33.0,190.0,64.0,,,64.0,NOT INDICATED
74722,163924.0,1944-04-12,15,AUSTRIA,AIRCRAFT FACTORIES,AIRCRAFT FACTORIES AND ASSEMBLY PLANTS,47.95,16.18,B24,4.0,37.0,190.0,68.0,,,68.0,NOT INDICATED
74706,163925.0,1944-04-12,15,AUSTRIA,AIRCRAFT FACTORIES,AIRCRAFT FACTORIES AND ASSEMBLY PLANTS,47.95,16.18,B24,4.0,35.0,210.0,68.0,,,68.0,NOT INDICATED
74713,163926.0,1944-04-12,15,AUSTRIA,WIENER NEUSTADTER AC F,AIRCRAFT FACTORIES AND ASSEMBLY PLANTS,48.12,16.62,B17,4.0,35.0,210.0,105.0,,,105.0,NOT INDICATED
74702,163927.0,1944-04-12,15,AUSTRIA,WIENER NEUSTADTER AC F,AIRCRAFT FACTORIES AND ASSEMBLY PLANTS,48.12,16.62,B17,4.0,31.0,240.0,93.0,,,93.0,NOT INDICATED
74394,163928.0,1944-04-12,15,AUSTRIA,WIENER NEUSTADTER AC F,AIRCRAFT FACTORIES AND ASSEMBLY PLANTS,48.12,16.62,B17,4.0,38.0,247.0,114.0,,,114.0,VISUAL
74398,163929.0,1944-04-12,15,AUSTRIA,WIENER NEUSTADTER AC F,AIRCRAFT FACTORIES AND ASSEMBLY PLANTS,48.12,16.62,B17,4.0,31.0,245.0,,40.0,,40.0,NOT INDICATED
74714,163930.0,1944-04-12,15,AUSTRIA,WIENER NEUSTADTER AC F,AIRCRAFT FACTORIES AND ASSEMBLY PLANTS,48.12,16.62,B17,4.0,37.0,210.0,111.0,,,111.0,NOT INDICATED
74727,192469.0,1944-04-12,9,GERMANY,KF BORGWARD AG,VEHICLE MFG. PLANTS,53.08,8.72,B17,0.0,,,21.0,,,21.0,NOT INDICATED
75177,99984.0,1944-04-13,12,GERMANY,AC ASSEMBLY PLANTS,AIRCRAFT FACTORIES AND ASSEMBLY PLANTS,48.37,10.88,B17,4.0,24.0,200.0,48.0,7.0,,55.0,VISUAL
75198,99985.0,1944-04-13,12,GERMANY,AC ASSEMBLY PLANTS,AIRCRAFT FACTORIES AND ASSEMBLY PLANTS,48.37,10.88,B17,4.0,8.0,,20.0,,,20.0,NOT INDICATED
75192,99986.0,1944-04-13,12,GERMANY,AC ASSEMBLY PLANTS,AIRCRAFT FACTORIES AND ASSEMBLY PLANTS,48.37,10.88,B17,4.0,19.0,190.0,,28.0,,28.0,VISUAL
75199,99987.0,1944-04-13,12,GERMANY,AC ASSEMBLY PLANTS,AIRCRAFT FACTORIES AND ASSEMBLY PLANTS,48.37,10.88,B17,4.0,4.0,,4.0,,,4.0,NOT INDICATED
75174,99988.0,1944-04-13,12,GERMANY,AC ASSEMBLY PLANTS,AIRCRAFT FACTORIES AND ASSEMBLY PLANTS,48.37,10.88,B17,4.0,31.0,210.0,78.0,,,78.0,VISUAL
75178,99989.0,1944-04-13,12,GERMANY,AC ASSEMBLY PLANTS,AIRCRAFT FACTORIES AND ASSEMBLY PLANTS,48.37,10.88,B17,4.0,28.0,200.0,48.0,13.0,,61.0,VISUAL
75189,99990.0,1944-04-13,12,GERMANY,AC ASSEMBLY PLANTS,AIRCRAFT FACTORIES AND ASSEMBLY PLANTS,48.37,10.88,B17,4.0,20.0,197.0,49.0,,,49.0,VISUAL
75193,99991.0,1944-04-13,12,GERMANY,AC ASSEMBLY PLANTS,AIRCRAFT FACTORIES AND ASSEMBLY PLANTS,48.37,10.88,B17,4.0,38.0,190.0,45.0,26.0,,71.0,VISUAL
75171,99992.0,1944-04-13,12,GERMANY,AC ASSEMBLY PLANTS,AIRCRAFT FACTORIES AND ASSEMBLY PLANTS,48.37,10.88,B17,4.0,20.0,220.0,35.0,8.0,,43.0,VISUAL
75179,99993.0,1944-04-13,12,GERMANY,AC ASSEMBLY PLANTS,AIRCRAFT FACTORIES AND ASSEMBLY PLANTS,48.37,10.88,B17,4.0,18.0,200.0,45.0,,,45.0,VISUAL
75180,99994.0,1944-04-13,12,GERMANY,AC ASSEMBLY PLANTS,AIRCRAFT FACTORIES AND ASSEMBLY PLANTS,48.37,10.88,B17,2.0,19.0,200.0,,28.0,,28.0,VISUAL
75200,99995.0,1944-04-13,12,GERMANY,AC ASSEMBLY PLANTS,AIRCRAFT FACTORIES AND ASSEMBLY PLANTS,48.37,10.88,B17,2.0,1.0,,3.0,,,3.0,NOT INDICATED
75506,100021.0,1944-04-13,9,BELGIUM,GUN EMPLACEMENTS,GUN EMPLACEMENTS,51.1,3.9,B26,,,125.0,40.0,,,40.0,VISUAL
75165,100024.0,1944-04-13,15,GERMANY,AIRDROME,AIR FIELDS AND AIRDROMES,48.17,10.87,B24,4.0,14.0,163.0,42.0,,,42.0,VISUAL
75168,100025.0,1944-04-13,15,GERMANY,AIRDROME,AIR FIELDS AND AIRDROMES,48.17,10.87,B24,4.0,2.0,,2.0,,,2.0,NOT INDICATED
75159,100026.0,1944-04-13,15,GERMANY,AIRDROME,AIR FIELDS AND AIRDROMES,48.17,10.87,B24,4.0,15.0,196.0,45.0,,,45.0,VISUAL
75156,100027.0,1944-04-13,15,GERMANY,AIRDROME,AIR FIELDS AND AIRDROMES,48.17,10.87,B24,4.0,20.0,198.0,50.0,,,50.0,VISUAL
75162,100028.0,1944-04-13,15,GERMANY,AIRDROME,AIR FIELDS AND AIRDROMES,48.17,10.87,B24,4.0,20.0,180.0,,37.0,,37.0,VISUAL
75153,100029.0,1944-04-13,15,GERMANY,AIRDROME,AIR FIELDS AND AIRDROMES,48.17,10.87,B24,4.0,23.0,223.0,,41.0,,41.0,VISUAL
75510,100047.0,1944-04-13,8,GERMANY,CITY AREA,CITIES TOWNS AND URBAN AREAS,49.28,8.13,B24,3.0,1.0,,,,,,NOT INDICATED
75181,163934.0,1944-04-13,12,GERMANY,AC ASSEMBLY PLANTS,AIRCRAFT FACTORIES AND ASSEMBLY PLANTS,48.37,10.88,B17,4.0,24.0,200.0,48.0,7.0,,55.0,VISUAL
75501,163935.0,1944-04-13,12,GERMANY,AC ASSEMBLY PLANTS,AIRCRAFT FACTORIES AND ASSEMBLY PLANTS,48.37,10.88,B17,4.0,8.0,,20.0,,,20.0,NOT INDICATED
75194,163936.0,1944-04-13,12,GERMANY,AC ASSEMBLY PLANTS,AIRCRAFT FACTORIES AND ASSEMBLY PLANTS,48.37,10.88,B17,4.0,19.0,190.0,,28.0,,28.0,VISUAL
75502,163937.0,1944-04-13,12,GERMANY,AC ASSEMBLY PLANTS,AIRCRAFT FACTORIES AND ASSEMBLY PLANTS,48.37,10.88,B17,4.0,4.0,,4.0,,,4.0,NOT INDICATED
75175,163938.0,1944-04-13,12,GERMANY,AC ASSEMBLY PLANTS,AIRCRAFT FACTORIES AND ASSEMBLY PLANTS,48.37,10.88,B17,4.0,31.0,210.0,78.0,,,78.0,VISUAL
75182,163939.0,1944-04-13,12,GERMANY,AC ASSEMBLY PLANTS,AIRCRAFT FACTORIES AND ASSEMBLY PLANTS,48.37,10.88,B17,4.0,28.0,200.0,48.0,13.0,,61.0,VISUAL
75190,163940.0,1944-04-13,12,GERMANY,AC ASSEMBLY PLANTS,AIRCRAFT FACTORIES AND ASSEMBLY PLANTS,48.37,10.88,B17,4.0,20.0,197.0,49.0,,,49.0,VISUAL
75195,163941.0,1944-04-13,12,GERMANY,AC ASSEMBLY PLANTS,AIRCRAFT FACTORIES AND ASSEMBLY PLANTS,48.37,10.88,B17,4.0,38.0,190.0,45.0,26.0,,71.0,VISUAL
75172,163942.0,1944-04-13,12,GERMANY,AC ASSEMBLY PLANTS,AIRCRAFT FACTORIES AND ASSEMBLY PLANTS,48.37,10.88,B17,4.0,20.0,220.0,35.0,8.0,,43.0,VISUAL
75183,163943.0,1944-04-13,12,GERMANY,AC ASSEMBLY PLANTS,AIRCRAFT FACTORIES AND ASSEMBLY PLANTS,48.37,10.88,B17,4.0,18.0,200.0,45.0,,,45.0,VISUAL
75184,163944.0,1944-04-13,12,GERMANY,AC ASSEMBLY PLANTS,AIRCRAFT FACTORIES AND ASSEMBLY PLANTS,48.37,10.88,B17,2.0,19.0,200.0,,28.0,,28.0,VISUAL
75503,163945.0,1944-04-13,12,GERMANY,AC ASSEMBLY PLANTS,AIRCRAFT FACTORIES AND ASSEMBLY PLANTS,48.37,10.88,B17,2.0,1.0,,3.0,,,3.0,NOT INDICATED
75511,163961.0,1944-04-13,8,GERMANY,CITY AREA,CITIES TOWNS AND URBAN AREAS,49.28,8.13,B24,3.0,1.0,,,,,,NOT INDICATED
75512,163964.0,1944-04-13,8,GERMANY,CITY AREA,CITIES TOWNS AND URBAN AREAS,49.28,8.13,B24,3.0,1.0,,,,,,NOT INDICATED
75185,163969.0,1944-04-13,12,GERMANY,AC ASSEMBLY PLANTS,AIRCRAFT FACTORIES AND ASSEMBLY PLANTS,48.37,10.88,B17,4.0,24.0,200.0,48.0,7.0,,55.0,VISUAL
75196,163970.0,1944-04-13,12,GERMANY,AC ASSEMBLY PLANTS,AIRCRAFT FACTORIES AND ASSEMBLY PLANTS,48.37,10.88,B17,4.0,19.0,190.0,,28.0,,28.0,VISUAL
75176,163971.0,1944-04-13,12,GERMANY,AC ASSEMBLY PLANTS,AIRCRAFT FACTORIES AND ASSEMBLY PLANTS,48.37,10.88,B17,4.0,31.0,210.0,78.0,,,78.0,VISUAL
75186,163972.0,1944-04-13,12,GERMANY,AC ASSEMBLY PLANTS,AIRCRAFT FACTORIES AND ASSEMBLY PLANTS,48.37,10.88,B17,4.0,28.0,200.0,48.0,13.0,,61.0,VISUAL
75191,163973.0,1944-04-13,12,GERMANY,AC ASSEMBLY PLANTS,AIRCRAFT FACTORIES AND ASSEMBLY PLANTS,48.37,10.88,B17,4.0,20.0,197.0,49.0,,,49.0,VISUAL
75197,163974.0,1944-04-13,12,GERMANY,AC ASSEMBLY PLANTS,AIRCRAFT FACTORIES AND ASSEMBLY PLANTS,48.37,10.88,B17,4.0,38.0,190.0,45.0,26.0,,71.0,VISUAL
75173,163975.0,1944-04-13,12,GERMANY,AC ASSEMBLY PLANTS,AIRCRAFT FACTORIES AND ASSEMBLY PLANTS,48.37,10.88,B17,4.0,20.0,220.0,35.0,8.0,,43.0,VISUAL
75187,163976.0,1944-04-13,12,GERMANY,AC ASSEMBLY PLANTS,AIRCRAFT FACTORIES AND ASSEMBLY PLANTS,48.37,10.88,B17,4.0,18.0,200.0,45.0,,,45.0,VISUAL
75188,163977.0,1944-04-13,12,GERMANY,AC ASSEMBLY PLANTS,AIRCRAFT FACTORIES AND ASSEMBLY PLANTS,48.37,10.88,B17,2.0,19.0,200.0,,28.0,,28.0,VISUAL
75504,163978.0,1944-04-13,12,GERMANY,AC ASSEMBLY PLANTS,AIRCRAFT FACTORIES AND ASSEMBLY PLANTS,48.37,10.88,B17,2.0,1.0,,3.0,,,3.0,NOT INDICATED
75166,202562.0,1944-04-13,15,GERMANY,AIRDROME,AIR FIELDS AND AIRDROMES,48.17,10.87,B24,4.0,14.0,163.0,42.0,,,42.0,VISUAL
75169,202563.0,1944-04-13,15,GERMANY,AIRDROME,AIR FIELDS AND AIRDROMES,48.17,10.87,B24,4.0,2.0,,2.0,,,2.0,NOT INDICATED
75160,202564.0,1944-04-13,15,GERMANY,AIRDROME,AIR FIELDS AND AIRDROMES,48.17,10.87,B24,4.0,15.0,196.0,45.0,,,45.0,VISUAL
75157,202565.0,1944-04-13,15,GERMANY,AIRDROME,AIR FIELDS AND AIRDROMES,48.17,10.87,B24,4.0,20.0,198.0,50.0,,,50.0,VISUAL
75163,202566.0,1944-04-13,15,GERMANY,AIRDROME,AIR FIELDS AND AIRDROMES,48.17,10.87,B24,4.0,20.0,180.0,,37.0,,37.0,VISUAL
75154,202567.0,1944-04-13,15,GERMANY,AIRDROME,AIR FIELDS AND AIRDROMES,48.17,10.87,B24,4.0,23.0,223.0,,41.0,,41.0,VISUAL
75507,202579.0,1944-04-13,9,BELGIUM,GUN EMPLACEMENTS,GUN EMPLACEMENTS,51.1,3.9,B26,,,125.0,40.0,,,40.0,VISUAL
75508,202583.0,1944-04-13,9,BELGIUM,GUN EMPLACEMENTS,GUN EMPLACEMENTS,51.1,3.9,B26,,,125.0,40.0,,,40.0,VISUAL
75167,202588.0,1944-04-13,15,GERMANY,AIRDROME,AIR FIELDS AND AIRDROMES,48.17,10.87,B24,4.0,14.0,163.0,42.0,,,42.0,VISUAL
75170,202589.0,1944-04-13,15,GERMANY,AIRDROME,AIR FIELDS AND AIRDROMES,48.17,10.87,B24,4.0,2.0,,2.0,,,2.0,NOT INDICATED
75161,202590.0,1944-04-13,15,GERMANY,AIRDROME,AIR FIELDS AND AIRDROMES,48.17,10.87,B24,4.0,15.0,196.0,45.0,,,45.0,VISUAL
75158,202591.0,1944-04-13,15,GERMANY,AIRDROME,AIR FIELDS AND AIRDROMES,48.17,10.87,B24,4.0,20.0,198.0,50.0,,,50.0,VISUAL
75164,202592.0,1944-04-13,15,GERMANY,AIRDROME,AIR FIELDS AND AIRDROMES,48.17,10.87,B24,4.0,20.0,180.0,,37.0,,37.0,VISUAL
75155,202593.0,1944-04-13,15,GERMANY,AIRDROME,AIR FIELDS AND AIRDROMES,48.17,10.87,B24,4.0,23.0,223.0,,41.0,,41.0,VISUAL
77168,100091.0,1944-04-17,15,BULGARIA,CITY AREA,CITIES TOWNS AND URBAN AREAS,42.7,23.32,B24,4.0,33.0,205.0,52.0,,,52.0,F.F.F.
77169,164045.0,1944-04-17,15,BULGARIA,CITY AREA,CITIES TOWNS AND URBAN AREAS,42.7,23.32,B24,4.0,33.0,205.0,52.0,,,52.0,F.F.F.
77170,164046.0,1944-04-17,15,BULGARIA,CITY AREA,CITIES TOWNS AND URBAN AREAS,42.7,23.32,B24,4.0,33.0,205.0,52.0,,,52.0,F.F.F.
77171,164049.0,1944-04-17,12,BULGARIA,MARSHALLING YARDS,"""RR INSTALLATIONS,  TRACKS,  MARSHALLING YARDS,  AND STATIONS""",42.7,23.32,B24,4.0,37.0,220.0,72.0,,,72.0,NOT INDICATED
77175,164050.0,1944-04-17,12,BULGARIA,MARSHALLING YARDS,"""RR INSTALLATIONS,  TRACKS,  MARSHALLING YARDS,  AND STATIONS""",42.7,23.32,B24,4.0,30.0,190.0,58.0,,,58.0,NOT INDICATED
77174,164051.0,1944-04-17,12,BULGARIA,MARSHALLING YARDS,"""RR INSTALLATIONS,  TRACKS,  MARSHALLING YARDS,  AND STATIONS""",42.7,23.32,B24,4.0,31.0,194.0,48.0,,,48.0,NOT INDICATED
77172,164052.0,1944-04-17,12,BULGARIA,MARSHALLING YARDS,"""RR INSTALLATIONS,  TRACKS,  MARSHALLING YARDS,  AND STATIONS""",42.7,23.32,B24,4.0,26.0,215.0,49.0,,,49.0,NOT INDICATED
77173,164053.0,1944-04-17,12,BULGARIA,MARSHALLING YARDS,"""RR INSTALLATIONS,  TRACKS,  MARSHALLING YARDS,  AND STATIONS""",42.7,23.32,B24,4.0,29.0,210.0,58.0,,,58.0,NOT INDICATED
77176,164054.0,1944-04-17,12,BULGARIA,MARSHALLING YARDS,"""RR INSTALLATIONS,  TRACKS,  MARSHALLING YARDS,  AND STATIONS""",42.7,23.32,B24,4.0,32.0,190.0,64.0,,,64.0,NOT INDICATED
77177,164055.0,1944-04-17,12,BULGARIA,MARSHALLING YARDS,"""RR INSTALLATIONS,  TRACKS,  MARSHALLING YARDS,  AND STATIONS""",42.7,23.32,B24,4.0,32.0,180.0,63.0,,,63.0,NOT INDICATED
77933,100092.0,1944-04-18,8,GERMANY,ARADO AC FACTORY,AIRCRAFT FACTORIES AND ASSEMBLY PLANTS,52.4,12.52,B24,4.0,21.0,222.0,,38.0,,38.0,VISUAL
77960,100094.0,1944-04-18,8,GERMANY,ARADO AC FACTORY,AIRCRAFT FACTORIES AND ASSEMBLY PLANTS,52.4,12.52,B17,2.0,2.0,,2.0,,,2.0,NOT INDICATED
77951,100095.0,1944-04-18,8,GERMANY,ARADO AC FACTORY,AIRCRAFT FACTORIES AND ASSEMBLY PLANTS,52.4,12.52,B17,2.0,17.0,190.0,14.0,34.0,,48.0,F.F.F.
77913,100096.0,1944-04-18,8,GERMANY,AC COMPONENT PLANT,A/C COMPONENT PLANTS,52.75,13.27,B17,4.0,26.0,230.0,45.0,,,45.0,VISUAL
77906,100097.0,1944-04-18,8,GERMANY,AC COMPONENT PLANT,A/C COMPONENT PLANTS,52.75,13.27,B17,4.0,32.0,237.0,,44.0,,44.0,VISUAL
77976,100098.0,1944-04-18,8,GERMANY,AC COMPONENT PLANT,A/C COMPONENT PLANTS,52.75,13.27,B17,4.0,6.0,,4.0,6.0,,10.0,NOT INDICATED
77600,100099.0,1944-04-18,8,GERMANY,AC COMPONENT PLANT,A/C COMPONENT PLANTS,52.75,13.27,B17,4.0,15.0,240.0,,20.0,,20.0,VISUAL
77901,100100.0,1944-04-18,8,GERMANY,AC COMPONENT PLANT,A/C COMPONENT PLANTS,52.75,13.27,B17,4.0,28.0,240.0,49.0,,,49.0,VISUAL
77584,100101.0,1944-04-18,8,GERMANY,AC COMPONENT PLANT,A/C COMPONENT PLANTS,52.75,13.27,B17,4.0,22.0,260.0,,31.0,,31.0,VISUAL
77927,100102.0,1944-04-18,8,GERMANY,A FLUG AC FACTORIES,A/C COMPONENT PLANTS,52.6,12.33,B24,4.0,23.0,225.0,,41.0,,41.0,VISUAL
77982,100103.0,1944-04-18,8,GERMANY,A FLUG AC FACTORIES,A/C COMPONENT PLANTS,52.6,12.33,B24,4.0,2.0,,2.0,,,2.0,NOT INDICATED
77916,100104.0,1944-04-18,8,GERMANY,A FLUG AC FACTORIES,A/C COMPONENT PLANTS,52.6,12.33,B24,4.0,20.0,230.0,,36.0,,36.0,VISUAL
77917,100105.0,1944-04-18,8,GERMANY,A FLUG AC FACTORIES,A/C COMPONENT PLANTS,52.6,12.33,B24,4.0,22.0,230.0,44.0,,,44.0,VISUAL
77928,100106.0,1944-04-18,8,GERMANY,A FLUG AC FACTORIES,A/C COMPONENT PLANTS,52.6,12.33,B24,4.0,22.0,225.0,44.0,,,44.0,VISUAL
77944,100107.0,1944-04-18,8,GERMANY,A FLUG AC FACTORIES,A/C COMPONENT PLANTS,52.6,12.33,B24,4.0,20.0,200.0,,34.0,,34.0,VISUAL
77938,100108.0,1944-04-18,8,GERMANY,A FLUG AC FACTORIES,A/C COMPONENT PLANTS,52.6,12.33,B24,4.0,23.0,220.0,,41.0,,41.0,VISUAL
77983,100109.0,1944-04-18,8,GERMANY,A FLUG AC FACTORIES,A/C COMPONENT PLANTS,52.6,12.33,B24,4.0,2.0,,,4.0,,4.0,NOT INDICATED
77986,100110.0,1944-04-18,8,GERMANY,A FLUG AC FACTORIES,A/C COMPONENT PLANTS,52.6,12.33,B17,2.0,3.0,,2.0,6.0,,8.0,NOT INDICATED
77920,100111.0,1944-04-18,8,GERMANY,A FLUG AC FACTORIES,A/C COMPONENT PLANTS,52.6,12.33,B17,2.0,9.0,230.0,7.0,18.0,,25.0,F.F.F.
77988,100112.0,1944-04-18,8,GERMANY,A FLUG AC FACTORIES,A/C COMPONENT PLANTS,52.6,12.33,B17,2.0,6.0,,5.0,12.0,,17.0,NOT INDICATED
77939,100113.0,1944-04-18,8,GERMANY,A FLUG AC FACTORIES,A/C COMPONENT PLANTS,52.6,12.33,B24,2.0,10.0,220.0,,18.0,,18.0,VISUAL
77947,100114.0,1944-04-18,8,GERMANY,TEXTILE PLANT,CHEMICAL PLANTS,49.08,9.67,B24,2.0,7.0,195.0,14.0,,,14.0,VISUAL
77593,100115.0,1944-04-18,8,GERMANY,TEXTILE PLANT,CHEMICAL PLANTS,49.08,9.67,B24,2.0,16.0,258.0,,23.0,,23.0,VISUAL
77977,100138.0,1944-04-18,8,GERMANY,AIRDROME,AIR FIELDS AND AIRDROMES,52.75,13.27,B17,2.0,1.0,,1.0,,,1.0,NOT INDICATED
77585,100139.0,1944-04-18,8,GERMANY,AIRDROME,AIR FIELDS AND AIRDROMES,52.75,13.27,B17,2.0,21.0,260.0,40.0,,,40.0,F.F.F.
77586,100140.0,1944-04-18,8,GERMANY,AIRDROME,AIR FIELDS AND AIRDROMES,52.75,13.27,B17,2.0,12.0,260.0,10.0,24.0,,34.0,F.F.F.
77909,100153.0,1944-04-18,8,GERMANY,ARMAMENT WORKS,ARMAMENT AND ORDNANCE PLANTS,53.55,13.28,B24,4.0,12.0,230.0,,22.0,,22.0,VISUAL
77972,100154.0,1944-04-18,8,GERMANY,ARMAMENT WORKS,ARMAMENT AND ORDNANCE PLANTS,53.55,13.28,B24,2.0,2.0,,4.0,,,4.0,NOT INDICATED
77911,100166.0,1944-04-18,8,GERMANY,ARMAMENT WORKS,ARMAMENT AND ORDNANCE PLANTS,53.55,13.28,B24,4.0,12.0,230.0,,22.0,,22.0,VISUAL
77974,100167.0,1944-04-18,8,GERMANY,ARMAMENT WORKS,ARMAMENT AND ORDNANCE PLANTS,53.55,13.28,B24,2.0,2.0,,4.0,,,4.0,NOT INDICATED
77948,100168.0,1944-04-18,8,GERMANY,TEXTILE PLANT,CHEMICAL PLANTS,49.08,9.67,B24,2.0,7.0,195.0,14.0,,,14.0,VISUAL
77595,100169.0,1944-04-18,8,GERMANY,TEXTILE PLANT,CHEMICAL PLANTS,49.08,9.67,B17,2.0,16.0,258.0,,23.0,,23.0,VISUAL
77597,100172.0,1944-04-18,8,GERMANY,CITY AREA,CITIES TOWNS AND URBAN AREAS,52.6,12.55,B17,2.0,19.0,245.0,15.0,38.0,,53.0,VISUAL
77581,100173.0,1944-04-18,8,GERMANY,CITY AREA,CITIES TOWNS AND URBAN AREAS,52.6,12.55,B17,2.0,21.0,260.0,17.0,27.0,,44.0,VISUAL
77954,100174.0,1944-04-18,8,GERMANY,CITY AREA,CITIES TOWNS AND URBAN AREAS,52.6,12.55,B17,2.0,1.0,,1.0,2.0,,3.0,NOT INDICATED
77970,100175.0,1944-04-18,8,GERMANY,UNIDENTIFIED TARGET,UNIDENTIFIED TARGETS,49.02,11.93,B24,2.0,1.0,,2.0,,,2.0,NOT INDICATED
77957,100179.0,1944-04-18,8,GERMANY,CITY AREA,CITIES TOWNS AND URBAN AREAS,52.77,7.22,B24,2.0,1.0,,,2.0,,2.0,NOT INDICATED
77963,100180.0,1944-04-18,8,GERMANY,CITY AREA,CITIES TOWNS AND URBAN AREAS,50.51,14.49,B24,2.0,1.0,,2.0,,,2.0,NOT INDICATED
77966,100181.0,1944-04-18,8,GERMANY,CITY AREA,CITIES TOWNS AND URBAN AREAS,52.83,12.07,B24,2.0,2.0,,4.0,,,4.0,NOT INDICATED
77934,164060.0,1944-04-18,8,GERMANY,ARADO AC FACTORY,AIRCRAFT FACTORIES AND ASSEMBLY PLANTS,52.4,12.52,B24,4.0,21.0,222.0,,38.0,,38.0,VISUAL
77961,164061.0,1944-04-18,8,GERMANY,ARADO AC FACTORY,AIRCRAFT FACTORIES AND ASSEMBLY PLANTS,52.4,12.52,B17,2.0,2.0,,2.0,,,2.0,NOT INDICATED
77952,164062.0,1944-04-18,8,GERMANY,ARADO AC FACTORY,AIRCRAFT FACTORIES AND ASSEMBLY PLANTS,52.4,12.52,B17,2.0,17.0,190.0,14.0,34.0,,48.0,F.F.F.
77914,164063.0,1944-04-18,8,GERMANY,AC COMPONENT PLANT,A/C COMPONENT PLANTS,52.75,13.27,B17,4.0,26.0,230.0,45.0,,,45.0,VISUAL
77907,164064.0,1944-04-18,8,GERMANY,AC COMPONENT PLANT,A/C COMPONENT PLANTS,52.75,13.27,B17,4.0,32.0,237.0,,44.0,,44.0,VISUAL
77978,164065.0,1944-04-18,8,GERMANY,AC COMPONENT PLANT,A/C COMPONENT PLANTS,52.75,13.27,B17,4.0,6.0,,4.0,6.0,,10.0,NOT INDICATED
77902,164066.0,1944-04-18,8,GERMANY,AC COMPONENT PLANT,A/C COMPONENT PLANTS,52.75,13.27,B17,4.0,15.0,240.0,,20.0,,20.0,VISUAL
77903,164067.0,1944-04-18,8,GERMANY,AC COMPONENT PLANT,A/C COMPONENT PLANTS,52.75,13.27,B17,4.0,28.0,240.0,49.0,,,49.0,VISUAL
77587,164068.0,1944-04-18,8,GERMANY,AC COMPONENT PLANT,A/C COMPONENT PLANTS,52.75,13.27,B17,4.0,22.0,260.0,,31.0,,31.0,VISUAL
77929,164069.0,1944-04-18,8,GERMANY,A FLUG AC FACTORIES,A/C COMPONENT PLANTS,52.6,12.33,B24,4.0,23.0,225.0,,41.0,,41.0,VISUAL
77984,164070.0,1944-04-18,8,GERMANY,A FLUG AC FACTORIES,A/C COMPONENT PLANTS,52.6,12.33,B24,4.0,2.0,,2.0,,,2.0,NOT INDICATED
77918,164071.0,1944-04-18,8,GERMANY,A FLUG AC FACTORIES,A/C COMPONENT PLANTS,52.6,12.33,B24,4.0,20.0,230.0,,36.0,,36.0,VISUAL
77919,164072.0,1944-04-18,8,GERMANY,A FLUG AC FACTORIES,A/C COMPONENT PLANTS,52.6,12.33,B24,4.0,22.0,230.0,44.0,,,44.0,VISUAL
77930,164073.0,1944-04-18,8,GERMANY,A FLUG AC FACTORIES,A/C COMPONENT PLANTS,52.6,12.33,B24,4.0,22.0,225.0,44.0,,,44.0,VISUAL
77945,164074.0,1944-04-18,8,GERMANY,A FLUG AC FACTORIES,A/C COMPONENT PLANTS,52.6,12.33,B24,4.0,20.0,200.0,,34.0,,34.0,VISUAL
77940,164075.0,1944-04-18,8,GERMANY,A FLUG AC FACTORIES,A/C COMPONENT PLANTS,52.6,12.33,B24,4.0,23.0,220.0,,41.0,,41.0,VISUAL
77985,164076.0,1944-04-18,8,GERMANY,A FLUG AC FACTORIES,A/C COMPONENT PLANTS,52.6,12.33,B24,4.0,2.0,,,4.0,,4.0,NOT INDICATED
77989,164077.0,1944-04-18,8,GERMANY,A FLUG AC FACTORIES,A/C COMPONENT PLANTS,52.6,12.33,B17,2.0,3.0,,2.0,6.0,,8.0,NOT INDICATED
77923,164078.0,1944-04-18,8,GERMANY,A FLUG AC FACTORIES,A/C COMPONENT PLANTS,52.6,12.33,B17,2.0,9.0,230.0,7.0,18.0,,25.0,F.F.F.
77991,164079.0,1944-04-18,8,GERMANY,A FLUG AC FACTORIES,A/C COMPONENT PLANTS,52.6,12.33,B17,2.0,6.0,,5.0,12.0,,17.0,NOT INDICATED
77941,164080.0,1944-04-18,8,GERMANY,A FLUG AC FACTORIES,A/C COMPONENT PLANTS,52.6,12.33,B24,2.0,10.0,220.0,,18.0,,18.0,VISUAL
77971,164084.0,1944-04-18,8,GERMANY,UNIDENTIFIED TARGET,UNIDENTIFIED TARGETS,49.02,11.93,B24,2.0,1.0,,2.0,,,2.0,NOT INDICATED
77598,164099.0,1944-04-18,8,GERMANY,CITY AREA,CITIES TOWNS AND URBAN AREAS,52.6,12.55,B17,2.0,19.0,245.0,15.0,38.0,,53.0,VISUAL
77582,164100.0,1944-04-18,8,GERMANY,CITY AREA,CITIES TOWNS AND URBAN AREAS,52.6,12.55,B17,2.0,21.0,260.0,17.0,27.0,,44.0,VISUAL
77955,164101.0,1944-04-18,8,GERMANY,CITY AREA,CITIES TOWNS AND URBAN AREAS,52.6,12.55,B17,2.0,1.0,,1.0,2.0,,3.0,NOT INDICATED
77958,164102.0,1944-04-18,8,GERMANY,CITY AREA,CITIES TOWNS AND URBAN AREAS,52.77,7.22,B24,2.0,1.0,,,2.0,,2.0,NOT INDICATED
77964,164103.0,1944-04-18,8,GERMANY,CITY AREA,CITIES TOWNS AND URBAN AREAS,50.51,14.49,B24,2.0,1.0,,2.0,,,2.0,NOT INDICATED
77967,164104.0,1944-04-18,8,GERMANY,CITY AREA,CITIES TOWNS AND URBAN AREAS,52.83,12.07,B24,2.0,2.0,,4.0,,,4.0,NOT INDICATED
77599,164128.0,1944-04-18,8,GERMANY,CITY AREA,CITIES TOWNS AND URBAN AREAS,52.6,12.55,B17,2.0,19.0,245.0,15.0,38.0,,53.0,VISUAL
77583,164129.0,1944-04-18,8,GERMANY,CITY AREA,CITIES TOWNS AND URBAN AREAS,52.6,12.55,B17,2.0,21.0,260.0,17.0,27.0,,44.0,VISUAL
77956,164130.0,1944-04-18,8,GERMANY,CITY AREA,CITIES TOWNS AND URBAN AREAS,52.6,12.55,B17,2.0,1.0,,1.0,2.0,,3.0,NOT INDICATED
77959,164131.0,1944-04-18,8,GERMANY,CITY AREA,CITIES TOWNS AND URBAN AREAS,52.77,7.22,B24,2.0,1.0,,,2.0,,2.0,NOT INDICATED
77965,164132.0,1944-04-18,8,GERMANY,CITY AREA,CITIES TOWNS AND URBAN AREAS,50.51,14.49,B24,2.0,1.0,,2.0,,,2.0,NOT INDICATED
77968,164133.0,1944-04-18,8,GERMANY,CITY AREA,CITIES TOWNS AND URBAN AREAS,52.83,12.07,B24,2.0,2.0,,4.0,,,4.0,NOT INDICATED
77949,164135.0,1944-04-18,8,GERMANY,TEXTILE PLANT,CHEMICAL PLANTS,49.08,9.67,B24,2.0,7.0,195.0,14.0,,,14.0,VISUAL
77594,164136.0,1944-04-18,8,GERMANY,TEXTILE PLANT,CHEMICAL PLANTS,49.08,9.67,B24,2.0,16.0,258.0,,23.0,,23.0,VISUAL
77969,164140.0,1944-04-18,8,GERMANY,UNIDENTIFIED TARGET,UNIDENTIFIED TARGETS,49.02,11.93,B24,2.0,1.0,,2.0,,,2.0,NOT INDICATED
77935,164150.0,1944-04-18,8,GERMANY,ARADO AC FACTORY,AIRCRAFT FACTORIES AND ASSEMBLY PLANTS,52.4,12.52,B24,4.0,21.0,222.0,,38.0,,38.0,VISUAL
77936,164151.0,1944-04-18,8,GERMANY,ARADO AC FACTORY,AIRCRAFT FACTORIES AND ASSEMBLY PLANTS,52.4,12.52,B17,2.0,14.0,220.0,11.0,27.0,,38.0,F.F.F.
77962,164152.0,1944-04-18,8,GERMANY,ARADO AC FACTORY,AIRCRAFT FACTORIES AND ASSEMBLY PLANTS,52.4,12.52,B17,2.0,2.0,,2.0,,,2.0,NOT INDICATED
77953,164153.0,1944-04-18,8,GERMANY,ARADO AC FACTORY,AIRCRAFT FACTORIES AND ASSEMBLY PLANTS,52.4,12.52,B17,2.0,17.0,190.0,14.0,34.0,,48.0,F.F.F.
77915,164154.0,1944-04-18,8,GERMANY,AC COMPONENT PLANT,A/C COMPONENT PLANTS,52.75,13.27,B17,4.0,26.0,230.0,45.0,,,45.0,VISUAL
77908,164155.0,1944-04-18,8,GERMANY,AC COMPONENT PLANT,A/C COMPONENT PLANTS,52.75,13.27,B17,4.0,32.0,237.0,,44.0,,44.0,VISUAL
77979,164156.0,1944-04-18,8,GERMANY,AC COMPONENT PLANT,A/C COMPONENT PLANTS,52.75,13.27,B17,4.0,6.0,,4.0,6.0,,10.0,NOT INDICATED
77904,164157.0,1944-04-18,8,GERMANY,AC COMPONENT PLANT,A/C COMPONENT PLANTS,52.75,13.27,B17,4.0,15.0,240.0,,20.0,,20.0,VISUAL
77905,164158.0,1944-04-18,8,GERMANY,AC COMPONENT PLANT,A/C COMPONENT PLANTS,52.75,13.27,B17,4.0,28.0,240.0,49.0,,,49.0,VISUAL
77588,164159.0,1944-04-18,8,GERMANY,AC COMPONENT PLANT,A/C COMPONENT PLANTS,52.75,13.27,B17,4.0,22.0,260.0,,31.0,,31.0,VISUAL
77931,164160.0,1944-04-18,8,GERMANY,A FLUG AC FACTORIES,A/C COMPONENT PLANTS,52.6,12.33,B24,4.0,23.0,225.0,,41.0,,41.0,VISUAL
77987,164161.0,1944-04-18,8,GERMANY,A FLUG AC FACTORIES,A/C COMPONENT PLANTS,52.6,12.33,B24,4.0,2.0,,2.0,,,2.0,NOT INDICATED
77921,164162.0,1944-04-18,8,GERMANY,A FLUG AC FACTORIES,A/C COMPONENT PLANTS,52.6,12.33,B24,4.0,20.0,230.0,,36.0,,36.0,VISUAL
77922,164163.0,1944-04-18,8,GERMANY,A FLUG AC FACTORIES,A/C COMPONENT PLANTS,52.6,12.33,B24,4.0,22.0,230.0,44.0,,,44.0,VISUAL
77932,164164.0,1944-04-18,8,GERMANY,A FLUG AC FACTORIES,A/C COMPONENT PLANTS,52.6,12.33,B24,4.0,22.0,225.0,44.0,,,44.0,VISUAL
77946,164165.0,1944-04-18,8,GERMANY,A FLUG AC FACTORIES,A/C COMPONENT PLANTS,52.6,12.33,B24,4.0,20.0,200.0,,34.0,,34.0,VISUAL
77942,164166.0,1944-04-18,8,GERMANY,A FLUG AC FACTORIES,A/C COMPONENT PLANTS,52.6,12.33,B24,4.0,23.0,220.0,,41.0,,41.0,VISUAL
77990,164167.0,1944-04-18,8,GERMANY,A FLUG AC FACTORIES,A/C COMPONENT PLANTS,52.6,12.33,B24,4.0,2.0,,,4.0,,4.0,NOT INDICATED
77992,164168.0,1944-04-18,8,GERMANY,A FLUG AC FACTORIES,A/C COMPONENT PLANTS,52.6,12.33,B17,2.0,3.0,,2.0,6.0,,8.0,NOT INDICATED
77924,164169.0,1944-04-18,8,GERMANY,A FLUG AC FACTORIES,A/C COMPONENT PLANTS,52.6,12.33,B17,2.0,9.0,230.0,7.0,18.0,,25.0,F.F.F.
77993,164170.0,1944-04-18,8,GERMANY,A FLUG AC FACTORIES,A/C COMPONENT PLANTS,52.6,12.33,B17,2.0,6.0,,5.0,12.0,,17.0,NOT INDICATED
77943,164171.0,1944-04-18,8,GERMANY,A FLUG AC FACTORIES,A/C COMPONENT PLANTS,52.6,12.33,B24,2.0,10.0,220.0,,18.0,,18.0,VISUAL
77910,164192.0,1944-04-18,8,GERMANY,ARMAMENT WORKS,ARMAMENT AND ORDNANCE PLANTS,53.55,13.28,B24,4.0,12.0,230.0,,22.0,,22.0,VISUAL
77973,164193.0,1944-04-18,8,GERMANY,ARMAMENT WORKS,ARMAMENT AND ORDNANCE PLANTS,53.55,13.28,B24,2.0,2.0,,4.0,,,4.0,NOT INDICATED
77912,164194.0,1944-04-18,8,GERMANY,ARMAMENT WORKS,ARMAMENT AND ORDNANCE PLANTS,53.55,13.28,B24,4.0,12.0,230.0,,22.0,,22.0,VISUAL
77975,164195.0,1944-04-18,8,GERMANY,ARMAMENT WORKS,ARMAMENT AND ORDNANCE PLANTS,53.55,13.28,B24,2.0,2.0,,4.0,,,4.0,NOT INDICATED
77950,164196.0,1944-04-18,8,GERMANY,TEXTILE PLANT,CHEMICAL PLANTS,49.08,9.67,B24,2.0,7.0,195.0,14.0,,,14.0,VISUAL
77596,164197.0,1944-04-18,8,GERMANY,TEXTILE PLANT,CHEMICAL PLANTS,49.08,9.67,B17,2.0,16.0,258.0,,23.0,,23.0,VISUAL
77937,164198.0,1944-04-18,8,GERMANY,ARADO AC FACTORY,AIRCRAFT FACTORIES AND ASSEMBLY PLANTS,52.4,12.52,B17,2.0,14.0,220.0,11.0,27.0,,38.0,F.F.F.
77980,202668.0,1944-04-18,8,GERMANY,AIRDROME,AIR FIELDS AND AIRDROMES,52.75,13.27,B17,2.0,1.0,,1.0,,,1.0,NOT INDICATED
77589,202669.0,1944-04-18,8,GERMANY,AIRDROME,AIR FIELDS AND AIRDROMES,52.75,13.27,B17,2.0,21.0,260.0,40.0,,,40.0,F.F.F.
77590,202670.0,1944-04-18,8,GERMANY,AIRDROME,AIR FIELDS AND AIRDROMES,52.75,13.27,B17,2.0,12.0,260.0,10.0,24.0,,34.0,F.F.F.
77981,202684.0,1944-04-18,8,GERMANY,AIRDROME,AIR FIELDS AND AIRDROMES,52.75,13.27,B17,4.0,1.0,,1.0,,,1.0,NOT INDICATED
77591,202685.0,1944-04-18,8,GERMANY,AIRDROME,AIR FIELDS AND AIRDROMES,52.75,13.27,B17,2.0,21.0,260.0,40.0,,,40.0,F.F.F.
77592,202686.0,1944-04-18,8,GERMANY,AIRDROME,AIR FIELDS AND AIRDROMES,52.75,13.27,B17,2.0,12.0,260.0,10.0,24.0,,34.0,F.F.F.
79135,100183.0,1944-04-19,12,GERMANY,FIESELER AC WORKS,AIRCRAFT FACTORIES AND ASSEMBLY PLANTS,51.32,9.47,B17,4.0,6.0,216.0,,8.0,,8.0,VISUAL
79141,100184.0,1944-04-19,12,GERMANY,FIESELER AC WORKS,AIRCRAFT FACTORIES AND ASSEMBLY PLANTS,51.32,9.47,B17,4.0,20.0,205.0,48.0,,,48.0,VISUAL
79144,100185.0,1944-04-19,12,GERMANY,FIESELER AC WORKS,AIRCRAFT FACTORIES AND ASSEMBLY PLANTS,51.32,9.47,B17,4.0,18.0,204.0,43.0,,,43.0,VISUAL
79150,100186.0,1944-04-19,12,GERMANY,FIESELER AC WORKS,AIRCRAFT FACTORIES AND ASSEMBLY PLANTS,51.32,9.47,B17,4.0,5.0,,12.0,,,12.0,NOT INDICATED
79126,100187.0,1944-04-19,12,GERMANY,FIESELER AC WORKS,AIRCRAFT FACTORIES AND ASSEMBLY PLANTS,51.32,9.47,B17,4.0,26.0,220.0,43.0,13.0,,56.0,VISUAL
79117,100188.0,1944-04-19,12,GERMANY,FIESELER AC WORKS,AIRCRAFT FACTORIES AND ASSEMBLY PLANTS,51.32,9.47,B17,4.0,26.0,230.0,35.0,17.0,,52.0,VISUAL
79118,100189.0,1944-04-19,12,GERMANY,FIESELER AC WORKS,AIRCRAFT FACTORIES AND ASSEMBLY PLANTS,51.32,9.47,B17,4.0,19.0,230.0,,26.0,,26.0,VISUAL
79132,100190.0,1944-04-19,12,GERMANY,FIESELER AC WORKS,AIRCRAFT FACTORIES AND ASSEMBLY PLANTS,51.32,9.47,B17,4.0,19.0,218.0,46.0,,,46.0,VISUAL
79127,100191.0,1944-04-19,12,GERMANY,FIESELER AC WORKS,AIRCRAFT FACTORIES AND ASSEMBLY PLANTS,51.32,9.47,B17,4.0,19.0,220.0,33.0,9.0,,42.0,VISUAL
79136,100192.0,1944-04-19,12,GERMANY,FIESELER AC WORKS,AIRCRAFT FACTORIES AND ASSEMBLY PLANTS,51.32,9.47,B17,3.0,17.0,216.0,40.0,,,40.0,VISUAL
79151,100193.0,1944-04-19,12,GERMANY,FIESELER AC WORKS,AIRCRAFT FACTORIES AND ASSEMBLY PLANTS,51.32,9.47,B17,3.0,1.0,,2.0,,,2.0,NOT INDICATED
79119,100194.0,1944-04-19,12,GERMANY,FIESELER AC WORKS,AIRCRAFT FACTORIES AND ASSEMBLY PLANTS,51.32,9.47,B17,3.0,20.0,230.0,,27.0,,27.0,VISUAL
79147,100195.0,1944-04-19,12,GERMANY,FIESELER AC WORKS,AIRCRAFT FACTORIES AND ASSEMBLY PLANTS,51.32,9.47,B17,3.0,16.0,200.0,,23.0,,23.0,VISUAL
79115,100196.0,1944-04-19,15,GERMANY,MFG,MANUFACTURING INSTALLATIONS (NOT SPECIFICALLY IDENTIFIED BELOW FROM CLASS 11 THROUGH 59),47.33,14.5,B24,1.0,14.0,180.0,28.0,,,28.0,VISUAL
79156,100243.0,1944-04-19,9,GERMANY,CITY AREA,CITIES TOWNS AND URBAN AREAS,51.4,8.57,B24,1.0,1.0,,2.0,,,2.0,NOT INDICATED
79161,100244.0,1944-04-19,8,GERMANY,CITY AREA,CITIES TOWNS AND URBAN AREAS,51.55,8.55,B24,1.0,12.0,,30.0,,,30.0,NOT INDICATED
79137,164199.0,1944-04-19,12,GERMANY,FIESELER AC WORKS,AIRCRAFT FACTORIES AND ASSEMBLY PLANTS,51.32,9.47,B17,4.0,6.0,216.0,,8.0,,8.0,VISUAL
79142,164200.0,1944-04-19,12,GERMANY,FIESELER AC WORKS,AIRCRAFT FACTORIES AND ASSEMBLY PLANTS,51.32,9.47,B17,4.0,20.0,205.0,48.0,,,48.0,VISUAL
79145,164201.0,1944-04-19,12,GERMANY,FIESELER AC WORKS,AIRCRAFT FACTORIES AND ASSEMBLY PLANTS,51.32,9.47,B17,4.0,18.0,204.0,43.0,,,43.0,VISUAL
79152,164202.0,1944-04-19,12,GERMANY,FIESELER AC WORKS,AIRCRAFT FACTORIES AND ASSEMBLY PLANTS,51.32,9.47,B17,4.0,5.0,,12.0,,,12.0,NOT INDICATED
79128,164203.0,1944-04-19,12,GERMANY,FIESELER AC WORKS,AIRCRAFT FACTORIES AND ASSEMBLY PLANTS,51.32,9.47,B17,4.0,26.0,220.0,43.0,13.0,,56.0,VISUAL
79120,164204.0,1944-04-19,12,GERMANY,FIESELER AC WORKS,AIRCRAFT FACTORIES AND ASSEMBLY PLANTS,51.32,9.47,B17,4.0,26.0,230.0,35.0,17.0,,52.0,VISUAL
79121,164205.0,1944-04-19,12,GERMANY,FIESELER AC WORKS,AIRCRAFT FACTORIES AND ASSEMBLY PLANTS,51.32,9.47,B17,4.0,19.0,230.0,,26.0,,26.0,VISUAL
79133,164206.0,1944-04-19,12,GERMANY,FIESELER AC WORKS,AIRCRAFT FACTORIES AND ASSEMBLY PLANTS,51.32,9.47,B17,4.0,19.0,218.0,46.0,,,46.0,VISUAL
79129,164207.0,1944-04-19,12,GERMANY,FIESELER AC WORKS,AIRCRAFT FACTORIES AND ASSEMBLY PLANTS,51.32,9.47,B17,4.0,19.0,220.0,33.0,9.0,,42.0,VISUAL
79138,164208.0,1944-04-19,12,GERMANY,FIESELER AC WORKS,AIRCRAFT FACTORIES AND ASSEMBLY PLANTS,51.32,9.47,B17,3.0,17.0,216.0,40.0,,,40.0,VISUAL
79153,164209.0,1944-04-19,12,GERMANY,FIESELER AC WORKS,AIRCRAFT FACTORIES AND ASSEMBLY PLANTS,51.32,9.47,B17,3.0,1.0,,2.0,,,2.0,NOT INDICATED
79122,164210.0,1944-04-19,12,GERMANY,FIESELER AC WORKS,AIRCRAFT FACTORIES AND ASSEMBLY PLANTS,51.32,9.47,B17,3.0,20.0,230.0,,27.0,,27.0,VISUAL
79148,164211.0,1944-04-19,12,GERMANY,FIESELER AC WORKS,AIRCRAFT FACTORIES AND ASSEMBLY PLANTS,51.32,9.47,B17,3.0,16.0,200.0,,23.0,,23.0,VISUAL
79157,164217.0,1944-04-19,9,GERMANY,CITY AREA,CITIES TOWNS AND URBAN AREAS,51.4,8.57,B24,1.0,1.0,,2.0,,,2.0,NOT INDICATED
79162,164218.0,1944-04-19,8,GERMANY,CITY AREA,CITIES TOWNS AND URBAN AREAS,51.55,8.55,B24,1.0,12.0,,30.0,,,30.0,NOT INDICATED
79158,164222.0,1944-04-19,9,GERMANY,CITY AREA,CITIES TOWNS AND URBAN AREAS,51.4,8.57,B24,1.0,1.0,,2.0,,,2.0,NOT INDICATED
79163,164223.0,1944-04-19,8,GERMANY,CITY AREA,CITIES TOWNS AND URBAN AREAS,51.55,8.55,B24,1.0,12.0,,30.0,,,30.0,NOT INDICATED
79114,164225.0,1944-04-19,15,GERMANY,MFG,MANUFACTURING INSTALLATIONS (NOT SPECIFICALLY IDENTIFIED BELOW FROM CLASS 11 THROUGH 59),47.33,14.5,B24,1.0,14.0,180.0,28.0,,,28.0,VISUAL
79116,164226.0,1944-04-19,15,GERMANY,MFG,MANUFACTURING INSTALLATIONS (NOT SPECIFICALLY IDENTIFIED BELOW FROM CLASS 11 THROUGH 59),47.33,14.5,B24,1.0,14.0,180.0,28.0,,,28.0,VISUAL
79139,164231.0,1944-04-19,12,GERMANY,FIESELER AC WORKS,AIRCRAFT FACTORIES AND ASSEMBLY PLANTS,51.32,9.47,B17,4.0,6.0,216.0,,8.0,,8.0,VISUAL
79143,164232.0,1944-04-19,12,GERMANY,FIESELER AC WORKS,AIRCRAFT FACTORIES AND ASSEMBLY PLANTS,51.32,9.47,B17,4.0,20.0,205.0,48.0,,,48.0,VISUAL
79146,164233.0,1944-04-19,12,GERMANY,FIESELER AC WORKS,AIRCRAFT FACTORIES AND ASSEMBLY PLANTS,51.32,9.47,B17,4.0,18.0,204.0,43.0,,,43.0,VISUAL
79154,164234.0,1944-04-19,12,GERMANY,FIESELER AC WORKS,AIRCRAFT FACTORIES AND ASSEMBLY PLANTS,51.32,9.47,B17,4.0,5.0,,12.0,,,12.0,NOT INDICATED
79130,164235.0,1944-04-19,12,GERMANY,FIESELER AC WORKS,AIRCRAFT FACTORIES AND ASSEMBLY PLANTS,51.32,9.47,B17,4.0,26.0,220.0,43.0,13.0,,56.0,VISUAL
79123,164236.0,1944-04-19,12,GERMANY,FIESELER AC WORKS,AIRCRAFT FACTORIES AND ASSEMBLY PLANTS,51.32,9.47,B17,4.0,26.0,230.0,35.0,17.0,,52.0,VISUAL
79124,164237.0,1944-04-19,12,GERMANY,FIESELER AC WORKS,AIRCRAFT FACTORIES AND ASSEMBLY PLANTS,51.32,9.47,B17,4.0,19.0,230.0,,26.0,,26.0,VISUAL
79134,164238.0,1944-04-19,12,GERMANY,FIESELER AC WORKS,AIRCRAFT FACTORIES AND ASSEMBLY PLANTS,51.32,9.47,B17,4.0,19.0,218.0,46.0,,,46.0,VISUAL
79131,164239.0,1944-04-19,12,GERMANY,FIESELER AC WORKS,AIRCRAFT FACTORIES AND ASSEMBLY PLANTS,51.32,9.47,B17,4.0,19.0,220.0,33.0,9.0,,42.0,VISUAL
79140,164240.0,1944-04-19,12,GERMANY,FIESELER AC WORKS,AIRCRAFT FACTORIES AND ASSEMBLY PLANTS,51.32,9.47,B17,3.0,17.0,216.0,40.0,,,40.0,VISUAL
79155,164241.0,1944-04-19,12,GERMANY,FIESELER AC WORKS,AIRCRAFT FACTORIES AND ASSEMBLY PLANTS,51.32,9.47,B17,3.0,1.0,,2.0,,,2.0,NOT INDICATED
79125,164242.0,1944-04-19,12,GERMANY,FIESELER AC WORKS,AIRCRAFT FACTORIES AND ASSEMBLY PLANTS,51.32,9.47,B17,3.0,20.0,230.0,,27.0,,27.0,VISUAL
79149,164243.0,1944-04-19,12,GERMANY,FIESELER AC WORKS,AIRCRAFT FACTORIES AND ASSEMBLY PLANTS,51.32,9.47,B17,3.0,16.0,200.0,,23.0,,23.0,VISUAL
79159,164246.0,1944-04-19,9,GERMANY,MARSHALLING YARD,"""RR INSTALLATIONS,  TRACKS,  MARSHALLING YARDS,  AND STATIONS""",50.35,7.6,B24,3.0,8.0,,16.0,,,16.0,NOT INDICATED
79160,164247.0,1944-04-19,9,GERMANY,MARSHALLING YARD,"""RR INSTALLATIONS,  TRACKS,  MARSHALLING YARDS,  AND STATIONS""",50.35,7.6,B24,3.0,1.0,,2.0,,,2.0,NOT INDICATED
79972,100266.0,1944-04-20,9,FRANCE,CROSS BOW TARGET,V - WEAPON LAUNCHING SITES,43.38,5.37,B26,,,120.0,37.0,,,37.0,VISUAL
79969,100277.0,1944-04-20,9,FRANCE,V WEAPON SITE,V - WEAPON LAUNCHING SITES,50.83,2.07,B17,4.0,24.0,200.0,72.0,,,72.0,VISUAL
79977,100279.0,1944-04-20,8,FRANCE,V WEAPONS,V - WEAPON LAUNCHING SITES,49.47,-2.3,B17,4.0,20.0,230.0,60.0,,,60.0,VISUAL
80301,100280.0,1944-04-20,8,FRANCE,V WEAPONS,V - WEAPON LAUNCHING SITES,49.47,-2.3,B17,4.0,,,18.0,,,18.0,NOT INDICATED
79989,100281.0,1944-04-20,8,FRANCE,V WEAPONS,V - WEAPON LAUNCHING SITES,49.47,-2.3,B17,4.0,20.0,200.0,60.0,,,60.0,VISUAL
80302,100282.0,1944-04-20,8,FRANCE,V WEAPONS,V - WEAPON LAUNCHING SITES,49.47,-2.3,B17,4.0,,,19.0,,,19.0,NOT INDICATED
79983,100299.0,1944-04-20,8,FRANCE,CITY AREA,CITIES TOWNS AND URBAN AREAS,46.18,-0.47,B17,4.0,12.0,210.0,36.0,,,36.0,VISUAL
79992,100304.0,1944-04-20,8,FRANCE,CITY AREA,CITIES TOWNS AND URBAN AREAS,44.83,-0.9,B17,4.0,23.0,200.0,68.0,,,68.0,VISUAL
79998,100305.0,1944-04-20,8,FRANCE,CITY AREA,CITIES TOWNS AND URBAN AREAS,44.83,-0.9,B17,4.0,21.0,190.0,62.0,,,62.0,VISUAL
80307,100306.0,1944-04-20,8,FRANCE,CITY AREA,CITIES TOWNS AND URBAN AREAS,44.83,-0.9,B17,4.0,,,20.0,,,20.0,NOT INDICATED
80308,100307.0,1944-04-20,8,FRANCE,CITY AREA,CITIES TOWNS AND URBAN AREAS,44.83,-0.9,B17,4.0,3.0,,9.0,,,9.0,NOT INDICATED
80315,100317.0,1944-04-20,8,FRANCE,UNIDENTIFIED TARGET,UNIDENTIFIED TARGETS,48.25,8.0,B17,2.0,7.0,,21.0,,,21.0,NOT INDICATED
80313,164253.0,1944-04-20,8,FRANCE,UNIDENTIFIED TARGET,UNIDENTIFIED TARGETS,49.99,1.79,B17,4.0,9.0,,27.0,,,27.0,NOT INDICATED
79975,164254.0,1944-04-20,9,FRANCE,UNIDENTIFIED TARGET,UNIDENTIFIED TARGETS,49.99,1.79,B17,4.0,4.0,,12.0,,,12.0,NOT INDICATED
80316,164256.0,1944-04-20,8,FRANCE,UNIDENTIFIED TARGET,UNIDENTIFIED TARGETS,48.25,8.0,B17,2.0,7.0,,21.0,,,21.0,NOT INDICATED
79984,164260.0,1944-04-20,8,FRANCE,CITY AREA,CITIES TOWNS AND URBAN AREAS,46.18,-0.47,B17,4.0,12.0,210.0,36.0,,,36.0,VISUAL
79993,164265.0,1944-04-20,8,FRANCE,CITY AREA,CITIES TOWNS AND URBAN AREAS,44.83,-0.9,B17,4.0,23.0,200.0,68.0,,,68.0,VISUAL
79999,164266.0,1944-04-20,8,FRANCE,CITY AREA,CITIES TOWNS AND URBAN AREAS,44.83,-0.9,B17,4.0,21.0,190.0,62.0,,,62.0,VISUAL
80309,164267.0,1944-04-20,8,FRANCE,CITY AREA,CITIES TOWNS AND URBAN AREAS,44.83,-0.9,B17,4.0,,,20.0,,,20.0,NOT INDICATED
80310,164268.0,1944-04-20,8,FRANCE,CITY AREA,CITIES TOWNS AND URBAN AREAS,44.83,-0.9,B17,4.0,3.0,,9.0,,,9.0,NOT INDICATED
79985,164277.0,1944-04-20,8,FRANCE,CITY AREA,CITIES TOWNS AND URBAN AREAS,46.18,-0.47,B17,4.0,12.0,210.0,36.0,,,36.0,VISUAL
79994,164282.0,1944-04-20,8,FRANCE,CITY AREA,CITIES TOWNS AND URBAN AREAS,44.83,-0.9,B17,4.0,23.0,200.0,68.0,,,68.0,VISUAL
80000,164283.0,1944-04-20,8,FRANCE,CITY AREA,CITIES TOWNS AND URBAN AREAS,44.83,-0.9,B17,4.0,21.0,190.0,62.0,,,62.0,VISUAL
80311,164284.0,1944-04-20,8,FRANCE,CITY AREA,CITIES TOWNS AND URBAN AREAS,44.83,-0.9,B17,4.0,,,20.0,,,20.0,NOT INDICATED
80312,164285.0,1944-04-20,8,FRANCE,CITY AREA,CITIES TOWNS AND URBAN AREAS,44.83,-0.9,B17,4.0,3.0,,9.0,,,9.0,NOT INDICATED
80314,164295.0,1944-04-20,8,FRANCE,UNIDENTIFIED TARGET,UNIDENTIFIED TARGETS,49.99,1.79,B17,4.0,9.0,,27.0,,,27.0,NOT INDICATED
79976,164296.0,1944-04-20,9,FRANCE,UNIDENTIFIED TARGET,UNIDENTIFIED TARGETS,49.99,1.79,B17,4.0,4.0,,12.0,,,12.0,NOT INDICATED
80317,164298.0,1944-04-20,8,FRANCE,UNIDENTIFIED TARGET,UNIDENTIFIED TARGETS,48.25,8.0,B17,2.0,7.0,,21.0,,,21.0,NOT INDICATED
79970,202784.0,1944-04-20,9,FRANCE,V WEAPON SITE,V - WEAPON LAUNCHING SITES,50.83,2.07,B17,4.0,24.0,200.0,72.0,,,72.0,VISUAL
79978,202786.0,1944-04-20,8,FRANCE,V WEAPONS,V - WEAPON LAUNCHING SITES,49.47,-2.3,B17,4.0,20.0,230.0,60.0,,,60.0,VISUAL
80303,202787.0,1944-04-20,8,FRANCE,V WEAPONS,V - WEAPON LAUNCHING SITES,49.47,-2.3,B17,4.0,,,18.0,,,18.0,NOT INDICATED
79990,202788.0,1944-04-20,8,FRANCE,V WEAPONS,V - WEAPON LAUNCHING SITES,49.47,-2.3,B17,4.0,20.0,200.0,60.0,,,60.0,VISUAL
80304,202789.0,1944-04-20,8,FRANCE,V WEAPONS,V - WEAPON LAUNCHING SITES,49.47,-2.3,B17,4.0,,,19.0,,,19.0,NOT INDICATED
79974,202820.0,1944-04-20,9,FRANCE,CROSS BOW TARGET,V - WEAPON LAUNCHING SITES,43.38,5.37,B26,,,12.0,37.0,,,37.0,VISUAL
79973,202838.0,1944-04-20,9,FRANCE,CROSS BOW TARGET,V - WEAPON LAUNCHING SITES,43.38,5.37,B26,,,120.0,37.0,,,37.0,VISUAL
79971,202851.0,1944-04-20,9,FRANCE,V WEAPON SITE,V - WEAPON LAUNCHING SITES,50.83,2.07,B17,4.0,24.0,200.0,72.0,,,72.0,VISUAL
79979,202853.0,1944-04-20,8,FRANCE,V WEAPONS,V - WEAPON LAUNCHING SITES,49.47,-2.3,B17,4.0,20.0,230.0,60.0,,,60.0,VISUAL
80305,202854.0,1944-04-20,8,FRANCE,V WEAPONS,V - WEAPON LAUNCHING SITES,49.47,-2.3,B17,4.0,,,18.0,,,18.0,NOT INDICATED
79991,202855.0,1944-04-20,8,FRANCE,V WEAPONS,V - WEAPON LAUNCHING SITES,49.47,-2.3,B17,4.0,20.0,200.0,60.0,,,60.0,VISUAL
80306,202856.0,1944-04-20,8,FRANCE,V WEAPONS,V - WEAPON LAUNCHING SITES,49.47,-2.3,B17,4.0,,,19.0,,,19.0,NOT INDICATED
81833,100347.0,1944-04-22,9,FRANCE,CONSTRUCTION WORKS,V - WEAPON LAUNCHING SITES,49.99,1.79,A20,,,120.0,20.0,,,20.0,VISUAL
81842,100358.0,1944-04-22,8,GERMANY,AIRDROME,AIR FIELDS AND AIRDROMES,52.1,7.02,B17,2.0,1.0,,3.0,,,3.0,NOT INDICATED
81836,100372.0,1944-04-22,9,GERMANY,CITY AREA,CITIES TOWNS AND URBAN AREAS,50.73,7.07,B17,2.0,20.0,,60.0,,,60.0,NOT INDICATED
81837,164320.0,1944-04-22,9,GERMANY,CITY AREA,CITIES TOWNS AND URBAN AREAS,50.73,7.07,B17,2.0,20.0,,60.0,,,60.0,NOT INDICATED
81838,164328.0,1944-04-22,9,GERMANY,CITY AREA,CITIES TOWNS AND URBAN AREAS,50.73,7.07,B17,2.0,20.0,,60.0,,,60.0,NOT INDICATED
81839,164339.0,1944-04-22,9,GERMANY,MARSHALLING YARD,"""RR INSTALLATIONS,  TRACKS,  MARSHALLING YARDS,  AND STATIONS""",50.35,7.6,B24,1.0,,,1.0,,,1.0,NOT INDICATED
81840,164340.0,1944-04-22,9,GERMANY,MARSHALLING YARD,"""RR INSTALLATIONS,  TRACKS,  MARSHALLING YARDS,  AND STATIONS""",50.35,7.6,B24,1.0,2.0,,1.0,,,1.0,NOT INDICATED
81832,164341.0,1944-04-22,9,GERMANY,MARSHALLING YARD,"""RR INSTALLATIONS,  TRACKS,  MARSHALLING YARDS,  AND STATIONS""",50.35,7.6,B24,1.0,24.0,173.0,43.0,6.0,,49.0,VISUAL
81841,164342.0,1944-04-22,9,GERMANY,MARSHALLING YARD,"""RR INSTALLATIONS,  TRACKS,  MARSHALLING YARDS,  AND STATIONS""",50.35,7.6,B24,1.0,8.0,,14.0,2.0,,16.0,NOT INDICATED
81827,164343.0,1944-04-22,9,GERMANY,MARSHALLING YARD,"""RR INSTALLATIONS,  TRACKS,  MARSHALLING YARDS,  AND STATIONS""",50.35,7.6,B24,1.0,13.0,200.0,33.0,,,33.0,VISUAL
81843,202903.0,1944-04-22,8,GERMANY,AIRDROME,AIR FIELDS AND AIRDROMES,52.1,7.02,B17,2.0,1.0,,3.0,,,3.0,NOT INDICATED
81835,202912.0,1944-04-22,9,FRANCE,CONSTRUCTION WORKS,V - WEAPON LAUNCHING SITES,49.99,1.79,A20,,,12.0,20.0,,,20.0,VISUAL
81834,202930.0,1944-04-22,9,FRANCE,CONSTRUCTION WORKS,V - WEAPON LAUNCHING SITES,49.99,1.79,A20,,,120.0,20.0,,,20.0,VISUAL
81844,202947.0,1944-04-22,8,GERMANY,AIRDROME,AIR FIELDS AND AIRDROMES,52.1,7.02,B17,2.0,1.0,,3.0,,,3.0,NOT INDICATED
83123,100374.0,1944-04-23,15,AUSTRIA,AIRCRAFT FACTORIES,AIRCRAFT FACTORIES AND ASSEMBLY PLANTS,47.95,16.18,B24,4.0,33.0,195.0,81.0,,,81.0,NOT INDICATED
83105,100380.0,1944-04-23,15,AUSTRIA,HEINKEL AC FACTORY,AIRCRAFT FACTORIES AND ASSEMBLY PLANTS,48.12,16.53,B24,4.0,34.0,225.0,84.0,,,84.0,NOT INDICATED
83120,100381.0,1944-04-23,15,AUSTRIA,HEINKEL AC FACTORY,AIRCRAFT FACTORIES AND ASSEMBLY PLANTS,48.12,16.53,B24,4.0,36.0,200.0,90.0,,,90.0,NOT INDICATED
82699,100382.0,1944-04-23,15,AUSTRIA,HEINKEL AC FACTORY,AIRCRAFT FACTORIES AND ASSEMBLY PLANTS,48.12,16.53,B24,4.0,35.0,235.0,87.0,,,87.0,NOT INDICATED
83108,100383.0,1944-04-23,15,AUSTRIA,HEINKEL AC FACTORY,AIRCRAFT FACTORIES AND ASSEMBLY PLANTS,48.12,16.53,B24,4.0,38.0,220.0,95.0,,,95.0,NOT INDICATED
83114,100395.0,1944-04-23,15,AUSTRIA,AIRDROME,AIR FIELDS AND AIRDROMES,47.95,16.18,B24,4.0,37.0,210.0,,,74.0,74.0,NOT INDICATED
83111,100396.0,1944-04-23,15,AUSTRIA,AIRDROME,AIR FIELDS AND AIRDROMES,47.95,16.18,B24,4.0,23.0,215.0,58.0,,,58.0,NOT INDICATED
83115,100397.0,1944-04-23,15,AUSTRIA,AIRDROME,AIR FIELDS AND AIRDROMES,47.95,16.18,B24,4.0,24.0,210.0,61.0,,,61.0,NOT INDICATED
83127,100398.0,1944-04-23,15,AUSTRIA,AIRDROME,AIR FIELDS AND AIRDROMES,47.95,16.18,B24,4.0,25.0,190.0,61.0,,,61.0,NOT INDICATED
83102,100399.0,1944-04-23,15,AUSTRIA,AIRDROME,AIR FIELDS AND AIRDROMES,47.95,16.18,B24,4.0,32.0,225.0,,,8.0,8.0,NOT INDICATED
83125,100411.0,1944-04-23,15,AUSTRIA,AIRCRAFT FACTORIES,AIRCRAFT FACTORIES AND ASSEMBLY PLANTS,47.95,16.18,B24,4.0,33.0,195.0,81.0,,,81.0,NOT INDICATED
83124,164373.0,1944-04-23,15,AUSTRIA,AIRCRAFT FACTORIES,AIRCRAFT FACTORIES AND ASSEMBLY PLANTS,47.95,16.18,B24,4.0,33.0,195.0,81.0,,,81.0,NOT INDICATED
83106,164379.0,1944-04-23,15,AUSTRIA,HEINKEL AC FACTORY,AIRCRAFT FACTORIES AND ASSEMBLY PLANTS,48.12,16.53,B24,4.0,34.0,225.0,84.0,,,84.0,NOT INDICATED
83121,164380.0,1944-04-23,15,AUSTRIA,HEINKEL AC FACTORY,AIRCRAFT FACTORIES AND ASSEMBLY PLANTS,48.12,16.53,B24,4.0,36.0,200.0,90.0,,,90.0,NOT INDICATED
82700,164381.0,1944-04-23,15,AUSTRIA,HEINKEL AC FACTORY,AIRCRAFT FACTORIES AND ASSEMBLY PLANTS,48.12,16.53,B24,4.0,35.0,235.0,87.0,,,87.0,NOT INDICATED
83109,164382.0,1944-04-23,15,AUSTRIA,HEINKEL AC FACTORY,AIRCRAFT FACTORIES AND ASSEMBLY PLANTS,48.12,16.53,B24,4.0,38.0,220.0,95.0,,,95.0,NOT INDICATED
83107,164391.0,1944-04-23,15,AUSTRIA,HEINKEL AC FACTORY,AIRCRAFT FACTORIES AND ASSEMBLY PLANTS,48.12,16.53,B24,4.0,34.0,225.0,84.0,,,84.0,NOT INDICATED
83122,164392.0,1944-04-23,15,AUSTRIA,HEINKEL AC FACTORY,AIRCRAFT FACTORIES AND ASSEMBLY PLANTS,48.12,16.53,B24,4.0,36.0,200.0,90.0,,,90.0,NOT INDICATED
83101,164393.0,1944-04-23,15,AUSTRIA,HEINKEL AC FACTORY,AIRCRAFT FACTORIES AND ASSEMBLY PLANTS,48.12,16.53,B24,4.0,35.0,235.0,87.0,,,87.0,NOT INDICATED
83110,164394.0,1944-04-23,15,AUSTRIA,HEINKEL AC FACTORY,AIRCRAFT FACTORIES AND ASSEMBLY PLANTS,48.12,16.53,B24,4.0,38.0,220.0,95.0,,,95.0,NOT INDICATED
83126,164395.0,1944-04-23,15,AUSTRIA,AIRCRAFT FACTORIES,AIRCRAFT FACTORIES AND ASSEMBLY PLANTS,47.95,16.18,B24,4.0,33.0,195.0,81.0,,,81.0,NOT INDICATED
83116,202960.0,1944-04-23,15,AUSTRIA,AIRDROME,AIR FIELDS AND AIRDROMES,47.95,16.18,B24,4.0,37.0,210.0,,,74.0,74.0,NOT INDICATED
83112,202961.0,1944-04-23,15,AUSTRIA,AIRDROME,AIR FIELDS AND AIRDROMES,47.95,16.18,B24,4.0,23.0,215.0,58.0,,,58.0,NOT INDICATED
83117,202962.0,1944-04-23,15,AUSTRIA,AIRDROME,AIR FIELDS AND AIRDROMES,47.95,16.18,B24,4.0,24.0,210.0,61.0,,,61.0,NOT INDICATED
83128,202963.0,1944-04-23,15,AUSTRIA,AIRDROME,AIR FIELDS AND AIRDROMES,47.95,16.18,B24,4.0,25.0,190.0,61.0,,,61.0,NOT INDICATED
83103,202964.0,1944-04-23,15,AUSTRIA,AIRDROME,AIR FIELDS AND AIRDROMES,47.95,16.18,B24,4.0,32.0,225.0,,,8.0,8.0,NOT INDICATED
83118,202982.0,1944-04-23,15,AUSTRIA,AIRDROME,AIR FIELDS AND AIRDROMES,47.95,16.18,B24,4.0,37.0,210.0,,,74.0,74.0,NOT INDICATED
83113,202983.0,1944-04-23,15,AUSTRIA,AIRDROME,AIR FIELDS AND AIRDROMES,47.95,16.18,B24,4.0,23.0,215.0,58.0,,,58.0,NOT INDICATED
83119,202984.0,1944-04-23,15,AUSTRIA,AIRDROME,AIR FIELDS AND AIRDROMES,47.95,16.18,B24,4.0,24.0,210.0,61.0,,,61.0,NOT INDICATED
83129,202985.0,1944-04-23,15,AUSTRIA,AIRDROME,AIR FIELDS AND AIRDROMES,47.95,16.18,B24,4.0,25.0,190.0,61.0,,,61.0,NOT INDICATED
83104,202986.0,1944-04-23,15,AUSTRIA,AIRDROME,AIR FIELDS AND AIRDROMES,47.95,16.18,B24,4.0,32.0,225.0,,,8.0,8.0,NOT INDICATED
83949,100414.0,1944-04-24,15,GERMANY,AC FACTORY,AIRCRAFT FACTORIES AND ASSEMBLY PLANTS,47.65,9.5,B17,4.0,17.0,30.0,43.0,,,43.0,VISUAL
83913,100415.0,1944-04-24,15,GERMANY,AC FACTORY,AIRCRAFT FACTORIES AND ASSEMBLY PLANTS,47.65,9.5,B17,4.0,21.0,240.0,,29.0,,29.0,VISUAL
83916,100416.0,1944-04-24,15,GERMANY,AC FACTORY,AIRCRAFT FACTORIES AND ASSEMBLY PLANTS,47.65,9.5,B17,4.0,18.0,220.0,45.0,,,45.0,VISUAL
83955,100417.0,1944-04-24,15,GERMANY,AC FACTORY,AIRCRAFT FACTORIES AND ASSEMBLY PLANTS,47.65,9.5,B17,4.0,5.0,,5.0,,,5.0,NOT INDICATED
83946,100418.0,1944-04-24,15,GERMANY,AC FACTORY,AIRCRAFT FACTORIES AND ASSEMBLY PLANTS,47.65,9.5,B17,4.0,19.0,170.0,48.0,,,48.0,VISUAL
83910,100419.0,1944-04-24,15,GERMANY,AC FACTORY,AIRCRAFT FACTORIES AND ASSEMBLY PLANTS,47.65,9.5,B17,4.0,30.0,250.0,48.0,16.0,,64.0,VISUAL
83917,100420.0,1944-04-24,15,GERMANY,AC FACTORY,AIRCRAFT FACTORIES AND ASSEMBLY PLANTS,47.65,9.5,B17,4.0,10.0,220.0,25.0,,,25.0,VISUAL
83918,100421.0,1944-04-24,15,GERMANY,AC FACTORY,AIRCRAFT FACTORIES AND ASSEMBLY PLANTS,47.65,9.5,B17,4.0,16.0,220.0,40.0,,,40.0,VISUAL
83907,100422.0,1944-04-24,15,GERMANY,AC FACTORY,AIRCRAFT FACTORIES AND ASSEMBLY PLANTS,47.65,9.5,B17,4.0,20.0,258.0,48.0,1.0,,49.0,VISUAL
83904,100423.0,1944-04-24,15,GERMANY,AC FACTORY,AIRCRAFT FACTORIES AND ASSEMBLY PLANTS,47.65,9.5,B17,4.0,27.0,260.0,45.0,13.0,,58.0,VISUAL
83925,100424.0,1944-04-24,15,GERMANY,AC FACTORY,AIRCRAFT FACTORIES AND ASSEMBLY PLANTS,47.65,9.5,B17,4.0,28.0,210.0,20.0,29.0,,49.0,VISUAL
83969,100440.0,1944-04-24,9,GERMANY,AIRFIELD,AIR FIELDS AND AIRDROMES,48.3,11.88,B17,4.0,24.0,195.0,40.0,11.0,,51.0,VISUAL
83980,100441.0,1944-04-24,9,GERMANY,AIRFIELD,AIR FIELDS AND AIRDROMES,48.3,11.88,B17,4.0,3.0,,8.0,,,8.0,NOT INDICATED
83972,100442.0,1944-04-24,9,GERMANY,AIRFIELD,AIR FIELDS AND AIRDROMES,48.3,11.88,B17,4.0,16.0,190.0,40.0,,,40.0,VISUAL
83966,100443.0,1944-04-24,9,GERMANY,AIRFIELD,AIR FIELDS AND AIRDROMES,48.3,11.88,B17,4.0,30.0,200.0,45.0,17.0,,62.0,VISUAL
83963,100444.0,1944-04-24,9,GERMANY,AIRFIELD,AIR FIELDS AND AIRDROMES,48.3,11.88,B17,4.0,18.0,213.0,,26.0,,26.0,VISUAL
83973,100445.0,1944-04-24,9,GERMANY,AIRFIELD,AIR FIELDS AND AIRDROMES,48.3,11.88,B17,4.0,18.0,190.0,34.0,,,34.0,VISUAL
83987,100446.0,1944-04-24,8,GERMANY,AIRDROME,AIR FIELDS AND AIRDROMES,48.05,10.88,B17,4.0,17.0,211.0,,24.0,,24.0,VISUAL
83995,100447.0,1944-04-24,8,GERMANY,AIRDROME,AIR FIELDS AND AIRDROMES,48.05,10.88,B17,4.0,2.0,,5.0,,,5.0,NOT INDICATED
83990,100448.0,1944-04-24,8,GERMANY,AIRDROME,AIR FIELDS AND AIRDROMES,48.05,10.88,B17,4.0,38.0,200.0,94.0,,,94.0,VISUAL
83984,100459.0,1944-04-24,9,FRANCE,CITY AREA,CITIES TOWNS AND URBAN AREAS,49.1,-1.23,B24,2.0,1.0,,3.0,,,3.0,NOT INDICATED
83934,100460.0,1944-04-24,15,GERMANY,CITY AREA,CITIES TOWNS AND URBAN AREAS,48.37,10.88,B24,4.0,23.0,180.0,,41.0,,41.0,VISUAL
83935,100461.0,1944-04-24,15,GERMANY,CITY AREA,CITIES TOWNS AND URBAN AREAS,48.37,10.88,B24,4.0,13.0,180.0,33.0,,,33.0,VISUAL
83931,100462.0,1944-04-24,15,GERMANY,CITY AREA,CITIES TOWNS AND URBAN AREAS,48.37,10.88,B24,4.0,21.0,185.0,,38.0,,38.0,VISUAL
83936,100463.0,1944-04-24,15,GERMANY,CITY AREA,CITIES TOWNS AND URBAN AREAS,48.37,10.88,B24,4.0,26.0,180.0,52.0,,,52.0,VISUAL
83952,100464.0,1944-04-24,15,GERMANY,CITY AREA,CITIES TOWNS AND URBAN AREAS,48.37,10.88,B24,4.0,,,24.0,,,24.0,NOT INDICATED
83928,100465.0,1944-04-24,15,GERMANY,CITY AREA,CITIES TOWNS AND URBAN AREAS,48.37,10.88,B24,4.0,24.0,195.0,28.0,,,28.0,VISUAL
83937,100466.0,1944-04-24,15,GERMANY,CITY AREA,CITIES TOWNS AND URBAN AREAS,48.37,10.88,B24,4.0,13.0,180.0,33.0,,,33.0,VISUAL
84000,100467.0,1944-04-24,8,FRANCE,UNIDENTIFIED TARGET,UNIDENTIFIED TARGETS,48.25,8.0,B24,2.0,1.0,,,2.0,,2.0,NOT INDICATED
84295,100468.0,1944-04-24,8,FRANCE,UNIDENTIFIED TARGET,UNIDENTIFIED TARGETS,48.25,8.0,B17,2.0,1.0,,3.0,,,3.0,NOT INDICATED
83950,164396.0,1944-04-24,15,GERMANY,AC FACTORY,AIRCRAFT FACTORIES AND ASSEMBLY PLANTS,47.65,9.5,B17,4.0,17.0,30.0,43.0,,,43.0,VISUAL
83914,164397.0,1944-04-24,15,GERMANY,AC FACTORY,AIRCRAFT FACTORIES AND ASSEMBLY PLANTS,47.65,9.5,B17,4.0,21.0,240.0,,29.0,,29.0,VISUAL
83919,164398.0,1944-04-24,15,GERMANY,AC FACTORY,AIRCRAFT FACTORIES AND ASSEMBLY PLANTS,47.65,9.5,B17,4.0,18.0,220.0,45.0,,,45.0,VISUAL
83956,164399.0,1944-04-24,15,GERMANY,AC FACTORY,AIRCRAFT FACTORIES AND ASSEMBLY PLANTS,47.65,9.5,B17,4.0,5.0,,5.0,,,5.0,NOT INDICATED
83947,164400.0,1944-04-24,15,GERMANY,AC FACTORY,AIRCRAFT FACTORIES AND ASSEMBLY PLANTS,47.65,9.5,B17,4.0,19.0,170.0,48.0,,,48.0,VISUAL
83911,164401.0,1944-04-24,15,GERMANY,AC FACTORY,AIRCRAFT FACTORIES AND ASSEMBLY PLANTS,47.65,9.5,B17,4.0,30.0,250.0,48.0,16.0,,64.0,VISUAL
83920,164402.0,1944-04-24,15,GERMANY,AC FACTORY,AIRCRAFT FACTORIES AND ASSEMBLY PLANTS,47.65,9.5,B17,4.0,10.0,220.0,25.0,,,25.0,VISUAL
83921,164403.0,1944-04-24,15,GERMANY,AC FACTORY,AIRCRAFT FACTORIES AND ASSEMBLY PLANTS,47.65,9.5,B17,4.0,16.0,220.0,40.0,,,40.0,VISUAL
83908,164404.0,1944-04-24,15,GERMANY,AC FACTORY,AIRCRAFT FACTORIES AND ASSEMBLY PLANTS,47.65,9.5,B17,4.0,20.0,258.0,48.0,1.0,,49.0,VISUAL
83905,164405.0,1944-04-24,15,GERMANY,AC FACTORY,AIRCRAFT FACTORIES AND ASSEMBLY PLANTS,47.65,9.5,B17,4.0,27.0,260.0,45.0,13.0,,58.0,VISUAL
83926,164406.0,1944-04-24,15,GERMANY,AC FACTORY,AIRCRAFT FACTORIES AND ASSEMBLY PLANTS,47.65,9.5,B17,4.0,28.0,210.0,20.0,29.0,,49.0,VISUAL
84296,164413.0,1944-04-24,8,FRANCE,UNIDENTIFIED TARGET,UNIDENTIFIED TARGETS,48.25,8.0,B24,2.0,1.0,,,2.0,,2.0,NOT INDICATED
84297,164414.0,1944-04-24,8,FRANCE,UNIDENTIFIED TARGET,UNIDENTIFIED TARGETS,48.25,8.0,B17,2.0,1.0,,3.0,,,3.0,NOT INDICATED
83985,164417.0,1944-04-24,9,FRANCE,CITY AREA,CITIES TOWNS AND URBAN AREAS,49.1,-1.23,B24,2.0,1.0,,3.0,,,3.0,NOT INDICATED
83938,164418.0,1944-04-24,15,GERMANY,CITY AREA,CITIES TOWNS AND URBAN AREAS,48.37,10.88,B24,4.0,23.0,180.0,,41.0,,41.0,VISUAL
83939,164419.0,1944-04-24,15,GERMANY,CITY AREA,CITIES TOWNS AND URBAN AREAS,48.37,10.88,B24,4.0,13.0,180.0,33.0,,,33.0,VISUAL
83932,164420.0,1944-04-24,15,GERMANY,CITY AREA,CITIES TOWNS AND URBAN AREAS,48.37,10.88,B24,4.0,21.0,185.0,,38.0,,38.0,VISUAL
83940,164421.0,1944-04-24,15,GERMANY,CITY AREA,CITIES TOWNS AND URBAN AREAS,48.37,10.88,B24,4.0,26.0,180.0,52.0,,,52.0,VISUAL
83953,164422.0,1944-04-24,15,GERMANY,CITY AREA,CITIES TOWNS AND URBAN AREAS,48.37,10.88,B24,4.0,,,24.0,,,24.0,NOT INDICATED
83929,164423.0,1944-04-24,15,GERMANY,CITY AREA,CITIES TOWNS AND URBAN AREAS,48.37,10.88,B24,4.0,24.0,195.0,28.0,,,28.0,VISUAL
83941,164424.0,1944-04-24,15,GERMANY,CITY AREA,CITIES TOWNS AND URBAN AREAS,48.37,10.88,B24,4.0,13.0,180.0,33.0,,,33.0,VISUAL
83986,164425.0,1944-04-24,9,FRANCE,CITY AREA,CITIES TOWNS AND URBAN AREAS,49.1,-1.23,B24,2.0,1.0,,3.0,,,3.0,NOT INDICATED
83942,164426.0,1944-04-24,15,GERMANY,CITY AREA,CITIES TOWNS AND URBAN AREAS,48.37,10.88,B24,4.0,23.0,180.0,,41.0,,41.0,VISUAL
83943,164427.0,1944-04-24,15,GERMANY,CITY AREA,CITIES TOWNS AND URBAN AREAS,48.37,10.88,B24,4.0,13.0,180.0,33.0,,,33.0,VISUAL
83933,164428.0,1944-04-24,15,GERMANY,CITY AREA,CITIES TOWNS AND URBAN AREAS,48.37,10.88,B24,4.0,21.0,185.0,,38.0,,38.0,VISUAL
83944,164429.0,1944-04-24,15,GERMANY,CITY AREA,CITIES TOWNS AND URBAN AREAS,48.37,10.88,B24,4.0,26.0,180.0,52.0,,,52.0,VISUAL
83954,164430.0,1944-04-24,15,GERMANY,CITY AREA,CITIES TOWNS AND URBAN AREAS,48.37,10.88,B24,4.0,,,24.0,,,24.0,NOT INDICATED
83930,164431.0,1944-04-24,15,GERMANY,CITY AREA,CITIES TOWNS AND URBAN AREAS,48.37,10.88,B24,4.0,24.0,195.0,28.0,,,28.0,VISUAL
83945,164432.0,1944-04-24,15,GERMANY,CITY AREA,CITIES TOWNS AND URBAN AREAS,48.37,10.88,B24,4.0,13.0,180.0,33.0,,,33.0,VISUAL
84298,164433.0,1944-04-24,8,FRANCE,UNIDENTIFIED TARGET,UNIDENTIFIED TARGETS,48.25,8.0,B24,2.0,1.0,,,2.0,,2.0,NOT INDICATED
84299,164434.0,1944-04-24,8,FRANCE,UNIDENTIFIED TARGET,UNIDENTIFIED TARGETS,48.25,8.0,B17,2.0,1.0,,3.0,,,3.0,NOT INDICATED
83951,164437.0,1944-04-24,15,GERMANY,AC FACTORY,AIRCRAFT FACTORIES AND ASSEMBLY PLANTS,47.65,9.5,B17,4.0,17.0,30.0,43.0,,,43.0,VISUAL
83915,164438.0,1944-04-24,15,GERMANY,AC FACTORY,AIRCRAFT FACTORIES AND ASSEMBLY PLANTS,47.65,9.5,B17,4.0,21.0,240.0,,29.0,,29.0,VISUAL
83922,164439.0,1944-04-24,15,GERMANY,AC FACTORY,AIRCRAFT FACTORIES AND ASSEMBLY PLANTS,47.65,9.5,B17,4.0,18.0,220.0,45.0,,,45.0,VISUAL
83957,164440.0,1944-04-24,15,GERMANY,AC FACTORY,AIRCRAFT FACTORIES AND ASSEMBLY PLANTS,47.65,9.5,B17,4.0,5.0,,5.0,,,5.0,NOT INDICATED
83948,164441.0,1944-04-24,15,GERMANY,AC FACTORY,AIRCRAFT FACTORIES AND ASSEMBLY PLANTS,47.65,9.5,B17,4.0,19.0,170.0,48.0,,,48.0,VISUAL
83912,164442.0,1944-04-24,15,GERMANY,AC FACTORY,AIRCRAFT FACTORIES AND ASSEMBLY PLANTS,47.65,9.5,B17,4.0,30.0,250.0,48.0,16.0,,64.0,VISUAL
83923,164443.0,1944-04-24,15,GERMANY,AC FACTORY,AIRCRAFT FACTORIES AND ASSEMBLY PLANTS,47.65,9.5,B17,4.0,10.0,220.0,25.0,,,25.0,VISUAL
83924,164444.0,1944-04-24,15,GERMANY,AC FACTORY,AIRCRAFT FACTORIES AND ASSEMBLY PLANTS,47.65,9.5,B17,4.0,16.0,220.0,40.0,,,40.0,VISUAL
83909,164445.0,1944-04-24,15,GERMANY,AC FACTORY,AIRCRAFT FACTORIES AND ASSEMBLY PLANTS,47.65,9.5,B17,4.0,20.0,258.0,48.0,1.0,,49.0,VISUAL
83906,164446.0,1944-04-24,15,GERMANY,AC FACTORY,AIRCRAFT FACTORIES AND ASSEMBLY PLANTS,47.65,9.5,B17,4.0,27.0,260.0,45.0,13.0,,58.0,VISUAL
83927,164447.0,1944-04-24,15,GERMANY,AC FACTORY,AIRCRAFT FACTORIES AND ASSEMBLY PLANTS,47.65,9.5,B17,4.0,28.0,210.0,20.0,29.0,,49.0,VISUAL
83970,202995.0,1944-04-24,9,GERMANY,AIRFIELD,AIR FIELDS AND AIRDROMES,48.3,11.88,B17,4.0,24.0,195.0,40.0,11.0,,51.0,VISUAL
83981,202996.0,1944-04-24,9,GERMANY,AIRFIELD,AIR FIELDS AND AIRDROMES,48.3,11.88,B17,4.0,3.0,,8.0,,,8.0,NOT INDICATED
83974,202997.0,1944-04-24,9,GERMANY,AIRFIELD,AIR FIELDS AND AIRDROMES,48.3,11.88,B17,4.0,16.0,190.0,40.0,,,40.0,VISUAL
83967,202998.0,1944-04-24,9,GERMANY,AIRFIELD,AIR FIELDS AND AIRDROMES,48.3,11.88,B17,4.0,30.0,200.0,45.0,17.0,,62.0,VISUAL
83964,202999.0,1944-04-24,9,GERMANY,AIRFIELD,AIR FIELDS AND AIRDROMES,48.3,11.88,B17,4.0,18.0,213.0,,26.0,,26.0,VISUAL
83975,203000.0,1944-04-24,9,GERMANY,AIRFIELD,AIR FIELDS AND AIRDROMES,48.3,11.88,B17,4.0,18.0,190.0,34.0,,,34.0,VISUAL
83988,203001.0,1944-04-24,8,GERMANY,AIRDROME,AIR FIELDS AND AIRDROMES,48.05,10.88,B17,4.0,17.0,211.0,,24.0,,24.0,VISUAL
83996,203002.0,1944-04-24,8,GERMANY,AIRDROME,AIR FIELDS AND AIRDROMES,48.05,10.88,B17,4.0,2.0,,5.0,,,5.0,NOT INDICATED
83991,203003.0,1944-04-24,8,GERMANY,AIRDROME,AIR FIELDS AND AIRDROMES,48.05,10.88,B17,4.0,38.0,200.0,94.0,,,94.0,VISUAL
83971,203011.0,1944-04-24,9,GERMANY,AIRFIELD,AIR FIELDS AND AIRDROMES,48.3,11.88,B17,4.0,24.0,195.0,40.0,11.0,,51.0,VISUAL
83982,203012.0,1944-04-24,9,GERMANY,AIRFIELD,AIR FIELDS AND AIRDROMES,48.3,11.88,B17,4.0,3.0,,8.0,,,8.0,NOT INDICATED
83976,203013.0,1944-04-24,9,GERMANY,AIRFIELD,AIR FIELDS AND AIRDROMES,48.3,11.88,B17,4.0,16.0,190.0,40.0,,,40.0,VISUAL
83968,203014.0,1944-04-24,9,GERMANY,AIRFIELD,AIR FIELDS AND AIRDROMES,48.3,11.88,B17,4.0,30.0,200.0,45.0,17.0,,62.0,VISUAL
83965,203015.0,1944-04-24,9,GERMANY,AIRFIELD,AIR FIELDS AND AIRDROMES,48.3,11.88,B17,4.0,18.0,213.0,,26.0,,26.0,VISUAL
83977,203016.0,1944-04-24,9,GERMANY,AIRFIELD,AIR FIELDS AND AIRDROMES,48.3,11.88,B17,4.0,18.0,190.0,34.0,,,34.0,VISUAL
83989,203017.0,1944-04-24,8,GERMANY,AIRDROME,AIR FIELDS AND AIRDROMES,48.05,10.88,B17,4.0,17.0,211.0,,24.0,,24.0,VISUAL
83997,203018.0,1944-04-24,8,GERMANY,AIRDROME,AIR FIELDS AND AIRDROMES,48.05,10.88,B17,4.0,2.0,,5.0,,,5.0,NOT INDICATED
83992,203019.0,1944-04-24,8,GERMANY,AIRDROME,AIR FIELDS AND AIRDROMES,48.05,10.88,B17,4.0,38.0,200.0,94.0,,,94.0,VISUAL
84661,100478.0,1944-04-25,9,FRANCE,GUN POSITION,GUN EMPLACEMENTS,49.48,-1.3,B26,,,,34.0,,,34.0,VISUAL
84655,100479.0,1944-04-25,9,FRANCE,GUN POSITION,GUN EMPLACEMENTS,49.48,-1.3,B26,,,117.0,38.0,,,38.0,VISUAL
84651,100515.0,1944-04-25,12,FRANCE,CITY AREA,CITIES TOWNS AND URBAN AREAS,50.63,2.37,B24,2.0,1.0,,2.0,,,2.0,NOT INDICATED
84658,100516.0,1944-04-25,9,GERMANY,CITY AREA,CITIES TOWNS AND URBAN AREAS,49.12,8.6,B24,2.0,1.0,,2.0,,,2.0,NOT INDICATED
84664,100518.0,1944-04-25,9,GERMANY,CITY AREA,CITIES TOWNS AND URBAN AREAS,53.55,10.0,B24,1.0,1.0,,3.0,,,3.0,NOT INDICATED
84652,164475.0,1944-04-25,12,FRANCE,CITY AREA,CITIES TOWNS AND URBAN AREAS,50.63,2.37,B24,2.0,1.0,,2.0,,,2.0,NOT INDICATED
84659,164476.0,1944-04-25,9,GERMANY,CITY AREA,CITIES TOWNS AND URBAN AREAS,49.12,8.6,B24,2.0,1.0,,2.0,,,2.0,NOT INDICATED
84665,164478.0,1944-04-25,9,GERMANY,CITY AREA,CITIES TOWNS AND URBAN AREAS,53.55,10.0,B24,1.0,1.0,,3.0,,,3.0,NOT INDICATED
84653,164480.0,1944-04-25,12,FRANCE,CITY AREA,CITIES TOWNS AND URBAN AREAS,50.63,2.37,B24,2.0,1.0,,2.0,,,2.0,NOT INDICATED
84660,164481.0,1944-04-25,9,GERMANY,CITY AREA,CITIES TOWNS AND URBAN AREAS,49.12,8.6,B24,2.0,1.0,,2.0,,,2.0,NOT INDICATED
84666,164483.0,1944-04-25,9,GERMANY,CITY AREA,CITIES TOWNS AND URBAN AREAS,53.55,10.0,B24,1.0,1.0,,3.0,,,3.0,NOT INDICATED
84654,164492.0,1944-04-25,9,GERMANY,MARSHALLING YARD,"""RR INSTALLATIONS,  TRACKS,  MARSHALLING YARDS,  AND STATIONS""",48.68,12.68,B24,1.0,16.0,195.0,40.0,,,40.0,VISUAL
84662,203050.0,1944-04-25,9,FRANCE,GUN POSITION,GUN EMPLACEMENTS,49.48,-1.3,B26,,,,34.0,,,34.0,VISUAL
84656,203051.0,1944-04-25,9,FRANCE,GUN POSITION,GUN EMPLACEMENTS,49.48,-1.3,B26,,,117.0,38.0,,,38.0,VISUAL
84663,203063.0,1944-04-25,9,FRANCE,GUN POSITION,GUN EMPLACEMENTS,49.48,-1.3,B26,,,,34.0,,,34.0,VISUAL
84657,203064.0,1944-04-25,9,FRANCE,GUN POSITION,GUN EMPLACEMENTS,49.48,-1.3,B26,,,117.0,38.0,,,38.0,VISUAL
85805,100521.0,1944-04-26,9,FRANCE,MARSHALLING YARD,"""RR INSTALLATIONS,  TRACKS,  MARSHALLING YARDS,  AND STATIONS""",50.43,3.82,B26,,,120.0,74.0,,,74.0,VISUAL
85811,100522.0,1944-04-26,9,FRANCE,MARSHALLING YARD,"""RR INSTALLATIONS,  TRACKS,  MARSHALLING YARDS,  AND STATIONS""",50.43,3.82,B26,,,115.0,80.0,,,80.0,VISUAL
85806,100523.0,1944-04-26,9,FRANCE,MARSHALLING YARD,"""RR INSTALLATIONS,  TRACKS,  MARSHALLING YARDS,  AND STATIONS""",50.43,3.82,B26,,,120.0,36.0,,,36.0,VISUAL
85831,100524.0,1944-04-26,9,FRANCE,MARSHALLING YARD,"""RR INSTALLATIONS,  TRACKS,  MARSHALLING YARDS,  AND STATIONS""",50.43,3.82,B26,,,,38.0,,,38.0,VISUAL
85813,100525.0,1944-04-26,9,FRANCE,MARSHALLING YARD,"""RR INSTALLATIONS,  TRACKS,  MARSHALLING YARDS,  AND STATIONS""",50.43,3.82,B26,,,110.0,38.0,,,38.0,VISUAL
85807,100526.0,1944-04-26,9,FRANCE,MARSHALLING YARD,"""RR INSTALLATIONS,  TRACKS,  MARSHALLING YARDS,  AND STATIONS""",50.43,3.82,B26,,,120.0,5.0,,,5.0,VISUAL
85472,100528.0,1944-04-26,9,GERMANY,CITY AREA,CITIES TOWNS AND URBAN AREAS,52.25,10.5,B17,3.0,8.0,210.0,20.0,,,20.0,F.F.F.
85815,100529.0,1944-04-26,9,GERMANY,CITY AREA,CITIES TOWNS AND URBAN AREAS,52.25,10.5,B17,3.0,3.0,,3.0,,,3.0,NOT INDICATED
85802,100530.0,1944-04-26,9,GERMANY,CITY AREA,CITIES TOWNS AND URBAN AREAS,52.25,10.5,B17,3.0,20.0,189.0,,29.0,,29.0,F.F.F.
85457,100531.0,1944-04-26,9,GERMANY,CITY AREA,CITIES TOWNS AND URBAN AREAS,52.25,10.5,B17,3.0,17.0,220.0,,22.0,,22.0,F.F.F.
85816,100532.0,1944-04-26,9,GERMANY,CITY AREA,CITIES TOWNS AND URBAN AREAS,52.25,10.5,B17,3.0,6.0,,15.0,,,15.0,NOT INDICATED
85463,100533.0,1944-04-26,9,GERMANY,CITY AREA,CITIES TOWNS AND URBAN AREAS,52.25,10.5,B17,3.0,16.0,218.0,40.0,,,40.0,F.F.F.
85451,100534.0,1944-04-26,9,GERMANY,CITY AREA,CITIES TOWNS AND URBAN AREAS,52.25,10.5,B17,3.0,17.0,235.0,,,38.0,38.0,F.F.F.
85458,100535.0,1944-04-26,9,GERMANY,CITY AREA,CITIES TOWNS AND URBAN AREAS,52.25,10.5,B17,3.0,29.0,220.0,38.0,19.0,,57.0,F.F.F.
85487,100536.0,1944-04-26,9,GERMANY,CITY AREA,CITIES TOWNS AND URBAN AREAS,52.25,10.5,B17,3.0,31.0,200.0,78.0,,,78.0,F.F.F.
85473,100537.0,1944-04-26,9,GERMANY,CITY AREA,CITIES TOWNS AND URBAN AREAS,52.25,10.5,B17,3.0,18.0,210.0,45.0,,,45.0,F.F.F.
85484,100538.0,1944-04-26,9,GERMANY,CITY AREA,CITIES TOWNS AND URBAN AREAS,52.25,10.5,B17,3.0,29.0,202.0,20.0,30.0,,50.0,F.F.F.
85454,100539.0,1944-04-26,9,GERMANY,CITY AREA,CITIES TOWNS AND URBAN AREAS,52.25,10.5,B17,3.0,18.0,222.0,42.0,,,42.0,F.F.F.
85466,100540.0,1944-04-26,9,GERMANY,CITY AREA,CITIES TOWNS AND URBAN AREAS,52.25,10.5,B17,3.0,26.0,216.0,43.0,13.0,,56.0,F.F.F.
85469,100541.0,1944-04-26,9,GERMANY,CITY AREA,CITIES TOWNS AND URBAN AREAS,52.25,10.5,B17,3.0,18.0,213.0,45.0,,,45.0,F.F.F.
85488,100542.0,1944-04-26,9,GERMANY,CITY AREA,CITIES TOWNS AND URBAN AREAS,52.25,10.5,B17,3.0,18.0,200.0,45.0,,,45.0,F.F.F.
85489,100543.0,1944-04-26,9,GERMANY,CITY AREA,CITIES TOWNS AND URBAN AREAS,52.25,10.5,B17,3.0,18.0,200.0,54.0,,,54.0,F.F.F.
85825,100545.0,1944-04-26,9,GERMANY,CITY AREA,CITIES TOWNS AND URBAN AREAS,52.15,9.97,B17,2.0,7.0,,16.0,,,16.0,NOT INDICATED
85826,100546.0,1944-04-26,9,GERMANY,CITY AREA,CITIES TOWNS AND URBAN AREAS,52.15,9.97,B17,2.0,1.0,,1.0,,,1.0,NOT INDICATED
85499,100547.0,1944-04-26,9,GERMANY,CITY AREA,CITIES TOWNS AND URBAN AREAS,52.15,9.97,B17,2.0,21.0,190.0,53.0,,,53.0,F.F.F.
85496,100548.0,1944-04-26,9,GERMANY,CITY AREA,CITIES TOWNS AND URBAN AREAS,52.15,9.97,B17,2.0,17.0,195.0,43.0,,,43.0,F.F.F.
85474,164498.0,1944-04-26,9,GERMANY,CITY AREA,CITIES TOWNS AND URBAN AREAS,52.25,10.5,B17,3.0,8.0,210.0,20.0,,,20.0,F.F.F.
85817,164499.0,1944-04-26,9,GERMANY,CITY AREA,CITIES TOWNS AND URBAN AREAS,52.25,10.5,B17,3.0,3.0,,3.0,,,3.0,NOT INDICATED
85803,164500.0,1944-04-26,9,GERMANY,CITY AREA,CITIES TOWNS AND URBAN AREAS,52.25,10.5,B17,3.0,20.0,189.0,,29.0,,29.0,F.F.F.
85459,164501.0,1944-04-26,9,GERMANY,CITY AREA,CITIES TOWNS AND URBAN AREAS,52.25,10.5,B17,3.0,17.0,220.0,,22.0,,22.0,F.F.F.
85818,164502.0,1944-04-26,9,GERMANY,CITY AREA,CITIES TOWNS AND URBAN AREAS,52.25,10.5,B17,3.0,6.0,,15.0,,,15.0,NOT INDICATED
85464,164503.0,1944-04-26,9,GERMANY,CITY AREA,CITIES TOWNS AND URBAN AREAS,52.25,10.5,B17,3.0,16.0,218.0,40.0,,,40.0,F.F.F.
85452,164504.0,1944-04-26,9,GERMANY,CITY AREA,CITIES TOWNS AND URBAN AREAS,52.25,10.5,B17,3.0,17.0,235.0,,,38.0,38.0,F.F.F.
85460,164505.0,1944-04-26,9,GERMANY,CITY AREA,CITIES TOWNS AND URBAN AREAS,52.25,10.5,B17,3.0,29.0,220.0,38.0,19.0,,57.0,F.F.F.
85490,164506.0,1944-04-26,9,GERMANY,CITY AREA,CITIES TOWNS AND URBAN AREAS,52.25,10.5,B17,3.0,31.0,200.0,78.0,,,78.0,F.F.F.
85475,164507.0,1944-04-26,9,GERMANY,CITY AREA,CITIES TOWNS AND URBAN AREAS,52.25,10.5,B17,3.0,18.0,210.0,45.0,,,45.0,F.F.F.
85485,164508.0,1944-04-26,9,GERMANY,CITY AREA,CITIES TOWNS AND URBAN AREAS,52.25,10.5,B17,3.0,29.0,202.0,20.0,30.0,,50.0,F.F.F.
85455,164509.0,1944-04-26,9,GERMANY,CITY AREA,CITIES TOWNS AND URBAN AREAS,52.25,10.5,B17,3.0,18.0,222.0,42.0,,,42.0,F.F.F.
85467,164510.0,1944-04-26,9,GERMANY,CITY AREA,CITIES TOWNS AND URBAN AREAS,52.25,10.5,B17,3.0,26.0,216.0,43.0,13.0,,56.0,F.F.F.
85470,164511.0,1944-04-26,9,GERMANY,CITY AREA,CITIES TOWNS AND URBAN AREAS,52.25,10.5,B17,3.0,18.0,213.0,45.0,,,45.0,F.F.F.
85491,164512.0,1944-04-26,9,GERMANY,CITY AREA,CITIES TOWNS AND URBAN AREAS,52.25,10.5,B17,3.0,18.0,200.0,45.0,,,45.0,F.F.F.
85492,164513.0,1944-04-26,9,GERMANY,CITY AREA,CITIES TOWNS AND URBAN AREAS,52.25,10.5,B17,3.0,18.0,200.0,54.0,,,54.0,F.F.F.
85827,164515.0,1944-04-26,9,GERMANY,CITY AREA,CITIES TOWNS AND URBAN AREAS,52.15,9.97,B17,2.0,7.0,,16.0,,,16.0,NOT INDICATED
85828,164516.0,1944-04-26,9,GERMANY,CITY AREA,CITIES TOWNS AND URBAN AREAS,52.15,9.97,B17,2.0,1.0,,1.0,,,1.0,NOT INDICATED
85500,164517.0,1944-04-26,9,GERMANY,CITY AREA,CITIES TOWNS AND URBAN AREAS,52.15,9.97,B17,2.0,21.0,190.0,53.0,,,53.0,F.F.F.
85497,164518.0,1944-04-26,9,GERMANY,CITY AREA,CITIES TOWNS AND URBAN AREAS,52.15,9.97,B17,2.0,17.0,195.0,43.0,,,43.0,F.F.F.
85476,164520.0,1944-04-26,9,GERMANY,CITY AREA,CITIES TOWNS AND URBAN AREAS,52.25,10.5,B17,3.0,8.0,210.0,20.0,,,20.0,F.F.F.
85819,164521.0,1944-04-26,9,GERMANY,CITY AREA,CITIES TOWNS AND URBAN AREAS,52.25,10.5,B17,3.0,3.0,,3.0,,,3.0,NOT INDICATED
85804,164522.0,1944-04-26,9,GERMANY,CITY AREA,CITIES TOWNS AND URBAN AREAS,52.25,10.5,B17,3.0,20.0,189.0,,29.0,,29.0,F.F.F.
85461,164523.0,1944-04-26,9,GERMANY,CITY AREA,CITIES TOWNS AND URBAN AREAS,52.25,10.5,B17,3.0,17.0,220.0,,22.0,,22.0,F.F.F.
85820,164524.0,1944-04-26,9,GERMANY,CITY AREA,CITIES TOWNS AND URBAN AREAS,52.25,10.5,B17,3.0,6.0,,15.0,,,15.0,NOT INDICATED
85465,164525.0,1944-04-26,9,GERMANY,CITY AREA,CITIES TOWNS AND URBAN AREAS,52.25,10.5,B17,3.0,16.0,218.0,40.0,,,40.0,F.F.F.
85453,164526.0,1944-04-26,9,GERMANY,CITY AREA,CITIES TOWNS AND URBAN AREAS,52.25,10.5,B17,3.0,17.0,235.0,,,38.0,38.0,F.F.F.
85462,164527.0,1944-04-26,9,GERMANY,CITY AREA,CITIES TOWNS AND URBAN AREAS,52.25,10.5,B17,3.0,29.0,220.0,38.0,19.0,,57.0,F.F.F.
85493,164528.0,1944-04-26,9,GERMANY,CITY AREA,CITIES TOWNS AND URBAN AREAS,52.25,10.5,B17,3.0,31.0,200.0,78.0,,,78.0,F.F.F.
85477,164529.0,1944-04-26,9,GERMANY,CITY AREA,CITIES TOWNS AND URBAN AREAS,52.25,10.5,B17,3.0,18.0,210.0,45.0,,,45.0,F.F.F.
85486,164530.0,1944-04-26,9,GERMANY,CITY AREA,CITIES TOWNS AND URBAN AREAS,52.25,10.5,B17,3.0,29.0,202.0,20.0,30.0,,50.0,F.F.F.
85456,164531.0,1944-04-26,9,GERMANY,CITY AREA,CITIES TOWNS AND URBAN AREAS,52.25,10.5,B17,3.0,118.0,222.0,42.0,,,42.0,F.F.F.
85468,164532.0,1944-04-26,9,GERMANY,CITY AREA,CITIES TOWNS AND URBAN AREAS,52.25,10.5,B17,3.0,26.0,216.0,43.0,13.0,,56.0,F.F.F.
85471,164533.0,1944-04-26,9,GERMANY,CITY AREA,CITIES TOWNS AND URBAN AREAS,52.25,10.5,B17,3.0,18.0,213.0,45.0,,,45.0,F.F.F.
85494,164534.0,1944-04-26,9,GERMANY,CITY AREA,CITIES TOWNS AND URBAN AREAS,52.25,10.5,B17,3.0,18.0,200.0,45.0,,,45.0,F.F.F.
85495,164535.0,1944-04-26,9,GERMANY,CITY AREA,CITIES TOWNS AND URBAN AREAS,52.25,10.5,B17,3.0,18.0,200.0,54.0,,,54.0,F.F.F.
85829,164537.0,1944-04-26,9,GERMANY,CITY AREA,CITIES TOWNS AND URBAN AREAS,52.15,9.97,B17,2.0,7.0,,16.0,,,16.0,NOT INDICATED
85830,164538.0,1944-04-26,9,GERMANY,CITY AREA,CITIES TOWNS AND URBAN AREAS,52.15,9.97,B17,2.0,1.0,,1.0,,,1.0,NOT INDICATED
85801,164539.0,1944-04-26,9,GERMANY,CITY AREA,CITIES TOWNS AND URBAN AREAS,52.15,9.97,B17,2.0,21.0,190.0,53.0,,,53.0,F.F.F.
85498,164540.0,1944-04-26,9,GERMANY,CITY AREA,CITIES TOWNS AND URBAN AREAS,52.15,9.97,B17,2.0,17.0,195.0,43.0,,,43.0,F.F.F.
85808,203096.0,1944-04-26,9,FRANCE,MARSHALLING YARD,"""RR INSTALLATIONS,  TRACKS,  MARSHALLING YARDS,  AND STATIONS""",50.43,3.82,B26,,,120.0,74.0,,,74.0,VISUAL
85812,203097.0,1944-04-26,9,FRANCE,MARSHALLING YARD,"""RR INSTALLATIONS,  TRACKS,  MARSHALLING YARDS,  AND STATIONS""",50.43,3.82,B26,,,115.0,80.0,,,80.0,VISUAL
85809,203098.0,1944-04-26,9,FRANCE,MARSHALLING YARD,"""RR INSTALLATIONS,  TRACKS,  MARSHALLING YARDS,  AND STATIONS""",50.43,3.82,B26,,,120.0,36.0,,,36.0,VISUAL
85832,203099.0,1944-04-26,9,FRANCE,MARSHALLING YARD,"""RR INSTALLATIONS,  TRACKS,  MARSHALLING YARDS,  AND STATIONS""",50.43,3.82,B26,,,,38.0,,,38.0,VISUAL
85814,203100.0,1944-04-26,9,FRANCE,MARSHALLING YARD,"""RR INSTALLATIONS,  TRACKS,  MARSHALLING YARDS,  AND STATIONS""",50.43,3.82,B26,,,110.0,38.0,,,38.0,VISUAL
85810,203101.0,1944-04-26,9,FRANCE,MARSHALLING YARD,"""RR INSTALLATIONS,  TRACKS,  MARSHALLING YARDS,  AND STATIONS""",50.43,3.82,B26,,,120.0,5.0,,,5.0,VISUAL
86225,100558.0,1944-04-27,9,FRANCE,GUN EMPLACEMENT,GUN EMPLACEMENTS,49.68,-1.27,B26,,,120.0,58.0,,,58.0,VISUAL
86231,100565.0,1944-04-27,9,FRANCE,GUN EMPLACEMENTS,GUN EMPLACEMENTS,49.27,-0.27,B26,,,,34.0,,,34.0,VISUAL
86227,100566.0,1944-04-27,9,FRANCE,GUN EMPLACEMENTS,GUN EMPLACEMENTS,49.27,-0.27,B26,,,120.0,40.0,,,40.0,VISUAL
86222,100577.0,1944-04-27,9,FRANCE,V WEAPON,V - WEAPON LAUNCHING SITES,46.43,-1.48,B17,4.0,18.0,211.0,72.0,,,72.0,VISUAL
86234,100605.0,1944-04-27,8,FRANCE,CITY AREA,CITIES TOWNS AND URBAN AREAS,44.83,-0.9,B17,4.0,21.0,215.0,82.0,,,82.0,VISUAL
86237,100606.0,1944-04-27,8,FRANCE,CITY AREA,CITIES TOWNS AND URBAN AREAS,44.83,-0.9,B17,2.0,7.0,210.0,28.0,,,28.0,VISUAL
86249,164542.0,1944-04-27,8,FRANCE,UNIDENTIFIED TARGET,UNIDENTIFIED TARGETS,49.99,1.79,B17,4.0,13.0,196.0,52.0,,,52.0,VISUAL
86235,164548.0,1944-04-27,8,FRANCE,CITY AREA,CITIES TOWNS AND URBAN AREAS,44.83,-0.9,B17,4.0,21.0,215.0,82.0,,,82.0,VISUAL
86238,164549.0,1944-04-27,8,FRANCE,CITY AREA,CITIES TOWNS AND URBAN AREAS,44.83,-0.9,B17,2.0,7.0,210.0,28.0,,,28.0,VISUAL
86236,164562.0,1944-04-27,8,FRANCE,CITY AREA,CITIES TOWNS AND URBAN AREAS,44.83,-0.9,B17,4.0,21.0,215.0,82.0,,,82.0,VISUAL
86239,164563.0,1944-04-27,8,FRANCE,CITY AREA,CITIES TOWNS AND URBAN AREAS,44.83,-0.9,B17,2.0,7.0,210.0,28.0,,,28.0,VISUAL
86250,164572.0,1944-04-27,8,FRANCE,UNIDENTIFIED TARGET,UNIDENTIFIED TARGETS,49.99,1.79,B17,4.0,13.0,196.0,52.0,,,52.0,VISUAL
86223,203130.0,1944-04-27,9,FRANCE,V WEAPON,V - WEAPON LAUNCHING SITES,46.43,-1.48,B17,4.0,18.0,211.0,72.0,,,72.0,VISUAL
86229,203140.0,1944-04-27,9,FRANCE,GUN EMPLACEMENT,GUN EMPLACEMENTS,49.68,-1.27,B26,,,12.0,58.0,,,58.0,VISUAL
86232,203148.0,1944-04-27,9,FRANCE,GUN EMPLACEMENTS,GUN EMPLACEMENTS,49.27,-0.27,B26,,,,34.0,,,34.0,VISUAL
86230,203149.0,1944-04-27,9,FRANCE,GUN EMPLACEMENTS,GUN EMPLACEMENTS,49.27,-0.27,B26,,,12.0,40.0,,,40.0,VISUAL
86226,203155.0,1944-04-27,9,FRANCE,GUN EMPLACEMENT,GUN EMPLACEMENTS,49.68,-1.27,B26,,,120.0,58.0,,,58.0,VISUAL
86233,203162.0,1944-04-27,9,FRANCE,GUN EMPLACEMENTS,GUN EMPLACEMENTS,49.27,-0.27,B26,,,,34.0,,,34.0,VISUAL
86228,203163.0,1944-04-27,9,FRANCE,GUN EMPLACEMENTS,GUN EMPLACEMENTS,49.27,-0.27,B26,,,120.0,40.0,,,40.0,VISUAL
86224,203174.0,1944-04-27,9,FRANCE,V WEAPON,V - WEAPON LAUNCHING SITES,46.43,-1.48,B17,4.0,18.0,211.0,72.0,,,72.0,VISUAL
87436,100638.0,1944-04-28,8,FRANCE,V WEAPON SITES,V - WEAPON LAUNCHING SITES,50.85,1.77,B24,4.0,15.0,209.0,60.0,,,60.0,VISUAL
87439,100639.0,1944-04-28,8,FRANCE,V WEAPON SITES,V - WEAPON LAUNCHING SITES,50.85,1.77,B24,4.0,,,18.0,,,18.0,NOT INDICATED
87443,100640.0,1944-04-28,8,FRANCE,V WEAPON SITES,V - WEAPON LAUNCHING SITES,50.85,1.77,B24,4.0,8.0,,10.0,,,10.0,VISUAL
87444,100641.0,1944-04-28,8,FRANCE,V WEAPON SITES,V - WEAPON LAUNCHING SITES,50.85,1.77,B24,4.0,,,6.0,,,6.0,NOT INDICATED
87431,100642.0,1944-04-28,8,FRANCE,V WEAPON SITES,V - WEAPON LAUNCHING SITES,50.85,1.77,B24,4.0,14.0,218.0,50.0,,,50.0,VISUAL
87434,100643.0,1944-04-28,8,FRANCE,V WEAPON SITES,V - WEAPON LAUNCHING SITES,50.85,1.77,B24,4.0,10.0,215.0,39.0,,,39.0,VISUAL
87426,100644.0,1944-04-28,9,FRANCE,V WEAPON,V - WEAPON LAUNCHING SITES,49.53,-1.6,B17,4.0,14.0,222.0,42.0,,,42.0,VISUAL
87437,203228.0,1944-04-28,8,FRANCE,V WEAPON SITES,V - WEAPON LAUNCHING SITES,50.85,1.77,B24,4.0,15.0,209.0,60.0,,,60.0,VISUAL
87440,203229.0,1944-04-28,8,FRANCE,V WEAPON SITES,V - WEAPON LAUNCHING SITES,50.85,1.77,B24,4.0,,,18.0,,,18.0,NOT INDICATED
87441,203230.0,1944-04-28,8,FRANCE,V WEAPON SITES,V - WEAPON LAUNCHING SITES,50.85,1.77,B24,4.0,8.0,,10.0,,,10.0,VISUAL
87442,203231.0,1944-04-28,8,FRANCE,V WEAPON SITES,V - WEAPON LAUNCHING SITES,50.85,1.77,B24,4.0,,,6.0,,,6.0,NOT INDICATED
87430,203232.0,1944-04-28,8,FRANCE,V WEAPON SITES,V - WEAPON LAUNCHING SITES,50.85,1.77,B24,4.0,14.0,218.0,50.0,,,50.0,VISUAL
87433,203233.0,1944-04-28,8,FRANCE,V WEAPON SITES,V - WEAPON LAUNCHING SITES,50.85,1.77,B24,4.0,10.0,215.0,39.0,,,39.0,VISUAL
87427,203234.0,1944-04-28,9,FRANCE,V WEAPON,V - WEAPON LAUNCHING SITES,49.53,-1.6,B17,4.0,14.0,222.0,42.0,,,42.0,VISUAL
87438,203239.0,1944-04-28,8,FRANCE,V WEAPON SITES,V - WEAPON LAUNCHING SITES,50.85,1.77,B24,4.0,15.0,209.0,60.0,,,60.0,VISUAL
87445,203240.0,1944-04-28,8,FRANCE,V WEAPON SITES,V - WEAPON LAUNCHING SITES,50.85,1.77,B24,4.0,,,18.0,,,18.0,NOT INDICATED
87446,203241.0,1944-04-28,8,FRANCE,V WEAPON SITES,V - WEAPON LAUNCHING SITES,50.85,1.77,B24,4.0,8.0,,10.0,,,10.0,VISUAL
87447,203242.0,1944-04-28,8,FRANCE,V WEAPON SITES,V - WEAPON LAUNCHING SITES,50.85,1.77,B24,4.0,,,6.0,,,6.0,NOT INDICATED
87432,203243.0,1944-04-28,8,FRANCE,V WEAPON SITES,V - WEAPON LAUNCHING SITES,50.85,1.77,B24,4.0,14.0,218.0,50.0,,,50.0,VISUAL
87435,203244.0,1944-04-28,8,FRANCE,V WEAPON SITES,V - WEAPON LAUNCHING SITES,50.85,1.77,B24,4.0,10.0,215.0,39.0,,,39.0,VISUAL
87428,203245.0,1944-04-28,9,FRANCE,V WEAPON,V - WEAPON LAUNCHING SITES,49.53,-1.6,B17,4.0,14.0,222.0,42.0,,,42.0,VISUAL
90219,100764.0,1944-05-01,9,BELGIUM,MARSHALLING YARD,"""RR INSTALLATIONS,  TRACKS,  MARSHALLING YARDS,  AND STATIONS""",50.63,5.52,A20,,,120.0,14.0,,,14.0,VISUAL
90224,100770.0,1944-05-01,9,FRANCE,MARSHALLING YARD,"""RR INSTALLATIONS,  TRACKS,  MARSHALLING YARDS,  AND STATIONS""",47.22,-1.53,B26,,,,,33.0,,33.0,VISUAL
90221,100771.0,1944-05-01,9,FRANCE,MARSHALLING YARD,"""RR INSTALLATIONS,  TRACKS,  MARSHALLING YARDS,  AND STATIONS""",47.22,-1.53,B26,,,115.0,38.0,,,38.0,VISUAL
90233,100786.0,1944-05-01,8,FRANCE,V WEAPON SITES,V - WEAPON LAUNCHING SITES,50.85,1.77,B24,4.0,1.0,217.0,3.0,,,3.0,VISUAL
90234,100787.0,1944-05-01,8,FRANCE,V WEAPON SITES,V - WEAPON LAUNCHING SITES,50.85,1.77,B24,4.0,13.0,217.0,52.0,,,52.0,VISUAL
90238,100788.0,1944-05-01,8,FRANCE,V WEAPON SITES,V - WEAPON LAUNCHING SITES,50.85,1.77,B24,4.0,9.0,199.0,35.0,,,35.0,VISUAL
90216,164751.0,1944-05-01,9,FRANCE,MARSHALLING YARD,"""RR INSTALLATIONS,  TRACKS,  MARSHALLING YARDS,  AND STATIONS""",49.12,7.05,B17,4.0,18.0,205.0,54.0,,,54.0,VISUAL
90215,164752.0,1944-05-01,9,FRANCE,MARSHALLING YARD,"""RR INSTALLATIONS,  TRACKS,  MARSHALLING YARDS,  AND STATIONS""",49.12,7.05,B17,4.0,20.0,209.0,60.0,,,60.0,VISUAL
90217,164753.0,1944-05-01,9,FRANCE,MARSHALLING YARD,"""RR INSTALLATIONS,  TRACKS,  MARSHALLING YARDS,  AND STATIONS""",49.12,7.05,B17,4.0,22.0,188.0,66.0,,,66.0,VISUAL
90226,164754.0,1944-05-01,9,FRANCE,MARSHALLING YARD,"""RR INSTALLATIONS,  TRACKS,  MARSHALLING YARDS,  AND STATIONS""",49.12,7.05,B17,2.0,1.0,,3.0,,,3.0,NOT INDICATED
90227,164755.0,1944-05-01,9,FRANCE,MARSHALLING YARD,"""RR INSTALLATIONS,  TRACKS,  MARSHALLING YARDS,  AND STATIONS""",49.12,7.05,B17,2.0,1.0,,3.0,,,3.0,NOT INDICATED
90218,164756.0,1944-05-01,9,FRANCE,MARSHALLING YARD,"""RR INSTALLATIONS,  TRACKS,  MARSHALLING YARDS,  AND STATIONS""",49.12,7.05,B17,2.0,13.0,178.0,39.0,,,39.0,VISUAL
90220,203358.0,1944-05-01,9,BELGIUM,MARSHALLING YARD,"""RR INSTALLATIONS,  TRACKS,  MARSHALLING YARDS,  AND STATIONS""",50.63,5.52,A20,,,120.0,14.0,,,14.0,VISUAL
90225,203364.0,1944-05-01,9,FRANCE,MARSHALLING YARD,"""RR INSTALLATIONS,  TRACKS,  MARSHALLING YARDS,  AND STATIONS""",47.22,-1.53,B26,,,,,33.0,,33.0,VISUAL
90222,203365.0,1944-05-01,9,FRANCE,MARSHALLING YARD,"""RR INSTALLATIONS,  TRACKS,  MARSHALLING YARDS,  AND STATIONS""",47.22,-1.53,B26,,,115.0,38.0,,,38.0,VISUAL
90231,203380.0,1944-05-01,8,FRANCE,V WEAPON SITES,V - WEAPON LAUNCHING SITES,50.85,1.77,B24,4.0,1.0,217.0,3.0,,,3.0,VISUAL
90232,203381.0,1944-05-01,8,FRANCE,V WEAPON SITES,V - WEAPON LAUNCHING SITES,50.85,1.77,B24,4.0,13.0,217.0,52.0,,,52.0,VISUAL
90237,203382.0,1944-05-01,8,FRANCE,V WEAPON SITES,V - WEAPON LAUNCHING SITES,50.85,1.77,B24,4.0,9.0,199.0,35.0,,,35.0,VISUAL
90235,203389.0,1944-05-01,8,FRANCE,V WEAPON SITES,V - WEAPON LAUNCHING SITES,50.85,1.77,B24,4.0,1.0,217.0,3.0,,,3.0,VISUAL
90236,203390.0,1944-05-01,8,FRANCE,V WEAPON SITES,V - WEAPON LAUNCHING SITES,50.85,1.77,B24,4.0,13.0,217.0,52.0,,,52.0,VISUAL
90239,203391.0,1944-05-01,8,FRANCE,V WEAPON SITES,V - WEAPON LAUNCHING SITES,50.85,1.77,B24,4.0,9.0,199.0,35.0,,,35.0,VISUAL
91889,100844.0,1944-05-04,9,FRANCE,GUN EMPLACEMENTS,GUN EMPLACEMENTS,49.27,-0.27,B26,,,115.0,69.0,,,69.0,VISUAL
91890,203471.0,1944-05-04,9,FRANCE,GUN EMPLACEMENTS,GUN EMPLACEMENTS,49.27,-0.27,B26,,,115.0,69.0,,,69.0,VISUAL
91891,203477.0,1944-05-04,9,FRANCE,GUN EMPLACEMENTS,GUN EMPLACEMENTS,49.27,-0.27,B26,,,115.0,69.0,,,69.0,VISUAL
93475,100895.0,1944-05-07,9,FRANCE,GUN EMPLACEMENTS,GUN EMPLACEMENTS,49.63,-1.3,B26,,,122.0,63.0,,,63.0,VISUAL
93458,100911.0,1944-05-07,15,CZECHOSLOVAKIA,CITY AREA,CITIES TOWNS AND URBAN AREAS,50.52,13.63,B17,2.0,1.0,,3.0,,,3.0,NOT INDICATED
93461,100937.0,1944-05-07,9,GERMANY,UNIDENTIFIED TARGET,UNIDENTIFIED TARGETS,52.53,13.42,B17,4.0,29.0,260.0,27.0,22.0,,49.0,F.F.F.
93481,100939.0,1944-05-07,9,GERMANY,CITY AREA,CITIES TOWNS AND URBAN AREAS,52.38,9.73,B17,2.0,1.0,,3.0,,,3.0,NOT INDICATED
93482,100940.0,1944-05-07,9,GERMANY,CITY AREA,CITIES TOWNS AND URBAN AREAS,52.38,9.73,B17,2.0,1.0,,2.0,1.0,,3.0,NOT INDICATED
93462,164803.0,1944-05-07,9,GERMANY,UNIDENTIFIED TARGET,UNIDENTIFIED TARGETS,52.53,13.42,B17,4.0,29.0,260.0,27.0,22.0,,49.0,F.F.F.
93459,164816.0,1944-05-07,15,CZECHOSLOVAKIA,CITY AREA,CITIES TOWNS AND URBAN AREAS,50.52,13.63,B17,2.0,1.0,,3.0,,,3.0,NOT INDICATED
93483,164842.0,1944-05-07,9,GERMANY,CITY AREA,CITIES TOWNS AND URBAN AREAS,52.38,9.73,B17,2.0,1.0,,3.0,,,3.0,NOT INDICATED
93484,164843.0,1944-05-07,9,GERMANY,CITY AREA,CITIES TOWNS AND URBAN AREAS,52.38,9.73,B17,2.0,1.0,,2.0,1.0,,3.0,NOT INDICATED
93460,164854.0,1944-05-07,15,CZECHOSLOVAKIA,CITY AREA,CITIES TOWNS AND URBAN AREAS,50.52,13.63,B17,2.0,1.0,,3.0,,,3.0,NOT INDICATED
93485,164880.0,1944-05-07,9,GERMANY,CITY AREA,CITIES TOWNS AND URBAN AREAS,52.38,9.73,B17,2.0,1.0,,3.0,,,3.0,NOT INDICATED
93486,164881.0,1944-05-07,9,GERMANY,CITY AREA,CITIES TOWNS AND URBAN AREAS,52.38,9.73,B17,2.0,1.0,,2.0,1.0,,3.0,NOT INDICATED
93463,164883.0,1944-05-07,9,GERMANY,UNIDENTIFIED TARGET,UNIDENTIFIED TARGETS,52.53,13.42,B17,4.0,29.0,260.0,27.0,22.0,,49.0,F.F.F.
93487,164905.0,1944-05-07,9,GERMANY,R R,"""RR INSTALLATIONS,  TRACKS,  MARSHALLING YARDS,  AND STATIONS""",50.13,8.46,B24,4.0,3.0,,9.0,,,9.0,NOT INDICATED
93465,164906.0,1944-05-07,9,GERMANY,R R,"""RR INSTALLATIONS,  TRACKS,  MARSHALLING YARDS,  AND STATIONS""",50.13,8.46,B24,4.0,23.0,230.0,36.0,18.0,,54.0,F.F.F.
93488,164907.0,1944-05-07,9,GERMANY,R R,"""RR INSTALLATIONS,  TRACKS,  MARSHALLING YARDS,  AND STATIONS""",50.13,8.46,B24,4.0,3.0,,3.0,,,3.0,F.F.F.
93471,164908.0,1944-05-07,9,GERMANY,R R,"""RR INSTALLATIONS,  TRACKS,  MARSHALLING YARDS,  AND STATIONS""",50.13,8.46,B24,4.0,28.0,200.0,83.0,,,83.0,F.F.F.
93466,164909.0,1944-05-07,9,GERMANY,R R,"""RR INSTALLATIONS,  TRACKS,  MARSHALLING YARDS,  AND STATIONS""",50.13,8.46,B24,4.0,21.0,222.0,30.0,20.0,,50.0,F.F.F.
93467,164910.0,1944-05-07,9,GERMANY,R R,"""RR INSTALLATIONS,  TRACKS,  MARSHALLING YARDS,  AND STATIONS""",50.13,8.46,B24,4.0,29.0,220.0,55.0,18.0,,73.0,F.F.F.
93464,164911.0,1944-05-07,9,GERMANY,R R,"""RR INSTALLATIONS,  TRACKS,  MARSHALLING YARDS,  AND STATIONS""",50.13,8.46,B24,4.0,32.0,238.0,72.0,14.0,,66.0,F.F.F.
93489,164912.0,1944-05-07,9,GERMANY,R R,"""RR INSTALLATIONS,  TRACKS,  MARSHALLING YARDS,  AND STATIONS""",50.13,8.46,B24,4.0,6.0,,14.0,,,14.0,NOT INDICATED
93476,203520.0,1944-05-07,9,FRANCE,GUN EMPLACEMENTS,GUN EMPLACEMENTS,49.63,-1.3,B26,,,122.0,63.0,,,63.0,VISUAL
93477,203529.0,1944-05-07,9,FRANCE,GUN EMPLACEMENTS,GUN EMPLACEMENTS,49.63,-1.3,B26,,,122.0,63.0,,,63.0,VISUAL
94689,100944.0,1944-05-08,9,FRANCE,BRIDGE,BRIDGES,49.35,6.0,B26,,,120.0,60.0,,,60.0,VISUAL
94691,100956.0,1944-05-08,9,FRANCE,GUN EMPLACEMENTS,GUN EMPLACEMENTS,50.63,2.37,B26,,,120.0,72.0,,,72.0,VISUAL
94687,100962.0,1944-05-08,9,FRANCE,UNIDENTIFIED TARGET,UNIDENTIFIED TARGETS,46.43,-1.48,A20,,,120.0,38.0,,,38.0,VISUAL
94905,100965.0,1944-05-08,8,FRANCE,CITY AREA,CITIES TOWNS AND URBAN AREAS,44.83,-0.9,B17,4.0,7.0,250.0,18.0,,,18.0,VISUAL
94920,100966.0,1944-05-08,8,FRANCE,CITY AREA,CITIES TOWNS AND URBAN AREAS,44.83,-0.9,B17,4.0,5.0,200.0,15.0,,,15.0,VISUAL
94917,100967.0,1944-05-08,8,FRANCE,CITY AREA,CITIES TOWNS AND URBAN AREAS,44.83,-0.9,B17,4.0,6.0,220.0,18.0,,,18.0,VISUAL
94908,100968.0,1944-05-08,8,FRANCE,CITY AREA,CITIES TOWNS AND URBAN AREAS,44.83,-0.9,B17,4.0,8.0,230.0,24.0,,,24.0,VISUAL
94909,100969.0,1944-05-08,8,FRANCE,CITY AREA,CITIES TOWNS AND URBAN AREAS,44.83,-0.9,B17,4.0,7.0,230.0,21.0,,,21.0,VISUAL
94910,100970.0,1944-05-08,8,FRANCE,CITY AREA,CITIES TOWNS AND URBAN AREAS,44.83,-0.9,B17,4.0,6.0,230.0,17.0,,,17.0,VISUAL
94642,100996.0,1944-05-08,9,GERMANY,UNIDENTIFIED TARGET,UNIDENTIFIED TARGETS,52.53,13.42,B17,4.0,15.0,260.0,40.0,,,40.0,F.F.F.
94696,100997.0,1944-05-08,9,GERMANY,UNIDENTIFIED TARGET,UNIDENTIFIED TARGETS,52.53,13.42,B17,4.0,,,5.0,,,5.0,NOT INDICATED
94645,100998.0,1944-05-08,9,GERMANY,UNIDENTIFIED TARGET,UNIDENTIFIED TARGETS,52.53,13.42,B17,4.0,26.0,241.0,,28.0,,28.0,F.F.F.
94660,101000.0,1944-05-08,9,GERMANY,CITY AREA,CITIES TOWNS AND URBAN AREAS,52.25,10.5,B24,4.0,30.0,222.0,88.0,,,88.0,F.F.F.
94666,101001.0,1944-05-08,9,GERMANY,CITY AREA,CITIES TOWNS AND URBAN AREAS,52.25,10.5,B24,4.0,30.0,221.0,66.0,14.0,,80.0,F.F.F.
94669,101002.0,1944-05-08,9,GERMANY,CITY AREA,CITIES TOWNS AND URBAN AREAS,52.25,10.5,B24,4.0,22.0,219.0,,39.0,,39.0,F.F.F.
94699,101003.0,1944-05-08,9,GERMANY,CITY AREA,CITIES TOWNS AND URBAN AREAS,52.25,10.5,B24,4.0,5.0,,,3.0,,3.0,NOT INDICATED
94661,101004.0,1944-05-08,9,GERMANY,CITY AREA,CITIES TOWNS AND URBAN AREAS,52.25,10.5,B24,4.0,25.0,222.0,9.0,39.0,,48.0,F.F.F.
94670,101005.0,1944-05-08,9,GERMANY,CITY AREA,CITIES TOWNS AND URBAN AREAS,52.25,10.5,B24,4.0,27.0,219.0,33.0,29.0,,62.0,F.F.F.
94648,101006.0,1944-05-08,9,GERMANY,CITY AREA,CITIES TOWNS AND URBAN AREAS,52.25,10.5,B24,4.0,21.0,230.0,30.0,20.0,,50.0,F.F.F.
94675,101007.0,1944-05-08,9,GERMANY,CITY AREA,CITIES TOWNS AND URBAN AREAS,52.25,10.5,B24,4.0,28.0,210.0,53.0,17.0,,70.0,F.F.F.
94654,101008.0,1944-05-08,9,GERMANY,CITY AREA,CITIES TOWNS AND URBAN AREAS,52.25,10.5,B24,4.0,22.0,226.0,66.0,,,66.0,F.F.F.
94681,101009.0,1944-05-08,9,GERMANY,CITY AREA,CITIES TOWNS AND URBAN AREAS,52.25,10.5,B24,4.0,22.0,201.0,65.0,,,65.0,F.F.F.
94657,101010.0,1944-05-08,9,GERMANY,CITY AREA,CITIES TOWNS AND URBAN AREAS,52.25,10.5,B24,4.0,25.0,225.0,63.0,,,63.0,F.F.F.
94649,101011.0,1944-05-08,9,GERMANY,CITY AREA,CITIES TOWNS AND URBAN AREAS,52.25,10.5,B24,4.0,30.0,230.0,,54.0,,54.0,F.F.F.
94684,101012.0,1944-05-08,9,GERMANY,CITY AREA,CITIES TOWNS AND URBAN AREAS,52.25,10.5,B17,3.0,13.0,201.0,19.0,7.0,,26.0,F.F.F.
94678,101013.0,1944-05-08,9,GERMANY,CITY AREA,CITIES TOWNS AND URBAN AREAS,52.25,10.5,B17,3.0,24.0,210.0,60.0,,,60.0,F.F.F.
94902,101014.0,1944-05-08,9,GERMANY,CITY AREA,CITIES TOWNS AND URBAN AREAS,52.25,10.5,B17,3.0,12.0,,30.0,,,30.0,NOT INDICATED
94643,164922.0,1944-05-08,9,GERMANY,UNIDENTIFIED TARGET,UNIDENTIFIED TARGETS,52.53,13.42,B17,4.0,15.0,260.0,40.0,,,40.0,F.F.F.
94697,164923.0,1944-05-08,9,GERMANY,UNIDENTIFIED TARGET,UNIDENTIFIED TARGETS,52.53,13.42,B17,4.0,,,5.0,,,5.0,NOT INDICATED
94646,164924.0,1944-05-08,9,GERMANY,UNIDENTIFIED TARGET,UNIDENTIFIED TARGETS,52.53,13.42,B17,4.0,26.0,241.0,,28.0,,28.0,F.F.F.
94688,164932.0,1944-05-08,9,FRANCE,UNIDENTIFIED TARGET,UNIDENTIFIED TARGETS,46.43,-1.48,A20,,,120.0,38.0,,,38.0,VISUAL
94906,164935.0,1944-05-08,8,FRANCE,CITY AREA,CITIES TOWNS AND URBAN AREAS,44.83,-0.9,B17,4.0,7.0,250.0,18.0,,,18.0,VISUAL
94921,164936.0,1944-05-08,8,FRANCE,CITY AREA,CITIES TOWNS AND URBAN AREAS,44.83,-0.9,B17,4.0,5.0,200.0,15.0,,,15.0,VISUAL
94918,164937.0,1944-05-08,8,FRANCE,CITY AREA,CITIES TOWNS AND URBAN AREAS,44.83,-0.9,B17,4.0,6.0,220.0,18.0,,,18.0,VISUAL
94911,164938.0,1944-05-08,8,FRANCE,CITY AREA,CITIES TOWNS AND URBAN AREAS,44.83,-0.9,B17,4.0,8.0,230.0,24.0,,,24.0,VISUAL
94912,164939.0,1944-05-08,8,FRANCE,CITY AREA,CITIES TOWNS AND URBAN AREAS,44.83,-0.9,B17,4.0,7.0,230.0,21.0,,,21.0,VISUAL
94913,164940.0,1944-05-08,8,FRANCE,CITY AREA,CITIES TOWNS AND URBAN AREAS,44.83,-0.9,B17,4.0,6.0,230.0,17.0,,,17.0,VISUAL
94662,164966.0,1944-05-08,9,GERMANY,CITY AREA,CITIES TOWNS AND URBAN AREAS,52.25,10.5,B24,4.0,30.0,222.0,88.0,,,88.0,F.F.F.
94667,164967.0,1944-05-08,9,GERMANY,CITY AREA,CITIES TOWNS AND URBAN AREAS,52.25,10.5,B24,4.0,30.0,221.0,66.0,14.0,,80.0,F.F.F.
94671,164968.0,1944-05-08,9,GERMANY,CITY AREA,CITIES TOWNS AND URBAN AREAS,52.25,10.5,B24,4.0,22.0,219.0,,39.0,,39.0,F.F.F.
94700,164969.0,1944-05-08,9,GERMANY,CITY AREA,CITIES TOWNS AND URBAN AREAS,52.25,10.5,B24,4.0,5.0,,,3.0,,3.0,NOT INDICATED
94663,164970.0,1944-05-08,9,GERMANY,CITY AREA,CITIES TOWNS AND URBAN AREAS,52.25,10.5,B24,4.0,25.0,222.0,9.0,39.0,,48.0,F.F.F.
94672,164971.0,1944-05-08,9,GERMANY,CITY AREA,CITIES TOWNS AND URBAN AREAS,52.25,10.5,B24,4.0,27.0,219.0,33.0,29.0,,62.0,F.F.F.
94650,164972.0,1944-05-08,9,GERMANY,CITY AREA,CITIES TOWNS AND URBAN AREAS,52.25,10.5,B24,4.0,21.0,230.0,30.0,20.0,,50.0,F.F.F.
94676,164973.0,1944-05-08,9,GERMANY,CITY AREA,CITIES TOWNS AND URBAN AREAS,52.25,10.5,B24,4.0,28.0,210.0,53.0,17.0,,70.0,F.F.F.
94655,164974.0,1944-05-08,9,GERMANY,CITY AREA,CITIES TOWNS AND URBAN AREAS,52.25,10.5,B24,4.0,22.0,226.0,66.0,,,66.0,F.F.F.
94682,164975.0,1944-05-08,9,GERMANY,CITY AREA,CITIES TOWNS AND URBAN AREAS,52.25,10.5,B24,4.0,22.0,201.0,65.0,,,65.0,F.F.F.
94658,164976.0,1944-05-08,9,GERMANY,CITY AREA,CITIES TOWNS AND URBAN AREAS,52.25,10.5,B24,4.0,25.0,225.0,63.0,,,63.0,F.F.F.
94651,164977.0,1944-05-08,9,GERMANY,CITY AREA,CITIES TOWNS AND URBAN AREAS,52.25,10.5,B24,4.0,30.0,230.0,,54.0,,54.0,F.F.F.
94685,164978.0,1944-05-08,9,GERMANY,CITY AREA,CITIES TOWNS AND URBAN AREAS,52.25,10.5,B17,3.0,13.0,201.0,19.0,7.0,,26.0,F.F.F.
94679,164979.0,1944-05-08,9,GERMANY,CITY AREA,CITIES TOWNS AND URBAN AREAS,52.25,10.5,B17,3.0,24.0,210.0,60.0,,,60.0,F.F.F.
94903,164980.0,1944-05-08,9,GERMANY,CITY AREA,CITIES TOWNS AND URBAN AREAS,52.25,10.5,B17,3.0,12.0,,30.0,,,30.0,NOT INDICATED
94907,164985.0,1944-05-08,8,FRANCE,CITY AREA,CITIES TOWNS AND URBAN AREAS,44.83,-0.9,B17,4.0,7.0,250.0,18.0,,,18.0,VISUAL
94922,164986.0,1944-05-08,8,FRANCE,CITY AREA,CITIES TOWNS AND URBAN AREAS,44.83,-0.9,B17,4.0,5.0,200.0,15.0,,,15.0,VISUAL
94919,164987.0,1944-05-08,8,FRANCE,CITY AREA,CITIES TOWNS AND URBAN AREAS,44.83,-0.9,B17,4.0,6.0,220.0,18.0,,,18.0,VISUAL
94914,164988.0,1944-05-08,8,FRANCE,CITY AREA,CITIES TOWNS AND URBAN AREAS,44.83,-0.9,B17,4.0,8.0,230.0,24.0,,,24.0,VISUAL
94915,164989.0,1944-05-08,8,FRANCE,CITY AREA,CITIES TOWNS AND URBAN AREAS,44.83,-0.9,B17,4.0,7.0,230.0,21.0,,,21.0,VISUAL
94916,164990.0,1944-05-08,8,FRANCE,CITY AREA,CITIES TOWNS AND URBAN AREAS,44.83,-0.9,B17,4.0,6.0,230.0,17.0,,,17.0,VISUAL
94664,165016.0,1944-05-08,9,GERMANY,CITY AREA,CITIES TOWNS AND URBAN AREAS,52.25,10.5,B24,4.0,30.0,222.0,88.0,,,88.0,F.F.F.
94668,165017.0,1944-05-08,9,GERMANY,CITY AREA,CITIES TOWNS AND URBAN AREAS,52.25,10.5,B24,4.0,30.0,221.0,66.0,14.0,,80.0,F.F.F.
94673,165018.0,1944-05-08,9,GERMANY,CITY AREA,CITIES TOWNS AND URBAN AREAS,52.25,10.5,B24,4.0,22.0,219.0,,39.0,,39.0,F.F.F.
94901,165019.0,1944-05-08,9,GERMANY,CITY AREA,CITIES TOWNS AND URBAN AREAS,52.25,10.5,B24,4.0,5.0,,,3.0,,3.0,NOT INDICATED
94665,165020.0,1944-05-08,9,GERMANY,CITY AREA,CITIES TOWNS AND URBAN AREAS,52.25,10.5,B24,4.0,25.0,222.0,9.0,39.0,,48.0,F.F.F.
94674,165021.0,1944-05-08,9,GERMANY,CITY AREA,CITIES TOWNS AND URBAN AREAS,52.25,10.5,B24,4.0,27.0,219.0,33.0,29.0,,62.0,F.F.F.
94652,165022.0,1944-05-08,9,GERMANY,CITY AREA,CITIES TOWNS AND URBAN AREAS,52.25,10.5,B24,4.0,21.0,230.0,30.0,20.0,,50.0,F.F.F.
94677,165023.0,1944-05-08,9,GERMANY,CITY AREA,CITIES TOWNS AND URBAN AREAS,52.25,10.5,B24,4.0,28.0,210.0,53.0,17.0,,70.0,F.F.F.
94656,165024.0,1944-05-08,9,GERMANY,CITY AREA,CITIES TOWNS AND URBAN AREAS,52.25,10.5,B24,4.0,22.0,226.0,66.0,,,66.0,F.F.F.
94683,165025.0,1944-05-08,9,GERMANY,CITY AREA,CITIES TOWNS AND URBAN AREAS,52.25,10.5,B24,4.0,22.0,201.0,65.0,,,65.0,F.F.F.
94659,165026.0,1944-05-08,9,GERMANY,CITY AREA,CITIES TOWNS AND URBAN AREAS,52.25,10.5,B24,4.0,25.0,225.0,63.0,,,63.0,F.F.F.
94653,165027.0,1944-05-08,9,GERMANY,CITY AREA,CITIES TOWNS AND URBAN AREAS,52.25,10.5,B24,4.0,30.0,230.0,,54.0,,54.0,F.F.F.
94686,165028.0,1944-05-08,9,GERMANY,CITY AREA,CITIES TOWNS AND URBAN AREAS,52.25,10.5,B17,3.0,13.0,201.0,19.0,7.0,,26.0,F.F.F.
94680,165029.0,1944-05-08,9,GERMANY,CITY AREA,CITIES TOWNS AND URBAN AREAS,52.25,10.5,B17,3.0,24.0,210.0,60.0,,,60.0,F.F.F.
94904,165030.0,1944-05-08,9,GERMANY,CITY AREA,CITIES TOWNS AND URBAN AREAS,52.25,10.5,B17,3.0,12.0,,30.0,,,30.0,NOT INDICATED
94644,165032.0,1944-05-08,9,GERMANY,UNIDENTIFIED TARGET,UNIDENTIFIED TARGETS,52.53,13.42,B17,4.0,15.0,260.0,40.0,,,40.0,F.F.F.
94698,165033.0,1944-05-08,9,GERMANY,UNIDENTIFIED TARGET,UNIDENTIFIED TARGETS,52.53,13.42,B17,4.0,,,5.0,,,5.0,NOT INDICATED
94647,165034.0,1944-05-08,9,GERMANY,UNIDENTIFIED TARGET,UNIDENTIFIED TARGETS,52.53,13.42,B17,4.0,26.0,241.0,,28.0,,28.0,F.F.F.
94923,165040.0,1944-05-08,8,GERMANY,ARADO AC FACTORY,AIRCRAFT FACTORIES AND ASSEMBLY PLANTS,52.4,12.52,B17,2.0,10.0,,25.0,,,25.0,NOT INDICATED
94690,203537.0,1944-05-08,9,FRANCE,BRIDGE,BRIDGES,49.35,6.0,B26,,,120.0,60.0,,,60.0,VISUAL
94695,203547.0,1944-05-08,9,FRANCE,GUN EMPLACEMENTS,GUN EMPLACEMENTS,50.63,2.37,B26,,,12.0,72.0,,,72.0,VISUAL
94692,203560.0,1944-05-08,9,FRANCE,GUN EMPLACEMENTS,GUN EMPLACEMENTS,50.63,2.37,B26,,,120.0,72.0,,,72.0,VISUAL
95765,101022.0,1944-05-09,9,FRANCE,BRIDGE,BRIDGES,49.35,6.0,B26,,,115.0,72.0,,,72.0,VISUAL
95759,101039.0,1944-05-09,9,FRANCE,GUN POSITION,GUN EMPLACEMENTS,49.48,-1.3,B26,,,120.0,66.0,,,66.0,VISUAL
95763,101068.0,1944-05-09,9,FRANCE,UNIDENTIFIED TARGET,UNIDENTIFIED TARGETS,49.05,-0.54,B26,,,119.0,50.0,,,50.0,VISUAL
95761,101069.0,1944-05-09,9,FRANCE,UNIDENTIFIED TARGET,UNIDENTIFIED TARGETS,49.05,-0.54,A20,,,120.0,38.0,,,38.0,VISUAL
95764,165049.0,1944-05-09,9,FRANCE,UNIDENTIFIED TARGET,UNIDENTIFIED TARGETS,49.05,-0.54,B26,,,119.0,50.0,,,50.0,VISUAL
95762,165050.0,1944-05-09,9,FRANCE,UNIDENTIFIED TARGET,UNIDENTIFIED TARGETS,49.05,-0.54,A20,,,120.0,38.0,,,38.0,VISUAL
95766,203567.0,1944-05-09,9,FRANCE,BRIDGE,BRIDGES,49.35,6.0,B26,,,115.0,72.0,,,72.0,VISUAL
95767,203605.0,1944-05-09,9,FRANCE,GUN POSITION,GUN EMPLACEMENTS,49.48,-1.3,B26,,,12.0,66.0,,,66.0,VISUAL
95760,203617.0,1944-05-09,9,FRANCE,GUN POSITION,GUN EMPLACEMENTS,49.48,-1.3,B26,,,120.0,66.0,,,66.0,VISUAL
96951,101091.0,1944-05-10,9,GERMANY,BRIDGE,BRIDGES,52.93,8.8,B26,,,105.0,64.0,,,64.0,VISUAL
96949,101105.0,1944-05-10,9,FRANCE,UNIDENTIFIED TARGET,UNIDENTIFIED TARGETS,46.43,-1.48,B26,,,120.0,24.0,,,24.0,VISUAL
96953,101106.0,1944-05-10,9,FRANCE,UNIDENTIFIED TARGET,UNIDENTIFIED TARGETS,46.43,-1.48,B26,,,,26.0,,,26.0,VISUAL
96950,165076.0,1944-05-10,9,FRANCE,UNIDENTIFIED TARGET,UNIDENTIFIED TARGETS,46.43,-1.48,B26,,,120.0,24.0,,,24.0,VISUAL
96954,165077.0,1944-05-10,9,FRANCE,UNIDENTIFIED TARGET,UNIDENTIFIED TARGETS,46.43,-1.48,B26,,,,26.0,,,26.0,VISUAL
96952,203678.0,1944-05-10,9,GERMANY,BRIDGE,BRIDGES,52.93,8.8,B26,,,105.0,64.0,,,64.0,VISUAL
97879,101118.0,1944-05-11,8,FRANCE,AIRDROME,AIR FIELDS AND AIRDROMES,49.07,0.78,B26,,,,34.0,,,34.0,VISUAL
97877,101119.0,1944-05-11,8,FRANCE,AIRDROME,AIR FIELDS AND AIRDROMES,49.07,0.78,B26,,,120.0,34.0,,,34.0,VISUAL
97867,101126.0,1944-05-11,9,FRANCE,GUN EMPLACEMENTS,GUN EMPLACEMENTS,50.63,2.37,B26,,,120.0,72.0,,,72.0,VISUAL
97870,101130.0,1944-05-11,9,FRANCE,CITY AREA,CITIES TOWNS AND URBAN AREAS,49.18,-0.37,B24,1.0,1.0,,3.0,,,3.0,NOT INDICATED
97881,101131.0,1944-05-11,8,FRANCE,CITY AREA,CITIES TOWNS AND URBAN AREAS,48.83,0.33,B24,3.0,1.0,,3.0,,,3.0,SHORAN
97874,101132.0,1944-05-11,8,FRANCE,CITY AREA,CITIES TOWNS AND URBAN AREAS,48.83,0.33,B24,3.0,23.0,170.0,58.0,,,58.0,VISUAL
97871,165094.0,1944-05-11,9,FRANCE,CITY AREA,CITIES TOWNS AND URBAN AREAS,49.18,-0.37,B24,1.0,1.0,,3.0,,,3.0,NOT INDICATED
97882,165095.0,1944-05-11,8,FRANCE,CITY AREA,CITIES TOWNS AND URBAN AREAS,48.83,0.33,B24,3.0,1.0,,3.0,,,3.0,SHORAN
97875,165096.0,1944-05-11,8,FRANCE,CITY AREA,CITIES TOWNS AND URBAN AREAS,48.83,0.33,B24,3.0,23.0,170.0,58.0,,,58.0,VISUAL
97872,165100.0,1944-05-11,9,FRANCE,CITY AREA,CITIES TOWNS AND URBAN AREAS,49.18,-0.37,B24,1.0,1.0,,3.0,,,3.0,NOT INDICATED
97883,165101.0,1944-05-11,8,FRANCE,CITY AREA,CITIES TOWNS AND URBAN AREAS,48.83,0.33,B24,3.0,1.0,,3.0,,,3.0,NOT INDICATED
97876,165102.0,1944-05-11,8,FRANCE,CITY AREA,CITIES TOWNS AND URBAN AREAS,48.83,0.33,B24,3.0,23.0,170.0,58.0,,,58.0,VISUAL
97858,165122.0,1944-05-11,12,FRANCE,R R,"""RR INSTALLATIONS,  TRACKS,  MARSHALLING YARDS,  AND STATIONS""",47.63,6.87,B24,4.0,21.0,170.0,53.0,,,53.0,VISUAL
97859,165123.0,1944-05-11,12,FRANCE,R R,"""RR INSTALLATIONS,  TRACKS,  MARSHALLING YARDS,  AND STATIONS""",47.63,6.87,B24,1.0,10.0,,30.0,,,30.0,NOT INDICATED
97857,165124.0,1944-05-11,12,FRANCE,R R,"""RR INSTALLATIONS,  TRACKS,  MARSHALLING YARDS,  AND STATIONS""",47.63,6.87,B24,1.0,10.0,180.0,30.0,,,30.0,VISUAL
97860,165125.0,1944-05-11,12,FRANCE,R R,"""RR INSTALLATIONS,  TRACKS,  MARSHALLING YARDS,  AND STATIONS""",47.63,6.87,B24,1.0,15.0,,45.0,,,45.0,NOT INDICATED
97873,165129.0,1944-05-11,9,FRANCE,MARSHALLING YARD,"""RR INSTALLATIONS,  TRACKS,  MARSHALLING YARDS,  AND STATIONS""",49.07,-0.05,B24,1.0,1.0,,3.0,,,3.0,NOT INDICATED
97856,165148.0,1944-05-11,12,FRANCE,R R,"""RR INSTALLATIONS,  TRACKS,  MARSHALLING YARDS,  AND STATIONS""",47.63,6.87,B24,4.0,12.0,182.0,30.0,,,30.0,VISUAL
97880,203702.0,1944-05-11,8,FRANCE,AIRDROME,AIR FIELDS AND AIRDROMES,49.07,0.78,B26,,,,34.0,,,34.0,VISUAL
97878,203703.0,1944-05-11,8,FRANCE,AIRDROME,AIR FIELDS AND AIRDROMES,49.07,0.78,B26,,,120.0,34.0,,,34.0,VISUAL
97869,203708.0,1944-05-11,9,FRANCE,GUN EMPLACEMENTS,GUN EMPLACEMENTS,50.63,2.37,B26,,,12.0,72.0,,,72.0,VISUAL
97868,203712.0,1944-05-11,9,FRANCE,GUN EMPLACEMENTS,GUN EMPLACEMENTS,50.63,2.37,B26,,,120.0,72.0,,,72.0,VISUAL
98671,101147.0,1944-05-12,15,CZECHOSLOVAKIA,BERGIUS SYN OR,SYNTHETIC OIL REFINERIES,50.52,13.63,B17,,,,30.0,,,30.0,NOT INDICATED
98672,101148.0,1944-05-12,15,CZECHOSLOVAKIA,BERGIUS SYN OR,SYNTHETIC OIL REFINERIES,50.52,13.63,B17,,,,17.0,,,17.0,NOT INDICATED
98659,101149.0,1944-05-12,15,CZECHOSLOVAKIA,BERGIUS SYN OR,SYNTHETIC OIL REFINERIES,50.52,13.63,B17,4.0,19.0,239.0,38.0,,,38.0,VISUAL
98673,101150.0,1944-05-12,15,CZECHOSLOVAKIA,BERGIUS SYN OR,SYNTHETIC OIL REFINERIES,50.52,13.63,B17,4.0,4.0,,4.0,,,4.0,NOT INDICATED
98666,101151.0,1944-05-12,15,CZECHOSLOVAKIA,BERGIUS SYN OR,SYNTHETIC OIL REFINERIES,50.52,13.63,B17,4.0,18.0,228.0,45.0,,,45.0,VISUAL
98660,101152.0,1944-05-12,15,CZECHOSLOVAKIA,BERGIUS SYN OR,SYNTHETIC OIL REFINERIES,50.52,13.63,B17,4.0,24.0,239.0,22.0,,,22.0,VISUAL
98674,101153.0,1944-05-12,15,CZECHOSLOVAKIA,BERGIUS SYN OR,SYNTHETIC OIL REFINERIES,50.52,13.63,B17,4.0,11.0,,20.0,,,20.0,NOT INDICATED
98679,101164.0,1944-05-12,9,GERMANY,WINTERSHALL SYN OIL,OIL REFINERIES,51.3,11.85,B17,4.0,29.0,265.0,32.0,,,32.0,VISUAL
98690,101165.0,1944-05-12,9,GERMANY,WINTERSHALL SYN OIL,OIL REFINERIES,51.3,11.85,B17,4.0,2.0,,4.0,,,4.0,NOT INDICATED
98681,101166.0,1944-05-12,9,GERMANY,WINTERSHALL SYN OIL,OIL REFINERIES,51.3,11.85,B17,4.0,18.0,253.0,34.0,,,34.0,VISUAL
98691,101167.0,1944-05-12,9,GERMANY,WINTERSHALL SYN OIL,OIL REFINERIES,51.3,11.85,B17,4.0,8.0,,15.0,,,15.0,NOT INDICATED
98683,101168.0,1944-05-12,9,GERMANY,WINTERSHALL SYN OIL,OIL REFINERIES,51.3,11.85,B17,4.0,31.0,236.0,59.0,,,59.0,VISUAL
98692,101169.0,1944-05-12,9,GERMANY,WINTERSHALL SYN OIL,OIL REFINERIES,51.3,11.85,B17,2.0,1.0,,2.0,,,2.0,NOT INDICATED
98686,101201.0,1944-05-12,9,FRANCE,GUN EMPLACEMENT,GUN EMPLACEMENTS,49.68,-1.27,B26,,,115.0,72.0,,,72.0,VISUAL
99017,101233.0,1944-05-12,8,GERMANY,WANDERWERKE SMALL ARMS,ARMAMENT AND ORDNANCE PLANTS,50.87,12.95,B17,3.0,,,20.0,,,20.0,NOT INDICATED
99018,101234.0,1944-05-12,8,GERMANY,WANDERWERKE SMALL ARMS,ARMAMENT AND ORDNANCE PLANTS,50.87,12.95,B17,3.0,11.0,,27.0,,,27.0,NOT INDICATED
99019,101235.0,1944-05-12,8,GERMANY,WANDERWERKE SMALL ARMS,ARMAMENT AND ORDNANCE PLANTS,50.87,12.95,B17,3.0,,,20.0,,,20.0,NOT INDICATED
99020,101236.0,1944-05-12,8,GERMANY,WANDERWERKE SMALL ARMS,ARMAMENT AND ORDNANCE PLANTS,50.87,12.95,B17,3.0,11.0,,27.0,,,27.0,NOT INDICATED
98668,101237.0,1944-05-12,15,CZECHOSLOVAKIA,CITY AREA,CITIES TOWNS AND URBAN AREAS,50.52,13.63,B17,4.0,36.0,219.0,40.0,,,40.0,VISUAL
98663,101238.0,1944-05-12,15,CZECHOSLOVAKIA,CITY AREA,CITIES TOWNS AND URBAN AREAS,50.52,13.63,B17,4.0,28.0,229.0,48.0,,,48.0,VISUAL
99011,101239.0,1944-05-12,8,GERMANY,CITY AREA,CITIES TOWNS AND URBAN AREAS,51.18,12.38,B24,4.0,23.0,201.0,25.0,,,25.0,VISUAL
99014,101240.0,1944-05-12,8,GERMANY,CITY AREA,CITIES TOWNS AND URBAN AREAS,51.18,12.38,B24,4.0,4.0,,2.0,,,2.0,VISUAL
99008,101241.0,1944-05-12,8,GERMANY,CITY AREA,CITIES TOWNS AND URBAN AREAS,51.18,12.38,B24,4.0,11.0,210.0,20.0,,,20.0,VISUAL
99025,101242.0,1944-05-12,8,GERMANY,CITY AREA,CITIES TOWNS AND URBAN AREAS,51.3,11.22,B17,2.0,2.0,,4.0,,,4.0,NOT INDICATED
98669,165170.0,1944-05-12,15,CZECHOSLOVAKIA,CITY AREA,CITIES TOWNS AND URBAN AREAS,50.52,13.63,B17,4.0,36.0,219.0,40.0,,,40.0,VISUAL
98664,165171.0,1944-05-12,15,CZECHOSLOVAKIA,CITY AREA,CITIES TOWNS AND URBAN AREAS,50.52,13.63,B17,4.0,28.0,229.0,48.0,,,48.0,VISUAL
99012,165172.0,1944-05-12,8,GERMANY,CITY AREA,CITIES TOWNS AND URBAN AREAS,51.18,12.38,B24,4.0,23.0,201.0,25.0,,,25.0,VISUAL
99015,165173.0,1944-05-12,8,GERMANY,CITY AREA,CITIES TOWNS AND URBAN AREAS,51.18,12.38,B24,4.0,4.0,,2.0,,,2.0,VISUAL
99009,165174.0,1944-05-12,8,GERMANY,CITY AREA,CITIES TOWNS AND URBAN AREAS,51.18,12.38,B24,4.0,11.0,210.0,20.0,,,20.0,VISUAL
99026,165175.0,1944-05-12,8,GERMANY,CITY AREA,CITIES TOWNS AND URBAN AREAS,51.3,11.22,B17,2.0,2.0,,4.0,,,4.0,NOT INDICATED
98670,165179.0,1944-05-12,15,CZECHOSLOVAKIA,CITY AREA,CITIES TOWNS AND URBAN AREAS,50.52,13.63,B17,4.0,36.0,219.0,40.0,,,40.0,VISUAL
98665,165180.0,1944-05-12,15,CZECHOSLOVAKIA,CITY AREA,CITIES TOWNS AND URBAN AREAS,50.52,13.63,B17,4.0,28.0,229.0,48.0,,,48.0,VISUAL
99013,165181.0,1944-05-12,8,GERMANY,CITY AREA,CITIES TOWNS AND URBAN AREAS,51.18,12.38,B24,4.0,23.0,201.0,25.0,,,25.0,VISUAL
99016,165182.0,1944-05-12,8,GERMANY,CITY AREA,CITIES TOWNS AND URBAN AREAS,51.18,12.38,B24,4.0,4.0,,2.0,,,2.0,VISUAL
99010,165183.0,1944-05-12,8,GERMANY,CITY AREA,CITIES TOWNS AND URBAN AREAS,51.18,12.38,B24,4.0,11.0,210.0,20.0,,,20.0,VISUAL
99027,165184.0,1944-05-12,8,GERMANY,CITY AREA,CITIES TOWNS AND URBAN AREAS,51.3,11.22,B17,2.0,2.0,,4.0,,,4.0,NOT INDICATED
99021,165202.0,1944-05-12,8,GERMANY,WANDERWERKE SMALL ARMS,ARMAMENT AND ORDNANCE PLANTS,50.87,12.95,B17,3.0,,,20.0,,,20.0,NOT INDICATED
99022,165203.0,1944-05-12,8,GERMANY,WANDERWERKE SMALL ARMS,ARMAMENT AND ORDNANCE PLANTS,50.87,12.95,B17,3.0,11.0,,27.0,,,27.0,NOT INDICATED
99023,165204.0,1944-05-12,8,GERMANY,WANDERWERKE SMALL ARMS,ARMAMENT AND ORDNANCE PLANTS,50.87,12.95,B17,3.0,,,20.0,,,20.0,NOT INDICATED
99024,165205.0,1944-05-12,8,GERMANY,WANDERWERKE SMALL ARMS,ARMAMENT AND ORDNANCE PLANTS,50.87,12.95,B17,3.0,11.0,,27.0,,,27.0,NOT INDICATED
98675,165206.0,1944-05-12,15,CZECHOSLOVAKIA,BERGIUS SYN OR,SYNTHETIC OIL REFINERIES,50.52,13.63,B17,,,,30.0,,,30.0,NOT INDICATED
98676,165207.0,1944-05-12,15,CZECHOSLOVAKIA,BERGIUS SYN OR,SYNTHETIC OIL REFINERIES,50.52,13.63,B17,,,,17.0,,,17.0,NOT INDICATED
98661,165208.0,1944-05-12,15,CZECHOSLOVAKIA,BERGIUS SYN OR,SYNTHETIC OIL REFINERIES,50.52,13.63,B17,4.0,19.0,239.0,38.0,,,38.0,VISUAL
98677,165209.0,1944-05-12,15,CZECHOSLOVAKIA,BERGIUS SYN OR,SYNTHETIC OIL REFINERIES,50.52,13.63,B17,4.0,4.0,,4.0,,,4.0,NOT INDICATED
98667,165210.0,1944-05-12,15,CZECHOSLOVAKIA,BERGIUS SYN OR,SYNTHETIC OIL REFINERIES,50.52,13.63,B17,4.0,18.0,228.0,45.0,,,45.0,VISUAL
98662,165211.0,1944-05-12,15,CZECHOSLOVAKIA,BERGIUS SYN OR,SYNTHETIC OIL REFINERIES,50.52,13.63,B17,4.0,24.0,239.0,22.0,,,22.0,VISUAL
98678,165212.0,1944-05-12,15,CZECHOSLOVAKIA,BERGIUS SYN OR,SYNTHETIC OIL REFINERIES,50.52,13.63,B17,4.0,11.0,,20.0,,,20.0,NOT INDICATED
98680,165218.0,1944-05-12,9,GERMANY,WINTERSHALL SYN OIL,OIL REFINERIES,51.3,11.85,B17,4.0,29.0,265.0,32.0,,,32.0,VISUAL
98693,165219.0,1944-05-12,9,GERMANY,WINTERSHALL SYN OIL,OIL REFINERIES,51.3,11.85,B17,4.0,2.0,,4.0,,,4.0,NOT INDICATED
98682,165220.0,1944-05-12,9,GERMANY,WINTERSHALL SYN OIL,OIL REFINERIES,51.3,11.85,B17,4.0,18.0,253.0,34.0,,,34.0,VISUAL
98694,165221.0,1944-05-12,9,GERMANY,WINTERSHALL SYN OIL,OIL REFINERIES,51.3,11.85,B17,4.0,8.0,,15.0,,,15.0,NOT INDICATED
98684,165222.0,1944-05-12,9,GERMANY,WINTERSHALL SYN OIL,OIL REFINERIES,51.3,11.85,B17,4.0,31.0,236.0,59.0,,,59.0,VISUAL
98695,165223.0,1944-05-12,9,GERMANY,WINTERSHALL SYN OIL,OIL REFINERIES,51.3,11.85,B17,2.0,1.0,,2.0,,,2.0,NOT INDICATED
98685,165248.0,1944-05-12,9,GERMANY,MARSHALLING YARD,"""RR INSTALLATIONS,  TRACKS,  MARSHALLING YARDS,  AND STATIONS""",50.88,12.1,B17,2.0,16.0,218.0,30.0,,,30.0,VISUAL
98687,203769.0,1944-05-12,9,FRANCE,GUN EMPLACEMENT,GUN EMPLACEMENTS,49.68,-1.27,B26,,,115.0,72.0,,,72.0,VISUAL
98688,203778.0,1944-05-12,9,FRANCE,GUN EMPLACEMENT,GUN EMPLACEMENTS,49.68,-1.27,B26,,,115.0,72.0,,,72.0,VISUAL
100280,101255.0,1944-05-13,9,FRANCE,AIRDROME,AIR FIELDS AND AIRDROMES,49.13,2.28,B26,,,120.0,54.0,,,54.0,VISUAL
100282,101256.0,1944-05-13,9,FRANCE,TILLIE AD,AIR FIELDS AND AIRDROMES,49.43,-2.08,A20,,,120.0,40.0,,,40.0,VISUAL
100608,101261.0,1944-05-13,8,GERMANY,AIRDROME,AIR FIELDS AND AIRDROMES,54.37,12.72,B24,3.0,3.0,,,5.0,,5.0,NOT INDICATED
100284,101286.0,1944-05-13,9,FRANCE,UNIDENTIFIED TARGET,UNIDENTIFIED TARGETS,49.05,-0.54,A20,,,120.0,36.0,,,36.0,VISUAL
100285,165259.0,1944-05-13,9,FRANCE,UNIDENTIFIED TARGET,UNIDENTIFIED TARGETS,49.05,-0.54,A20,,,120.0,36.0,,,36.0,VISUAL
100611,203815.0,1944-05-13,8,GERMANY,SUB PENS,SUBMARINE PENS AND YARDS,53.42,14.57,B17,2.0,2.0,,4.0,,,4.0,NOT INDICATED
100300,203816.0,1944-05-13,8,GERMANY,SUB PENS,SUBMARINE PENS AND YARDS,53.42,14.57,B17,2.0,26.0,231.0,43.0,13.0,,56.0,VISUAL
100292,203817.0,1944-05-13,8,GERMANY,SUB PENS,SUBMARINE PENS AND YARDS,53.42,14.57,B17,2.0,13.0,241.0,,18.0,,18.0,F.F.F.
100604,203818.0,1944-05-13,8,GERMANY,SUB PENS,SUBMARINE PENS AND YARDS,53.42,14.57,B17,2.0,17.0,219.0,37.0,,,37.0,F.F.F.
100612,203819.0,1944-05-13,8,GERMANY,SUB PENS,SUBMARINE PENS AND YARDS,53.42,14.57,B17,2.0,6.0,,15.0,,,15.0,NOT INDICATED
100290,203820.0,1944-05-13,8,GERMANY,SUB PENS,SUBMARINE PENS AND YARDS,53.42,14.57,B17,2.0,20.0,247.0,38.0,6.0,,44.0,F.F.F.
100288,203821.0,1944-05-13,8,GERMANY,SUB PENS,SUBMARINE PENS AND YARDS,53.42,14.57,B17,2.0,16.0,251.0,27.0,,,27.0,F.F.F.
100298,203822.0,1944-05-13,8,GERMANY,SUB PENS,SUBMARINE PENS AND YARDS,53.42,14.57,B17,2.0,35.0,232.0,82.0,,,82.0,F.F.F.
100606,203823.0,1944-05-13,8,GERMANY,SUB PENS,SUBMARINE PENS AND YARDS,53.42,14.57,B17,2.0,20.0,210.0,,28.0,,28.0,F.F.F.
100602,203824.0,1944-05-13,8,GERMANY,SUB PENS,SUBMARINE PENS AND YARDS,53.42,14.57,B17,2.0,17.0,222.0,42.0,,,42.0,F.F.F.
100293,203825.0,1944-05-13,8,GERMANY,SUB PENS,SUBMARINE PENS AND YARDS,53.42,14.57,B17,2.0,7.0,241.0,,10.0,,10.0,F.F.F.
100286,203826.0,1944-05-13,8,GERMANY,SUB PENS,SUBMARINE PENS AND YARDS,53.42,14.57,B17,2.0,16.0,265.0,30.0,,,30.0,VISUAL
100296,203827.0,1944-05-13,8,GERMANY,SUB PENS,SUBMARINE PENS AND YARDS,53.42,14.57,B17,2.0,18.0,239.0,33.0,,,33.0,F.F.F.
100613,203828.0,1944-05-13,8,GERMANY,SUB PENS,SUBMARINE PENS AND YARDS,53.42,14.57,B17,2.0,2.0,,4.0,,,4.0,NOT INDICATED
100601,203829.0,1944-05-13,8,GERMANY,SUB PENS,SUBMARINE PENS AND YARDS,53.42,14.57,B17,2.0,26.0,231.0,43.0,13.0,,56.0,VISUAL
100294,203830.0,1944-05-13,8,GERMANY,SUB PENS,SUBMARINE PENS AND YARDS,53.42,14.57,B17,2.0,13.0,241.0,,18.0,,18.0,F.F.F.
100605,203831.0,1944-05-13,8,GERMANY,SUB PENS,SUBMARINE PENS AND YARDS,53.42,14.57,B17,2.0,17.0,219.0,37.0,,,37.0,F.F.F.
100614,203832.0,1944-05-13,8,GERMANY,SUB PENS,SUBMARINE PENS AND YARDS,53.42,14.57,B17,2.0,6.0,,15.0,,,15.0,NOT INDICATED
100291,203833.0,1944-05-13,8,GERMANY,SUB PENS,SUBMARINE PENS AND YARDS,53.42,14.57,B17,2.0,20.0,247.0,38.0,6.0,,44.0,F.F.F.
100289,203834.0,1944-05-13,8,GERMANY,SUB PENS,SUBMARINE PENS AND YARDS,53.42,14.57,B17,2.0,16.0,251.0,27.0,,,27.0,F.F.F.
100299,203835.0,1944-05-13,8,GERMANY,SUB PENS,SUBMARINE PENS AND YARDS,53.42,14.57,B17,2.0,35.0,232.0,82.0,,,82.0,F.F.F.
100607,203836.0,1944-05-13,8,GERMANY,SUB PENS,SUBMARINE PENS AND YARDS,53.42,14.57,B17,2.0,20.0,210.0,,28.0,,28.0,F.F.F.
100603,203837.0,1944-05-13,8,GERMANY,SUB PENS,SUBMARINE PENS AND YARDS,53.42,14.57,B17,2.0,17.0,222.0,42.0,,,42.0,F.F.F.
100295,203838.0,1944-05-13,8,GERMANY,SUB PENS,SUBMARINE PENS AND YARDS,53.42,14.57,B17,2.0,7.0,241.0,,10.0,,10.0,F.F.F.
100287,203839.0,1944-05-13,8,GERMANY,SUB PENS,SUBMARINE PENS AND YARDS,53.42,14.57,B17,2.0,16.0,265.0,30.0,,,30.0,VISUAL
100297,203840.0,1944-05-13,8,GERMANY,SUB PENS,SUBMARINE PENS AND YARDS,53.42,14.57,B17,2.0,18.0,239.0,33.0,,,33.0,F.F.F.
100609,203841.0,1944-05-13,8,GERMANY,AIRDROME,AIR FIELDS AND AIRDROMES,54.37,12.72,B24,3.0,3.0,,,5.0,,5.0,NOT INDICATED
100281,203860.0,1944-05-13,9,FRANCE,AIRDROME,AIR FIELDS AND AIRDROMES,49.13,2.28,B26,,,120.0,54.0,,,54.0,VISUAL
100283,203861.0,1944-05-13,9,FRANCE,TILLIE AD,AIR FIELDS AND AIRDROMES,49.43,-2.08,A20,,,120.0,40.0,,,40.0,VISUAL
100610,203876.0,1944-05-13,8,GERMANY,AIRDROME,AIR FIELDS AND AIRDROMES,54.37,12.72,B24,3.0,3.0,,,5.0,,5.0,NOT INDICATED
103783,165350.0,1944-05-18,15,AUSTRIA,MARSHALLING YARDS,"""RR INSTALLATIONS,  TRACKS,  MARSHALLING YARDS,  AND STATIONS""",47.58,12.18,B24,2.0,1.0,200.0,3.0,,,3.0,NOT INDICATED
104583,101379.0,1944-05-19,9,FRANCE,GUN EMPLACEMENTS,GUN EMPLACEMENTS,49.63,-1.3,B26,,,115.0,61.0,,,61.0,VISUAL
104595,101381.0,1944-05-19,9,FRANCE,GUN EMPLACEMENTS,GUN EMPLACEMENTS,49.27,-0.27,B26,,,,1.0,,,1.0,VISUAL
104581,101382.0,1944-05-19,9,FRANCE,GUN EMPLACEMENTS,GUN EMPLACEMENTS,49.27,-0.27,B26,,,120.0,76.0,,,76.0,VISUAL
104590,101419.0,1944-05-19,9,GERMANY,UNIDENTIFIED TARGET,UNIDENTIFIED TARGETS,52.83,13.82,B17,2.0,1.0,,,1.0,,1.0,NOT INDICATED
104535,101420.0,1944-05-19,9,GERMANY,CITY AREA,CITIES TOWNS AND URBAN AREAS,52.25,10.5,B17,4.0,4.0,270.0,4.0,2.0,,6.0,GEE
104572,101421.0,1944-05-19,9,GERMANY,CITY AREA,CITIES TOWNS AND URBAN AREAS,52.25,10.5,B17,4.0,25.0,220.0,,45.0,,45.0,VISUAL
104587,101422.0,1944-05-19,9,GERMANY,CITY AREA,CITIES TOWNS AND URBAN AREAS,52.25,10.5,B24,4.0,,,3.0,,,3.0,NOT INDICATED
104549,101423.0,1944-05-19,9,GERMANY,CITY AREA,CITIES TOWNS AND URBAN AREAS,52.25,10.5,B24,4.0,24.0,223.0,69.0,,,69.0,NOT INDICATED
104540,101424.0,1944-05-19,9,GERMANY,CITY AREA,CITIES TOWNS AND URBAN AREAS,52.25,10.5,B24,4.0,21.0,230.0,84.0,,,84.0,F.F.F.
104557,101425.0,1944-05-19,9,GERMANY,CITY AREA,CITIES TOWNS AND URBAN AREAS,52.25,10.5,B24,4.0,4.0,220.0,4.0,,,4.0,F.F.F.
104558,101426.0,1944-05-19,9,GERMANY,CITY AREA,CITIES TOWNS AND URBAN AREAS,52.25,10.5,B24,4.0,23.0,220.0,,69.0,,69.0,F.F.F.
104559,101427.0,1944-05-19,9,GERMANY,CITY AREA,CITIES TOWNS AND URBAN AREAS,52.25,10.5,B24,4.0,23.0,220.0,56.0,12.0,,68.0,F.F.F.
104575,101428.0,1944-05-19,9,GERMANY,CITY AREA,CITIES TOWNS AND URBAN AREAS,52.25,10.5,B24,4.0,24.0,210.0,,43.0,,43.0,F.F.F.
104578,101429.0,1944-05-19,9,GERMANY,CITY AREA,CITIES TOWNS AND URBAN AREAS,52.25,10.5,B24,4.0,27.0,195.0,,80.0,,80.0,F.F.F.
104550,101430.0,1944-05-19,9,GERMANY,CITY AREA,CITIES TOWNS AND URBAN AREAS,52.25,10.5,B24,4.0,18.0,223.0,,54.0,,54.0,F.F.F.
104541,101431.0,1944-05-19,9,GERMANY,CITY AREA,CITIES TOWNS AND URBAN AREAS,52.25,10.5,B24,4.0,21.0,230.0,,53.0,,53.0,VISUAL
104542,101432.0,1944-05-19,9,GERMANY,CITY AREA,CITIES TOWNS AND URBAN AREAS,52.25,10.5,B24,4.0,18.0,230.0,,32.0,,32.0,VISUAL
104560,101433.0,1944-05-19,9,GERMANY,CITY AREA,CITIES TOWNS AND URBAN AREAS,52.25,10.5,B24,4.0,22.0,220.0,66.0,,,66.0,F.F.F.
104561,101434.0,1944-05-19,9,GERMANY,CITY AREA,CITIES TOWNS AND URBAN AREAS,52.25,10.5,B24,4.0,19.0,220.0,,34.0,,34.0,F.F.F.
104591,165355.0,1944-05-19,9,GERMANY,UNIDENTIFIED TARGET,UNIDENTIFIED TARGETS,52.83,13.82,B17,2.0,1.0,,,1.0,,1.0,NOT INDICATED
104536,165385.0,1944-05-19,9,GERMANY,CITY AREA,CITIES TOWNS AND URBAN AREAS,52.25,10.5,B17,4.0,4.0,270.0,4.0,2.0,,6.0,GEE
104573,165386.0,1944-05-19,9,GERMANY,CITY AREA,CITIES TOWNS AND URBAN AREAS,52.25,10.5,B17,4.0,25.0,220.0,,45.0,,45.0,VISUAL
104588,165387.0,1944-05-19,9,GERMANY,CITY AREA,CITIES TOWNS AND URBAN AREAS,52.25,10.5,B24,4.0,,,3.0,,,3.0,NOT INDICATED
104551,165388.0,1944-05-19,9,GERMANY,CITY AREA,CITIES TOWNS AND URBAN AREAS,52.25,10.5,B24,4.0,24.0,223.0,69.0,,,69.0,NOT INDICATED
104543,165389.0,1944-05-19,9,GERMANY,CITY AREA,CITIES TOWNS AND URBAN AREAS,52.25,10.5,B24,4.0,21.0,230.0,84.0,,,84.0,F.F.F.
104562,165390.0,1944-05-19,9,GERMANY,CITY AREA,CITIES TOWNS AND URBAN AREAS,52.25,10.5,B24,4.0,4.0,220.0,4.0,,,4.0,F.F.F.
104563,165391.0,1944-05-19,9,GERMANY,CITY AREA,CITIES TOWNS AND URBAN AREAS,52.25,10.5,B24,4.0,23.0,220.0,,69.0,,69.0,F.F.F.
104564,165392.0,1944-05-19,9,GERMANY,CITY AREA,CITIES TOWNS AND URBAN AREAS,52.25,10.5,B24,4.0,23.0,220.0,56.0,12.0,,68.0,F.F.F.
104576,165393.0,1944-05-19,9,GERMANY,CITY AREA,CITIES TOWNS AND URBAN AREAS,52.25,10.5,B24,4.0,24.0,210.0,,43.0,,43.0,F.F.F.
104579,165394.0,1944-05-19,9,GERMANY,CITY AREA,CITIES TOWNS AND URBAN AREAS,52.25,10.5,B24,4.0,27.0,195.0,,80.0,,80.0,F.F.F.
104552,165395.0,1944-05-19,9,GERMANY,CITY AREA,CITIES TOWNS AND URBAN AREAS,52.25,10.5,B24,4.0,18.0,223.0,,54.0,,54.0,F.F.F.
104544,165396.0,1944-05-19,9,GERMANY,CITY AREA,CITIES TOWNS AND URBAN AREAS,52.25,10.5,B24,4.0,21.0,230.0,,53.0,,53.0,VISUAL
104545,165397.0,1944-05-19,9,GERMANY,CITY AREA,CITIES TOWNS AND URBAN AREAS,52.25,10.5,B24,4.0,18.0,230.0,,32.0,,32.0,VISUAL
104565,165398.0,1944-05-19,9,GERMANY,CITY AREA,CITIES TOWNS AND URBAN AREAS,52.25,10.5,B24,4.0,22.0,220.0,66.0,,,66.0,F.F.F.
104566,165399.0,1944-05-19,9,GERMANY,CITY AREA,CITIES TOWNS AND URBAN AREAS,52.25,10.5,B24,4.0,19.0,220.0,,34.0,,34.0,F.F.F.
104537,165426.0,1944-05-19,9,GERMANY,CITY AREA,CITIES TOWNS AND URBAN AREAS,52.25,10.5,B17,4.0,4.0,270.0,4.0,2.0,,6.0,GEE
104574,165427.0,1944-05-19,9,GERMANY,CITY AREA,CITIES TOWNS AND URBAN AREAS,52.25,10.5,B17,4.0,25.0,220.0,,45.0,,45.0,VISUAL
104589,165428.0,1944-05-19,9,GERMANY,CITY AREA,CITIES TOWNS AND URBAN AREAS,52.25,10.5,B24,4.0,,,3.0,,,3.0,NOT INDICATED
104553,165429.0,1944-05-19,9,GERMANY,CITY AREA,CITIES TOWNS AND URBAN AREAS,52.25,10.5,B24,4.0,24.0,223.0,69.0,,,69.0,NOT INDICATED
104546,165430.0,1944-05-19,9,GERMANY,CITY AREA,CITIES TOWNS AND URBAN AREAS,52.25,10.5,B24,4.0,21.0,230.0,84.0,,,84.0,F.F.F.
104567,165431.0,1944-05-19,9,GERMANY,CITY AREA,CITIES TOWNS AND URBAN AREAS,52.25,10.5,B24,4.0,4.0,220.0,4.0,,,4.0,F.F.F.
104568,165432.0,1944-05-19,9,GERMANY,CITY AREA,CITIES TOWNS AND URBAN AREAS,52.25,10.5,B24,4.0,23.0,220.0,,69.0,,69.0,F.F.F.
104569,165433.0,1944-05-19,9,GERMANY,CITY AREA,CITIES TOWNS AND URBAN AREAS,52.25,10.5,B24,4.0,23.0,220.0,56.0,12.0,,68.0,F.F.F.
104577,165434.0,1944-05-19,9,GERMANY,CITY AREA,CITIES TOWNS AND URBAN AREAS,52.25,10.5,B24,4.0,24.0,210.0,,43.0,,43.0,F.F.F.
104580,165435.0,1944-05-19,9,GERMANY,CITY AREA,CITIES TOWNS AND URBAN AREAS,52.25,10.5,B24,4.0,27.0,195.0,,80.0,,80.0,F.F.F.
104554,165436.0,1944-05-19,9,GERMANY,CITY AREA,CITIES TOWNS AND URBAN AREAS,52.25,10.5,B24,4.0,18.0,223.0,,54.0,,54.0,F.F.F.
104547,165437.0,1944-05-19,9,GERMANY,CITY AREA,CITIES TOWNS AND URBAN AREAS,52.25,10.5,B24,4.0,21.0,230.0,,53.0,,53.0,VISUAL
104548,165438.0,1944-05-19,9,GERMANY,CITY AREA,CITIES TOWNS AND URBAN AREAS,52.25,10.5,B24,4.0,18.0,230.0,,32.0,,32.0,VISUAL
104570,165439.0,1944-05-19,9,GERMANY,CITY AREA,CITIES TOWNS AND URBAN AREAS,52.25,10.5,B24,4.0,22.0,220.0,66.0,,,66.0,F.F.F.
104571,165440.0,1944-05-19,9,GERMANY,CITY AREA,CITIES TOWNS AND URBAN AREAS,52.25,10.5,B24,4.0,19.0,220.0,,34.0,,34.0,F.F.F.
104592,165441.0,1944-05-19,9,GERMANY,UNIDENTIFIED TARGET,UNIDENTIFIED TARGETS,52.83,13.82,B17,2.0,1.0,,,1.0,,1.0,NOT INDICATED
104593,204005.0,1944-05-19,9,GERMANY,DOCK AREA,PORTS AND HARBORS,54.33,10.15,B17,3.0,2.0,,5.0,,,5.0,NOT INDICATED
104555,204006.0,1944-05-19,9,GERMANY,DOCK AREA,PORTS AND HARBORS,54.33,10.15,B17,3.0,13.0,223.0,,18.0,,18.0,F.F.F.
104538,204007.0,1944-05-19,9,GERMANY,DOCK AREA,PORTS AND HARBORS,54.33,10.15,B17,3.0,34.0,250.0,43.0,24.0,,67.0,F.F.F.
104594,204017.0,1944-05-19,9,GERMANY,DOCK AREA,PORTS AND HARBORS,54.33,10.15,B17,3.0,2.0,,5.0,,,5.0,NOT INDICATED
104556,204018.0,1944-05-19,9,GERMANY,DOCK AREA,PORTS AND HARBORS,54.33,10.15,B17,3.0,13.0,223.0,,18.0,,18.0,F.F.F.
104539,204019.0,1944-05-19,9,GERMANY,DOCK AREA,PORTS AND HARBORS,54.33,10.15,B17,3.0,34.0,250.0,43.0,24.0,,67.0,F.F.F.
104584,204034.0,1944-05-19,9,FRANCE,GUN EMPLACEMENTS,GUN EMPLACEMENTS,49.63,-1.3,B26,,,115.0,61.0,,,61.0,VISUAL
104596,204036.0,1944-05-19,9,FRANCE,GUN EMPLACEMENTS,GUN EMPLACEMENTS,49.27,-0.27,B26,,,,1.0,,,1.0,VISUAL
104586,204037.0,1944-05-19,9,FRANCE,GUN EMPLACEMENTS,GUN EMPLACEMENTS,49.27,-0.27,B26,,,12.0,76.0,,,76.0,VISUAL
104585,204050.0,1944-05-19,9,FRANCE,GUN EMPLACEMENTS,GUN EMPLACEMENTS,49.63,-1.3,B26,,,115.0,61.0,,,61.0,VISUAL
104597,204052.0,1944-05-19,9,FRANCE,GUN EMPLACEMENTS,GUN EMPLACEMENTS,49.27,-0.27,B26,,,,1.0,,,1.0,VISUAL
104582,204053.0,1944-05-19,9,FRANCE,GUN EMPLACEMENTS,GUN EMPLACEMENTS,49.27,-0.27,B26,,,120.0,76.0,,,76.0,VISUAL
105664,101437.0,1944-05-20,9,FRANCE,AIRDROME,AIR FIELDS AND AIRDROMES,49.13,2.28,B26,,,105.0,75.0,,,75.0,VISUAL
105662,101438.0,1944-05-20,9,FRANCE,AIRDROME,AIR FIELDS AND AIRDROMES,49.13,2.28,B26,,,120.0,67.0,,,67.0,VISUAL
105665,204088.0,1944-05-20,9,FRANCE,AIRDROME,AIR FIELDS AND AIRDROMES,49.13,2.28,B26,,,105.0,75.0,,,75.0,VISUAL
105663,204089.0,1944-05-20,9,FRANCE,AIRDROME,AIR FIELDS AND AIRDROMES,49.13,2.28,B26,,,120.0,67.0,,,67.0,VISUAL
107265,101497.0,1944-05-22,8,FRANCE,AIRDROME,AIR FIELDS AND AIRDROMES,49.07,0.78,B26,,,125.0,2.0,,,2.0,VISUAL
107266,101498.0,1944-05-22,8,FRANCE,AIRDROME,AIR FIELDS AND AIRDROMES,49.07,0.78,B26,,,125.0,1.0,,,1.0,NOT INDICATED
107267,101499.0,1944-05-22,8,FRANCE,AIRDROME,AIR FIELDS AND AIRDROMES,49.07,0.78,B26,,,125.0,1.0,,,1.0,VISUAL
107275,101500.0,1944-05-22,8,FRANCE,AIRDROME,AIR FIELDS AND AIRDROMES,49.07,0.78,B26,,,,7.0,,,7.0,NOT INDICATED
107268,101501.0,1944-05-22,8,FRANCE,AIRDROME,AIR FIELDS AND AIRDROMES,49.07,0.78,B26,,,125.0,23.0,,,23.0,NOT INDICATED
107269,101502.0,1944-05-22,8,FRANCE,AIRDROME,AIR FIELDS AND AIRDROMES,49.07,0.78,B26,,,125.0,64.0,,,64.0,NOT INDICATED
107221,101503.0,1944-05-22,9,FRANCE,TILLIE AD,AIR FIELDS AND AIRDROMES,49.43,-2.08,B26,,,120.0,68.0,,,68.0,VISUAL
107225,101504.0,1944-05-22,9,FRANCE,TILLIE AD,AIR FIELDS AND AIRDROMES,49.43,-2.08,B26,,,109.0,38.0,,,38.0,VISUAL
107219,101507.0,1944-05-22,9,FRANCE,GUN EMPLACEMENT,GUN EMPLACEMENTS,49.68,-1.27,B26,,,120.0,2.0,,,2.0,VISUAL
107216,101508.0,1944-05-22,9,FRANCE,GUN EMPLACEMENT,GUN EMPLACEMENTS,49.68,-1.27,B26,,,123.0,66.0,,,66.0,VISUAL
107223,101510.0,1944-05-22,9,FRANCE,GUN EMPLACEMENT,GUN EMPLACEMENTS,49.05,-0.05,B26,,,120.0,2.0,,,2.0,NOT INDICATED
107260,101524.0,1944-05-22,8,GERMANY,V WEAPONS,V - WEAPON LAUNCHING SITES,54.33,10.15,B17,2.0,18.0,240.0,,26.0,,26.0,F.F.F.
107240,204166.0,1944-05-22,8,GERMANY,NAVAL INSTALLATIONS,NAVAL INSTALLATIONS,54.33,10.15,B17,4.0,24.0,250.0,,32.0,,32.0,VISUAL
107277,204167.0,1944-05-22,8,GERMANY,NAVAL INSTALLATIONS,NAVAL INSTALLATIONS,54.33,10.15,B17,4.0,6.0,,5.0,5.0,,10.0,NOT INDICATED
107278,204168.0,1944-05-22,8,GERMANY,NAVAL INSTALLATIONS,NAVAL INSTALLATIONS,54.33,10.15,B17,4.0,3.0,,3.0,,,3.0,NOT INDICATED
107261,204169.0,1944-05-22,8,GERMANY,NAVAL INSTALLATIONS,NAVAL INSTALLATIONS,54.33,10.15,B17,4.0,18.0,240.0,44.0,,,44.0,F.F.F.
107279,204170.0,1944-05-22,8,GERMANY,NAVAL INSTALLATIONS,NAVAL INSTALLATIONS,54.33,10.15,B17,4.0,2.0,,2.0,,,2.0,NOT INDICATED
107258,204171.0,1944-05-22,8,GERMANY,NAVAL INSTALLATIONS,NAVAL INSTALLATIONS,54.33,10.15,B17,4.0,12.0,243.0,,17.0,,17.0,F.F.F.
107250,204172.0,1944-05-22,8,GERMANY,NAVAL INSTALLATIONS,NAVAL INSTALLATIONS,54.33,10.15,B17,4.0,14.0,249.0,35.0,,,35.0,VISUAL
107280,204173.0,1944-05-22,8,GERMANY,NAVAL INSTALLATIONS,NAVAL INSTALLATIONS,54.33,10.15,B17,4.0,3.0,,2.0,3.0,,5.0,NOT INDICATED
107254,204174.0,1944-05-22,8,GERMANY,NAVAL INSTALLATIONS,NAVAL INSTALLATIONS,54.33,10.15,B17,4.0,17.0,247.0,40.0,,,40.0,VISUAL
107255,204175.0,1944-05-22,8,GERMANY,NAVAL INSTALLATIONS,NAVAL INSTALLATIONS,54.33,10.15,B17,4.0,12.0,247.0,28.0,,,28.0,F.F.F.
107230,204176.0,1944-05-22,8,GERMANY,NAVAL INSTALLATIONS,NAVAL INSTALLATIONS,54.33,10.15,B17,4.0,15.0,260.0,,20.0,,20.0,F.F.F.
107241,204177.0,1944-05-22,8,GERMANY,NAVAL INSTALLATIONS,NAVAL INSTALLATIONS,54.33,10.15,B17,4.0,24.0,250.0,,33.0,,33.0,VISUAL
107242,204178.0,1944-05-22,8,GERMANY,NAVAL INSTALLATIONS,NAVAL INSTALLATIONS,54.33,10.15,B17,4.0,10.0,250.0,,14.0,,14.0,VISUAL
107238,204179.0,1944-05-22,8,GERMANY,NAVAL INSTALLATIONS,NAVAL INSTALLATIONS,54.33,10.15,B17,4.0,17.0,253.0,,25.0,,25.0,VISUAL
107243,204180.0,1944-05-22,8,GERMANY,NAVAL INSTALLATIONS,NAVAL INSTALLATIONS,54.33,10.15,B17,4.0,17.0,250.0,42.0,,,42.0,F.F.F.
107236,204181.0,1944-05-22,8,GERMANY,NAVAL INSTALLATIONS,NAVAL INSTALLATIONS,54.33,10.15,B17,4.0,25.0,255.0,,33.0,,33.0,F.F.F.
107232,204182.0,1944-05-22,8,GERMANY,NAVAL INSTALLATIONS,NAVAL INSTALLATIONS,54.33,10.15,B17,4.0,12.0,257.0,30.0,,,30.0,F.F.F.
107252,204183.0,1944-05-22,8,GERMANY,NAVAL INSTALLATIONS,NAVAL INSTALLATIONS,54.33,10.15,B17,4.0,16.0,248.0,,22.0,,22.0,F.F.F.
107233,204184.0,1944-05-22,8,GERMANY,NAVAL INSTALLATIONS,NAVAL INSTALLATIONS,54.33,10.15,B17,4.0,12.0,257.0,30.0,,,30.0,F.F.F.
107244,204185.0,1944-05-22,8,GERMANY,NAVAL INSTALLATIONS,NAVAL INSTALLATIONS,54.33,10.15,B17,4.0,10.0,250.0,25.0,,,25.0,F.F.F.
107245,204191.0,1944-05-22,8,GERMANY,NAVAL INSTALLATIONS,NAVAL INSTALLATIONS,54.33,10.15,B17,4.0,24.0,250.0,,32.0,,32.0,VISUAL
107281,204192.0,1944-05-22,8,GERMANY,NAVAL INSTALLATIONS,NAVAL INSTALLATIONS,54.33,10.15,B17,4.0,6.0,,5.0,5.0,,10.0,NOT INDICATED
107282,204193.0,1944-05-22,8,GERMANY,NAVAL INSTALLATIONS,NAVAL INSTALLATIONS,54.33,10.15,B17,4.0,3.0,,3.0,,,3.0,NOT INDICATED
107262,204194.0,1944-05-22,8,GERMANY,NAVAL INSTALLATIONS,NAVAL INSTALLATIONS,54.33,10.15,B17,4.0,18.0,240.0,44.0,,,44.0,F.F.F.
107283,204195.0,1944-05-22,8,GERMANY,NAVAL INSTALLATIONS,NAVAL INSTALLATIONS,54.33,10.15,B17,4.0,2.0,,2.0,,,2.0,NOT INDICATED
107259,204196.0,1944-05-22,8,GERMANY,NAVAL INSTALLATIONS,NAVAL INSTALLATIONS,54.33,10.15,B17,4.0,12.0,243.0,,17.0,,17.0,F.F.F.
107251,204197.0,1944-05-22,8,GERMANY,NAVAL INSTALLATIONS,NAVAL INSTALLATIONS,54.33,10.15,B17,4.0,14.0,249.0,35.0,,,35.0,VISUAL
107284,204198.0,1944-05-22,8,GERMANY,NAVAL INSTALLATIONS,NAVAL INSTALLATIONS,54.33,10.15,B17,4.0,3.0,,2.0,3.0,,5.0,NOT INDICATED
107256,204199.0,1944-05-22,8,GERMANY,NAVAL INSTALLATIONS,NAVAL INSTALLATIONS,54.33,10.15,B17,4.0,17.0,247.0,40.0,,,40.0,VISUAL
107257,204200.0,1944-05-22,8,GERMANY,NAVAL INSTALLATIONS,NAVAL INSTALLATIONS,54.33,10.15,B17,4.0,12.0,247.0,28.0,,,28.0,F.F.F.
107231,204201.0,1944-05-22,8,GERMANY,NAVAL INSTALLATIONS,NAVAL INSTALLATIONS,54.33,10.15,B17,4.0,15.0,260.0,,20.0,,20.0,F.F.F.
107246,204202.0,1944-05-22,8,GERMANY,NAVAL INSTALLATIONS,NAVAL INSTALLATIONS,54.33,10.15,B17,4.0,24.0,250.0,,33.0,,33.0,VISUAL
107247,204203.0,1944-05-22,8,GERMANY,NAVAL INSTALLATIONS,NAVAL INSTALLATIONS,54.33,10.15,B17,4.0,10.0,250.0,,14.0,,14.0,VISUAL
107239,204204.0,1944-05-22,8,GERMANY,NAVAL INSTALLATIONS,NAVAL INSTALLATIONS,54.33,10.15,B17,4.0,17.0,253.0,,25.0,,25.0,VISUAL
107248,204205.0,1944-05-22,8,GERMANY,NAVAL INSTALLATIONS,NAVAL INSTALLATIONS,54.33,10.15,B17,4.0,17.0,250.0,42.0,,,42.0,F.F.F.
107237,204206.0,1944-05-22,8,GERMANY,NAVAL INSTALLATIONS,NAVAL INSTALLATIONS,54.33,10.15,B17,4.0,25.0,255.0,,33.0,,33.0,F.F.F.
107234,204207.0,1944-05-22,8,GERMANY,NAVAL INSTALLATIONS,NAVAL INSTALLATIONS,54.33,10.15,B17,4.0,12.0,257.0,30.0,,,30.0,F.F.F.
107253,204208.0,1944-05-22,8,GERMANY,NAVAL INSTALLATIONS,NAVAL INSTALLATIONS,54.33,10.15,B17,4.0,16.0,248.0,,22.0,,22.0,F.F.F.
107235,204209.0,1944-05-22,8,GERMANY,NAVAL INSTALLATIONS,NAVAL INSTALLATIONS,54.33,10.15,B17,4.0,12.0,257.0,30.0,,,30.0,F.F.F.
107249,204210.0,1944-05-22,8,GERMANY,NAVAL INSTALLATIONS,NAVAL INSTALLATIONS,54.33,10.15,B17,4.0,10.0,250.0,25.0,,,25.0,F.F.F.
107270,204218.0,1944-05-22,8,FRANCE,AIRDROME,AIR FIELDS AND AIRDROMES,49.07,0.78,B26,,,125.0,2.0,,,2.0,VISUAL
107271,204219.0,1944-05-22,8,FRANCE,AIRDROME,AIR FIELDS AND AIRDROMES,49.07,0.78,B26,,,125.0,1.0,,,1.0,NOT INDICATED
107272,204220.0,1944-05-22,8,FRANCE,AIRDROME,AIR FIELDS AND AIRDROMES,49.07,0.78,B26,,,125.0,1.0,,,1.0,VISUAL
107276,204221.0,1944-05-22,8,FRANCE,AIRDROME,AIR FIELDS AND AIRDROMES,49.07,0.78,B26,,,,7.0,,,7.0,NOT INDICATED
107273,204222.0,1944-05-22,8,FRANCE,AIRDROME,AIR FIELDS AND AIRDROMES,49.07,0.78,B26,,,125.0,23.0,,,23.0,NOT INDICATED
107274,204223.0,1944-05-22,8,FRANCE,AIRDROME,AIR FIELDS AND AIRDROMES,49.07,0.78,B26,,,125.0,64.0,,,64.0,NOT INDICATED
107222,204224.0,1944-05-22,9,FRANCE,TILLIE AD,AIR FIELDS AND AIRDROMES,49.43,-2.08,B26,,,120.0,68.0,,,68.0,VISUAL
107226,204225.0,1944-05-22,9,FRANCE,TILLIE AD,AIR FIELDS AND AIRDROMES,49.43,-2.08,B26,,,109.0,38.0,,,38.0,VISUAL
107263,204237.0,1944-05-22,8,GERMANY,V WEAPONS,V - WEAPON LAUNCHING SITES,54.33,10.15,B17,2.0,18.0,240.0,,26.0,,26.0,F.F.F.
107227,204239.0,1944-05-22,9,FRANCE,GUN EMPLACEMENT,GUN EMPLACEMENTS,49.68,-1.27,B26,,,12.0,2.0,,,2.0,VISUAL
107217,204240.0,1944-05-22,9,FRANCE,GUN EMPLACEMENT,GUN EMPLACEMENTS,49.68,-1.27,B26,,,123.0,66.0,,,66.0,VISUAL
107228,204241.0,1944-05-22,9,FRANCE,GUN EMPLACEMENT,GUN EMPLACEMENTS,49.05,-0.05,B26,,,12.0,2.0,,,2.0,NOT INDICATED
107220,204247.0,1944-05-22,9,FRANCE,GUN EMPLACEMENT,GUN EMPLACEMENTS,49.68,-1.27,B26,,,120.0,2.0,,,2.0,VISUAL
107218,204248.0,1944-05-22,9,FRANCE,GUN EMPLACEMENT,GUN EMPLACEMENTS,49.68,-1.27,B26,,,123.0,66.0,,,66.0,VISUAL
107224,204250.0,1944-05-22,9,FRANCE,GUN EMPLACEMENT,GUN EMPLACEMENTS,49.05,-0.05,B26,,,120.0,2.0,,,2.0,NOT INDICATED
107264,204264.0,1944-05-22,8,GERMANY,V WEAPONS,V - WEAPON LAUNCHING SITES,54.33,10.15,B17,2.0,18.0,240.0,,26.0,,26.0,F.F.F.
108057,101532.0,1944-05-23,9,GERMANY,TRAIN,MOVING TRAINS & ROLLING STOCK,51.33,6.33,A20,4.0,12.0,110.0,,,12.0,12.0,NOT INDICATED
108065,101540.0,1944-05-23,8,FRANCE,AIRDROME,AIR FIELDS AND AIRDROMES,49.07,0.78,B26,,,,26.0,,,26.0,NOT INDICATED
108063,101541.0,1944-05-23,8,FRANCE,AIRDROME,AIR FIELDS AND AIRDROMES,49.07,0.78,B26,,,70.0,,4.0,,4.0,NOT INDICATED
108054,101543.0,1944-05-23,9,FRANCE,GUN EMPLACEMENT,GUN EMPLACEMENTS,49.05,-0.05,B26,,,119.0,64.0,,,64.0,VISUAL
108067,165510.0,1944-05-23,8,FRANCE,MARSHALLING YARD,"""RR INSTALLATIONS,  TRACKS,  MARSHALLING YARDS,  AND STATIONS""",48.83,0.33,B24,4.0,,,3.0,,,3.0,NOT INDICATED
108061,165511.0,1944-05-23,8,FRANCE,MARSHALLING YARD,"""RR INSTALLATIONS,  TRACKS,  MARSHALLING YARDS,  AND STATIONS""",48.83,0.33,B17,4.0,25.0,150.0,73.0,,,73.0,VISUAL
108068,165512.0,1944-05-23,8,FRANCE,MARSHALLING YARD,"""RR INSTALLATIONS,  TRACKS,  MARSHALLING YARDS,  AND STATIONS""",48.83,0.33,B17,4.0,2.0,,2.0,,,2.0,NOT INDICATED
108062,165513.0,1944-05-23,8,FRANCE,MARSHALLING YARD,"""RR INSTALLATIONS,  TRACKS,  MARSHALLING YARDS,  AND STATIONS""",48.83,0.33,B17,4.0,27.0,150.0,81.0,,,81.0,VISUAL
108058,204266.0,1944-05-23,9,GERMANY,TRAIN,MOVING TRAINS & ROLLING STOCK,51.33,6.33,A20,4.0,12.0,110.0,,,12.0,12.0,NOT INDICATED
108066,204285.0,1944-05-23,8,FRANCE,AIRDROME,AIR FIELDS AND AIRDROMES,49.07,0.78,B26,,,,26.0,,,26.0,NOT INDICATED
108064,204286.0,1944-05-23,8,FRANCE,AIRDROME,AIR FIELDS AND AIRDROMES,49.07,0.78,B26,,,70.0,,4.0,,4.0,NOT INDICATED
108055,204295.0,1944-05-23,9,FRANCE,GUN EMPLACEMENT,GUN EMPLACEMENTS,49.05,-0.05,B26,,,119.0,64.0,,,64.0,VISUAL
108056,204297.0,1944-05-23,9,FRANCE,GUN EMPLACEMENT,GUN EMPLACEMENTS,49.05,-0.05,B26,,,119.0,64.0,,,64.0,VISUAL
108900,101589.0,1944-05-24,8,FRANCE,AIRDROME,AIR FIELDS AND AIRDROMES,49.07,0.78,A20,,,120.0,40.0,,,40.0,VISUAL
108898,101590.0,1944-05-24,8,FRANCE,AIRDROME,AIR FIELDS AND AIRDROMES,49.07,0.78,A20,,,125.0,33.0,,,33.0,VISUAL
109202,101591.0,1944-05-24,8,FRANCE,AIRDROME,AIR FIELDS AND AIRDROMES,49.07,0.78,A20,,,110.0,37.0,,,37.0,VISUAL
108886,101592.0,1944-05-24,9,FRANCE,AIRDROME,AIR FIELDS AND AIRDROMES,49.13,2.28,B26,,,115.0,75.0,,,75.0,VISUAL
108888,101593.0,1944-05-24,9,FRANCE,TILLIE AD,AIR FIELDS AND AIRDROMES,49.43,-2.08,B26,,,115.0,38.0,,,38.0,VISUAL
108881,101594.0,1944-05-24,9,FRANCE,TILLIE AD,AIR FIELDS AND AIRDROMES,49.43,-2.08,B26,,,120.0,76.0,,,76.0,VISUAL
108875,101614.0,1944-05-24,9,FRANCE,GUN EMPLACEMENT,GUN EMPLACEMENTS,49.68,-1.27,B26,,,120.0,32.0,,,32.0,VISUAL
108876,101615.0,1944-05-24,9,FRANCE,GUN EMPLACEMENT,GUN EMPLACEMENTS,49.68,-1.27,B26,,,120.0,1.0,,,1.0,VISUAL
108877,101616.0,1944-05-24,9,FRANCE,GUN EMPLACEMENT,GUN EMPLACEMENTS,49.68,-1.27,B26,,,120.0,2.0,,,2.0,VISUAL
108883,101617.0,1944-05-24,9,FRANCE,GUN EMPLACEMENT,GUN EMPLACEMENTS,49.68,-1.27,B26,,,119.0,66.0,,,66.0,VISUAL
108856,101620.0,1944-05-24,15,AUSTRIA,ATZGERSDORF AC COMP PL,A/C COMPONENT PLANTS,48.2,16.37,B17,4.0,32.0,229.0,96.0,,,96.0,F.F.F.
108859,101621.0,1944-05-24,15,AUSTRIA,ATZGERSDORF AC COMP PL,A/C COMPONENT PLANTS,48.2,16.37,B17,4.0,32.0,227.0,96.0,,,96.0,F.F.F.
108853,101622.0,1944-05-24,15,AUSTRIA,ATZGERSDORF AC COMP PL,A/C COMPONENT PLANTS,48.2,16.37,B17,4.0,34.0,233.0,99.0,,,99.0,NOT INDICATED
108862,101628.0,1944-05-24,15,GERMANY,AIRDROME,AIR FIELDS AND AIRDROMES,53.65,14.8,B24,4.0,28.0,220.0,,,56.0,56.0,NOT INDICATED
108872,101629.0,1944-05-24,15,GERMANY,AIRDROME,AIR FIELDS AND AIRDROMES,53.65,14.8,B24,4.0,19.0,190.0,,,41.0,41.0,NOT INDICATED
108869,101630.0,1944-05-24,15,GERMANY,AIRDROME,AIR FIELDS AND AIRDROMES,53.65,14.8,B24,4.0,34.0,200.0,,,79.0,79.0,NOT INDICATED
108866,101631.0,1944-05-24,15,GERMANY,AIRDROME,AIR FIELDS AND AIRDROMES,53.65,14.8,B24,4.0,30.0,210.0,,,68.0,68.0,NOT INDICATED
109207,101643.0,1944-05-24,8,GERMANY,AIRDROME,AIR FIELDS AND AIRDROMES,53.37,12.72,B17,2.0,1.0,,1.0,,,1.0,NOT INDICATED
109208,101644.0,1944-05-24,8,GERMANY,AIRDROME,AIR FIELDS AND AIRDROMES,53.37,12.72,B17,2.0,8.0,,22.0,,,22.0,NOT INDICATED
109204,101680.0,1944-05-24,8,GERMANY,UNIDENTIFIED TARGET,UNIDENTIFIED TARGETS,53.37,12.73,B17,2.0,4.0,,10.0,,,10.0,NOT INDICATED
109213,101681.0,1944-05-24,8,GERMANY,UNIDENTIFIED TARGET,UNIDENTIFIED TARGETS,48.58,14.08,B17,2.0,1.0,,1.0,2.0,,3.0,NOT INDICATED
108857,165536.0,1944-05-24,15,AUSTRIA,ATZGERSDORF AC COMP PL,A/C COMPONENT PLANTS,48.2,16.37,B17,4.0,32.0,229.0,96.0,,,96.0,F.F.F.
108860,165537.0,1944-05-24,15,AUSTRIA,ATZGERSDORF AC COMP PL,A/C COMPONENT PLANTS,48.2,16.37,B17,4.0,32.0,227.0,96.0,,,96.0,F.F.F.
108854,165538.0,1944-05-24,15,AUSTRIA,ATZGERSDORF AC COMP PL,A/C COMPONENT PLANTS,48.2,16.37,B17,4.0,34.0,233.0,99.0,,,99.0,NOT INDICATED
109205,165539.0,1944-05-24,8,GERMANY,UNIDENTIFIED TARGET,UNIDENTIFIED TARGETS,53.37,12.73,B17,2.0,4.0,,10.0,,,10.0,NOT INDICATED
109214,165540.0,1944-05-24,8,GERMANY,UNIDENTIFIED TARGET,UNIDENTIFIED TARGETS,48.58,14.08,B17,2.0,1.0,,1.0,2.0,,3.0,NOT INDICATED
109206,165615.0,1944-05-24,8,GERMANY,UNIDENTIFIED TARGET,UNIDENTIFIED TARGETS,53.37,12.73,B17,2.0,4.0,,10.0,,,10.0,NOT INDICATED
109215,165616.0,1944-05-24,8,GERMANY,UNIDENTIFIED TARGET,UNIDENTIFIED TARGETS,48.58,14.08,B17,2.0,1.0,,1.0,2.0,,3.0,NOT INDICATED
108858,165625.0,1944-05-24,15,AUSTRIA,ATZGERSDORF AC COMP PL,A/C COMPONENT PLANTS,48.2,16.37,B17,4.0,32.0,229.0,96.0,,,96.0,F.F.F.
108861,165626.0,1944-05-24,15,AUSTRIA,ATZGERSDORF AC COMP PL,A/C COMPONENT PLANTS,48.2,16.37,B17,4.0,32.0,227.0,96.0,,,96.0,F.F.F.
108855,165627.0,1944-05-24,15,AUSTRIA,ATZGERSDORF AC COMP PL,A/C COMPONENT PLANTS,48.2,16.37,B17,4.0,34.0,233.0,99.0,,,99.0,NOT INDICATED
108865,165629.0,1944-05-24,15,AUSTRIA,MARSHALLING YARDS,"""RR INSTALLATIONS,  TRACKS,  MARSHALLING YARDS,  AND STATIONS""",47.72,16.05,B24,4.0,33.0,220.0,,45.0,,45.0,NOT INDICATED
108863,204352.0,1944-05-24,15,GERMANY,AIRDROME,AIR FIELDS AND AIRDROMES,53.65,14.8,B24,4.0,28.0,220.0,,,56.0,56.0,NOT INDICATED
108873,204353.0,1944-05-24,15,GERMANY,AIRDROME,AIR FIELDS AND AIRDROMES,53.65,14.8,B24,4.0,19.0,190.0,,,41.0,41.0,NOT INDICATED
108870,204354.0,1944-05-24,15,GERMANY,AIRDROME,AIR FIELDS AND AIRDROMES,53.65,14.8,B24,4.0,34.0,200.0,,,79.0,79.0,NOT INDICATED
108867,204355.0,1944-05-24,15,GERMANY,AIRDROME,AIR FIELDS AND AIRDROMES,53.65,14.8,B24,4.0,30.0,210.0,,,68.0,68.0,NOT INDICATED
109209,204365.0,1944-05-24,8,GERMANY,AIRDROME,AIR FIELDS AND AIRDROMES,53.37,12.72,B17,2.0,1.0,,1.0,,,1.0,NOT INDICATED
109210,204366.0,1944-05-24,8,GERMANY,AIRDROME,AIR FIELDS AND AIRDROMES,53.37,12.72,B17,2.0,8.0,,22.0,,,22.0,NOT INDICATED
109201,204372.0,1944-05-24,8,FRANCE,AIRDROME,AIR FIELDS AND AIRDROMES,49.07,0.78,A20,,,120.0,40.0,,,40.0,VISUAL
108899,204373.0,1944-05-24,8,FRANCE,AIRDROME,AIR FIELDS AND AIRDROMES,49.07,0.78,A20,,,125.0,33.0,,,33.0,VISUAL
109203,204374.0,1944-05-24,8,FRANCE,AIRDROME,AIR FIELDS AND AIRDROMES,49.07,0.78,A20,,,110.0,37.0,,,37.0,VISUAL
108887,204375.0,1944-05-24,9,FRANCE,AIRDROME,AIR FIELDS AND AIRDROMES,49.13,2.28,B26,,,115.0,75.0,,,75.0,VISUAL
108889,204376.0,1944-05-24,9,FRANCE,TILLIE AD,AIR FIELDS AND AIRDROMES,49.43,-2.08,B26,,,115.0,38.0,,,38.0,VISUAL
108882,204377.0,1944-05-24,9,FRANCE,TILLIE AD,AIR FIELDS AND AIRDROMES,49.43,-2.08,B26,,,120.0,76.0,,,76.0,VISUAL
108890,204384.0,1944-05-24,9,FRANCE,GUN EMPLACEMENT,GUN EMPLACEMENTS,49.68,-1.27,B26,,,12.0,32.0,,,32.0,VISUAL
108891,204385.0,1944-05-24,9,FRANCE,GUN EMPLACEMENT,GUN EMPLACEMENTS,49.68,-1.27,B26,,,12.0,1.0,,,1.0,VISUAL
108892,204386.0,1944-05-24,9,FRANCE,GUN EMPLACEMENT,GUN EMPLACEMENTS,49.68,-1.27,B26,,,12.0,2.0,,,2.0,VISUAL
108884,204387.0,1944-05-24,9,FRANCE,GUN EMPLACEMENT,GUN EMPLACEMENTS,49.68,-1.27,B26,,,119.0,66.0,,,66.0,VISUAL
108878,204395.0,1944-05-24,9,FRANCE,GUN EMPLACEMENT,GUN EMPLACEMENTS,49.68,-1.27,B26,,,120.0,32.0,,,32.0,VISUAL
108879,204396.0,1944-05-24,9,FRANCE,GUN EMPLACEMENT,GUN EMPLACEMENTS,49.68,-1.27,B26,,,120.0,1.0,,,1.0,VISUAL
108880,204397.0,1944-05-24,9,FRANCE,GUN EMPLACEMENT,GUN EMPLACEMENTS,49.68,-1.27,B26,,,120.0,2.0,,,2.0,VISUAL
108885,204398.0,1944-05-24,9,FRANCE,GUN EMPLACEMENT,GUN EMPLACEMENTS,49.68,-1.27,B26,,,119.0,66.0,,,66.0,VISUAL
108864,204434.0,1944-05-24,15,GERMANY,AIRDROME,AIR FIELDS AND AIRDROMES,53.65,14.8,B24,4.0,28.0,220.0,,,56.0,56.0,NOT INDICATED
108874,204435.0,1944-05-24,15,GERMANY,AIRDROME,AIR FIELDS AND AIRDROMES,53.65,14.8,B24,4.0,19.0,190.0,,,41.0,41.0,NOT INDICATED
108871,204436.0,1944-05-24,15,GERMANY,AIRDROME,AIR FIELDS AND AIRDROMES,53.65,14.8,B24,4.0,34.0,200.0,,,79.0,79.0,NOT INDICATED
108868,204437.0,1944-05-24,15,GERMANY,AIRDROME,AIR FIELDS AND AIRDROMES,53.65,14.8,B24,4.0,30.0,210.0,,,68.0,68.0,NOT INDICATED
109211,204438.0,1944-05-24,8,GERMANY,AIRDROME,AIR FIELDS AND AIRDROMES,53.37,12.72,B17,2.0,1.0,,1.0,,,1.0,NOT INDICATED
109212,204439.0,1944-05-24,8,GERMANY,AIRDROME,AIR FIELDS AND AIRDROMES,53.37,12.72,B17,2.0,8.0,,22.0,,,22.0,NOT INDICATED
110466,165658.0,1944-05-25,12,FRANCE,R R,"""RR INSTALLATIONS,  TRACKS,  MARSHALLING YARDS,  AND STATIONS""",47.63,6.87,B24,4.0,24.0,210.0,72.0,,,72.0,VISUAL
110468,165659.0,1944-05-25,12,FRANCE,R R,"""RR INSTALLATIONS,  TRACKS,  MARSHALLING YARDS,  AND STATIONS""",47.63,6.87,B24,4.0,26.0,200.0,78.0,,,78.0,VISUAL
110467,165660.0,1944-05-25,12,FRANCE,R R,"""RR INSTALLATIONS,  TRACKS,  MARSHALLING YARDS,  AND STATIONS""",47.63,6.87,B24,4.0,26.0,202.0,78.0,,,78.0,VISUAL
110470,165682.0,1944-05-25,9,FRANCE,MARSHALLING YARD,"""RR INSTALLATIONS,  TRACKS,  MARSHALLING YARDS,  AND STATIONS""",49.12,7.05,B17,4.0,24.0,221.0,60.0,,,60.0,VISUAL
110469,165683.0,1944-05-25,9,FRANCE,MARSHALLING YARD,"""RR INSTALLATIONS,  TRACKS,  MARSHALLING YARDS,  AND STATIONS""",49.12,7.05,B17,4.0,12.0,240.0,30.0,,,30.0,VISUAL
111611,101763.0,1944-05-26,9,FRANCE,AIRDROME,AIR FIELDS AND AIRDROMES,49.13,2.28,A20,,,120.0,37.0,,,37.0,VISUAL
111612,204549.0,1944-05-26,9,FRANCE,AIRDROME,AIR FIELDS AND AIRDROMES,49.13,2.28,A20,,,120.0,37.0,,,37.0,VISUAL
112099,101793.0,1944-05-27,9,FRANCE,RR BRIDGE,BRIDGES,49.17,-1.17,B26,,,115.0,70.0,,,70.0,VISUAL
112408,165773.0,1944-05-27,8,GERMANY,MARSHALLING YARD,"""RR INSTALLATIONS,  TRACKS,  MARSHALLING YARDS,  AND STATIONS""",49.47,8.37,B17,4.0,27.0,259.0,63.0,,,63.0,VISUAL
112412,165774.0,1944-05-27,8,GERMANY,MARSHALLING YARD,"""RR INSTALLATIONS,  TRACKS,  MARSHALLING YARDS,  AND STATIONS""",49.47,8.37,B17,4.0,4.0,,10.0,,,10.0,NOT INDICATED
112406,165775.0,1944-05-27,8,GERMANY,MARSHALLING YARD,"""RR INSTALLATIONS,  TRACKS,  MARSHALLING YARDS,  AND STATIONS""",49.47,8.37,B17,4.0,12.0,270.0,25.0,,,25.0,VISUAL
112407,165776.0,1944-05-27,8,GERMANY,MARSHALLING YARD,"""RR INSTALLATIONS,  TRACKS,  MARSHALLING YARDS,  AND STATIONS""",49.47,8.37,B17,4.0,19.0,270.0,48.0,,,48.0,VISUAL
112411,165777.0,1944-05-27,8,GERMANY,MARSHALLING YARD,"""RR INSTALLATIONS,  TRACKS,  MARSHALLING YARDS,  AND STATIONS""",49.47,8.37,B17,4.0,25.0,249.0,63.0,,,63.0,VISUAL
112409,165778.0,1944-05-27,8,GERMANY,MARSHALLING YARD,"""RR INSTALLATIONS,  TRACKS,  MARSHALLING YARDS,  AND STATIONS""",49.47,8.37,B17,4.0,32.0,256.0,80.0,,,80.0,VISUAL
112410,165779.0,1944-05-27,8,GERMANY,MARSHALLING YARD,"""RR INSTALLATIONS,  TRACKS,  MARSHALLING YARDS,  AND STATIONS""",49.47,8.37,B17,4.0,16.0,255.0,40.0,,,40.0,VISUAL
112413,165780.0,1944-05-27,8,GERMANY,MARSHALLING YARD,"""RR INSTALLATIONS,  TRACKS,  MARSHALLING YARDS,  AND STATIONS""",49.47,8.37,B17,3.0,2.0,,5.0,,,5.0,NOT INDICATED
112414,165781.0,1944-05-27,8,GERMANY,MARSHALLING YARD,"""RR INSTALLATIONS,  TRACKS,  MARSHALLING YARDS,  AND STATIONS""",49.47,8.37,B17,3.0,14.0,,35.0,,,35.0,NOT INDICATED
112100,204580.0,1944-05-27,9,FRANCE,RR BRIDGE,BRIDGES,49.17,-1.17,B26,,,115.0,70.0,,,70.0,VISUAL
112097,204668.0,1944-05-27,12,SWITZERLAND,UNIDENTIFIED TARGET,UNIDENTIFIED TARGETS,46.55,9.63,B25,2.0,,90.0,10.0,,,10.0,NOT INDICATED
112098,294930.0,1944-05-27,12,SWITZERLAND,UNIDENTIFIED TARGET,UNIDENTIFIED TARGETS,46.55,9.63,B25,2.0,,90.0,10.0,,,10.0,NOT INDICATED
114109,101867.0,1944-05-28,9,BELGIUM,UNIDENTIFIED TARGET,UNIDENTIFIED TARGETS,51.03,3.23,A20,,,120.0,38.0,,,38.0,VISUAL
114103,101889.0,1944-05-28,9,GERMANY,WINTERSHALL SYN OIL,OIL REFINERIES,51.3,11.85,B24,4.0,35.0,220.0,88.0,,,88.0,VISUAL
114107,101890.0,1944-05-28,9,GERMANY,WINTERSHALL SYN OIL,OIL REFINERIES,51.3,11.85,B24,4.0,12.0,195.0,26.0,,,26.0,VISUAL
114104,101891.0,1944-05-28,9,GERMANY,WINTERSHALL SYN OIL,OIL REFINERIES,51.3,11.85,B24,4.0,17.0,220.0,37.0,,,37.0,VISUAL
113793,101905.0,1944-05-28,15,GERMANY,SCWARTZHEIDE SYN OIL,SYNTHETIC OIL REFINERIES,51.48,13.88,B17,4.0,32.0,227.0,60.0,,,60.0,VISUAL
113795,101906.0,1944-05-28,15,GERMANY,SCWARTZHEIDE SYN OIL,SYNTHETIC OIL REFINERIES,51.48,13.88,B17,4.0,4.0,,5.0,,,5.0,NOT INDICATED
113796,101907.0,1944-05-28,15,GERMANY,SCWARTZHEIDE SYN OIL,SYNTHETIC OIL REFINERIES,51.48,13.88,B17,4.0,2.0,,2.0,,,2.0,NOT INDICATED
114110,101932.0,1944-05-28,9,BELGIUM,ST MICHIEL NAVAL RDF H,TACTICAL TARGETS: (UNIDENTIFIED OR NOT LISTED BELOW),51.03,3.23,A20,,,120.0,41.0,,,41.0,VISUAL
114113,101935.0,1944-05-28,9,FRANCE,RADIO STATION,RADIO & RADAR INSTALLATIONS,43.13,3.23,B26,,,105.0,71.0,,,71.0,VISUAL
114146,101944.0,1944-05-28,8,GERMANY,ORD DEPOT,SUPPLY DUMPS AND WAREHOUSES,52.03,8.53,B17,2.0,14.0,230.0,35.0,,,35.0,VISUAL
114163,101945.0,1944-05-28,8,GERMANY,ORDNANCE DEPOT,SUPPLY DUMPS AND WAREHOUSES,52.15,11.75,B17,4.0,2.0,,2.0,,,2.0,NOT INDICATED
114152,101946.0,1944-05-28,8,GERMANY,ORDNANCE DEPOT,SUPPLY DUMPS AND WAREHOUSES,52.15,11.75,B17,4.0,6.0,230.0,,9.0,,9.0,VISUAL
114164,101947.0,1944-05-28,8,GERMANY,ORDNANCE DEPOT,SUPPLY DUMPS AND WAREHOUSES,52.15,11.75,B17,4.0,2.0,,3.0,,,3.0,NOT INDICATED
114165,101948.0,1944-05-28,8,GERMANY,ORDNANCE DEPOT,SUPPLY DUMPS AND WAREHOUSES,52.15,11.75,B17,4.0,1.0,,2.0,,,2.0,NOT INDICATED
114134,101949.0,1944-05-28,8,GERMANY,BRANDIS POLENZ AF,AIR FIELDS AND AIRDROMES,51.33,12.62,B17,2.0,17.0,248.0,43.0,,,43.0,VISUAL
114172,101950.0,1944-05-28,8,GERMANY,BRANDIS POLENZ AF,AIR FIELDS AND AIRDROMES,51.33,12.62,B17,2.0,2.0,,5.0,,,5.0,NOT INDICATED
114129,101951.0,1944-05-28,8,GERMANY,ORDNANCE DEPOT,SUPPLY DUMPS AND WAREHOUSES,52.15,11.75,B17,4.0,16.0,250.0,40.0,,,40.0,VISUAL
114140,101952.0,1944-05-28,8,GERMANY,ORDNANCE DEPOT,SUPPLY DUMPS AND WAREHOUSES,52.15,11.75,B17,4.0,22.0,240.0,40.0,9.0,,49.0,VISUAL
114124,101953.0,1944-05-28,8,GERMANY,ORDNANCE DEPOT,SUPPLY DUMPS AND WAREHOUSES,52.15,11.75,B17,4.0,10.0,260.0,25.0,,,25.0,VISUAL
114136,101954.0,1944-05-28,8,GERMANY,ORDNANCE DEPOT,SUPPLY DUMPS AND WAREHOUSES,52.15,11.75,B17,4.0,24.0,245.0,,34.0,,34.0,VISUAL
114141,101955.0,1944-05-28,8,GERMANY,ORDNANCE DEPOT,SUPPLY DUMPS AND WAREHOUSES,52.15,11.75,B17,4.0,23.0,240.0,56.0,,,56.0,VISUAL
114158,101956.0,1944-05-28,8,GERMANY,UNIDENTIFIED TARGET,UNIDENTIFIED TARGETS,50.15,8.98,B24,1.0,1.0,,3.0,,,3.0,NOT INDICATED
114161,101957.0,1944-05-28,8,GERMANY,UNIDENTIFIED TARGET,UNIDENTIFIED TARGETS,52.63,8.38,B24,1.0,1.0,,2.0,,,2.0,NOT INDICATED
114149,101958.0,1944-05-28,8,GERMANY,UNIDENTIFIED TARGET,UNIDENTIFIED TARGETS,51.47,13.53,B17,2.0,17.0,230.0,32.0,,,32.0,VISUAL
114159,165808.0,1944-05-28,8,GERMANY,UNIDENTIFIED TARGET,UNIDENTIFIED TARGETS,50.15,8.98,B24,1.0,1.0,,3.0,,,3.0,NOT INDICATED
114162,165809.0,1944-05-28,8,GERMANY,UNIDENTIFIED TARGET,UNIDENTIFIED TARGETS,52.63,8.38,B24,1.0,1.0,,2.0,,,2.0,NOT INDICATED
114150,165810.0,1944-05-28,8,GERMANY,UNIDENTIFIED TARGET,UNIDENTIFIED TARGETS,51.47,13.53,B17,2.0,17.0,230.0,32.0,,,32.0,VISUAL
114111,165828.0,1944-05-28,9,BELGIUM,UNIDENTIFIED TARGET,UNIDENTIFIED TARGETS,51.03,3.23,A20,,,120.0,38.0,,,38.0,VISUAL
114155,165832.0,1944-05-28,8,GERMANY,CITY AREA,CITIES TOWNS AND URBAN AREAS,51.13,13.45,B17,2.0,18.0,225.0,33.0,,,33.0,VISUAL
114156,165835.0,1944-05-28,8,GERMANY,CITY AREA,CITIES TOWNS AND URBAN AREAS,51.13,13.45,B17,2.0,18.0,225.0,33.0,,,33.0,VISUAL
114157,165836.0,1944-05-28,8,GERMANY,UNIDENTIFIED TARGET,UNIDENTIFIED TARGETS,50.15,8.98,B24,1.0,1.0,,3.0,,,3.0,NOT INDICATED
114160,165837.0,1944-05-28,8,GERMANY,UNIDENTIFIED TARGET,UNIDENTIFIED TARGETS,52.63,8.38,B24,1.0,1.0,,2.0,,,2.0,NOT INDICATED
114151,165838.0,1944-05-28,8,GERMANY,UNIDENTIFIED TARGET,UNIDENTIFIED TARGETS,51.47,13.53,B17,2.0,17.0,230.0,32.0,,,32.0,VISUAL
114105,165865.0,1944-05-28,9,GERMANY,WINTERSHALL SYN OIL,OIL REFINERIES,51.3,11.85,B24,4.0,35.0,220.0,88.0,,,88.0,VISUAL
114108,165866.0,1944-05-28,9,GERMANY,WINTERSHALL SYN OIL,OIL REFINERIES,51.3,11.85,B24,4.0,12.0,195.0,26.0,,,26.0,VISUAL
114106,165867.0,1944-05-28,9,GERMANY,WINTERSHALL SYN OIL,OIL REFINERIES,51.3,11.85,B24,4.0,17.0,220.0,37.0,,,37.0,VISUAL
113794,165877.0,1944-05-28,15,GERMANY,SCWARTZHEIDE SYN OIL,SYNTHETIC OIL REFINERIES,51.48,13.88,B17,4.0,32.0,227.0,60.0,,,60.0,VISUAL
113797,165878.0,1944-05-28,15,GERMANY,SCWARTZHEIDE SYN OIL,SYNTHETIC OIL REFINERIES,51.48,13.88,B17,4.0,4.0,,5.0,,,5.0,NOT INDICATED
113798,165879.0,1944-05-28,15,GERMANY,SCWARTZHEIDE SYN OIL,SYNTHETIC OIL REFINERIES,51.48,13.88,B17,4.0,2.0,,2.0,,,2.0,NOT INDICATED
114117,165893.0,1944-05-28,9,GERMANY,MARSHALLING YARD,"""RR INSTALLATIONS,  TRACKS,  MARSHALLING YARDS,  AND STATIONS""",50.1,8.67,B17,,12.0,,,30.0,,30.0,NOT INDICATED
114118,165894.0,1944-05-28,9,GERMANY,MARSHALLING YARD,"""RR INSTALLATIONS,  TRACKS,  MARSHALLING YARDS,  AND STATIONS""",50.1,8.67,B17,2.0,4.0,,,10.0,,10.0,NOT INDICATED
114119,165895.0,1944-05-28,9,GERMANY,MARSHALLING YARD,"""RR INSTALLATIONS,  TRACKS,  MARSHALLING YARDS,  AND STATIONS""",50.88,12.1,B17,2.0,6.0,,11.0,,,11.0,NOT INDICATED
114120,165896.0,1944-05-28,9,GERMANY,MARSHALLING YARD,"""RR INSTALLATIONS,  TRACKS,  MARSHALLING YARDS,  AND STATIONS""",50.88,12.1,B17,2.0,5.0,,10.0,,,10.0,NOT INDICATED
114135,204715.0,1944-05-28,8,GERMANY,BRANDIS POLENZ AF,AIR FIELDS AND AIRDROMES,51.33,12.62,B17,2.0,17.0,248.0,43.0,,,43.0,VISUAL
114173,204716.0,1944-05-28,8,GERMANY,BRANDIS POLENZ AF,AIR FIELDS AND AIRDROMES,51.33,12.62,B17,2.0,2.0,,5.0,,,5.0,NOT INDICATED
114147,204718.0,1944-05-28,8,GERMANY,ORD DEPOT,SUPPLY DUMPS AND WAREHOUSES,52.03,8.53,B17,2.0,14.0,230.0,35.0,,,35.0,VISUAL
114166,204719.0,1944-05-28,8,GERMANY,ORDNANCE DEPOT,SUPPLY DUMPS AND WAREHOUSES,52.15,11.75,B17,4.0,2.0,,2.0,,,2.0,NOT INDICATED
114153,204720.0,1944-05-28,8,GERMANY,ORDNANCE DEPOT,SUPPLY DUMPS AND WAREHOUSES,52.15,11.75,B17,4.0,6.0,230.0,,9.0,,9.0,VISUAL
114167,204721.0,1944-05-28,8,GERMANY,ORDNANCE DEPOT,SUPPLY DUMPS AND WAREHOUSES,52.15,11.75,B17,4.0,2.0,,3.0,,,3.0,NOT INDICATED
114168,204722.0,1944-05-28,8,GERMANY,ORDNANCE DEPOT,SUPPLY DUMPS AND WAREHOUSES,52.15,11.75,B17,4.0,1.0,,2.0,,,2.0,NOT INDICATED
114130,204723.0,1944-05-28,8,GERMANY,ORDNANCE DEPOT,SUPPLY DUMPS AND WAREHOUSES,52.15,11.75,B17,4.0,16.0,250.0,40.0,,,40.0,VISUAL
114142,204724.0,1944-05-28,8,GERMANY,ORDNANCE DEPOT,SUPPLY DUMPS AND WAREHOUSES,52.15,11.75,B17,4.0,22.0,240.0,40.0,9.0,,40.0,VISUAL
114125,204725.0,1944-05-28,8,GERMANY,ORDNANCE DEPOT,SUPPLY DUMPS AND WAREHOUSES,52.15,11.75,B17,4.0,10.0,260.0,25.0,,,25.0,VISUAL
114137,204726.0,1944-05-28,8,GERMANY,ORDNANCE DEPOT,SUPPLY DUMPS AND WAREHOUSES,52.15,11.75,B17,4.0,24.0,245.0,,34.0,,34.0,NOT INDICATED
114143,204727.0,1944-05-28,8,GERMANY,ORDNANCE DEPOT,SUPPLY DUMPS AND WAREHOUSES,52.15,11.75,B17,4.0,23.0,240.0,56.0,,,56.0,VISUAL
114116,204728.0,1944-05-28,9,BELGIUM,ST MICHIEL NAVAL RDF H,TACTICAL TARGETS: (UNIDENTIFIED OR NOT LISTED BELOW),51.03,3.23,A20,,,12.0,41.0,,,41.0,VISUAL
114114,204732.0,1944-05-28,9,FRANCE,RADIO STATION,RADIO & RADAR INSTALLATIONS,43.13,3.23,B26,,,105.0,71.0,,,71.0,VISUAL
114112,204735.0,1944-05-28,9,BELGIUM,ST MICHIEL NAVAL RDF H,TACTICAL TARGETS: (UNIDENTIFIED OR NOT LISTED BELOW),51.03,3.23,A20,,,120.0,41.0,,,41.0,VISUAL
114115,204738.0,1944-05-28,9,FRANCE,RADIO STATION,RADIO & RADAR INSTALLATIONS,43.13,3.23,B26,,,105.0,71.0,,,71.0,VISUAL
114148,204742.0,1944-05-28,8,GERMANY,ORD DEPOT,SUPPLY DUMPS AND WAREHOUSES,52.03,8.53,B17,2.0,14.0,230.0,35.0,,,35.0,VISUAL
114169,204743.0,1944-05-28,8,GERMANY,ORDNANCE DEPOT,SUPPLY DUMPS AND WAREHOUSES,52.15,11.75,B17,4.0,2.0,,2.0,,,2.0,NOT INDICATED
114154,204744.0,1944-05-28,8,GERMANY,ORDNANCE DEPOT,SUPPLY DUMPS AND WAREHOUSES,52.15,11.75,B17,4.0,6.0,230.0,,9.0,,9.0,VISUAL
114170,204745.0,1944-05-28,8,GERMANY,ORDNANCE DEPOT,SUPPLY DUMPS AND WAREHOUSES,52.15,11.75,B17,4.0,2.0,,3.0,,,3.0,NOT INDICATED
114171,204746.0,1944-05-28,8,GERMANY,ORDNANCE DEPOT,SUPPLY DUMPS AND WAREHOUSES,52.15,11.75,B17,4.0,1.0,,2.0,,,2.0,NOT INDICATED
114131,204747.0,1944-05-28,8,GERMANY,ORDNANCE DEPOT,SUPPLY DUMPS AND WAREHOUSES,52.15,11.75,B17,4.0,16.0,250.0,40.0,,,40.0,VISUAL
114144,204748.0,1944-05-28,8,GERMANY,ORDNANCE DEPOT,SUPPLY DUMPS AND WAREHOUSES,52.15,11.75,B17,4.0,22.0,240.0,40.0,9.0,,49.0,VISUAL
114126,204749.0,1944-05-28,8,GERMANY,ORDNANCE DEPOT,SUPPLY DUMPS AND WAREHOUSES,52.15,11.75,B17,4.0,10.0,260.0,25.0,,,25.0,VISUAL
114138,204750.0,1944-05-28,8,GERMANY,ORDNANCE DEPOT,SUPPLY DUMPS AND WAREHOUSES,52.15,11.75,B17,4.0,24.0,245.0,,34.0,,34.0,VISUAL
114145,204751.0,1944-05-28,8,GERMANY,ORDNANCE DEPOT,SUPPLY DUMPS AND WAREHOUSES,52.15,11.75,B17,4.0,23.0,240.0,56.0,,,56.0,VISUAL
114139,204753.0,1944-05-28,8,GERMANY,BRANDIS POLENZ AF,AIR FIELDS AND AIRDROMES,51.33,12.62,B17,2.0,17.0,242.0,43.0,,,43.0,VISUAL
114174,204754.0,1944-05-28,8,GERMANY,BRANDIS POLENZ AF,AIR FIELDS AND AIRDROMES,51.33,12.62,B17,2.0,2.0,,5.0,,,5.0,NOT INDICATED
115703,101964.0,1944-05-29,15,AUSTRIA,AALS AC PLANT,AIRCRAFT FACTORIES AND ASSEMBLY PLANTS,48.2,16.37,B24,4.0,37.0,205.0,74.0,,,74.0,NOT INDICATED
115749,101973.0,1944-05-29,8,GERMANY,FOCKE WULF AC FCTY,AIRCRAFT FACTORIES AND ASSEMBLY PLANTS,51.63,15.13,B17,4.0,16.0,140.0,38.0,,,38.0,VISUAL
115743,101974.0,1944-05-29,8,GERMANY,FOCKE WULF AC FCTY,AIRCRAFT FACTORIES AND ASSEMBLY PLANTS,51.63,15.13,B17,4.0,18.0,150.0,,26.0,,26.0,VISUAL
115713,101975.0,1944-05-29,15,AUSTRIA,SMALL FACTORY,MANUFACTURING INSTALLATIONS (NOT SPECIFICALLY IDENTIFIED BELOW FROM CLASS 11 THROUGH 59),47.67,15.0,B24,3.0,1.0,,3.0,,,3.0,NOT INDICATED
115752,102016.0,1944-05-29,8,GERMANY,AIRDROME,AIR FIELDS AND AIRDROMES,51.75,14.33,B17,4.0,16.0,132.0,40.0,,,40.0,VISUAL
115746,102017.0,1944-05-29,8,GERMANY,AIRDROME,AIR FIELDS AND AIRDROMES,51.75,14.33,B17,4.0,16.0,140.0,40.0,,,40.0,VISUAL
115740,102018.0,1944-05-29,8,GERMANY,AIRDROME,AIR FIELDS AND AIRDROMES,51.75,14.33,B17,4.0,16.0,150.0,,22.0,,22.0,VISUAL
115755,102019.0,1944-05-29,8,GERMANY,FOCKE WULF AC FCTY,AIRCRAFT FACTORIES AND ASSEMBLY PLANTS,51.63,15.13,B17,4.0,18.0,130.0,45.0,,,45.0,VISUAL
115734,102020.0,1944-05-29,8,POLAND,FOCKE WULF AC PLANT,AIRCRAFT FACTORIES AND ASSEMBLY PLANTS,52.33,17.0,B17,4.0,35.0,220.0,88.0,,,88.0,VISUAL
115728,102021.0,1944-05-29,8,POLAND,FOCKE WULF AC PLANT,AIRCRAFT FACTORIES AND ASSEMBLY PLANTS,52.33,17.0,B17,4.0,20.0,230.0,48.0,,,48.0,VISUAL
115735,102022.0,1944-05-29,8,POLAND,FOCKE WULF AC PLANT,AIRCRAFT FACTORIES AND ASSEMBLY PLANTS,52.33,17.0,B17,4.0,36.0,220.0,,48.0,,48.0,VISUAL
115725,102023.0,1944-05-29,8,POLAND,AC COMPONENTS WORKS,AIRCRAFT FACTORIES AND ASSEMBLY PLANTS,52.42,16.97,B17,4.0,18.0,233.0,43.0,,,43.0,VISUAL
115731,102024.0,1944-05-29,8,POLAND,AC COMPONENTS WORKS,AIRCRAFT FACTORIES AND ASSEMBLY PLANTS,52.42,16.97,B17,4.0,19.0,225.0,46.0,,,46.0,VISUAL
115722,102025.0,1944-05-29,8,POLAND,AC COMPONENTS WORKS,AIRCRAFT FACTORIES AND ASSEMBLY PLANTS,52.42,16.97,B17,4.0,21.0,240.0,,29.0,,29.0,VISUAL
115707,102035.0,1944-05-29,15,AUSTRIA,ATZGERSDORF AC COMP PL,A/C COMPONENT PLANTS,48.2,16.37,B24,4.0,29.0,205.0,58.0,,,58.0,NOT INDICATED
115710,102036.0,1944-05-29,15,AUSTRIA,ATZGERSDORF AC COMP PL,A/C COMPONENT PLANTS,48.2,16.37,B24,4.0,32.0,195.0,62.0,,,62.0,NOT INDICATED
115400,102037.0,1944-05-29,15,AUSTRIA,ATZGERSDORF AC COMP PL,A/C COMPONENT PLANTS,48.2,16.37,B24,4.0,31.0,215.0,62.0,,,62.0,NOT INDICATED
115761,102039.0,1944-05-29,8,GERMANY,AIRDROME,AIR FIELDS AND AIRDROMES,53.15,16.73,B17,2.0,19.0,,,27.0,,27.0,NOT INDICATED
115704,102064.0,1944-05-29,15,AUSTRIA,AALS AC PLANT,AIRCRAFT FACTORIES AND ASSEMBLY PLANTS,48.2,16.37,B24,4.0,37.0,205.0,74.0,,,74.0,NOT INDICATED
115758,102071.0,1944-05-29,8,GERMANY,UNIDENTIFIED TARGET,UNIDENTIFIED TARGETS,52.63,8.38,B17,2.0,1.0,,3.0,,,3.0,NOT INDICATED
115705,165901.0,1944-05-29,15,AUSTRIA,AALS AC PLANT,AIRCRAFT FACTORIES AND ASSEMBLY PLANTS,48.2,16.37,B24,4.0,37.0,205.0,74.0,,,74.0,NOT INDICATED
115750,165910.0,1944-05-29,8,GERMANY,FOCKE WULF AC FCTY,AIRCRAFT FACTORIES AND ASSEMBLY PLANTS,51.63,15.13,B17,4.0,16.0,140.0,38.0,,,38.0,VISUAL
115744,165911.0,1944-05-29,8,GERMANY,FOCKE WULF AC FCTY,AIRCRAFT FACTORIES AND ASSEMBLY PLANTS,51.63,15.13,B17,4.0,18.0,150.0,,26.0,,26.0,VISUAL
115756,165912.0,1944-05-29,8,GERMANY,FOCKE WULF AC FCTY,AIRCRAFT FACTORIES AND ASSEMBLY PLANTS,51.63,15.13,B17,4.0,18.0,130.0,45.0,,,45.0,VISUAL
115736,165913.0,1944-05-29,8,POLAND,FOCKE WULF AC PLANT,AIRCRAFT FACTORIES AND ASSEMBLY PLANTS,52.33,17.0,B17,4.0,35.0,220.0,88.0,,,88.0,VISUAL
115729,165914.0,1944-05-29,8,POLAND,FOCKE WULF AC PLANT,AIRCRAFT FACTORIES AND ASSEMBLY PLANTS,52.33,17.0,B17,4.0,20.0,230.0,48.0,,,48.0,VISUAL
115737,165915.0,1944-05-29,8,POLAND,FOCKE WULF AC PLANT,AIRCRAFT FACTORIES AND ASSEMBLY PLANTS,52.33,17.0,B17,4.0,36.0,220.0,,48.0,,48.0,VISUAL
115726,165916.0,1944-05-29,8,POLAND,AC COMPONENTS WORKS,AIRCRAFT FACTORIES AND ASSEMBLY PLANTS,52.42,16.97,B17,4.0,18.0,233.0,43.0,,,43.0,VISUAL
115732,165917.0,1944-05-29,8,POLAND,AC COMPONENTS WORKS,AIRCRAFT FACTORIES AND ASSEMBLY PLANTS,52.42,16.97,B17,4.0,19.0,225.0,46.0,,,46.0,VISUAL
115723,165918.0,1944-05-29,8,POLAND,AC COMPONENTS WORKS,AIRCRAFT FACTORIES AND ASSEMBLY PLANTS,52.42,16.97,B17,4.0,21.0,240.0,,29.0,,29.0,VISUAL
115708,165928.0,1944-05-29,15,AUSTRIA,ATZGERSDORF AC COMP PL,A/C COMPONENT PLANTS,48.2,16.37,B24,4.0,29.0,205.0,58.0,,,58.0,NOT INDICATED
115711,165929.0,1944-05-29,15,AUSTRIA,ATZGERSDORF AC COMP PL,A/C COMPONENT PLANTS,48.2,16.37,B24,4.0,32.0,195.0,62.0,,,62.0,NOT INDICATED
115701,165930.0,1944-05-29,15,AUSTRIA,ATZGERSDORF AC COMP PL,A/C COMPONENT PLANTS,48.2,16.37,B24,4.0,31.0,215.0,62.0,,,62.0,NOT INDICATED
115759,165931.0,1944-05-29,8,GERMANY,UNIDENTIFIED TARGET,UNIDENTIFIED TARGETS,52.63,8.38,B17,2.0,1.0,,3.0,,,3.0,NOT INDICATED
115714,165949.0,1944-05-29,15,AUSTRIA,SMALL FACTORY,MANUFACTURING INSTALLATIONS (NOT SPECIFICALLY IDENTIFIED BELOW FROM CLASS 11 THROUGH 59),47.67,15.0,B24,3.0,1.0,,3.0,,,3.0,NOT INDICATED
115715,165950.0,1944-05-29,15,AUSTRIA,SMALL FACTORY,MANUFACTURING INSTALLATIONS (NOT SPECIFICALLY IDENTIFIED BELOW FROM CLASS 11 THROUGH 59),47.67,15.0,B24,3.0,1.0,,3.0,,,3.0,NOT INDICATED
115760,165951.0,1944-05-29,8,GERMANY,UNIDENTIFIED TARGET,UNIDENTIFIED TARGETS,52.63,8.38,B17,2.0,1.0,,3.0,,,3.0,NOT INDICATED
115709,165961.0,1944-05-29,15,AUSTRIA,ATZGERSDORF AC COMP PL,A/C COMPONENT PLANTS,48.2,16.37,B24,4.0,29.0,205.0,58.0,,,58.0,NOT INDICATED
115712,165962.0,1944-05-29,15,AUSTRIA,ATZGERSDORF AC COMP PL,A/C COMPONENT PLANTS,48.2,16.37,B24,4.0,32.0,195.0,62.0,,,62.0,NOT INDICATED
115702,165963.0,1944-05-29,15,AUSTRIA,ATZGERSDORF AC COMP PL,A/C COMPONENT PLANTS,48.2,16.37,B24,4.0,31.0,215.0,62.0,,,62.0,NOT INDICATED
115751,165982.0,1944-05-29,8,GERMANY,FOCKE WULF AC FCTY,AIRCRAFT FACTORIES AND ASSEMBLY PLANTS,51.63,15.13,B17,4.0,16.0,140.0,38.0,,,38.0,VISUAL
115745,165983.0,1944-05-29,8,GERMANY,FOCKE WULF AC FCTY,AIRCRAFT FACTORIES AND ASSEMBLY PLANTS,51.63,15.13,B17,4.0,18.0,150.0,,26.0,,26.0,VISUAL
115757,165984.0,1944-05-29,8,GERMANY,FOCKE WULF AC FCTY,AIRCRAFT FACTORIES AND ASSEMBLY PLANTS,51.63,15.13,B17,4.0,18.0,130.0,45.0,,,45.0,VISUAL
115738,165985.0,1944-05-29,8,POLAND,FOCKE WULF AC PLANT,AIRCRAFT FACTORIES AND ASSEMBLY PLANTS,52.33,17.0,B17,4.0,35.0,220.0,88.0,,,88.0,VISUAL
115730,165986.0,1944-05-29,8,POLAND,FOCKE WULF AC PLANT,AIRCRAFT FACTORIES AND ASSEMBLY PLANTS,52.33,17.0,B17,4.0,20.0,230.0,48.0,,,48.0,VISUAL
115739,165987.0,1944-05-29,8,POLAND,FOCKE WULF AC PLANT,AIRCRAFT FACTORIES AND ASSEMBLY PLANTS,52.33,17.0,B17,4.0,36.0,220.0,,48.0,,48.0,VISUAL
115727,165988.0,1944-05-29,8,POLAND,AC COMPONENTS WORKS,AIRCRAFT FACTORIES AND ASSEMBLY PLANTS,52.42,16.97,B17,4.0,18.0,233.0,43.0,,,43.0,VISUAL
115733,165989.0,1944-05-29,8,POLAND,AC COMPONENTS WORKS,AIRCRAFT FACTORIES AND ASSEMBLY PLANTS,52.42,16.97,B17,4.0,19.0,225.0,46.0,,,46.0,VISUAL
115724,165990.0,1944-05-29,8,POLAND,AC COMPONENTS WORKS,AIRCRAFT FACTORIES AND ASSEMBLY PLANTS,52.42,16.97,B17,4.0,21.0,240.0,,29.0,,29.0,VISUAL
115706,165991.0,1944-05-29,15,AUSTRIA,AALS AC PLANT,AIRCRAFT FACTORIES AND ASSEMBLY PLANTS,48.2,16.37,B24,4.0,37.0,205.0,74.0,,,74.0,NOT INDICATED
115753,204781.0,1944-05-29,8,GERMANY,AIRDROME,AIR FIELDS AND AIRDROMES,51.75,14.33,B17,4.0,16.0,132.0,40.0,,,40.0,VISUAL
115747,204782.0,1944-05-29,8,GERMANY,AIRDROME,AIR FIELDS AND AIRDROMES,51.75,14.33,B17,4.0,16.0,140.0,40.0,,,40.0,VISUAL
115741,204783.0,1944-05-29,8,GERMANY,AIRDROME,AIR FIELDS AND AIRDROMES,51.75,14.33,B17,4.0,16.0,150.0,,22.0,,22.0,VISUAL
115762,204785.0,1944-05-29,8,GERMANY,AIRDROME,AIR FIELDS AND AIRDROMES,53.15,16.73,B17,2.0,19.0,,,27.0,,27.0,NOT INDICATED
115754,204837.0,1944-05-29,8,GERMANY,AIRDROME,AIR FIELDS AND AIRDROMES,51.75,14.33,B17,4.0,16.0,132.0,40.0,,,40.0,VISUAL
115748,204838.0,1944-05-29,8,GERMANY,AIRDROME,AIR FIELDS AND AIRDROMES,51.75,14.33,B17,4.0,16.0,140.0,40.0,,,40.0,VISUAL
115742,204839.0,1944-05-29,8,GERMANY,AIRDROME,AIR FIELDS AND AIRDROMES,51.75,14.33,B17,4.0,16.0,150.0,,22.0,,22.0,VISUAL
115763,204841.0,1944-05-29,8,GERMANY,AIRDROME,AIR FIELDS AND AIRDROMES,53.15,16.73,B17,2.0,19.0,,,27.0,,27.0,NOT INDICATED
117201,102074.0,1944-05-30,15,AUSTRIA,AC FACTORY,AIRCRAFT FACTORIES AND ASSEMBLY PLANTS,47.93,16.42,B24,4.0,23.0,213.0,54.0,,,54.0,NOT INDICATED
117223,102075.0,1944-05-30,15,AUSTRIA,AC FACTORY,AIRCRAFT FACTORIES AND ASSEMBLY PLANTS,47.93,16.42,B24,4.0,28.0,195.0,69.0,,,69.0,NOT INDICATED
117209,102084.0,1944-05-30,15,AUSTRIA,NEUSTADTER COMP FAC,A/C COMPONENT PLANTS,47.8,16.3,B24,4.0,19.0,208.0,38.0,,,38.0,NOT INDICATED
117219,102085.0,1944-05-30,15,AUSTRIA,NEUSTADTER COMP FAC,A/C COMPONENT PLANTS,47.8,16.3,B24,4.0,19.0,195.0,36.0,,,36.0,NOT INDICATED
117205,102086.0,1944-05-30,15,AUSTRIA,NEUSTADTER COMP FAC,A/C COMPONENT PLANTS,47.72,16.05,B24,4.0,21.0,212.0,42.0,,,42.0,NOT INDICATED
116897,102087.0,1944-05-30,15,AUSTRIA,NEUSTADTER COMP FAC,A/C COMPONENT PLANTS,47.72,16.05,B24,4.0,19.0,220.0,38.0,,,38.0,NOT INDICATED
117213,102123.0,1944-05-30,15,AUSTRIA,AC FACTORY,AIRCRAFT FACTORIES AND ASSEMBLY PLANTS,48.2,16.37,B24,4.0,35.0,200.0,87.0,,,87.0,NOT INDICATED
117214,102124.0,1944-05-30,15,AUSTRIA,AC FACTORY,AIRCRAFT FACTORIES AND ASSEMBLY PLANTS,48.2,16.37,B24,4.0,31.0,200.0,78.0,,,78.0,NOT INDICATED
117230,102125.0,1944-05-30,8,GERMANY,JUNKERS AC COMPONENT F,A/C COMPONENT PLANTS,51.88,11.05,B17,4.0,33.0,235.0,,45.0,,45.0,VISUAL
117233,102126.0,1944-05-30,8,GERMANY,JUNKERS AC COMPONENT F,A/C COMPONENT PLANTS,51.88,11.05,B17,4.0,42.0,226.0,103.0,,,103.0,VISUAL
117234,102127.0,1944-05-30,8,GERMANY,JUNKERS AC COMPONENT F,A/C COMPONENT PLANTS,51.88,11.05,B17,4.0,31.0,226.0,77.0,,,77.0,VISUAL
117251,102128.0,1944-05-30,8,GERMANY,JUNKERS AC COMPONENT F,A/C COMPONENT PLANTS,51.88,11.05,B17,2.0,1.0,,3.0,,,3.0,NOT INDICATED
117242,102132.0,1944-05-30,8,GERMANY,AIRDROME,AIR FIELDS AND AIRDROMES,53.95,13.56,B24,4.0,27.0,220.0,81.0,,,81.0,VISUAL
117248,102133.0,1944-05-30,8,GERMANY,AIRDROME,AIR FIELDS AND AIRDROMES,53.95,13.56,B24,4.0,34.0,219.0,36.0,39.0,,75.0,VISUAL
117239,102134.0,1944-05-30,8,GERMANY,AIRDROME,AIR FIELDS AND AIRDROMES,53.95,13.56,B24,4.0,34.0,225.0,36.0,39.0,,75.0,VISUAL
117243,102135.0,1944-05-30,8,GERMANY,AIRDROME,AIR FIELDS AND AIRDROMES,53.95,13.56,B24,4.0,39.0,220.0,113.0,,,113.0,VISUAL
117210,102154.0,1944-05-30,15,AUSTRIA,NEUSTADTER COMP FAC,A/C COMPONENT PLANTS,47.8,16.3,B24,4.0,19.0,208.0,38.0,,,38.0,NOT INDICATED
117220,102155.0,1944-05-30,15,AUSTRIA,NEUSTADTER COMP FAC,A/C COMPONENT PLANTS,47.8,16.3,B24,4.0,19.0,195.0,36.0,,,36.0,NOT INDICATED
117206,102156.0,1944-05-30,15,AUSTRIA,NEUSTADTER COMP FAC,A/C COMPONENT PLANTS,47.72,16.05,B24,4.0,21.0,212.0,42.0,,,42.0,NOT INDICATED
116898,102157.0,1944-05-30,15,AUSTRIA,NEUSTADTER COMP FAC,A/C COMPONENT PLANTS,47.72,16.05,B24,4.0,19.0,220.0,38.0,,,38.0,NOT INDICATED
117203,102158.0,1944-05-30,15,AUSTRIA,AC FACTORY,AIRCRAFT FACTORIES AND ASSEMBLY PLANTS,47.93,16.42,B24,4.0,23.0,213.0,54.0,,,54.0,NOT INDICATED
117225,102159.0,1944-05-30,15,AUSTRIA,AC FACTORY,AIRCRAFT FACTORIES AND ASSEMBLY PLANTS,47.93,16.42,B24,4.0,28.0,195.0,69.0,,,69.0,NOT INDICATED
117227,102162.0,1944-05-30,9,GERMANY,UNIDENTIFIED TARGET,UNIDENTIFIED TARGETS,51.37,13.0,B17,2.0,1.0,,3.0,,,3.0,NOT INDICATED
117202,166009.0,1944-05-30,15,AUSTRIA,AC FACTORY,AIRCRAFT FACTORIES AND ASSEMBLY PLANTS,47.93,16.42,B24,4.0,23.0,213.0,54.0,,,54.0,NOT INDICATED
117224,166010.0,1944-05-30,15,AUSTRIA,AC FACTORY,AIRCRAFT FACTORIES AND ASSEMBLY PLANTS,47.93,16.42,B24,4.0,28.0,195.0,69.0,,,69.0,NOT INDICATED
117215,166016.0,1944-05-30,15,AUSTRIA,AC FACTORY,AIRCRAFT FACTORIES AND ASSEMBLY PLANTS,48.2,16.37,B24,4.0,35.0,200.0,87.0,,,87.0,NOT INDICATED
117216,166017.0,1944-05-30,15,AUSTRIA,AC FACTORY,AIRCRAFT FACTORIES AND ASSEMBLY PLANTS,48.2,16.37,B24,4.0,31.0,200.0,78.0,,,78.0,NOT INDICATED
117231,166021.0,1944-05-30,8,GERMANY,JUNKERS AC COMPONENT F,A/C COMPONENT PLANTS,51.88,11.05,B17,4.0,33.0,235.0,,45.0,,45.0,VISUAL
117235,166022.0,1944-05-30,8,GERMANY,JUNKERS AC COMPONENT F,A/C COMPONENT PLANTS,51.88,11.05,B17,4.0,42.0,226.0,103.0,,,103.0,VISUAL
117236,166023.0,1944-05-30,8,GERMANY,JUNKERS AC COMPONENT F,A/C COMPONENT PLANTS,51.88,11.05,B17,4.0,31.0,226.0,77.0,,,77.0,VISUAL
117252,166024.0,1944-05-30,8,GERMANY,JUNKERS AC COMPONENT F,A/C COMPONENT PLANTS,51.88,11.05,B17,2.0,1.0,,3.0,,,3.0,NOT INDICATED
117211,166025.0,1944-05-30,15,AUSTRIA,NEUSTADTER COMP FAC,A/C COMPONENT PLANTS,47.8,16.3,B24,4.0,19.0,208.0,38.0,,,38.0,NOT INDICATED
117221,166026.0,1944-05-30,15,AUSTRIA,NEUSTADTER COMP FAC,A/C COMPONENT PLANTS,47.8,16.3,B24,4.0,19.0,195.0,36.0,,,36.0,NOT INDICATED
117207,166027.0,1944-05-30,15,AUSTRIA,NEUSTADTER COMP FAC,A/C COMPONENT PLANTS,47.72,16.05,B24,4.0,21.0,212.0,42.0,,,42.0,NOT INDICATED
116899,166028.0,1944-05-30,15,AUSTRIA,NEUSTADTER COMP FAC,A/C COMPONENT PLANTS,47.72,16.05,B24,4.0,19.0,220.0,38.0,,,38.0,NOT INDICATED
117228,166029.0,1944-05-30,9,GERMANY,UNIDENTIFIED TARGET,UNIDENTIFIED TARGETS,51.37,13.0,B17,2.0,1.0,,3.0,,,3.0,NOT INDICATED
117229,166035.0,1944-05-30,9,GERMANY,UNIDENTIFIED TARGET,UNIDENTIFIED TARGETS,51.37,13.0,B17,2.0,1.0,,3.0,,,3.0,NOT INDICATED
117217,166039.0,1944-05-30,15,AUSTRIA,AC FACTORY,AIRCRAFT FACTORIES AND ASSEMBLY PLANTS,48.2,16.37,B24,4.0,35.0,200.0,87.0,,,87.0,NOT INDICATED
117218,166040.0,1944-05-30,15,AUSTRIA,AC FACTORY,AIRCRAFT FACTORIES AND ASSEMBLY PLANTS,48.2,16.37,B24,4.0,31.0,200.0,78.0,,,78.0,NOT INDICATED
117232,166046.0,1944-05-30,8,GERMANY,JUNKERS AC COMPONENT F,A/C COMPONENT PLANTS,51.88,11.05,B17,4.0,33.0,235.0,,45.0,,45.0,VISUAL
117237,166047.0,1944-05-30,8,GERMANY,JUNKERS AC COMPONENT F,A/C COMPONENT PLANTS,51.88,11.05,B17,4.0,42.0,226.0,103.0,,,103.0,VISUAL
117238,166048.0,1944-05-30,8,GERMANY,JUNKERS AC COMPONENT F,A/C COMPONENT PLANTS,51.88,11.05,B17,4.0,31.0,226.0,77.0,,,77.0,VISUAL
117253,166049.0,1944-05-30,8,GERMANY,JUNKERS AC COMPONENT F,A/C COMPONENT PLANTS,51.88,11.05,B17,2.0,1.0,,3.0,,,3.0,NOT INDICATED
117212,166053.0,1944-05-30,15,AUSTRIA,NEUSTADTER COMP FAC,A/C COMPONENT PLANTS,47.8,16.3,B24,4.0,19.0,208.0,38.0,,,38.0,NOT INDICATED
117222,166054.0,1944-05-30,15,AUSTRIA,NEUSTADTER COMP FAC,A/C COMPONENT PLANTS,47.8,16.3,B24,4.0,19.0,195.0,36.0,,,36.0,NOT INDICATED
117208,166055.0,1944-05-30,15,AUSTRIA,NEUSTADTER COMP FAC,A/C COMPONENT PLANTS,47.72,16.05,B24,4.0,21.0,212.0,42.0,,,42.0,NOT INDICATED
116900,166056.0,1944-05-30,15,AUSTRIA,NEUSTADTER COMP FAC,A/C COMPONENT PLANTS,47.72,16.05,B24,4.0,19.0,220.0,38.0,,,38.0,NOT INDICATED
117204,166057.0,1944-05-30,15,AUSTRIA,AC FACTORY,AIRCRAFT FACTORIES AND ASSEMBLY PLANTS,47.93,16.42,B24,4.0,23.0,213.0,54.0,,,54.0,NOT INDICATED
117226,166058.0,1944-05-30,15,AUSTRIA,AC FACTORY,AIRCRAFT FACTORIES AND ASSEMBLY PLANTS,47.93,16.42,B24,4.0,28.0,195.0,69.0,,,69.0,NOT INDICATED
117244,204887.0,1944-05-30,8,GERMANY,AIRDROME,AIR FIELDS AND AIRDROMES,53.95,13.56,B24,4.0,27.0,220.0,81.0,,,81.0,VISUAL
117249,204888.0,1944-05-30,8,GERMANY,AIRDROME,AIR FIELDS AND AIRDROMES,53.95,13.56,B24,4.0,34.0,219.0,36.0,39.0,,75.0,VISUAL
117240,204889.0,1944-05-30,8,GERMANY,AIRDROME,AIR FIELDS AND AIRDROMES,53.95,13.56,B24,4.0,34.0,225.0,36.0,39.0,,75.0,VISUAL
117245,204890.0,1944-05-30,8,GERMANY,AIRDROME,AIR FIELDS AND AIRDROMES,53.95,13.56,B24,4.0,39.0,220.0,113.0,,,113.0,VISUAL
117246,204925.0,1944-05-30,8,GERMANY,AIRDROME,AIR FIELDS AND AIRDROMES,53.95,13.56,B24,4.0,27.0,220.0,81.0,,,81.0,VISUAL
117250,204926.0,1944-05-30,8,GERMANY,AIRDROME,AIR FIELDS AND AIRDROMES,53.95,13.56,B24,4.0,34.0,219.0,36.0,39.0,,75.0,VISUAL
117241,204927.0,1944-05-30,8,GERMANY,AIRDROME,AIR FIELDS AND AIRDROMES,53.95,13.56,B24,4.0,34.0,225.0,36.0,39.0,,75.0,VISUAL
117247,204928.0,1944-05-30,8,GERMANY,AIRDROME,AIR FIELDS AND AIRDROMES,53.95,13.56,B24,4.0,39.0,220.0,113.0,,,113.0,VISUAL
118420,166099.0,1944-05-31,9,GERMANY,MARSHALLING YARD,"""RR INSTALLATIONS,  TRACKS,  MARSHALLING YARDS,  AND STATIONS""",51.63,8.5,B17,3.0,18.0,225.0,36.0,,,36.0,VISUAL
118425,166100.0,1944-05-31,9,GERMANY,MARSHALLING YARD,"""RR INSTALLATIONS,  TRACKS,  MARSHALLING YARDS,  AND STATIONS""",51.63,8.5,B17,3.0,1.0,,2.0,,,2.0,NOT INDICATED
118421,166101.0,1944-05-31,9,GERMANY,MARSHALLING YARD,"""RR INSTALLATIONS,  TRACKS,  MARSHALLING YARDS,  AND STATIONS""",51.63,8.5,B17,3.0,2.0,210.0,6.0,,,6.0,VISUAL
118422,166102.0,1944-05-31,9,GERMANY,MARSHALLING YARD,"""RR INSTALLATIONS,  TRACKS,  MARSHALLING YARDS,  AND STATIONS""",51.63,8.5,B17,3.0,31.0,210.0,93.0,,,93.0,VISUAL
119255,102216.0,1944-06-01,9,FRANCE,GUN EMPLACEMENTS,GUN EMPLACEMENTS,47.97,-1.33,B26,,,110.0,2.0,,,2.0,VISUAL
119257,205003.0,1944-06-01,9,FRANCE,GUN EMPLACEMENTS,GUN EMPLACEMENTS,47.97,-1.33,B26,,,11.0,2.0,,,2.0,VISUAL
119256,205011.0,1944-06-01,9,FRANCE,GUN EMPLACEMENTS,GUN EMPLACEMENTS,47.97,-1.33,B26,,,110.0,2.0,,,2.0,VISUAL
119684,102242.0,1944-06-02,9,FRANCE,AIRDROME,AIR FIELDS AND AIRDROMES,49.13,2.28,B17,1.0,12.0,206.0,35.0,,,35.0,VISUAL
119682,102250.0,1944-06-02,12,FRANCE,AIRDROME,AIR FIELDS AND AIRDROMES,43.67,4.67,B26,4.0,18.0,88.0,36.0,,,36.0,NOT INDICATED
119692,166142.0,1944-06-02,8,GERMANY,AUTOBAHN BRIDGE,BRIDGES,50.87,9.7,B24,4.0,15.0,,45.0,,,45.0,NOT INDICATED
119691,166143.0,1944-06-02,8,GERMANY,AUTOBAHN BRIDGE,BRIDGES,50.87,9.7,B24,1.0,21.0,204.0,62.0,,,62.0,VISUAL
119685,205037.0,1944-06-02,9,FRANCE,AIRDROME,AIR FIELDS AND AIRDROMES,49.13,2.28,B17,1.0,12.0,206.0,35.0,,,35.0,VISUAL
119683,205047.0,1944-06-02,12,FRANCE,AIRDROME,AIR FIELDS AND AIRDROMES,43.67,4.67,B26,4.0,18.0,88.0,36.0,,,36.0,NOT INDICATED
119686,205182.0,1944-06-02,9,FRANCE,AIRDROME,AIR FIELDS AND AIRDROMES,49.13,2.28,B17,1.0,12.0,206.0,35.0,,,35.0,VISUAL
121289,102353.0,1944-06-03,9,FRANCE,GUN POSITION,V - WEAPON LAUNCHING SITES,50.12,1.47,B26,,,119.0,32.0,,,32.0,VISUAL
121294,102357.0,1944-06-03,8,FRANCE,DEFENDED LOCALITY,TACTICAL TARGETS: (UNIDENTIFIED OR NOT LISTED BELOW),50.82,1.59,B17,4.0,1.0,,1.0,,,1.0,NOT INDICATED
121291,102358.0,1944-06-03,8,FRANCE,DEFENDED LOCALITY,TACTICAL TARGETS: (UNIDENTIFIED OR NOT LISTED BELOW),50.82,1.59,B17,4.0,17.0,257.0,51.0,,,51.0,F.F.F.
121295,205213.0,1944-06-03,8,FRANCE,DEFENDED LOCALITY,TACTICAL TARGETS: (UNIDENTIFIED OR NOT LISTED BELOW),50.82,1.59,B17,4.0,1.0,,1.0,,,1.0,NOT INDICATED
121292,205214.0,1944-06-03,8,FRANCE,DEFENDED LOCALITY,TACTICAL TARGETS: (UNIDENTIFIED OR NOT LISTED BELOW),50.82,1.59,B17,4.0,17.0,257.0,51.0,,,51.0,F.F.F.
121290,205271.0,1944-06-03,9,FRANCE,GUN POSITION,V - WEAPON LAUNCHING SITES,50.12,1.47,B26,,,119.0,32.0,,,32.0,VISUAL
121296,205280.0,1944-06-03,8,FRANCE,DEFENDED LOCALITY,TACTICAL TARGETS: (UNIDENTIFIED OR NOT LISTED BELOW),50.82,1.59,B17,4.0,1.0,,1.0,,,1.0,NOT INDICATED
121293,205281.0,1944-06-03,8,FRANCE,DEFENDED LOCALITY,TACTICAL TARGETS: (UNIDENTIFIED OR NOT LISTED BELOW),50.82,1.59,B17,4.0,17.0,257.0,51.0,,,51.0,F.F.F.
122848,102453.0,1944-06-04,8,FRANCE,GUN EMPLACEMENTS,GUN EMPLACEMENTS,46.79,-1.32,B17,4.0,1.0,,1.0,,,1.0,NOT INDICATED
122833,102454.0,1944-06-04,8,FRANCE,GUN EMPLACEMENTS,GUN EMPLACEMENTS,46.79,-1.32,B17,4.0,12.0,240.0,36.0,,,36.0,F.F.F.
122849,102455.0,1944-06-04,8,FRANCE,GUN EMPLACEMENTS,GUN EMPLACEMENTS,46.79,-1.32,B17,4.0,2.0,,3.0,,,3.0,NOT INDICATED
122834,102456.0,1944-06-04,8,FRANCE,GUN EMPLACEMENTS,GUN EMPLACEMENTS,46.79,-1.32,B17,4.0,11.0,240.0,33.0,,,33.0,F.F.F.
122835,102457.0,1944-06-04,8,FRANCE,GUN EMPLACEMENTS,GUN EMPLACEMENTS,46.79,-1.32,B17,4.0,11.0,240.0,33.0,,,33.0,F.F.F.
122830,102481.0,1944-06-04,8,FRANCE,COASTAL GUN EMPL,GUN EMPLACEMENTS,100.65,1000.65,B17,4.0,10.0,250.0,30.0,,,30.0,F.F.F.
122854,102482.0,1944-06-04,8,FRANCE,COASTAL GUN EMPL,GUN EMPLACEMENTS,100.65,1000.65,B17,4.0,1.0,,1.0,,,1.0,NOT INDICATED
122855,102483.0,1944-06-04,8,FRANCE,COASTAL GUN EMPL,GUN EMPLACEMENTS,100.65,1000.65,B17,4.0,2.0,,3.0,,,3.0,NOT INDICATED
122823,102484.0,1944-06-04,8,FRANCE,COASTAL GUN EMPL,GUN EMPLACEMENTS,100.65,1000.65,B17,4.0,23.0,260.0,69.0,,,69.0,VISUAL
122861,102489.0,1944-06-04,8,FRANCE,TROOP CONCENTRATION,TROOP CONCENTRATIONS,49.08,-0.25,B24,4.0,2.0,,1.0,,,1.0,NOT INDICATED
122846,102490.0,1944-06-04,8,FRANCE,TROOP CONCENTRATION,TROOP CONCENTRATIONS,49.08,-0.25,B24,4.0,25.0,220.0,75.0,,,75.0,VISUAL
122863,102506.0,1944-06-04,8,FRANCE,AIRDROME,AIR FIELDS AND AIRDROMES,49.08,1.74,B17,4.0,,,3.0,,,3.0,NOT INDICATED
122842,102507.0,1944-06-04,8,FRANCE,AIRDROME,AIR FIELDS AND AIRDROMES,49.08,1.74,B17,4.0,10.0,240.0,30.0,,,30.0,VISUAL
122827,102508.0,1944-06-04,8,FRANCE,AIRDROME,AIR FIELDS AND AIRDROMES,49.08,1.74,B17,4.0,11.0,256.0,32.0,,,32.0,VISUAL
122864,166191.0,1944-06-04,8,FRANCE,RR JUNCTION,"""RR INSTALLATIONS,  TRACKS,  MARSHALLING YARDS,  AND STATIONS""",49.08,1.74,B17,4.0,,,17.0,,,17.0,NOT INDICATED
122826,166192.0,1944-06-04,8,FRANCE,RR JUNCTION,"""RR INSTALLATIONS,  TRACKS,  MARSHALLING YARDS,  AND STATIONS""",49.08,1.74,B17,4.0,11.0,260.0,16.0,,,16.0,VISUAL
122865,205357.0,1944-06-04,8,FRANCE,AIRDROME,AIR FIELDS AND AIRDROMES,49.08,1.74,B17,4.0,,,3.0,,,3.0,NOT INDICATED
122843,205358.0,1944-06-04,8,FRANCE,AIRDROME,AIR FIELDS AND AIRDROMES,49.08,1.74,B17,4.0,10.0,240.0,30.0,,,30.0,VISUAL
122828,205359.0,1944-06-04,8,FRANCE,AIRDROME,AIR FIELDS AND AIRDROMES,49.08,1.74,B17,4.0,11.0,256.0,32.0,,,32.0,VISUAL
122860,205370.0,1944-06-04,8,FRANCE,TROOP CONCENTRATION,TROOP CONCENTRATIONS,49.08,-0.25,B24,4.0,2.0,,1.0,,,1.0,NOT INDICATED
122845,205371.0,1944-06-04,8,FRANCE,TROOP CONCENTRATION,TROOP CONCENTRATIONS,49.08,-0.25,B24,4.0,25.0,220.0,75.0,,,75.0,VISUAL
122850,205372.0,1944-06-04,8,FRANCE,GUN EMPLACEMENTS,GUN EMPLACEMENTS,46.79,-1.32,B17,4.0,1.0,,1.0,,,1.0,NOT INDICATED
122836,205373.0,1944-06-04,8,FRANCE,GUN EMPLACEMENTS,GUN EMPLACEMENTS,46.79,-1.32,B17,4.0,12.0,240.0,36.0,,,36.0,F.F.F.
122851,205374.0,1944-06-04,8,FRANCE,GUN EMPLACEMENTS,GUN EMPLACEMENTS,46.79,-1.32,B17,4.0,2.0,,3.0,,,3.0,NOT INDICATED
122837,205375.0,1944-06-04,8,FRANCE,GUN EMPLACEMENTS,GUN EMPLACEMENTS,46.79,-1.32,B17,4.0,11.0,240.0,33.0,,,33.0,F.F.F.
122838,205376.0,1944-06-04,8,FRANCE,GUN EMPLACEMENTS,GUN EMPLACEMENTS,46.79,-1.32,B17,4.0,11.0,240.0,33.0,,,33.0,F.F.F.
122831,205377.0,1944-06-04,8,FRANCE,COASTAL GUN EMPL,GUN EMPLACEMENTS,100.65,1000.65,B17,4.0,10.0,250.0,30.0,,,30.0,F.F.F.
122856,205378.0,1944-06-04,8,FRANCE,COASTAL GUN EMPL,GUN EMPLACEMENTS,100.65,1000.65,B17,4.0,1.0,,1.0,,,1.0,NOT INDICATED
122857,205379.0,1944-06-04,8,FRANCE,COASTAL GUN EMPL,GUN EMPLACEMENTS,100.65,1000.65,B17,4.0,2.0,,3.0,,,3.0,NOT INDICATED
122824,205380.0,1944-06-04,8,FRANCE,COASTAL GUN EMPL,GUN EMPLACEMENTS,100.65,1000.65,B17,4.0,23.0,260.0,69.0,,,69.0,VISUAL
122852,205432.0,1944-06-04,8,FRANCE,GUN EMPLACEMENTS,GUN EMPLACEMENTS,46.79,-1.32,B17,4.0,1.0,,1.0,,,1.0,NOT INDICATED
122839,205433.0,1944-06-04,8,FRANCE,GUN EMPLACEMENTS,GUN EMPLACEMENTS,46.79,-1.32,B17,4.0,12.0,240.0,36.0,,,36.0,F.F.F.
122853,205434.0,1944-06-04,8,FRANCE,GUN EMPLACEMENTS,GUN EMPLACEMENTS,46.79,-1.32,B17,4.0,2.0,,3.0,,,3.0,NOT INDICATED
122840,205435.0,1944-06-04,8,FRANCE,GUN EMPLACEMENTS,GUN EMPLACEMENTS,46.79,-1.32,B17,4.0,11.0,240.0,33.0,,,33.0,F.F.F.
122841,205436.0,1944-06-04,8,FRANCE,GUN EMPLACEMENTS,GUN EMPLACEMENTS,46.79,-1.32,B17,4.0,11.0,240.0,33.0,,,33.0,F.F.F.
122832,205460.0,1944-06-04,8,FRANCE,COASTAL GUN EMPL,GUN EMPLACEMENTS,100.65,1000.65,B17,4.0,10.0,250.0,30.0,,,30.0,F.F.F.
122858,205461.0,1944-06-04,8,FRANCE,COASTAL GUN EMPL,GUN EMPLACEMENTS,100.65,1000.65,B17,4.0,1.0,,1.0,,,1.0,NOT INDICATED
122859,205462.0,1944-06-04,8,FRANCE,COASTAL GUN EMPL,GUN EMPLACEMENTS,100.65,1000.65,B17,4.0,2.0,,3.0,,,3.0,NOT INDICATED
122825,205463.0,1944-06-04,8,FRANCE,COASTAL GUN EMPL,GUN EMPLACEMENTS,100.65,1000.65,B17,4.0,23.0,260.0,69.0,,,69.0,VISUAL
122862,205468.0,1944-06-04,8,FRANCE,TROOP CONCENTRATION,TROOP CONCENTRATIONS,49.08,-0.25,B24,4.0,2.0,,1.0,,,1.0,NOT INDICATED
122847,205469.0,1944-06-04,8,FRANCE,TROOP CONCENTRATION,TROOP CONCENTRATIONS,49.08,-0.25,B24,4.0,25.0,220.0,75.0,,,75.0,VISUAL
122866,205488.0,1944-06-04,8,FRANCE,AIRDROME,AIR FIELDS AND AIRDROMES,49.08,1.74,B17,4.0,,,3.0,,,3.0,NOT INDICATED
122844,205489.0,1944-06-04,8,FRANCE,AIRDROME,AIR FIELDS AND AIRDROMES,49.08,1.74,B17,4.0,10.0,240.0,30.0,,,30.0,VISUAL
122867,205490.0,1944-06-04,8,FRANCE,AIRDROME,AIR FIELDS AND AIRDROMES,49.08,1.74,B17,4.0,2.0,,2.0,,,2.0,NOT INDICATED
122829,205491.0,1944-06-04,8,FRANCE,AIRDROME,AIR FIELDS AND AIRDROMES,49.08,1.74,B17,4.0,11.0,256.0,32.0,,,32.0,VISUAL
124096,102531.0,1944-06-05,12,SWITZERLAND,RR,"""RR INSTALLATIONS,  TRACKS,  MARSHALLING YARDS,  AND STATIONS""",46.55,9.63,B25,3.0,,,16.0,,,16.0,NOT INDICATED
124416,102537.0,1944-06-05,8,FRANCE,AIR FIELD,AIR FIELDS AND AIRDROMES,49.3,-1.23,B17,2.0,12.0,,33.0,,,33.0,NOT INDICATED
124098,102542.0,1944-06-05,9,FRANCE,AIR DROME,AIR FIELDS AND AIRDROMES,49.22,-1.45,B17,2.0,12.0,250.0,36.0,,,36.0,VISUAL
124419,102571.0,1944-06-05,8,FRANCE,GUN EMPLACEMENT,GUN EMPLACEMENTS,49.08,-0.25,B17,4.0,1.0,,3.0,,,3.0,NOT INDICATED
124410,102572.0,1944-06-05,8,FRANCE,GUN EMPLACEMENT,GUN EMPLACEMENTS,49.08,-0.25,B17,4.0,38.0,250.0,138.0,,,138.0,VISUAL
124413,102585.0,1944-06-05,8,FRANCE,UNIDENTIFIED TARGET,UNIDENTIFIED TARGETS,48.25,8.0,B17,3.0,22.0,250.0,93.0,,,93.0,VISUAL
124422,102586.0,1944-06-05,8,FRANCE,UNIDENTIFIED TARGET,UNIDENTIFIED TARGETS,48.25,8.0,B17,2.0,1.0,,3.0,,,3.0,NOT INDICATED
124414,166211.0,1944-06-05,8,FRANCE,UNIDENTIFIED TARGET,UNIDENTIFIED TARGETS,48.25,8.0,B17,3.0,22.0,250.0,93.0,,,93.0,VISUAL
124423,166212.0,1944-06-05,8,FRANCE,UNIDENTIFIED TARGET,UNIDENTIFIED TARGETS,48.25,8.0,B17,2.0,1.0,,3.0,,,3.0,NOT INDICATED
124415,166220.0,1944-06-05,8,FRANCE,UNIDENTIFIED TARGET,UNIDENTIFIED TARGETS,48.25,8.0,B17,3.0,22.0,250.0,93.0,,,93.0,VISUAL
124424,166221.0,1944-06-05,8,FRANCE,UNIDENTIFIED TARGET,UNIDENTIFIED TARGETS,48.25,8.0,B17,2.0,1.0,,3.0,,,3.0,NOT INDICATED
124097,205525.0,1944-06-05,12,SWITZERLAND,RR,"""RR INSTALLATIONS,  TRACKS,  MARSHALLING YARDS,  AND STATIONS""",46.55,9.63,B25,3.0,,,16.0,,,16.0,NOT INDICATED
124417,205527.0,1944-06-05,8,FRANCE,AIR FIELD,AIR FIELDS AND AIRDROMES,49.3,-1.23,B17,2.0,12.0,,33.0,,,33.0,NOT INDICATED
124099,205531.0,1944-06-05,9,FRANCE,AIR DROME,AIR FIELDS AND AIRDROMES,49.22,-1.45,B17,2.0,12.0,250.0,36.0,,,36.0,VISUAL
124420,205540.0,1944-06-05,8,FRANCE,GUN EMPLACEMENT,GUN EMPLACEMENTS,49.08,-0.25,B17,4.0,1.0,,3.0,,,3.0,NOT INDICATED
124411,205541.0,1944-06-05,8,FRANCE,GUN EMPLACEMENT,GUN EMPLACEMENTS,49.08,-0.25,B17,4.0,38.0,250.0,138.0,,,138.0,VISUAL
124421,205598.0,1944-06-05,8,FRANCE,GUN EMPLACEMENT,GUN EMPLACEMENTS,49.08,-0.25,B17,4.0,1.0,,3.0,,,3.0,NOT INDICATED
124412,205599.0,1944-06-05,8,FRANCE,GUN EMPLACEMENT,GUN EMPLACEMENTS,49.08,-0.25,B17,4.0,38.0,250.0,138.0,,,138.0,VISUAL
124100,205611.0,1944-06-05,9,FRANCE,AIR DROME,AIR FIELDS AND AIRDROMES,49.22,-1.45,B17,2.0,12.0,250.0,36.0,,,36.0,VISUAL
124418,205613.0,1944-06-05,8,FRANCE,AIR FIELD,AIR FIELDS AND AIRDROMES,49.3,-1.23,B17,2.0,12.0,,33.0,,,33.0,NOT INDICATED
125686,102590.0,1944-06-06,9,FRANCE,UNIDENTIFIED TARGET,UNIDENTIFIED TARGETS,48.73,-0.02,A20,,,30.0,67.0,,,67.0,VISUAL
126031,102595.0,1944-06-06,9,FRANCE,UNIDENTIFIED TARGET,UNIDENTIFIED TARGETS,49.7,-1.3,B26,,,,61.0,,,61.0,VISUAL
125680,102597.0,1944-06-06,9,FRANCE,BRIDGE,BRIDGES,49.18,-0.37,B26,,,50.0,69.0,,,69.0,VISUAL
126006,102598.0,1944-06-06,9,FRANCE,BRIDGE,BRIDGES,49.18,-0.37,B26,,,,68.0,,,68.0,VISUAL
125684,102599.0,1944-06-06,9,FRANCE,ROAD JUNCTION,HIGHWAYS AND VEHICLES,49.18,-0.37,B26,,,39.0,55.0,,,55.0,VISUAL
125688,102600.0,1944-06-06,9,FRANCE,MARSHALLING YARD,"""RR INSTALLATIONS,  TRACKS,  MARSHALLING YARDS,  AND STATIONS""",49.3,-1.23,A20,,,30.0,27.0,,,27.0,VISUAL
125692,102603.0,1944-06-06,9,FRANCE,M T,HIGHWAYS AND VEHICLES,48.9,-0.2,B26,,,29.0,42.0,,,42.0,VISUAL
126033,102628.0,1944-06-06,9,FRANCE,GUN EMPLACEMENTS,GUN EMPLACEMENTS,49.3,-0.07,B26,,,,,,7.0,7.0,VISUAL
125678,102629.0,1944-06-06,9,FRANCE,GUN EMPLACEMENTS,GUN EMPLACEMENTS,49.3,-0.07,B26,,,60.0,46.0,,,46.0,VISUAL
125664,102632.0,1944-06-06,9,FRANCE,GUN EMPLACEMENTS,GUN EMPLACEMENTS,49.27,-0.27,B26,,,120.0,2.0,,,2.0,VISUAL
125665,102633.0,1944-06-06,9,FRANCE,GUN EMPLACEMENTS,GUN EMPLACEMENTS,49.27,-0.27,B26,,,120.0,16.0,,,16.0,VISUAL
125672,102634.0,1944-06-06,9,FRANCE,GUN EMPLACEMENTS,GUN EMPLACEMENTS,49.27,-0.27,B26,,,95.0,1.0,,,1.0,VISUAL
126218,102635.0,1944-06-06,8,FRANCE,COASTALA DEFENCES,GUN EMPLACEMENTS,48.7,0.12,B17,3.0,9.0,,27.0,,,27.0,NOT INDICATED
126224,102636.0,1944-06-06,8,FRANCE,TACTICAL TARGETS,TACTICAL TARGETS: (UNIDENTIFIED OR NOT LISTED BELOW),49.32,-0.63,B17,4.0,6.0,,18.0,,,18.0,NOT INDICATED
126225,102637.0,1944-06-06,8,FRANCE,TACTICAL TARGETS,TACTICAL TARGETS: (UNIDENTIFIED OR NOT LISTED BELOW),49.32,-0.63,B17,4.0,6.0,,13.0,,,13.0,NOT INDICATED
126091,102638.0,1944-06-06,8,FRANCE,TACTICAL TARGETS,TACTICAL TARGETS: (UNIDENTIFIED OR NOT LISTED BELOW),49.32,-0.63,B17,4.0,22.0,133.0,66.0,,,66.0,F.F.F.
126226,102639.0,1944-06-06,8,FRANCE,TACTICAL TARGETS,TACTICAL TARGETS: (UNIDENTIFIED OR NOT LISTED BELOW),49.32,-0.63,B17,4.0,,,32.0,,,32.0,NOT INDICATED
126092,102640.0,1944-06-06,8,FRANCE,TACTICAL TARGETS,TACTICAL TARGETS: (UNIDENTIFIED OR NOT LISTED BELOW),49.32,-0.63,B17,4.0,34.0,133.0,51.0,,,51.0,F.F.F.
126227,102641.0,1944-06-06,8,FRANCE,TACTICAL TARGETS,TACTICAL TARGETS: (UNIDENTIFIED OR NOT LISTED BELOW),49.32,-0.63,B17,4.0,,,144.0,,,144.0,NOT INDICATED
126093,102642.0,1944-06-06,8,FRANCE,TACTICAL TARGETS,TACTICAL TARGETS: (UNIDENTIFIED OR NOT LISTED BELOW),49.32,-0.63,B17,4.0,47.0,133.0,40.0,,,40.0,F.F.F.
126222,102643.0,1944-06-06,8,FRANCE,TACTICAL TARGETS,TACTICAL TARGETS: (UNIDENTIFIED OR NOT LISTED BELOW),49.32,-0.63,B24,4.0,,,2.0,,,2.0,NOT INDICATED
126237,102644.0,1944-06-06,8,FRANCE,TACTICAL TARGET,TACTICAL TARGETS: (UNIDENTIFIED OR NOT LISTED BELOW),49.33,-0.58,B24,,,,3.0,,,3.0,NOT INDICATED
126239,102645.0,1944-06-06,8,FRANCE,TACTICAL TARGET,TACTICAL TARGETS: (UNIDENTIFIED OR NOT LISTED BELOW),49.33,-0.58,B17,4.0,3.0,,5.0,,,5.0,NOT INDICATED
126240,102646.0,1944-06-06,8,FRANCE,TACTICAL TARGET,TACTICAL TARGETS: (UNIDENTIFIED OR NOT LISTED BELOW),49.33,-0.58,B17,4.0,5.0,,15.0,,,15.0,NOT INDICATED
126100,102647.0,1944-06-06,8,FRANCE,TACTICAL TARGET,TACTICAL TARGETS: (UNIDENTIFIED OR NOT LISTED BELOW),49.33,-0.58,B17,4.0,22.0,133.0,41.0,,,41.0,F.F.F.
126241,102648.0,1944-06-06,8,FRANCE,TACTICAL TARGET,TACTICAL TARGETS: (UNIDENTIFIED OR NOT LISTED BELOW),49.33,-0.58,B17,4.0,17.0,,32.0,,,32.0,NOT INDICATED
126249,102652.0,1944-06-06,8,FRANCE,TACTICAL TARGETS,TACTICAL TARGETS: (UNIDENTIFIED OR NOT LISTED BELOW),49.18,-0.37,B17,4.0,,,23.0,,,23.0,NOT INDICATED
126070,102653.0,1944-06-06,8,FRANCE,TACTICAL TARGETS,TACTICAL TARGETS: (UNIDENTIFIED OR NOT LISTED BELOW),49.18,-0.37,B17,4.0,33.0,160.0,63.0,,,63.0,F.F.F.
126250,102654.0,1944-06-06,8,FRANCE,TACTICAL TARGETS,TACTICAL TARGETS: (UNIDENTIFIED OR NOT LISTED BELOW),49.18,-0.37,B17,4.0,12.0,,12.0,,,12.0,NOT INDICATED
126251,102655.0,1944-06-06,8,FRANCE,TACTICAL TARGETS,TACTICAL TARGETS: (UNIDENTIFIED OR NOT LISTED BELOW),49.18,-0.37,B17,4.0,,,11.0,,,11.0,NOT INDICATED
126071,102656.0,1944-06-06,8,FRANCE,TACTICAL TARGETS,TACTICAL TARGETS: (UNIDENTIFIED OR NOT LISTED BELOW),49.18,-0.37,B17,4.0,32.0,160.0,78.0,,,78.0,F.F.F.
126254,102657.0,1944-06-06,8,FRANCE,TACTICAL TARGETS,TACTICAL TARGETS: (UNIDENTIFIED OR NOT LISTED BELOW),49.18,-0.37,B17,4.0,14.0,,21.0,,,21.0,NOT INDICATED
126255,102658.0,1944-06-06,8,FRANCE,TACTICAL TARGETS,TACTICAL TARGETS: (UNIDENTIFIED OR NOT LISTED BELOW),49.18,-0.37,B17,4.0,,,48.0,,,48.0,NOT INDICATED
126203,102659.0,1944-06-06,8,FRANCE,TACTICAL TARGETS,TACTICAL TARGETS: (UNIDENTIFIED OR NOT LISTED BELOW),49.18,-0.37,B17,4.0,16.0,133.0,14.0,,,14.0,F.F.F.
126256,102660.0,1944-06-06,8,FRANCE,TACTICAL TARGETS,TACTICAL TARGETS: (UNIDENTIFIED OR NOT LISTED BELOW),49.18,-0.37,B17,4.0,,,28.0,,,28.0,NOT INDICATED
126204,102661.0,1944-06-06,8,FRANCE,TACTICAL TARGETS,TACTICAL TARGETS: (UNIDENTIFIED OR NOT LISTED BELOW),49.18,-0.37,B17,4.0,28.0,133.0,84.0,,,84.0,F.F.F.
126072,102662.0,1944-06-06,8,FRANCE,TACTICAL TARGETS,TACTICAL TARGETS: (UNIDENTIFIED OR NOT LISTED BELOW),49.18,-0.37,B17,4.0,33.0,160.0,63.0,,,63.0,F.F.F.
126073,102663.0,1944-06-06,8,FRANCE,TACTICAL TARGETS,TACTICAL TARGETS: (UNIDENTIFIED OR NOT LISTED BELOW),49.18,-0.37,B17,4.0,33.0,160.0,20.0,,,20.0,F.F.F.
126257,102664.0,1944-06-06,8,FRANCE,TACTICAL TARGETS,TACTICAL TARGETS: (UNIDENTIFIED OR NOT LISTED BELOW),49.18,-0.37,B17,4.0,,,10.0,,,10.0,NOT INDICATED
126074,102665.0,1944-06-06,8,FRANCE,TACTICAL TARGETS,TACTICAL TARGETS: (UNIDENTIFIED OR NOT LISTED BELOW),49.18,-0.37,B17,4.0,22.0,160.0,51.0,,,51.0,F.F.F.
126258,102666.0,1944-06-06,8,FRANCE,TACTICAL TARGETS,TACTICAL TARGETS: (UNIDENTIFIED OR NOT LISTED BELOW),49.18,-0.37,B17,4.0,,,32.0,,,32.0,NOT INDICATED
126075,102667.0,1944-06-06,8,FRANCE,TACTICAL TARGETS,TACTICAL TARGETS: (UNIDENTIFIED OR NOT LISTED BELOW),49.18,-0.37,B17,4.0,37.0,160.0,60.0,,,60.0,F.F.F.
126052,102668.0,1944-06-06,8,FRANCE,TACTICAL TARGETS,TACTICAL TARGETS: (UNIDENTIFIED OR NOT LISTED BELOW),49.18,-0.37,B24,4.0,9.0,207.0,27.0,,,27.0,F.F.F.
126248,102669.0,1944-06-06,8,FRANCE,TACTICAL TARGETS,TACTICAL TARGETS: (UNIDENTIFIED OR NOT LISTED BELOW),49.18,-0.37,B24,4.0,5.0,,3.0,,,3.0,NOT INDICATED
126261,102670.0,1944-06-06,8,FRANCE,TACTICAL TARGETS,TACTICAL TARGETS: (UNIDENTIFIED OR NOT LISTED BELOW),49.18,-0.37,B24,4.0,3.0,,9.0,,,9.0,NOT INDICATED
126062,102671.0,1944-06-06,8,FRANCE,TACTICAL TARGETS,TACTICAL TARGETS: (UNIDENTIFIED OR NOT LISTED BELOW),49.18,-0.37,B24,4.0,11.0,202.0,33.0,,,33.0,F.F.F.
126056,102672.0,1944-06-06,8,FRANCE,TACTICAL TARGETS,TACTICAL TARGETS: (UNIDENTIFIED OR NOT LISTED BELOW),49.18,-0.37,B24,4.0,11.0,204.0,33.0,,,33.0,F.F.F.
126068,102673.0,1944-06-06,8,FRANCE,TACTICAL TARGETS,TACTICAL TARGETS: (UNIDENTIFIED OR NOT LISTED BELOW),49.18,-0.37,B24,4.0,9.0,193.0,27.0,,,27.0,F.F.F.
126059,102674.0,1944-06-06,8,FRANCE,TACTICAL TARGETS,TACTICAL TARGETS: (UNIDENTIFIED OR NOT LISTED BELOW),49.18,-0.37,B24,4.0,11.0,203.0,33.0,,,33.0,F.F.F.
126278,102675.0,1944-06-06,8,FRANCE,TACTICAL TARGET,TACTICAL TARGETS: (UNIDENTIFIED OR NOT LISTED BELOW),48.85,-0.55,B17,4.0,,,30.0,,,30.0,NOT INDICATED
126279,102676.0,1944-06-06,8,FRANCE,TACTICAL TARGET,TACTICAL TARGETS: (UNIDENTIFIED OR NOT LISTED BELOW),48.85,-0.55,B17,4.0,10.0,,3.0,,,3.0,NOT INDICATED
126280,102677.0,1944-06-06,8,FRANCE,TACTICAL TARGET,TACTICAL TARGETS: (UNIDENTIFIED OR NOT LISTED BELOW),48.85,-0.55,B17,4.0,,,3.0,,,3.0,NOT INDICATED
126281,102678.0,1944-06-06,8,FRANCE,TACTICAL TARGET,TACTICAL TARGETS: (UNIDENTIFIED OR NOT LISTED BELOW),48.85,-0.55,B17,4.0,4.0,,8.0,,,8.0,NOT INDICATED
126282,102679.0,1944-06-06,8,FRANCE,TACTICAL TARGET,TACTICAL TARGETS: (UNIDENTIFIED OR NOT LISTED BELOW),48.85,-0.55,B17,4.0,,,54.0,,,54.0,NOT INDICATED
126088,102680.0,1944-06-06,8,FRANCE,TACTICAL TARGET,TACTICAL TARGETS: (UNIDENTIFIED OR NOT LISTED BELOW),48.85,-0.55,B17,4.0,31.0,140.0,36.0,,,36.0,VISUAL
125644,102684.0,1944-06-06,9,FRANCE,BATTLE APEA,TACTICAL TARGETS: (UNIDENTIFIED OR NOT LISTED BELOW),48.9,-0.2,B17,4.0,24.0,150.0,72.0,,,72.0,F.F.F.
126013,102685.0,1944-06-06,9,FRANCE,BATTLE APEA,TACTICAL TARGETS: (UNIDENTIFIED OR NOT LISTED BELOW),48.9,-0.2,B17,4.0,5.0,,8.0,,,8.0,NOT INDICATED
126014,102686.0,1944-06-06,9,FRANCE,BATTLE APEA,TACTICAL TARGETS: (UNIDENTIFIED OR NOT LISTED BELOW),48.9,-0.2,B17,4.0,,,22.0,,,22.0,NOT INDICATED
125650,102687.0,1944-06-06,9,FRANCE,BATTLE APEA,TACTICAL TARGETS: (UNIDENTIFIED OR NOT LISTED BELOW),48.9,-0.2,B17,4.0,22.0,141.0,20.0,,,20.0,F.F.F.
126015,102688.0,1944-06-06,9,FRANCE,BATTLE APEA,TACTICAL TARGETS: (UNIDENTIFIED OR NOT LISTED BELOW),48.9,-0.2,B17,4.0,,,53.0,,,53.0,NOT INDICATED
125645,102689.0,1944-06-06,9,FRANCE,BATTLE APEA,TACTICAL TARGETS: (UNIDENTIFIED OR NOT LISTED BELOW),48.9,-0.2,B17,4.0,21.0,150.0,21.0,,,21.0,F.F.F.
126011,102690.0,1944-06-06,9,FRANCE,BATTLE APEA,TACTICAL TARGETS: (UNIDENTIFIED OR NOT LISTED BELOW),48.9,-0.2,B24,1.0,3.0,,3.0,,6.0,9.0,NOT INDICATED
126064,102691.0,1944-06-06,8,FRANCE,RD BLOCKS,TACTICAL TARGETS: (UNIDENTIFIED OR NOT LISTED BELOW),48.75,-0.57,B17,3.0,11.0,200.0,33.0,,,33.0,F.F.F.
126294,102692.0,1944-06-06,8,FRANCE,RD BLOCKS,TACTICAL TARGETS: (UNIDENTIFIED OR NOT LISTED BELOW),48.75,-0.57,B24,3.0,2.0,,6.0,,,6.0,NOT INDICATED
126296,102693.0,1944-06-06,8,FRANCE,COASTAL BATTERY,GUN EMPLACEMENTS,48.75,-0.57,B17,2.0,1.0,,3.0,,,3.0,NOT INDICATED
125659,102694.0,1944-06-06,9,FRANCE,TANKS,TACTICAL TARGETS: (UNIDENTIFIED OR NOT LISTED BELOW),48.83,-1.25,B17,4.0,27.0,133.0,51.0,,,51.0,F.F.F.
126022,102695.0,1944-06-06,9,FRANCE,TANKS,TACTICAL TARGETS: (UNIDENTIFIED OR NOT LISTED BELOW),48.83,-1.25,B17,4.0,,,3.0,,,3.0,NOT INDICATED
126023,102696.0,1944-06-06,9,FRANCE,TANKS,TACTICAL TARGETS: (UNIDENTIFIED OR NOT LISTED BELOW),48.83,-1.25,B17,4.0,3.0,,3.0,,,3.0,NOT INDICATED
126024,102697.0,1944-06-06,9,FRANCE,TANKS,TACTICAL TARGETS: (UNIDENTIFIED OR NOT LISTED BELOW),48.83,-1.25,B17,4.0,11.0,,15.0,,,15.0,NOT INDICATED
126300,102698.0,1944-06-06,8,FRANCE,TACTICAL TARGET,TACTICAL TARGETS: (UNIDENTIFIED OR NOT LISTED BELOW),48.33,-1.2,B24,1.0,1.0,,3.0,,,3.0,NOT INDICATED
126037,102730.0,1944-06-06,9,FRANCE,TACTICAL TARGETS,TACTICAL TARGETS: (UNIDENTIFIED OR NOT LISTED BELOW),49.12,-1.08,B24,4.0,,,2.0,,,2.0,NOT INDICATED
125638,102731.0,1944-06-06,9,FRANCE,TACTICAL TARGETS,TACTICAL TARGETS: (UNIDENTIFIED OR NOT LISTED BELOW),49.12,-1.08,B24,4.0,9.0,160.0,24.0,,,24.0,VISUAL
126038,102732.0,1944-06-06,9,FRANCE,TACTICAL TARGETS,TACTICAL TARGETS: (UNIDENTIFIED OR NOT LISTED BELOW),49.12,-1.08,B24,4.0,3.0,,3.0,,,3.0,NOT INDICATED
125641,102733.0,1944-06-06,9,FRANCE,TACTICAL TARGETS,TACTICAL TARGETS: (UNIDENTIFIED OR NOT LISTED BELOW),49.12,-1.08,B24,4.0,21.0,151.0,63.0,,,63.0,F.F.F.
126043,102734.0,1944-06-06,9,FRANCE,TACTICAL TARGETS,TACTICAL TARGETS: (UNIDENTIFIED OR NOT LISTED BELOW),49.12,-1.08,B24,4.0,2.0,,6.0,,,6.0,NOT INDICATED
126044,102735.0,1944-06-06,9,FRANCE,TACTICAL TARGETS,TACTICAL TARGETS: (UNIDENTIFIED OR NOT LISTED BELOW),49.12,-1.08,B24,1.0,1.0,,3.0,,,3.0,NOT INDICATED
126608,102751.0,1944-06-06,8,FRANCE,TACTICAL TA GET,TACTICAL TARGETS: (UNIDENTIFIED OR NOT LISTED BELOW),49.32,-0.52,B17,4.0,5.0,,8.0,,,8.0,NOT INDICATED
126609,102752.0,1944-06-06,8,FRANCE,TACTICAL TA GET,TACTICAL TARGETS: (UNIDENTIFIED OR NOT LISTED BELOW),49.32,-0.52,B17,4.0,,,6.0,,,6.0,NOT INDICATED
126610,102753.0,1944-06-06,8,FRANCE,TACTICAL TA GET,TACTICAL TARGETS: (UNIDENTIFIED OR NOT LISTED BELOW),49.32,-0.52,B17,4.0,6.0,,6.0,,,6.0,NOT INDICATED
126209,102754.0,1944-06-06,8,FRANCE,TACTICAL TA GET,TACTICAL TARGETS: (UNIDENTIFIED OR NOT LISTED BELOW),49.32,-0.52,B17,4.0,17.0,133.0,32.0,,,32.0,F.F.F.
126611,102755.0,1944-06-06,8,FRANCE,TACTICAL TA GET,TACTICAL TARGETS: (UNIDENTIFIED OR NOT LISTED BELOW),49.32,-0.52,B17,4.0,,,11.0,,,11.0,NOT INDICATED
126210,102756.0,1944-06-06,8,FRANCE,TACTICAL TA GET,TACTICAL TARGETS: (UNIDENTIFIED OR NOT LISTED BELOW),49.32,-0.52,B17,4.0,22.0,133.0,66.0,,,66.0,F.F.F.
126211,102757.0,1944-06-06,8,FRANCE,TACTICAL TA GET,TACTICAL TARGETS: (UNIDENTIFIED OR NOT LISTED BELOW),49.32,-0.52,B17,4.0,22.0,133.0,42.0,,,42.0,F.F.F.
125668,102787.0,1944-06-06,9,FRANCE,UNIDENTIFIED TARGET,UNIDENTIFIED TARGETS,49.05,-0.05,B26,,,100.0,1.0,,,1.0,VISUAL
125662,102788.0,1944-06-06,9,FRANCE,UNIDENTIFIED TARGET,UNIDENTIFIED TARGETS,49.67,-1.27,B26,,,120.0,1.0,,,1.0,VISUAL
125670,102789.0,1944-06-06,9,FRANCE,UNIDENTIFIED TARGET,UNIDENTIFIED TARGETS,49.67,-1.27,B26,,,100.0,30.0,,,30.0,VISUAL
125687,166244.0,1944-06-06,9,FRANCE,UNIDENTIFIED TARGET,UNIDENTIFIED TARGETS,48.73,-0.02,A20,,,30.0,67.0,,,67.0,VISUAL
126032,166249.0,1944-06-06,9,FRANCE,UNIDENTIFIED TARGET,UNIDENTIFIED TARGETS,49.7,-1.3,B26,,,,61.0,,,61.0,VISUAL
125669,166252.0,1944-06-06,9,FRANCE,UNIDENTIFIED TARGET,UNIDENTIFIED TARGETS,49.05,-0.05,B26,,,100.0,1.0,,,1.0,VISUAL
125663,166253.0,1944-06-06,9,FRANCE,UNIDENTIFIED TARGET,UNIDENTIFIED TARGETS,49.67,-1.27,B26,,,120.0,1.0,,,1.0,VISUAL
125671,166254.0,1944-06-06,9,FRANCE,UNIDENTIFIED TARGET,UNIDENTIFIED TARGETS,49.67,-1.27,B26,,,100.0,30.0,,,30.0,VISUAL
125698,166289.0,1944-06-06,9,FRANCE,MARSHALLING YARD,"""RR INSTALLATIONS,  TRACKS,  MARSHALLING YARDS,  AND STATIONS""",48.73,-0.02,B17,,,,2.0,,,2.0,NOT INDICATED
125699,166290.0,1944-06-06,9,FRANCE,MARSHALLING YARD,"""RR INSTALLATIONS,  TRACKS,  MARSHALLING YARDS,  AND STATIONS""",48.73,-0.02,B17,4.0,3.0,,3.0,,,3.0,NOT INDICATED
125634,166291.0,1944-06-06,9,FRANCE,MARSHALLING YARD,"""RR INSTALLATIONS,  TRACKS,  MARSHALLING YARDS,  AND STATIONS""",48.73,-0.02,B17,4.0,9.0,195.0,16.0,,,16.0,F.F.F.
125636,166292.0,1944-06-06,9,FRANCE,MARSHALLING YARD,"""RR INSTALLATIONS,  TRACKS,  MARSHALLING YARDS,  AND STATIONS""",48.73,-0.02,B17,4.0,22.0,180.0,44.0,,,44.0,F.F.F.
125700,166293.0,1944-06-06,9,FRANCE,MARSHALLING YARD,"""RR INSTALLATIONS,  TRACKS,  MARSHALLING YARDS,  AND STATIONS""",48.73,-0.02,B17,4.0,,,3.0,,,3.0,NOT INDICATED
125637,166294.0,1944-06-06,9,FRANCE,MARSHALLING YARD,"""RR INSTALLATIONS,  TRACKS,  MARSHALLING YARDS,  AND STATIONS""",48.73,-0.02,B17,4.0,12.0,180.0,33.0,,,33.0,F.F.F.
125653,166295.0,1944-06-06,9,FRANCE,MARSHALLING YARD,"""RR INSTALLATIONS,  TRACKS,  MARSHALLING YARDS,  AND STATIONS""",48.73,-0.02,B17,3.0,6.0,139.0,18.0,,,18.0,F.F.F.
126001,166296.0,1944-06-06,9,FRANCE,MARSHALLING YARD,"""RR INSTALLATIONS,  TRACKS,  MARSHALLING YARDS,  AND STATIONS""",48.73,-0.02,B17,3.0,1.0,,2.0,,,2.0,NOT INDICATED
125654,166297.0,1944-06-06,9,FRANCE,MARSHALLING YARD,"""RR INSTALLATIONS,  TRACKS,  MARSHALLING YARDS,  AND STATIONS""",48.73,-0.02,B17,3.0,4.0,139.0,12.0,,,12.0,F.F.F.
126002,166298.0,1944-06-06,9,FRANCE,MARSHALLING YARD,"""RR INSTALLATIONS,  TRACKS,  MARSHALLING YARDS,  AND STATIONS""",48.73,-0.02,B17,3.0,2.0,,3.0,,,3.0,NOT INDICATED
126003,166299.0,1944-06-06,9,FRANCE,MARSHALLING YARD,"""RR INSTALLATIONS,  TRACKS,  MARSHALLING YARDS,  AND STATIONS""",48.73,-0.02,B17,3.0,,,2.0,,,2.0,NOT INDICATED
126004,166300.0,1944-06-06,9,FRANCE,MARSHALLING YARD,"""RR INSTALLATIONS,  TRACKS,  MARSHALLING YARDS,  AND STATIONS""",48.73,-0.02,B17,3.0,1.0,,2.0,,,2.0,NOT INDICATED
126005,166301.0,1944-06-06,9,FRANCE,MARSHALLING YARD,"""RR INSTALLATIONS,  TRACKS,  MARSHALLING YARDS,  AND STATIONS""",48.73,-0.02,B17,3.0,,,23.0,,,23.0,NOT INDICATED
125655,166302.0,1944-06-06,9,FRANCE,MARSHALLING YARD,"""RR INSTALLATIONS,  TRACKS,  MARSHALLING YARDS,  AND STATIONS""",48.73,-0.02,B17,3.0,10.0,139.0,30.0,,,30.0,F.F.F.
125656,166303.0,1944-06-06,9,FRANCE,MARSHALLING YARD,"""RR INSTALLATIONS,  TRACKS,  MARSHALLING YARDS,  AND STATIONS""",48.73,-0.02,B17,3.0,6.0,139.0,18.0,,,18.0,F.F.F.
125657,166304.0,1944-06-06,9,FRANCE,MARSHALLING YARD,"""RR INSTALLATIONS,  TRACKS,  MARSHALLING YARDS,  AND STATIONS""",48.73,-0.02,B17,3.0,4.0,139.0,12.0,,,12.0,F.F.F.
125635,166305.0,1944-06-06,9,FRANCE,MARSHALLING YARD,"""RR INSTALLATIONS,  TRACKS,  MARSHALLING YARDS,  AND STATIONS""",48.73,-0.02,B17,3.0,9.0,190.0,27.0,,,27.0,F.F.F.
125658,166306.0,1944-06-06,9,FRANCE,MARSHALLING YARD,"""RR INSTALLATIONS,  TRACKS,  MARSHALLING YARDS,  AND STATIONS""",48.73,-0.02,B17,3.0,6.0,139.0,18.0,,,18.0,F.F.F.
125697,166307.0,1944-06-06,9,FRANCE,MARSHALLING YARD,"""RR INSTALLATIONS,  TRACKS,  MARSHALLING YARDS,  AND STATIONS""",48.73,-0.02,B24,1.0,1.0,,3.0,,,3.0,NOT INDICATED
126036,166308.0,1944-06-06,9,FRANCE,RR JUNCTION,"""RR INSTALLATIONS,  TRACKS,  MARSHALLING YARDS,  AND STATIONS""",48.63,-1.37,B24,1.0,1.0,,3.0,,,3.0,NOT INDICATED
125681,205615.0,1944-06-06,9,FRANCE,BRIDGE,BRIDGES,49.18,-0.37,B26,,,50.0,69.0,,,69.0,VISUAL
126007,205616.0,1944-06-06,9,FRANCE,BRIDGE,BRIDGES,49.18,-0.37,B26,,,,68.0,,,68.0,VISUAL
125685,205617.0,1944-06-06,9,FRANCE,ROAD JUNCTION,HIGHWAYS AND VEHICLES,49.18,-0.37,B26,,,39.0,55.0,,,55.0,VISUAL
125689,205618.0,1944-06-06,9,FRANCE,MARSHALLING YARD,"""RR INSTALLATIONS,  TRACKS,  MARSHALLING YARDS,  AND STATIONS""",49.3,-1.23,A20,,,30.0,27.0,,,27.0,VISUAL
125693,205619.0,1944-06-06,9,FRANCE,M T,HIGHWAYS AND VEHICLES,48.9,-0.2,B26,,,29.0,42.0,,,42.0,VISUAL
126228,205640.0,1944-06-06,8,FRANCE,TACTICAL TARGETS,TACTICAL TARGETS: (UNIDENTIFIED OR NOT LISTED BELOW),49.32,-0.63,B17,4.0,6.0,,18.0,,,18.0,NOT INDICATED
126229,205641.0,1944-06-06,8,FRANCE,TACTICAL TARGETS,TACTICAL TARGETS: (UNIDENTIFIED OR NOT LISTED BELOW),49.32,-0.63,B17,4.0,6.0,,13.0,,,13.0,NOT INDICATED
126094,205642.0,1944-06-06,8,FRANCE,TACTICAL TARGETS,TACTICAL TARGETS: (UNIDENTIFIED OR NOT LISTED BELOW),49.32,-0.63,B17,4.0,22.0,133.0,66.0,,,66.0,F.F.F.
126230,205643.0,1944-06-06,8,FRANCE,TACTICAL TARGETS,TACTICAL TARGETS: (UNIDENTIFIED OR NOT LISTED BELOW),49.32,-0.63,B17,4.0,,,32.0,,,32.0,NOT INDICATED
126095,205644.0,1944-06-06,8,FRANCE,TACTICAL TARGETS,TACTICAL TARGETS: (UNIDENTIFIED OR NOT LISTED BELOW),49.32,-0.63,B17,4.0,34.0,133.0,51.0,,,51.0,F.F.F.
126231,205645.0,1944-06-06,8,FRANCE,TACTICAL TARGETS,TACTICAL TARGETS: (UNIDENTIFIED OR NOT LISTED BELOW),49.32,-0.63,B17,4.0,,,144.0,,,144.0,NOT INDICATED
126096,205646.0,1944-06-06,8,FRANCE,TACTICAL TARGETS,TACTICAL TARGETS: (UNIDENTIFIED OR NOT LISTED BELOW),49.32,-0.63,B17,4.0,47.0,133.0,40.0,,,40.0,F.F.F.
126221,205647.0,1944-06-06,8,FRANCE,TACTICAL TARGETS,TACTICAL TARGETS: (UNIDENTIFIED OR NOT LISTED BELOW),49.32,-0.63,B24,4.0,,,2.0,,,2.0,NOT INDICATED
126236,205648.0,1944-06-06,8,FRANCE,TACTICAL TARGET,TACTICAL TARGETS: (UNIDENTIFIED OR NOT LISTED BELOW),49.33,-0.58,B24,,,,3.0,,,3.0,NOT INDICATED
126242,205649.0,1944-06-06,8,FRANCE,TACTICAL TARGET,TACTICAL TARGETS: (UNIDENTIFIED OR NOT LISTED BELOW),49.33,-0.58,B17,4.0,3.0,,5.0,,,5.0,NOT INDICATED
126243,205650.0,1944-06-06,8,FRANCE,TACTICAL TARGET,TACTICAL TARGETS: (UNIDENTIFIED OR NOT LISTED BELOW),49.33,-0.58,B17,4.0,5.0,,15.0,,,15.0,NOT INDICATED
126201,205651.0,1944-06-06,8,FRANCE,TACTICAL TARGET,TACTICAL TARGETS: (UNIDENTIFIED OR NOT LISTED BELOW),49.33,-0.58,B17,4.0,22.0,133.0,41.0,,,41.0,F.F.F.
126244,205652.0,1944-06-06,8,FRANCE,TACTICAL TARGET,TACTICAL TARGETS: (UNIDENTIFIED OR NOT LISTED BELOW),49.33,-0.58,B17,4.0,17.0,,32.0,,,32.0,NOT INDICATED
126259,205653.0,1944-06-06,8,FRANCE,TACTICAL TARGETS,TACTICAL TARGETS: (UNIDENTIFIED OR NOT LISTED BELOW),49.18,-0.37,B17,4.0,,,23.0,,,23.0,NOT INDICATED
126076,205654.0,1944-06-06,8,FRANCE,TACTICAL TARGETS,TACTICAL TARGETS: (UNIDENTIFIED OR NOT LISTED BELOW),49.18,-0.37,B17,4.0,33.0,160.0,63.0,,,63.0,F.F.F.
126260,205655.0,1944-06-06,8,FRANCE,TACTICAL TARGETS,TACTICAL TARGETS: (UNIDENTIFIED OR NOT LISTED BELOW),49.18,-0.37,B17,4.0,12.0,,12.0,,,12.0,NOT INDICATED
126263,205656.0,1944-06-06,8,FRANCE,TACTICAL TARGETS,TACTICAL TARGETS: (UNIDENTIFIED OR NOT LISTED BELOW),49.18,-0.37,B17,4.0,,,11.0,,,11.0,NOT INDICATED
126077,205657.0,1944-06-06,8,FRANCE,TACTICAL TARGETS,TACTICAL TARGETS: (UNIDENTIFIED OR NOT LISTED BELOW),49.18,-0.37,B17,4.0,32.0,160.0,78.0,,,78.0,F.F.F.
126265,205658.0,1944-06-06,8,FRANCE,TACTICAL TARGETS,TACTICAL TARGETS: (UNIDENTIFIED OR NOT LISTED BELOW),49.18,-0.37,B17,4.0,14.0,,21.0,,,21.0,NOT INDICATED
126266,205659.0,1944-06-06,8,FRANCE,TACTICAL TARGETS,TACTICAL TARGETS: (UNIDENTIFIED OR NOT LISTED BELOW),49.18,-0.37,B17,4.0,,,48.0,,,48.0,NOT INDICATED
126205,205660.0,1944-06-06,8,FRANCE,TACTICAL TARGETS,TACTICAL TARGETS: (UNIDENTIFIED OR NOT LISTED BELOW),49.18,-0.37,B17,4.0,16.0,133.0,14.0,,,14.0,F.F.F.
126267,205661.0,1944-06-06,8,FRANCE,TACTICAL TARGETS,TACTICAL TARGETS: (UNIDENTIFIED OR NOT LISTED BELOW),49.18,-0.37,B17,4.0,,,28.0,,,88.0,NOT INDICATED
126206,205662.0,1944-06-06,8,FRANCE,TACTICAL TARGETS,TACTICAL TARGETS: (UNIDENTIFIED OR NOT LISTED BELOW),49.18,-0.37,B17,4.0,28.0,133.0,84.0,,,84.0,F.F.F.
126078,205663.0,1944-06-06,8,FRANCE,TACTICAL TARGETS,TACTICAL TARGETS: (UNIDENTIFIED OR NOT LISTED BELOW),49.18,-0.37,B17,4.0,33.0,160.0,63.0,,,63.0,F.F.F.
126079,205664.0,1944-06-06,8,FRANCE,TACTICAL TARGETS,TACTICAL TARGETS: (UNIDENTIFIED OR NOT LISTED BELOW),49.18,-0.37,B17,4.0,33.0,160.0,20.0,,,20.0,F.F.F.
126268,205665.0,1944-06-06,8,FRANCE,TACTICAL TARGETS,TACTICAL TARGETS: (UNIDENTIFIED OR NOT LISTED BELOW),49.18,-0.37,B17,4.0,,,10.0,,,10.0,NOT INDICATED
126080,205666.0,1944-06-06,8,FRANCE,TACTICAL TARGETS,TACTICAL TARGETS: (UNIDENTIFIED OR NOT LISTED BELOW),49.18,-0.37,B17,4.0,22.0,160.0,51.0,,,51.0,F.F.F.
126269,205667.0,1944-06-06,8,FRANCE,TACTICAL TARGETS,TACTICAL TARGETS: (UNIDENTIFIED OR NOT LISTED BELOW),49.18,-0.37,B17,4.0,,,32.0,,,32.0,NOT INDICATED
126081,205668.0,1944-06-06,8,FRANCE,TACTICAL TARGETS,TACTICAL TARGETS: (UNIDENTIFIED OR NOT LISTED BELOW),49.18,-0.37,B17,4.0,37.0,160.0,60.0,,,60.0,F.F.F.
126053,205669.0,1944-06-06,8,FRANCE,TACTICAL TARGETS,TACTICAL TARGETS: (UNIDENTIFIED OR NOT LISTED BELOW),49.18,-0.37,B24,4.0,9.0,207.0,27.0,,,27.0,F.F.F.
126252,205670.0,1944-06-06,8,FRANCE,TACTICAL TARGETS,TACTICAL TARGETS: (UNIDENTIFIED OR NOT LISTED BELOW),49.18,-0.37,B24,4.0,5.0,,3.0,,,3.0,NOT INDICATED
126253,205671.0,1944-06-06,8,FRANCE,TACTICAL TARGETS,TACTICAL TARGETS: (UNIDENTIFIED OR NOT LISTED BELOW),49.18,-0.37,B24,4.0,3.0,,9.0,,,9.0,NOT INDICATED
126061,205672.0,1944-06-06,8,FRANCE,TACTICAL TARGETS,TACTICAL TARGETS: (UNIDENTIFIED OR NOT LISTED BELOW),49.18,-0.37,B24,4.0,11.0,202.0,33.0,,,33.0,F.F.F.
126055,205673.0,1944-06-06,8,FRANCE,TACTICAL TARGETS,TACTICAL TARGETS: (UNIDENTIFIED OR NOT LISTED BELOW),49.18,-0.37,B24,4.0,11.0,204.0,33.0,,,33.0,F.F.F.
126067,205674.0,1944-06-06,8,FRANCE,TACTICAL TARGETS,TACTICAL TARGETS: (UNIDENTIFIED OR NOT LISTED BELOW),49.18,-0.37,B24,4.0,9.0,193.0,27.0,,,27.0,F.F.F.
126058,205675.0,1944-06-06,8,FRANCE,TACTICAL TARGETS,TACTICAL TARGETS: (UNIDENTIFIED OR NOT LISTED BELOW),49.18,-0.37,B24,4.0,11.0,203.0,33.0,,,33.0,F.F.F.
126283,205676.0,1944-06-06,8,FRANCE,TACTICAL TARGET,TACTICAL TARGETS: (UNIDENTIFIED OR NOT LISTED BELOW),48.85,-0.55,B17,4.0,,,30.0,,,30.0,NOT INDICATED
126284,205677.0,1944-06-06,8,FRANCE,TACTICAL TARGET,TACTICAL TARGETS: (UNIDENTIFIED OR NOT LISTED BELOW),48.85,-0.55,B17,4.0,10.0,,3.0,,,3.0,NOT INDICATED
126285,205678.0,1944-06-06,8,FRANCE,TACTICAL TARGET,TACTICAL TARGETS: (UNIDENTIFIED OR NOT LISTED BELOW),48.85,-0.55,B17,4.0,,,3.0,,,3.0,NOT INDICATED
126286,205679.0,1944-06-06,8,FRANCE,TACTICAL TARGET,TACTICAL TARGETS: (UNIDENTIFIED OR NOT LISTED BELOW),48.85,-0.55,B17,4.0,4.0,,8.0,,,8.0,NOT INDICATED
126287,205680.0,1944-06-06,8,FRANCE,TACTICAL TARGET,TACTICAL TARGETS: (UNIDENTIFIED OR NOT LISTED BELOW),48.85,-0.55,B17,4.0,,,54.0,,,54.0,NOT INDICATED
126089,205681.0,1944-06-06,8,FRANCE,TACTICAL TARGET,TACTICAL TARGETS: (UNIDENTIFIED OR NOT LISTED BELOW),48.85,-0.55,B17,4.0,31.0,140.0,36.0,,,36.0,VISUAL
125646,205685.0,1944-06-06,9,FRANCE,BATTLE APEA,TACTICAL TARGETS: (UNIDENTIFIED OR NOT LISTED BELOW),48.9,-0.2,B17,4.0,24.0,150.0,72.0,,,72.0,F.F.F.
126016,205686.0,1944-06-06,9,FRANCE,BATTLE APEA,TACTICAL TARGETS: (UNIDENTIFIED OR NOT LISTED BELOW),48.9,-0.2,B17,4.0,5.0,,8.0,,,8.0,NOT INDICATED
126017,205687.0,1944-06-06,9,FRANCE,BATTLE APEA,TACTICAL TARGETS: (UNIDENTIFIED OR NOT LISTED BELOW),48.9,-0.2,B17,4.0,,,22.0,,,22.0,NOT INDICATED
125651,205688.0,1944-06-06,9,FRANCE,BATTLE APEA,TACTICAL TARGETS: (UNIDENTIFIED OR NOT LISTED BELOW),48.9,-0.2,B17,4.0,22.0,141.0,20.0,,,20.0,F.F.F.
126018,205689.0,1944-06-06,9,FRANCE,BATTLE APEA,TACTICAL TARGETS: (UNIDENTIFIED OR NOT LISTED BELOW),48.9,-0.2,B17,4.0,,,53.0,,,53.0,NOT INDICATED
125647,205690.0,1944-06-06,9,FRANCE,BATTLE APEA,TACTICAL TARGETS: (UNIDENTIFIED OR NOT LISTED BELOW),48.9,-0.2,B17,4.0,21.0,150.0,21.0,,,21.0,F.F.F.
126010,205691.0,1944-06-06,9,FRANCE,BATTLE APEA,TACTICAL TARGETS: (UNIDENTIFIED OR NOT LISTED BELOW),48.9,-0.2,B24,1.0,3.0,,3.0,,6.0,9.0,NOT INDICATED
126065,205692.0,1944-06-06,8,FRANCE,RD BLOCKS,TACTICAL TARGETS: (UNIDENTIFIED OR NOT LISTED BELOW),48.75,-0.57,B17,3.0,11.0,200.0,33.0,,,33.0,F.F.F.
126293,205693.0,1944-06-06,8,FRANCE,RD BLOCKS,TACTICAL TARGETS: (UNIDENTIFIED OR NOT LISTED BELOW),48.75,-0.57,B24,3.0,2.0,,6.0,,,6.0,NOT INDICATED
125660,205694.0,1944-06-06,9,FRANCE,TANKS,TACTICAL TARGETS: (UNIDENTIFIED OR NOT LISTED BELOW),48.83,-1.25,B17,4.0,27.0,133.0,51.0,,,51.0,F.F.F.
126025,205695.0,1944-06-06,9,FRANCE,TANKS,TACTICAL TARGETS: (UNIDENTIFIED OR NOT LISTED BELOW),48.83,-1.25,B17,4.0,,,3.0,,,3.0,NOT INDICATED
126026,205696.0,1944-06-06,9,FRANCE,TANKS,TACTICAL TARGETS: (UNIDENTIFIED OR NOT LISTED BELOW),48.83,-1.25,B17,4.0,3.0,,3.0,,,3.0,NOT INDICATED
126027,205697.0,1944-06-06,9,FRANCE,TANKS,TACTICAL TARGETS: (UNIDENTIFIED OR NOT LISTED BELOW),48.83,-1.25,B17,4.0,11.0,,15.0,,,15.0,NOT INDICATED
126299,205698.0,1944-06-06,8,FRANCE,TACTICAL TARGET,TACTICAL TARGETS: (UNIDENTIFIED OR NOT LISTED BELOW),48.33,-1.2,B24,1.0,1.0,,3.0,,,3.0,NOT INDICATED
126039,205722.0,1944-06-06,9,FRANCE,TACTICAL TARGETS,TACTICAL TARGETS: (UNIDENTIFIED OR NOT LISTED BELOW),49.12,-1.08,B24,4.0,,,2.0,,,2.0,NOT INDICATED
125639,205723.0,1944-06-06,9,FRANCE,TACTICAL TARGETS,TACTICAL TARGETS: (UNIDENTIFIED OR NOT LISTED BELOW),49.12,-1.08,B24,4.0,9.0,160.0,24.0,,,24.0,VISUAL
126040,205724.0,1944-06-06,9,FRANCE,TACTICAL TARGETS,TACTICAL TARGETS: (UNIDENTIFIED OR NOT LISTED BELOW),49.12,-1.08,B24,4.0,3.0,,3.0,,,3.0,NOT INDICATED
125642,205725.0,1944-06-06,9,FRANCE,TACTICAL TARGETS,TACTICAL TARGETS: (UNIDENTIFIED OR NOT LISTED BELOW),49.12,-1.08,B24,4.0,21.0,151.0,63.0,,,63.0,F.F.F.
126041,205726.0,1944-06-06,9,FRANCE,TACTICAL TARGETS,TACTICAL TARGETS: (UNIDENTIFIED OR NOT LISTED BELOW),49.12,-1.08,B24,4.0,2.0,,6.0,,,6.0,NOT INDICATED
126042,205727.0,1944-06-06,9,FRANCE,TACTICAL TARGETS,TACTICAL TARGETS: (UNIDENTIFIED OR NOT LISTED BELOW),49.12,-1.08,B24,1.0,1.0,,3.0,,,3.0,NOT INDICATED
126612,205735.0,1944-06-06,8,FRANCE,TACTICAL TA GET,TACTICAL TARGETS: (UNIDENTIFIED OR NOT LISTED BELOW),49.32,-0.52,B17,4.0,5.0,,8.0,,,8.0,NOT INDICATED
126613,205736.0,1944-06-06,8,FRANCE,TACTICAL TA GET,TACTICAL TARGETS: (UNIDENTIFIED OR NOT LISTED BELOW),49.32,-0.52,B17,4.0,,,6.0,,,6.0,NOT INDICATED
126614,205737.0,1944-06-06,8,FRANCE,TACTICAL TA GET,TACTICAL TARGETS: (UNIDENTIFIED OR NOT LISTED BELOW),49.32,-0.52,B17,4.0,6.0,,6.0,,,6.0,NOT INDICATED
126212,205738.0,1944-06-06,8,FRANCE,TACTICAL TA GET,TACTICAL TARGETS: (UNIDENTIFIED OR NOT LISTED BELOW),49.32,-0.52,B17,4.0,17.0,133.0,32.0,,,32.0,F.F.F.
126615,205739.0,1944-06-06,8,FRANCE,TACTICAL TA GET,TACTICAL TARGETS: (UNIDENTIFIED OR NOT LISTED BELOW),49.32,-0.52,B17,4.0,,,11.0,,,11.0,NOT INDICATED
126213,205740.0,1944-06-06,8,FRANCE,TACTICAL TA GET,TACTICAL TARGETS: (UNIDENTIFIED OR NOT LISTED BELOW),49.32,-0.52,B17,4.0,22.0,133.0,66.0,,,66.0,F.F.F.
126214,205741.0,1944-06-06,8,FRANCE,TACTICAL TA GET,TACTICAL TARGETS: (UNIDENTIFIED OR NOT LISTED BELOW),49.32,-0.52,B17,4.0,22.0,133.0,42.0,,,42.0,F.F.F.
126219,205759.0,1944-06-06,8,FRANCE,COASTALA DEFENCES,GUN EMPLACEMENTS,48.7,0.12,B17,3.0,9.0,,27.0,,,27.0,NOT INDICATED
126297,205760.0,1944-06-06,8,FRANCE,COASTAL BATTERY,GUN EMPLACEMENTS,48.75,-0.57,B17,2.0,1.0,,1.0,,,3.0,NOT INDICATED
126034,205779.0,1944-06-06,9,FRANCE,GUN EMPLACEMENTS,GUN EMPLACEMENTS,49.3,-0.07,B26,,,,,,7.0,7.0,VISUAL
125696,205780.0,1944-06-06,9,FRANCE,GUN EMPLACEMENTS,GUN EMPLACEMENTS,49.3,-0.07,B26,,,6.0,46.0,,,46.0,VISUAL
125694,205781.0,1944-06-06,9,FRANCE,GUN EMPLACEMENTS,GUN EMPLACEMENTS,49.27,-0.27,B26,,,12.0,2.0,,,2.0,VISUAL
125695,205782.0,1944-06-06,9,FRANCE,GUN EMPLACEMENTS,GUN EMPLACEMENTS,49.27,-0.27,B26,,,12.0,16.0,,,16.0,VISUAL
125673,205783.0,1944-06-06,9,FRANCE,GUN EMPLACEMENTS,GUN EMPLACEMENTS,49.27,-0.27,B26,,,95.0,1.0,,,1.0,VISUAL
126035,205791.0,1944-06-06,9,FRANCE,GUN EMPLACEMENTS,GUN EMPLACEMENTS,49.3,-0.07,B26,,,,,,7.0,7.0,VISUAL
125679,205792.0,1944-06-06,9,FRANCE,GUN EMPLACEMENTS,GUN EMPLACEMENTS,49.3,-0.07,B26,,,60.0,46.0,,,46.0,VISUAL
125666,205795.0,1944-06-06,9,FRANCE,GUN EMPLACEMENTS,GUN EMPLACEMENTS,49.27,-0.27,B26,,,120.0,2.0,,,2.0,VISUAL
125667,205796.0,1944-06-06,9,FRANCE,GUN EMPLACEMENTS,GUN EMPLACEMENTS,49.27,-0.27,B26,,,120.0,16.0,,,16.0,VISUAL
125674,205797.0,1944-06-06,9,FRANCE,GUN EMPLACEMENTS,GUN EMPLACEMENTS,49.27,-0.27,B26,,,95.0,1.0,,,1.0,VISUAL
126220,205802.0,1944-06-06,8,FRANCE,COASTALA DEFENCES,GUN EMPLACEMENTS,48.7,0.12,B17,3.0,9.0,,27.0,,,27.0,NOT INDICATED
126232,205803.0,1944-06-06,8,FRANCE,TACTICAL TARGETS,TACTICAL TARGETS: (UNIDENTIFIED OR NOT LISTED BELOW),49.32,-0.63,B17,4.0,6.0,,18.0,,,18.0,NOT INDICATED
126233,205804.0,1944-06-06,8,FRANCE,TACTICAL TARGETS,TACTICAL TARGETS: (UNIDENTIFIED OR NOT LISTED BELOW),49.32,-0.63,B17,4.0,6.0,,13.0,,,13.0,NOT INDICATED
126097,205805.0,1944-06-06,8,FRANCE,TACTICAL TARGETS,TACTICAL TARGETS: (UNIDENTIFIED OR NOT LISTED BELOW),49.32,-0.63,B17,4.0,22.0,133.0,66.0,,,66.0,F.F.F.
126234,205806.0,1944-06-06,8,FRANCE,TACTICAL TARGETS,TACTICAL TARGETS: (UNIDENTIFIED OR NOT LISTED BELOW),49.32,-0.63,B17,4.0,,,32.0,,,32.0,NOT INDICATED
126098,205807.0,1944-06-06,8,FRANCE,TACTICAL TARGETS,TACTICAL TARGETS: (UNIDENTIFIED OR NOT LISTED BELOW),49.32,-0.63,B17,4.0,34.0,133.0,51.0,,,51.0,F.F.F.
126235,205808.0,1944-06-06,8,FRANCE,TACTICAL TARGETS,TACTICAL TARGETS: (UNIDENTIFIED OR NOT LISTED BELOW),49.32,-0.63,B17,4.0,,,144.0,,,144.0,NOT INDICATED
126099,205809.0,1944-06-06,8,FRANCE,TACTICAL TARGETS,TACTICAL TARGETS: (UNIDENTIFIED OR NOT LISTED BELOW),49.32,-0.63,B17,4.0,47.0,133.0,40.0,,,40.0,F.F.F.
126223,205810.0,1944-06-06,8,FRANCE,TACTICAL TARGETS,TACTICAL TARGETS: (UNIDENTIFIED OR NOT LISTED BELOW),49.32,-0.63,B24,4.0,,,2.0,,,2.0,NOT INDICATED
126238,205811.0,1944-06-06,8,FRANCE,TACTICAL TARGET,TACTICAL TARGETS: (UNIDENTIFIED OR NOT LISTED BELOW),49.33,-0.58,B24,,,,3.0,,,3.0,NOT INDICATED
126245,205812.0,1944-06-06,8,FRANCE,TACTICAL TARGET,TACTICAL TARGETS: (UNIDENTIFIED OR NOT LISTED BELOW),49.33,-0.58,B17,4.0,3.0,,5.0,,,5.0,NOT INDICATED
126246,205813.0,1944-06-06,8,FRANCE,TACTICAL TARGET,TACTICAL TARGETS: (UNIDENTIFIED OR NOT LISTED BELOW),49.33,-0.58,B17,4.0,5.0,,15.0,,,15.0,NOT INDICATED
126202,205814.0,1944-06-06,8,FRANCE,TACTICAL TARGET,TACTICAL TARGETS: (UNIDENTIFIED OR NOT LISTED BELOW),49.33,-0.58,B17,4.0,22.0,133.0,41.0,,,41.0,F.F.F.
126247,205815.0,1944-06-06,8,FRANCE,TACTICAL TARGET,TACTICAL TARGETS: (UNIDENTIFIED OR NOT LISTED BELOW),49.33,-0.58,B17,4.0,17.0,,32.0,,,32.0,NOT INDICATED
126270,205816.0,1944-06-06,8,FRANCE,TACTICAL TARGETS,TACTICAL TARGETS: (UNIDENTIFIED OR NOT LISTED BELOW),49.18,-0.37,B17,4.0,,,23.0,,,23.0,NOT INDICATED
126082,205817.0,1944-06-06,8,FRANCE,TACTICAL TARGETS,TACTICAL TARGETS: (UNIDENTIFIED OR NOT LISTED BELOW),49.18,-0.37,B17,4.0,33.0,160.0,63.0,,,63.0,F.F.F.
126271,205818.0,1944-06-06,8,FRANCE,TACTICAL TARGETS,TACTICAL TARGETS: (UNIDENTIFIED OR NOT LISTED BELOW),49.18,-0.37,B17,4.0,12.0,,12.0,,,12.0,NOT INDICATED
126272,205819.0,1944-06-06,8,FRANCE,TACTICAL TARGETS,TACTICAL TARGETS: (UNIDENTIFIED OR NOT LISTED BELOW),49.18,-0.37,B17,4.0,,,11.0,,,11.0,NOT INDICATED
126083,205820.0,1944-06-06,8,FRANCE,TACTICAL TARGETS,TACTICAL TARGETS: (UNIDENTIFIED OR NOT LISTED BELOW),49.18,-0.37,B17,4.0,32.0,160.0,78.0,,,78.0,F.F.F.
126273,205821.0,1944-06-06,8,FRANCE,TACTICAL TARGETS,TACTICAL TARGETS: (UNIDENTIFIED OR NOT LISTED BELOW),49.18,-0.37,B17,4.0,14.0,,21.0,,,21.0,NOT INDICATED
126274,205822.0,1944-06-06,8,FRANCE,TACTICAL TARGETS,TACTICAL TARGETS: (UNIDENTIFIED OR NOT LISTED BELOW),49.18,-0.37,B17,4.0,,,48.0,,,48.0,NOT INDICATED
126207,205823.0,1944-06-06,8,FRANCE,TACTICAL TARGETS,TACTICAL TARGETS: (UNIDENTIFIED OR NOT LISTED BELOW),49.18,-0.37,B17,4.0,16.0,133.0,14.0,,,14.0,F.F.F.
126275,205824.0,1944-06-06,8,FRANCE,TACTICAL TARGETS,TACTICAL TARGETS: (UNIDENTIFIED OR NOT LISTED BELOW),49.18,-0.37,B17,4.0,,,28.0,,,28.0,NOT INDICATED
126208,205825.0,1944-06-06,8,FRANCE,TACTICAL TARGETS,TACTICAL TARGETS: (UNIDENTIFIED OR NOT LISTED BELOW),49.18,-0.37,B17,4.0,28.0,133.0,84.0,,,84.0,F.F.F.
126084,205826.0,1944-06-06,8,FRANCE,TACTICAL TARGETS,TACTICAL TARGETS: (UNIDENTIFIED OR NOT LISTED BELOW),49.18,-0.37,B17,4.0,33.0,160.0,63.0,,,63.0,F.F.F.
126085,205827.0,1944-06-06,8,FRANCE,TACTICAL TARGETS,TACTICAL TARGETS: (UNIDENTIFIED OR NOT LISTED BELOW),49.18,-0.37,B17,4.0,33.0,160.0,20.0,,,20.0,F.F.F.
126276,205828.0,1944-06-06,8,FRANCE,TACTICAL TARGETS,TACTICAL TARGETS: (UNIDENTIFIED OR NOT LISTED BELOW),49.18,-0.37,B17,4.0,,,10.0,,,10.0,NOT INDICATED
126086,205829.0,1944-06-06,8,FRANCE,TACTICAL TARGETS,TACTICAL TARGETS: (UNIDENTIFIED OR NOT LISTED BELOW),49.18,-0.37,B17,4.0,22.0,160.0,51.0,,,51.0,F.F.F.
126277,205830.0,1944-06-06,8,FRANCE,TACTICAL TARGETS,TACTICAL TARGETS: (UNIDENTIFIED OR NOT LISTED BELOW),49.18,-0.37,B17,4.0,,,32.0,,,32.0,NOT INDICATED
126087,205831.0,1944-06-06,8,FRANCE,TACTICAL TARGETS,TACTICAL TARGETS: (UNIDENTIFIED OR NOT LISTED BELOW),49.18,-0.37,B17,4.0,37.0,160.0,60.0,,,60.0,F.F.F.
126054,205832.0,1944-06-06,8,FRANCE,TACTICAL TARGETS,TACTICAL TARGETS: (UNIDENTIFIED OR NOT LISTED BELOW),49.18,-0.37,B24,4.0,9.0,207.0,27.0,,,27.0,F.F.F.
126262,205833.0,1944-06-06,8,FRANCE,TACTICAL TARGETS,TACTICAL TARGETS: (UNIDENTIFIED OR NOT LISTED BELOW),49.18,-0.37,B24,4.0,5.0,,3.0,,,3.0,NOT INDICATED
126264,205834.0,1944-06-06,8,FRANCE,TACTICAL TARGETS,TACTICAL TARGETS: (UNIDENTIFIED OR NOT LISTED BELOW),49.18,-0.37,B24,4.0,3.0,,9.0,,,9.0,NOT INDICATED
126063,205835.0,1944-06-06,8,FRANCE,TACTICAL TARGETS,TACTICAL TARGETS: (UNIDENTIFIED OR NOT LISTED BELOW),49.18,-0.37,B24,4.0,11.0,202.0,33.0,,,33.0,F.F.F.
126057,205836.0,1944-06-06,8,FRANCE,TACTICAL TARGETS,TACTICAL TARGETS: (UNIDENTIFIED OR NOT LISTED BELOW),49.18,-0.37,B24,4.0,11.0,204.0,33.0,,,33.0,F.F.F.
126069,205837.0,1944-06-06,8,FRANCE,TACTICAL TARGETS,TACTICAL TARGETS: (UNIDENTIFIED OR NOT LISTED BELOW),49.18,-0.37,B24,4.0,9.0,193.0,27.0,,,27.0,F.F.F.
126060,205838.0,1944-06-06,8,FRANCE,TACTICAL TARGETS,TACTICAL TARGETS: (UNIDENTIFIED OR NOT LISTED BELOW),49.18,-0.37,B24,4.0,11.0,203.0,33.0,,,33.0,F.F.F.
126288,205839.0,1944-06-06,8,FRANCE,TACTICAL TARGET,TACTICAL TARGETS: (UNIDENTIFIED OR NOT LISTED BELOW),48.85,-0.55,B17,4.0,,,30.0,,,30.0,NOT INDICATED
126289,205840.0,1944-06-06,8,FRANCE,TACTICAL TARGET,TACTICAL TARGETS: (UNIDENTIFIED OR NOT LISTED BELOW),48.85,-0.55,B17,4.0,10.0,,3.0,,,3.0,NOT INDICATED
126290,205841.0,1944-06-06,8,FRANCE,TACTICAL TARGET,TACTICAL TARGETS: (UNIDENTIFIED OR NOT LISTED BELOW),48.85,-0.55,B17,4.0,,,3.0,,,3.0,NOT INDICATED
126291,205842.0,1944-06-06,8,FRANCE,TACTICAL TARGET,TACTICAL TARGETS: (UNIDENTIFIED OR NOT LISTED BELOW),48.85,-0.55,B17,4.0,4.0,,8.0,,,8.0,NOT INDICATED
126292,205843.0,1944-06-06,8,FRANCE,TACTICAL TARGET,TACTICAL TARGETS: (UNIDENTIFIED OR NOT LISTED BELOW),48.85,-0.55,B17,4.0,,,54.0,,,54.0,NOT INDICATED
126090,205844.0,1944-06-06,8,FRANCE,TACTICAL TARGET,TACTICAL TARGETS: (UNIDENTIFIED OR NOT LISTED BELOW),48.85,-0.55,B17,4.0,31.0,140.0,36.0,,,36.0,VISUAL
125648,205848.0,1944-06-06,9,FRANCE,BATTLE APEA,TACTICAL TARGETS: (UNIDENTIFIED OR NOT LISTED BELOW),48.9,-0.2,B17,4.0,24.0,150.0,72.0,,,72.0,F.F.F.
126019,205849.0,1944-06-06,9,FRANCE,BATTLE APEA,TACTICAL TARGETS: (UNIDENTIFIED OR NOT LISTED BELOW),48.9,-0.2,B17,4.0,5.0,,8.0,,,8.0,NOT INDICATED
126020,205850.0,1944-06-06,9,FRANCE,BATTLE APEA,TACTICAL TARGETS: (UNIDENTIFIED OR NOT LISTED BELOW),48.9,-0.2,B17,4.0,,,22.0,,,22.0,NOT INDICATED
125652,205851.0,1944-06-06,9,FRANCE,BATTLE APEA,TACTICAL TARGETS: (UNIDENTIFIED OR NOT LISTED BELOW),48.9,-0.2,B17,4.0,22.0,141.0,20.0,,,20.0,F.F.F.
126021,205852.0,1944-06-06,9,FRANCE,BATTLE APEA,TACTICAL TARGETS: (UNIDENTIFIED OR NOT LISTED BELOW),48.9,-0.2,B17,4.0,,,53.0,,,53.0,NOT INDICATED
125649,205853.0,1944-06-06,9,FRANCE,BATTLE APEA,TACTICAL TARGETS: (UNIDENTIFIED OR NOT LISTED BELOW),48.9,-0.2,B17,4.0,21.0,150.0,21.0,,,21.0,F.F.F.
126012,205854.0,1944-06-06,9,FRANCE,BATTLE APEA,TACTICAL TARGETS: (UNIDENTIFIED OR NOT LISTED BELOW),48.9,-0.2,B24,1.0,3.0,,3.0,,6.0,9.0,NOT INDICATED
126066,205855.0,1944-06-06,8,FRANCE,RD BLOCKS,TACTICAL TARGETS: (UNIDENTIFIED OR NOT LISTED BELOW),48.75,-0.57,B17,3.0,11.0,200.0,33.0,,,33.0,F.F.F.
126295,205856.0,1944-06-06,8,FRANCE,RD BLOCKS,TACTICAL TARGETS: (UNIDENTIFIED OR NOT LISTED BELOW),48.75,-0.57,B24,3.0,2.0,,6.0,,,6.0,NOT INDICATED
126298,205857.0,1944-06-06,8,FRANCE,COASTAL BATTERY,GUN EMPLACEMENTS,48.75,-0.57,B17,2.0,1.0,,3.0,,,3.0,NOT INDICATED
125661,205858.0,1944-06-06,9,FRANCE,TANKS,TACTICAL TARGETS: (UNIDENTIFIED OR NOT LISTED BELOW),48.83,-1.25,B17,4.0,27.0,133.0,51.0,,,51.0,F.F.F.
126028,205859.0,1944-06-06,9,FRANCE,TANKS,TACTICAL TARGETS: (UNIDENTIFIED OR NOT LISTED BELOW),48.83,-1.25,B17,4.0,,,3.0,,,3.0,NOT INDICATED
126029,205860.0,1944-06-06,9,FRANCE,TANKS,TACTICAL TARGETS: (UNIDENTIFIED OR NOT LISTED BELOW),48.83,-1.25,B17,4.0,3.0,,3.0,,,3.0,NOT INDICATED
126030,205861.0,1944-06-06,9,FRANCE,TANKS,TACTICAL TARGETS: (UNIDENTIFIED OR NOT LISTED BELOW),48.83,-1.25,B17,4.0,11.0,,15.0,,,15.0,NOT INDICATED
126601,205862.0,1944-06-06,8,FRANCE,TACTICAL TARGET,TACTICAL TARGETS: (UNIDENTIFIED OR NOT LISTED BELOW),48.33,-1.2,B24,1.0,1.0,,3.0,,,3.0,NOT INDICATED
126045,205888.0,1944-06-06,9,FRANCE,TACTICAL TARGETS,TACTICAL TARGETS: (UNIDENTIFIED OR NOT LISTED BELOW),49.12,-1.08,B24,4.0,,,2.0,,,2.0,NOT INDICATED
125640,205889.0,1944-06-06,9,FRANCE,TACTICAL TARGETS,TACTICAL TARGETS: (UNIDENTIFIED OR NOT LISTED BELOW),49.12,-1.08,B24,4.0,9.0,160.0,24.0,,,24.0,VISUAL
126046,205890.0,1944-06-06,9,FRANCE,TACTICAL TARGETS,TACTICAL TARGETS: (UNIDENTIFIED OR NOT LISTED BELOW),49.12,-1.08,B24,4.0,3.0,,3.0,,,3.0,NOT INDICATED
125643,205891.0,1944-06-06,9,FRANCE,TACTICAL TARGETS,TACTICAL TARGETS: (UNIDENTIFIED OR NOT LISTED BELOW),49.12,-1.08,B24,4.0,21.0,151.0,63.0,,,63.0,F.F.F.
126048,205892.0,1944-06-06,9,FRANCE,TACTICAL TARGETS,TACTICAL TARGETS: (UNIDENTIFIED OR NOT LISTED BELOW),49.12,-1.08,B24,4.0,2.0,,6.0,,,6.0,NOT INDICATED
126049,205893.0,1944-06-06,9,FRANCE,TACTICAL TARGETS,TACTICAL TARGETS: (UNIDENTIFIED OR NOT LISTED BELOW),49.12,-1.08,B24,1.0,1.0,,3.0,,,3.0,NOT INDICATED
126616,205906.0,1944-06-06,8,FRANCE,TACTICAL TA GET,TACTICAL TARGETS: (UNIDENTIFIED OR NOT LISTED BELOW),49.32,-0.52,B17,4.0,5.0,,8.0,,,8.0,NOT INDICATED
126617,205907.0,1944-06-06,8,FRANCE,TACTICAL TA GET,TACTICAL TARGETS: (UNIDENTIFIED OR NOT LISTED BELOW),49.32,-0.52,B17,4.0,,,6.0,,,6.0,NOT INDICATED
126618,205908.0,1944-06-06,8,FRANCE,TACTICAL TA GET,TACTICAL TARGETS: (UNIDENTIFIED OR NOT LISTED BELOW),49.32,-0.52,B17,4.0,6.0,,6.0,,,6.0,NOT INDICATED
126215,205909.0,1944-06-06,8,FRANCE,TACTICAL TA GET,TACTICAL TARGETS: (UNIDENTIFIED OR NOT LISTED BELOW),49.32,-0.52,B17,4.0,17.0,133.0,32.0,,,32.0,F.F.F.
126619,205910.0,1944-06-06,8,FRANCE,TACTICAL TA GET,TACTICAL TARGETS: (UNIDENTIFIED OR NOT LISTED BELOW),49.32,-0.52,B17,4.0,,,11.0,,,11.0,NOT INDICATED
126216,205911.0,1944-06-06,8,FRANCE,TACTICAL TA GET,TACTICAL TARGETS: (UNIDENTIFIED OR NOT LISTED BELOW),49.32,-0.52,B17,4.0,22.0,133.0,66.0,,,66.0,F.F.F.
126217,205912.0,1944-06-06,8,FRANCE,TACTICAL TA GET,TACTICAL TARGETS: (UNIDENTIFIED OR NOT LISTED BELOW),49.32,-0.52,B17,4.0,22.0,133.0,42.0,,,42.0,F.F.F.
128259,102803.0,1944-06-07,9,FRANCE,UNIDENTIFIED TARGET,UNIDENTIFIED TARGETS,48.73,-0.02,B26,,,,14.0,,,14.0,VISUAL
128260,102804.0,1944-06-07,9,FRANCE,UNIDENTIFIED TARGET,UNIDENTIFIED TARGETS,48.73,-0.02,B26,,,,44.0,,,44.0,VISUAL
128269,102805.0,1944-06-07,9,FRANCE,UNIDENTIFIED TARGET,UNIDENTIFIED TARGETS,49.68,-1.27,B26,,,,12.0,,,12.0,VISUAL
128265,102809.0,1944-06-07,9,FRANCE,RR FACILITIES,"""RR INSTALLATIONS,  TRACKS,  MARSHALLING YARDS,  AND STATIONS""",48.7,-1.35,B26,,,,24.0,,,24.0,VISUAL
128266,102810.0,1944-06-07,9,FRANCE,RR FACILITIES,"""RR INSTALLATIONS,  TRACKS,  MARSHALLING YARDS,  AND STATIONS""",48.7,-1.35,B26,,,,46.0,,,46.0,VISUAL
128252,102811.0,1944-06-07,9,FRANCE,HWY,HIGHWAYS AND VEHICLES,49.18,-0.85,A20,,,20.0,46.0,,,46.0,VISUAL
128271,102812.0,1944-06-07,9,FRANCE,RR,"""RR INSTALLATIONS,  TRACKS,  MARSHALLING YARDS,  AND STATIONS""",48.7,-0.37,B26,,,,46.0,,,46.0,VISUAL
128272,102813.0,1944-06-07,9,FRANCE,RR,"""RR INSTALLATIONS,  TRACKS,  MARSHALLING YARDS,  AND STATIONS""",48.7,-0.37,B26,,,,23.0,,,23.0,VISUAL
128250,102814.0,1944-06-07,9,FRANCE,BRIDGE,BRIDGES,49.18,-0.37,B26,,,35.0,68.0,,,68.0,VISUAL
128254,102815.0,1944-06-07,9,FRANCE,MARSHALLING YARD,"""RR INSTALLATIONS,  TRACKS,  MARSHALLING YARDS,  AND STATIONS""",48.75,-0.57,B26,,,20.0,75.0,,,75.0,VISUAL
128287,102816.0,1944-06-07,9,FRANCE,MARSHALLING YARD,"""RR INSTALLATIONS,  TRACKS,  MARSHALLING YARDS,  AND STATIONS""",48.82,-1.42,B26,,,,67.0,,,67.0,VISUAL
128607,102817.0,1944-06-07,9,FRANCE,RR JUNCTION,"""RR INSTALLATIONS,  TRACKS,  MARSHALLING YARDS,  AND STATIONS""",47.97,-1.33,A20,,,,47.0,,,47.0,VISUAL
128256,102819.0,1944-06-07,9,FRANCE,RR ROADS,"""RR INSTALLATIONS,  TRACKS,  MARSHALLING YARDS,  AND STATIONS""",49.22,-1.45,A20,,,18.0,37.0,,,37.0,VISUAL
128614,102822.0,1944-06-07,9,FRANCE,BRIDGE,BRIDGES,48.12,-1.67,B26,,,,42.0,,,42.0,VISUAL
128618,102823.0,1944-06-07,9,FRANCE,ROAD JUNCTION,HIGHWAYS AND VEHICLES,49.17,-0.63,A20,,,,44.0,,,44.0,VISUAL
128647,102824.0,1944-06-07,8,FRANCE,DECIMOMANNO AD,"""RR INSTALLATIONS,  TRACKS,  MARSHALLING YARDS,  AND STATIONS""",47.9,4.37,B26,,,,48.0,,,48.0,VISUAL
128636,102825.0,1944-06-07,8,FRANCE,DECIMOMANNO AD,"""RR INSTALLATIONS,  TRACKS,  MARSHALLING YARDS,  AND STATIONS""",47.9,4.37,B26,,,30.0,24.0,,,24.0,VISUAL
128246,102837.0,1944-06-07,9,FRANCE,GUN EMPLACEMENT,GUN EMPLACEMENTS,49.05,-0.05,B26,,,70.0,33.0,,,33.0,VISUAL
128634,102838.0,1944-06-07,8,FRANCE,TACTICAL TARGET,TACTICAL TARGETS: (UNIDENTIFIED OR NOT LISTED BELOW),47.73,-1.37,B24,2.0,26.0,120.0,78.0,,,78.0,VISUAL
128638,102839.0,1944-06-07,8,FRANCE,TACTICAL TARGET,TACTICAL TARGETS: (UNIDENTIFIED OR NOT LISTED BELOW),48.85,-0.55,B17,4.0,16.0,,48.0,,,48.0,NOT INDICATED
128627,102840.0,1944-06-07,8,FRANCE,TACTICAL TARGET,TACTICAL TARGETS: (UNIDENTIFIED OR NOT LISTED BELOW),48.85,-0.55,B17,4.0,39.0,200.0,117.0,,,117.0,F.F.F.
128639,102841.0,1944-06-07,8,FRANCE,TACTICAL TARGET,TACTICAL TARGETS: (UNIDENTIFIED OR NOT LISTED BELOW),48.85,-0.55,B17,2.0,1.0,,3.0,,,3.0,NOT INDICATED
128275,102842.0,1944-06-07,9,FRANCE,BATTLE APEA,TACTICAL TARGETS: (UNIDENTIFIED OR NOT LISTED BELOW),48.9,-0.2,B17,4.0,1.0,,3.0,,,3.0,NOT INDICATED
128235,102843.0,1944-06-07,9,FRANCE,BATTLE APEA,TACTICAL TARGETS: (UNIDENTIFIED OR NOT LISTED BELOW),48.9,-0.2,B17,4.0,15.0,200.0,39.0,,,39.0,F.F.F.
128276,102844.0,1944-06-07,9,FRANCE,BATTLE APEA,TACTICAL TARGETS: (UNIDENTIFIED OR NOT LISTED BELOW),48.9,-0.2,B17,4.0,1.0,,3.0,,,3.0,NOT INDICATED
128277,102845.0,1944-06-07,9,FRANCE,BATTLE APEA,TACTICAL TARGETS: (UNIDENTIFIED OR NOT LISTED BELOW),48.9,-0.2,B17,4.0,1.0,,3.0,,,3.0,NOT INDICATED
128220,102846.0,1944-06-07,9,FRANCE,BATTLE APEA,TACTICAL TARGETS: (UNIDENTIFIED OR NOT LISTED BELOW),48.9,-0.2,B17,4.0,16.0,210.0,48.0,,,48.0,F.F.F.
128241,102847.0,1944-06-07,9,FRANCE,BATTLE APEA,TACTICAL TARGETS: (UNIDENTIFIED OR NOT LISTED BELOW),48.9,-0.2,B17,4.0,17.0,199.0,51.0,,,51.0,F.F.F.
128278,102848.0,1944-06-07,9,FRANCE,BATTLE APEA,TACTICAL TARGETS: (UNIDENTIFIED OR NOT LISTED BELOW),48.9,-0.2,B17,2.0,2.0,,6.0,,,6.0,NOT INDICATED
128623,102849.0,1944-06-07,8,FRANCE,RD BLOCKS,TACTICAL TARGETS: (UNIDENTIFIED OR NOT LISTED BELOW),48.75,-0.57,B17,4.0,18.0,212.0,54.0,,,54.0,F.F.F.
128644,102850.0,1944-06-07,8,FRANCE,RD BLOCKS,TACTICAL TARGETS: (UNIDENTIFIED OR NOT LISTED BELOW),48.75,-0.57,B17,4.0,,,60.0,,,60.0,NOT INDICATED
128630,102851.0,1944-06-07,8,FRANCE,RD BLOCKS,TACTICAL TARGETS: (UNIDENTIFIED OR NOT LISTED BELOW),48.75,-0.57,B17,4.0,41.0,191.0,57.0,,,57.0,F.F.F.
128289,102867.0,1944-06-07,9,FRANCE,BASTARD AIRDROME,AIR FIELDS AND AIRDROMES,47.0,-4.0,B17,4.0,,,4.0,,,4.0,NOT INDICATED
128223,102868.0,1944-06-07,9,FRANCE,BASTARD AIRDROME,AIR FIELDS AND AIRDROMES,47.0,-4.0,B17,4.0,22.0,210.0,49.0,,,49.0,VISUAL
128290,102869.0,1944-06-07,9,FRANCE,BASTARD AIRDROME,AIR FIELDS AND AIRDROMES,47.0,-4.0,B17,4.0,,,4.0,,,4.0,NOT INDICATED
128291,102870.0,1944-06-07,9,FRANCE,BASTARD AIRDROME,AIR FIELDS AND AIRDROMES,47.0,-4.0,B17,4.0,8.0,,8.0,,,8.0,NOT INDICATED
128207,102871.0,1944-06-07,9,FRANCE,BASTARD AIRDROME,AIR FIELDS AND AIRDROMES,47.0,-4.0,B17,4.0,22.0,230.0,41.0,,,41.0,VISUAL
128210,102872.0,1944-06-07,9,FRANCE,BASTARD AIRDROME,AIR FIELDS AND AIRDROMES,47.0,-4.0,B17,4.0,20.0,222.0,34.0,,,34.0,VISUAL
128292,102873.0,1944-06-07,9,FRANCE,BASTARD AIRDROME,AIR FIELDS AND AIRDROMES,47.0,-4.0,B17,4.0,4.0,,7.0,,,7.0,NOT INDICATED
128293,102874.0,1944-06-07,9,FRANCE,BASTARD AIRDROME,AIR FIELDS AND AIRDROMES,47.0,-4.0,B17,4.0,,,6.0,,,6.0,NOT INDICATED
128217,102875.0,1944-06-07,9,FRANCE,BASTARD AIRDROME,AIR FIELDS AND AIRDROMES,47.0,-4.0,B17,4.0,25.0,219.0,66.0,,,6.0,VISUAL
128294,102876.0,1944-06-07,9,FRANCE,BASTARD AIRDROME,AIR FIELDS AND AIRDROMES,47.0,-4.0,B17,4.0,,,33.0,,,33.0,NOT INDICATED
128213,102877.0,1944-06-07,9,FRANCE,BASTARD AIRDROME,AIR FIELDS AND AIRDROMES,47.0,-4.0,B17,4.0,33.0,220.0,40.0,,,40.0,VISUAL
128609,102882.0,1944-06-07,9,FRANCE,UNIDENTIFIED TARGET,UNIDENTIFIED TARGETS,49.63,-1.3,B26,,,,46.0,,,46.0,VISUAL
128248,102883.0,1944-06-07,9,FRANCE,UNIDENTIFIED TARGET,UNIDENTIFIED TARGETS,48.63,-1.37,B26,,,50.0,23.0,,,23.0,VISUAL
128616,102884.0,1944-06-07,9,FRANCE,UNIDENTIFIED TARGET,UNIDENTIFIED TARGETS,49.12,-1.08,B26,,,,8.0,,,8.0,VISUAL
128261,166322.0,1944-06-07,9,FRANCE,UNIDENTIFIED TARGET,UNIDENTIFIED TARGETS,48.73,-0.02,B26,,,,14.0,,,14.0,VISUAL
128262,166323.0,1944-06-07,9,FRANCE,UNIDENTIFIED TARGET,UNIDENTIFIED TARGETS,48.73,-0.02,B26,,,,44.0,,,44.0,VISUAL
128270,166324.0,1944-06-07,9,FRANCE,UNIDENTIFIED TARGET,UNIDENTIFIED TARGETS,49.68,-1.27,B26,,,,12.0,,,12.0,VISUAL
128610,166327.0,1944-06-07,9,FRANCE,UNIDENTIFIED TARGET,UNIDENTIFIED TARGETS,49.63,-1.3,B26,,,,46.0,,,46.0,VISUAL
128249,166328.0,1944-06-07,9,FRANCE,UNIDENTIFIED TARGET,UNIDENTIFIED TARGETS,48.63,-1.37,B26,,,50.0,23.0,,,23.0,VISUAL
128617,166329.0,1944-06-07,9,FRANCE,UNIDENTIFIED TARGET,UNIDENTIFIED TARGETS,49.12,-1.08,B26,,,,8.0,,,8.0,VISUAL
128263,166341.0,1944-06-07,9,FRANCE,MARSHALLING YARD,"""RR INSTALLATIONS,  TRACKS,  MARSHALLING YARDS,  AND STATIONS""",48.73,-0.02,B24,4.0,3.0,,8.0,,,8.0,NOT INDICATED
128233,166342.0,1944-06-07,9,FRANCE,MARSHALLING YARD,"""RR INSTALLATIONS,  TRACKS,  MARSHALLING YARDS,  AND STATIONS""",48.73,-0.02,B24,4.0,22.0,200.0,66.0,,,66.0,F.F.F.
128264,166343.0,1944-06-07,9,FRANCE,MARSHALLING YARD,"""RR INSTALLATIONS,  TRACKS,  MARSHALLING YARDS,  AND STATIONS""",48.73,-0.02,B24,4.0,,,12.0,,,12.0,NOT INDICATED
128232,166344.0,1944-06-07,9,FRANCE,MARSHALLING YARD,"""RR INSTALLATIONS,  TRACKS,  MARSHALLING YARDS,  AND STATIONS""",48.73,-0.02,B24,4.0,22.0,205.0,54.0,,,54.0,F.F.F.
128234,166345.0,1944-06-07,9,FRANCE,MARSHALLING YARD,"""RR INSTALLATIONS,  TRACKS,  MARSHALLING YARDS,  AND STATIONS""",48.73,-0.02,B24,4.0,22.0,200.0,66.0,,,66.0,F.F.F.
128245,166346.0,1944-06-07,9,FRANCE,MARSHALLING YARDS,"""RR INSTALLATIONS,  TRACKS,  MARSHALLING YARDS,  AND STATIONS""",48.02,-1.48,B24,2.0,25.0,120.0,75.0,,,75.0,VISUAL
128226,166347.0,1944-06-07,9,FRANCE,BRIDGE,BRIDGES,47.22,-1.53,B17,4.0,35.0,210.0,85.0,,,85.0,VISUAL
128228,166348.0,1944-06-07,9,FRANCE,BRIDGE,BRIDGES,47.22,-1.53,B17,4.0,24.0,210.0,49.0,,,49.0,VISUAL
128240,166349.0,1944-06-07,9,FRANCE,BRIDGE,BRIDGES,47.22,-1.53,B17,4.0,37.0,200.0,74.0,,,74.0,VISUAL
128244,166350.0,1944-06-07,9,FRANCE,BRIDGE,BRIDGES,47.22,-1.53,B17,4.0,24.0,198.0,72.0,,,72.0,VISUAL
128229,166351.0,1944-06-07,9,FRANCE,BRIDGE,BRIDGES,47.22,-1.53,B17,4.0,34.0,210.0,85.0,,,85.0,VISUAL
128611,166352.0,1944-06-07,9,FRANCE,BRIDGE,BRIDGES,47.22,-1.53,B17,4.0,,,8.0,,,8.0,NOT INDICATED
128612,166353.0,1944-06-07,9,FRANCE,BRIDGE,BRIDGES,47.22,-1.53,B17,4.0,,,13.0,,,13.0,NOT INDICATED
128216,166354.0,1944-06-07,9,FRANCE,BRIDGE,BRIDGES,47.22,-1.53,B17,4.0,24.0,220.0,45.0,,,45.0,VISUAL
128230,166355.0,1944-06-07,9,FRANCE,BRIDGE,BRIDGES,47.22,-1.53,B17,3.0,28.0,210.0,70.0,,,70.0,VISUAL
128613,166356.0,1944-06-07,9,FRANCE,BRIDGE,BRIDGES,47.22,-1.53,B17,3.0,1.0,,1.0,,,1.0,NOT INDICATED
128231,166357.0,1944-06-07,9,FRANCE,BRIDGE,BRIDGES,47.22,-1.53,B17,3.0,13.0,210.0,33.0,,,33.0,VISUAL
128238,166358.0,1944-06-07,9,FRANCE,BRIDGE,BRIDGES,47.22,-1.53,B24,3.0,13.0,200.0,39.0,,,39.0,VISUAL
128227,166359.0,1944-06-07,9,FRANCE,BRIDGE,BRIDGES,47.22,-1.53,B24,3.0,16.0,210.0,48.0,,,48.0,VISUAL
128239,166360.0,1944-06-07,9,FRANCE,BRIDGE,BRIDGES,47.22,-1.53,B24,3.0,5.0,200.0,15.0,,,15.0,VISUAL
128626,166361.0,1944-06-07,8,FRANCE,MARSHALLING YARD,"""RR INSTALLATIONS,  TRACKS,  MARSHALLING YARDS,  AND STATIONS""",46.32,-0.47,B17,2.0,23.0,206.0,58.0,,,58.0,VISUAL
128267,205950.0,1944-06-07,9,FRANCE,RR FACILITIES,"""RR INSTALLATIONS,  TRACKS,  MARSHALLING YARDS,  AND STATIONS""",48.7,-1.35,B26,,,,24.0,,,24.0,VISUAL
128268,205951.0,1944-06-07,9,FRANCE,RR FACILITIES,"""RR INSTALLATIONS,  TRACKS,  MARSHALLING YARDS,  AND STATIONS""",48.7,-1.35,B26,,,,46.0,,,46.0,VISUAL
128253,205952.0,1944-06-07,9,FRANCE,HWY,HIGHWAYS AND VEHICLES,49.18,-0.85,A20,,,20.0,46.0,,,46.0,VISUAL
128273,205953.0,1944-06-07,9,FRANCE,RR,"""RR INSTALLATIONS,  TRACKS,  MARSHALLING YARDS,  AND STATIONS""",48.7,-0.37,B26,,,,46.0,,,46.0,VISUAL
128274,205954.0,1944-06-07,9,FRANCE,RR,"""RR INSTALLATIONS,  TRACKS,  MARSHALLING YARDS,  AND STATIONS""",48.7,-0.37,B26,,,,23.0,,,23.0,VISUAL
128251,205955.0,1944-06-07,9,FRANCE,BRIDGE,BRIDGES,49.18,-0.37,B26,,,35.0,68.0,,,68.0,VISUAL
128255,205956.0,1944-06-07,9,FRANCE,MARSHALLING YARD,"""RR INSTALLATIONS,  TRACKS,  MARSHALLING YARDS,  AND STATIONS""",48.75,-0.57,B26,,,20.0,75.0,,,75.0,VISUAL
128288,205957.0,1944-06-07,9,FRANCE,MARSHALLING YARD,"""RR INSTALLATIONS,  TRACKS,  MARSHALLING YARDS,  AND STATIONS""",48.82,-1.42,B26,,,,67.0,,,67.0,VISUAL
128608,205958.0,1944-06-07,9,FRANCE,RR JUNCTION,"""RR INSTALLATIONS,  TRACKS,  MARSHALLING YARDS,  AND STATIONS""",47.97,-1.33,A20,,,,47.0,,,47.0,VISUAL
128257,205960.0,1944-06-07,9,FRANCE,RR ROADS,"""RR INSTALLATIONS,  TRACKS,  MARSHALLING YARDS,  AND STATIONS""",49.22,-1.45,A20,,,18.0,37.0,,,37.0,VISUAL
128615,205963.0,1944-06-07,9,FRANCE,BRIDGE,BRIDGES,48.12,-1.67,B26,,,,42.0,,,42.0,VISUAL
128619,205964.0,1944-06-07,9,FRANCE,ROAD JUNCTION,HIGHWAYS AND VEHICLES,49.17,-0.63,A20,,,,44.0,,,44.0,VISUAL
128648,205965.0,1944-06-07,8,FRANCE,DECIMOMANNO AD,"""RR INSTALLATIONS,  TRACKS,  MARSHALLING YARDS,  AND STATIONS""",47.9,4.37,B26,,,,48.0,,,48.0,VISUAL
128637,205966.0,1944-06-07,8,FRANCE,DECIMOMANNO AD,"""RR INSTALLATIONS,  TRACKS,  MARSHALLING YARDS,  AND STATIONS""",47.9,4.37,B26,,,30.0,24.0,,,24.0,VISUAL
128295,205994.0,1944-06-07,9,FRANCE,BASTARD AIRDROME,AIR FIELDS AND AIRDROMES,47.0,-4.0,B17,4.0,,,4.0,,,4.0,NOT INDICATED
128224,205995.0,1944-06-07,9,FRANCE,BASTARD AIRDROME,AIR FIELDS AND AIRDROMES,47.0,-4.0,B17,4.0,22.0,210.0,49.0,,,49.0,VISUAL
128296,205996.0,1944-06-07,9,FRANCE,BASTARD AIRDROME,AIR FIELDS AND AIRDROMES,47.0,-4.0,B17,4.0,,,4.0,,,4.0,NOT INDICATED
128297,205997.0,1944-06-07,9,FRANCE,BASTARD AIRDROME,AIR FIELDS AND AIRDROMES,47.0,-4.0,B17,4.0,8.0,,8.0,,,8.0,NOT INDICATED
128208,205998.0,1944-06-07,9,FRANCE,BASTARD AIRDROME,AIR FIELDS AND AIRDROMES,47.0,-4.0,B17,4.0,22.0,230.0,41.0,,,41.0,VISUAL
128211,205999.0,1944-06-07,9,FRANCE,BASTARD AIRDROME,AIR FIELDS AND AIRDROMES,47.0,-4.0,B17,4.0,20.0,222.0,34.0,,,34.0,VISUAL
128298,206000.0,1944-06-07,9,FRANCE,BASTARD AIRDROME,AIR FIELDS AND AIRDROMES,47.0,-4.0,B17,4.0,4.0,,7.0,,,7.0,NOT INDICATED
128299,206001.0,1944-06-07,9,FRANCE,BASTARD AIRDROME,AIR FIELDS AND AIRDROMES,47.0,-4.0,B17,4.0,,,6.0,,,6.0,NOT INDICATED
128218,206002.0,1944-06-07,9,FRANCE,BASTARD AIRDROME,AIR FIELDS AND AIRDROMES,47.0,-4.0,B17,4.0,25.0,219.0,66.0,,,6.0,VISUAL
128300,206003.0,1944-06-07,9,FRANCE,BASTARD AIRDROME,AIR FIELDS AND AIRDROMES,47.0,-4.0,B17,4.0,,,33.0,,,33.0,NOT INDICATED
128214,206004.0,1944-06-07,9,FRANCE,BASTARD AIRDROME,AIR FIELDS AND AIRDROMES,47.0,-4.0,B17,4.0,33.0,220.0,40.0,,,40.0,VISUAL
128633,206005.0,1944-06-07,8,FRANCE,TACTICAL TARGET,TACTICAL TARGETS: (UNIDENTIFIED OR NOT LISTED BELOW),47.73,-1.37,B24,2.0,26.0,120.0,78.0,,,78.0,VISUAL
128640,206006.0,1944-06-07,8,FRANCE,TACTICAL TARGET,TACTICAL TARGETS: (UNIDENTIFIED OR NOT LISTED BELOW),48.85,-0.55,B17,4.0,16.0,,48.0,,,48.0,NOT INDICATED
128628,206007.0,1944-06-07,8,FRANCE,TACTICAL TARGET,TACTICAL TARGETS: (UNIDENTIFIED OR NOT LISTED BELOW),48.85,-0.55,B17,4.0,39.0,200.0,117.0,,,117.0,F.F.F.
128641,206008.0,1944-06-07,8,FRANCE,TACTICAL TARGET,TACTICAL TARGETS: (UNIDENTIFIED OR NOT LISTED BELOW),48.85,-0.55,B17,2.0,1.0,,3.0,,,3.0,NOT INDICATED
128279,206009.0,1944-06-07,9,FRANCE,BATTLE APEA,TACTICAL TARGETS: (UNIDENTIFIED OR NOT LISTED BELOW),48.9,-0.2,B17,4.0,1.0,,3.0,,,3.0,NOT INDICATED
128236,206010.0,1944-06-07,9,FRANCE,BATTLE APEA,TACTICAL TARGETS: (UNIDENTIFIED OR NOT LISTED BELOW),48.9,-0.2,B17,4.0,15.0,200.0,39.0,,,39.0,F.F.F.
128280,206011.0,1944-06-07,9,FRANCE,BATTLE APEA,TACTICAL TARGETS: (UNIDENTIFIED OR NOT LISTED BELOW),48.9,-0.2,B17,4.0,1.0,,3.0,,,3.0,NOT INDICATED
128281,206012.0,1944-06-07,9,FRANCE,BATTLE APEA,TACTICAL TARGETS: (UNIDENTIFIED OR NOT LISTED BELOW),48.9,-0.2,B17,4.0,1.0,,3.0,,,3.0,NOT INDICATED
128221,206013.0,1944-06-07,9,FRANCE,BATTLE APEA,TACTICAL TARGETS: (UNIDENTIFIED OR NOT LISTED BELOW),48.9,-0.2,B17,4.0,16.0,210.0,48.0,,,48.0,F.F.F.
128242,206014.0,1944-06-07,9,FRANCE,BATTLE APEA,TACTICAL TARGETS: (UNIDENTIFIED OR NOT LISTED BELOW),48.9,-0.2,B17,4.0,17.0,199.0,51.0,,,51.0,F.F.F.
128282,206015.0,1944-06-07,9,FRANCE,BATTLE APEA,TACTICAL TARGETS: (UNIDENTIFIED OR NOT LISTED BELOW),48.9,-0.2,B17,2.0,2.0,,6.0,,,6.0,NOT INDICATED
128624,206016.0,1944-06-07,8,FRANCE,RD BLOCKS,TACTICAL TARGETS: (UNIDENTIFIED OR NOT LISTED BELOW),48.75,-0.57,B17,4.0,18.0,212.0,54.0,,,54.0,F.F.F.
128645,206017.0,1944-06-07,8,FRANCE,RD BLOCKS,TACTICAL TARGETS: (UNIDENTIFIED OR NOT LISTED BELOW),48.75,-0.57,B17,4.0,,,60.0,,,60.0,NOT INDICATED
128631,206018.0,1944-06-07,8,FRANCE,RD BLOCKS,TACTICAL TARGETS: (UNIDENTIFIED OR NOT LISTED BELOW),48.75,-0.57,B17,4.0,41.0,191.0,57.0,,,57.0,F.F.F.
128258,206035.0,1944-06-07,9,FRANCE,GUN EMPLACEMENT,GUN EMPLACEMENTS,49.05,-0.05,B26,,,7.0,33.0,,,33.0,VISUAL
128247,206036.0,1944-06-07,9,FRANCE,GUN EMPLACEMENT,GUN EMPLACEMENTS,49.05,-0.05,B26,,,70.0,33.0,,,33.0,VISUAL
128635,206038.0,1944-06-07,8,FRANCE,TACTICAL TARGET,TACTICAL TARGETS: (UNIDENTIFIED OR NOT LISTED BELOW),47.73,-1.37,B24,2.0,26.0,120.0,78.0,,,78.0,VISUAL
128642,206039.0,1944-06-07,8,FRANCE,TACTICAL TARGET,TACTICAL TARGETS: (UNIDENTIFIED OR NOT LISTED BELOW),48.85,-0.55,B17,4.0,16.0,,48.0,,,48.0,NOT INDICATED
128629,206040.0,1944-06-07,8,FRANCE,TACTICAL TARGET,TACTICAL TARGETS: (UNIDENTIFIED OR NOT LISTED BELOW),48.85,-0.55,B17,4.0,39.0,200.0,117.0,,,117.0,F.F.F.
128643,206041.0,1944-06-07,8,FRANCE,TACTICAL TARGET,TACTICAL TARGETS: (UNIDENTIFIED OR NOT LISTED BELOW),48.85,-0.55,B17,2.0,1.0,,3.0,,,3.0,NOT INDICATED
128283,206042.0,1944-06-07,9,FRANCE,BATTLE APEA,TACTICAL TARGETS: (UNIDENTIFIED OR NOT LISTED BELOW),48.9,-0.2,B17,4.0,1.0,,3.0,,,3.0,NOT INDICATED
128237,206043.0,1944-06-07,9,FRANCE,BATTLE APEA,TACTICAL TARGETS: (UNIDENTIFIED OR NOT LISTED BELOW),48.9,-0.2,B17,4.0,15.0,200.0,39.0,,,39.0,F.F.F.
128284,206044.0,1944-06-07,9,FRANCE,BATTLE APEA,TACTICAL TARGETS: (UNIDENTIFIED OR NOT LISTED BELOW),48.9,-0.2,B17,4.0,1.0,,3.0,,,3.0,NOT INDICATED
128285,206045.0,1944-06-07,9,FRANCE,BATTLE APEA,TACTICAL TARGETS: (UNIDENTIFIED OR NOT LISTED BELOW),48.9,-0.2,B17,4.0,1.0,,3.0,,,3.0,NOT INDICATED
128222,206046.0,1944-06-07,9,FRANCE,BATTLE APEA,TACTICAL TARGETS: (UNIDENTIFIED OR NOT LISTED BELOW),48.9,-0.2,B17,4.0,16.0,210.0,48.0,,,48.0,F.F.F.
128243,206047.0,1944-06-07,9,FRANCE,BATTLE APEA,TACTICAL TARGETS: (UNIDENTIFIED OR NOT LISTED BELOW),48.9,-0.2,B17,4.0,17.0,199.0,51.0,,,51.0,F.F.F.
128286,206048.0,1944-06-07,9,FRANCE,BATTLE APEA,TACTICAL TARGETS: (UNIDENTIFIED OR NOT LISTED BELOW),48.9,-0.2,B17,2.0,2.0,,6.0,,,6.0,NOT INDICATED
128625,206049.0,1944-06-07,8,FRANCE,RD BLOCKS,TACTICAL TARGETS: (UNIDENTIFIED OR NOT LISTED BELOW),48.75,-0.57,B17,4.0,18.0,212.0,54.0,,,54.0,F.F.F.
128646,206050.0,1944-06-07,8,FRANCE,RD BLOCKS,TACTICAL TARGETS: (UNIDENTIFIED OR NOT LISTED BELOW),48.75,-0.57,B17,4.0,,,60.0,,,60.0,NOT INDICATED
128632,206051.0,1944-06-07,8,FRANCE,RD BLOCKS,TACTICAL TARGETS: (UNIDENTIFIED OR NOT LISTED BELOW),48.75,-0.57,B17,4.0,41.0,191.0,57.0,,,57.0,F.F.F.
128601,206067.0,1944-06-07,9,FRANCE,BASTARD AIRDROME,AIR FIELDS AND AIRDROMES,47.0,-4.0,B17,4.0,,,4.0,,,4.0,NOT INDICATED
128225,206068.0,1944-06-07,9,FRANCE,BASTARD AIRDROME,AIR FIELDS AND AIRDROMES,47.0,-4.0,B17,4.0,22.0,210.0,49.0,,,49.0,VISUAL
128602,206069.0,1944-06-07,9,FRANCE,BASTARD AIRDROME,AIR FIELDS AND AIRDROMES,47.0,-4.0,B17,4.0,,,4.0,,,4.0,NOT INDICATED
128603,206070.0,1944-06-07,9,FRANCE,BASTARD AIRDROME,AIR FIELDS AND AIRDROMES,47.0,-4.0,B17,4.0,8.0,,8.0,,,8.0,NOT INDICATED
128209,206071.0,1944-06-07,9,FRANCE,BASTARD AIRDROME,AIR FIELDS AND AIRDROMES,47.0,-4.0,B17,4.0,22.0,230.0,41.0,,,41.0,VISUAL
128212,206072.0,1944-06-07,9,FRANCE,BASTARD AIRDROME,AIR FIELDS AND AIRDROMES,47.0,-4.0,B17,4.0,20.0,222.0,34.0,,,34.0,VISUAL
128604,206073.0,1944-06-07,9,FRANCE,BASTARD AIRDROME,AIR FIELDS AND AIRDROMES,47.0,-4.0,B17,4.0,4.0,,7.0,,,7.0,NOT INDICATED
128605,206074.0,1944-06-07,9,FRANCE,BASTARD AIRDROME,AIR FIELDS AND AIRDROMES,47.0,-4.0,B17,4.0,,,6.0,,,6.0,NOT INDICATED
128219,206075.0,1944-06-07,9,FRANCE,BASTARD AIRDROME,AIR FIELDS AND AIRDROMES,47.0,-4.0,B17,4.0,25.0,219.0,66.0,,,66.0,VISUAL
128606,206076.0,1944-06-07,9,FRANCE,BASTARD AIRDROME,AIR FIELDS AND AIRDROMES,47.0,-4.0,B17,4.0,,,33.0,,,33.0,NOT INDICATED
128215,206077.0,1944-06-07,9,FRANCE,BASTARD AIRDROME,AIR FIELDS AND AIRDROMES,47.0,-4.0,B17,4.0,33.0,220.0,40.0,,,40.0,VISUAL
129456,102886.0,1944-06-08,9,FRANCE,UNIDENTIFIED TARGET,UNIDENTIFIED TARGETS,49.18,-0.37,B26,,,50.0,43.0,,,43.0,VISUAL
129472,102887.0,1944-06-08,9,FRANCE,UNIDENTIFIED TARGET,UNIDENTIFIED TARGETS,49.18,-0.37,B26,,,,24.0,,,24.0,VISUAL
129476,102888.0,1944-06-08,9,FRANCE,UNIDENTIFIED TARGET,UNIDENTIFIED TARGETS,47.73,-1.37,B26,,,,12.0,,,12.0,VISUAL
129457,102892.0,1944-06-08,9,FRANCE,COMMUNICATIONS,TRANSPORTATION FACILITIES (NOT SPECIFICALLY IDENTIFIED BELOW),49.18,-0.37,B26,,,50.0,44.0,,,44.0,VISUAL
129473,102893.0,1944-06-08,9,FRANCE,COMMUNICATIONS,TRANSPORTATION FACILITIES (NOT SPECIFICALLY IDENTIFIED BELOW),49.18,-0.37,B26,,,,22.0,,,22.0,VISUAL
129497,102898.0,1944-06-08,9,FRANCE,RR JUNCTION,"""RR INSTALLATIONS,  TRACKS,  MARSHALLING YARDS,  AND STATIONS""",48.63,-1.37,B26,,,,25.0,,,25.0,VISUAL
129446,102899.0,1944-06-08,9,FRANCE,RR JUNCTION,"""RR INSTALLATIONS,  TRACKS,  MARSHALLING YARDS,  AND STATIONS""",48.63,-1.37,B26,,,105.0,46.0,,,46.0,VISUAL
129804,102900.0,1944-06-08,9,FRANCE,MARSHALLING YARD,"""RR INSTALLATIONS,  TRACKS,  MARSHALLING YARDS,  AND STATIONS""",49.12,-1.08,B26,,,,28.0,,,28.0,VISUAL
129464,102901.0,1944-06-08,9,FRANCE,MARSHALLING YARD,"""RR INSTALLATIONS,  TRACKS,  MARSHALLING YARDS,  AND STATIONS""",49.12,-1.08,B26,,,10.0,48.0,,,48.0,VISUAL
129468,102919.0,1944-06-08,9,FRANCE,TANKS,TACTICAL TARGETS: (UNIDENTIFIED OR NOT LISTED BELOW),48.7,-1.35,B24,3.0,9.0,,22.0,,,22.0,NOT INDICATED
129469,102920.0,1944-06-08,9,FRANCE,TANKS,TACTICAL TARGETS: (UNIDENTIFIED OR NOT LISTED BELOW),48.7,-1.35,B24,3.0,1.0,,3.0,,,3.0,NOT INDICATED
129831,102922.0,1944-06-08,8,FRANCE,TACTICAL TARGET,TACTICAL TARGETS: (UNIDENTIFIED OR NOT LISTED BELOW),48.45,-2.03,B24,4.0,2.0,,6.0,,,6.0,NOT INDICATED
129439,102923.0,1944-06-08,9,FRANCE,GUN EMPLACEMENTS,GUN EMPLACEMENTS,48.83,-1.58,B24,3.0,28.0,152.0,84.0,,,84.0,F.F.F.
129460,102935.0,1944-06-08,9,FRANCE,UNIDENTIFIED TARGET,UNIDENTIFIED TARGETS,48.62,-1.17,B26,,,47.0,8.0,,,8.0,VISUAL
129487,102936.0,1944-06-08,9,FRANCE,UNIDENTIFIED TARGET,UNIDENTIFIED TARGETS,48.62,-1.17,B26,,,,9.0,,,9.0,VISUAL
129452,102937.0,1944-06-08,9,FRANCE,UNIDENTIFIED TARGET,UNIDENTIFIED TARGETS,48.62,-1.17,B26,,,67.0,16.0,,,16.0,VISUAL
129462,102938.0,1944-06-08,9,FRANCE,UNIDENTIFIED TARGET,UNIDENTIFIED TARGETS,49.28,-1.53,A20,,,45.0,48.0,,,48.0,VISUAL
129490,102939.0,1944-06-08,9,FRANCE,UNIDENTIFIED TARGET,UNIDENTIFIED TARGETS,49.22,-1.45,B26,,,,48.0,,,48.0,VISUAL
129450,102940.0,1944-06-08,9,FRANCE,UNIDENTIFIED TARGET,UNIDENTIFIED TARGETS,49.22,-1.45,B26,,,86.0,28.0,,,28.0,VISUAL
129448,102941.0,1944-06-08,9,FRANCE,UNIDENTIFIED TARGET,UNIDENTIFIED TARGETS,49.18,-1.42,A20,,,90.0,53.0,,,53.0,VISUAL
129806,102942.0,1944-06-08,9,FRANCE,UNIDENTIFIED TARGET,UNIDENTIFIED TARGETS,47.9,-1.8,B26,,,,12.0,,,12.0,VISUAL
129807,102943.0,1944-06-08,9,FRANCE,UNIDENTIFIED TARGET,UNIDENTIFIED TARGETS,47.9,-1.8,B26,,,,12.0,,,12.0,VISUAL
129444,102944.0,1944-06-08,9,FRANCE,UNIDENTIFIED TARGET,UNIDENTIFIED TARGETS,47.9,-1.8,B26,,,120.0,38.0,,,38.0,VISUAL
129481,102945.0,1944-06-08,9,FRANCE,CITY AREA,CITIES TOWNS AND URBAN AREAS,48.83,-1.58,B24,3.0,10.0,,3.0,,28.0,31.0,NOT INDICATED
129482,102946.0,1944-06-08,9,FRANCE,CITY AREA,CITIES TOWNS AND URBAN AREAS,48.83,-1.58,B24,3.0,1.0,,1.0,,,1.0,NOT INDICATED
129458,166376.0,1944-06-08,9,FRANCE,UNIDENTIFIED TARGET,UNIDENTIFIED TARGETS,49.18,-0.37,B26,,,50.0,43.0,,,43.0,VISUAL
129474,166377.0,1944-06-08,9,FRANCE,UNIDENTIFIED TARGET,UNIDENTIFIED TARGETS,49.18,-0.37,B26,,,,24.0,,,24.0,VISUAL
129477,166378.0,1944-06-08,9,FRANCE,UNIDENTIFIED TARGET,UNIDENTIFIED TARGETS,47.73,-1.37,B26,,,,12.0,,,12.0,VISUAL
129461,166381.0,1944-06-08,9,FRANCE,UNIDENTIFIED TARGET,UNIDENTIFIED TARGETS,48.62,-1.17,B26,,,47.0,8.0,,,8.0,VISUAL
129488,166382.0,1944-06-08,9,FRANCE,UNIDENTIFIED TARGET,UNIDENTIFIED TARGETS,48.62,-1.17,B26,,,,9.0,,,9.0,VISUAL
129453,166383.0,1944-06-08,9,FRANCE,UNIDENTIFIED TARGET,UNIDENTIFIED TARGETS,48.62,-1.17,B26,,,67.0,16.0,,,16.0,VISUAL
129463,166384.0,1944-06-08,9,FRANCE,UNIDENTIFIED TARGET,UNIDENTIFIED TARGETS,49.28,-1.53,A20,,,45.0,48.0,,,48.0,VISUAL
129491,166385.0,1944-06-08,9,FRANCE,UNIDENTIFIED TARGET,UNIDENTIFIED TARGETS,49.22,-1.45,B26,,,,48.0,,,48.0,VISUAL
129451,166386.0,1944-06-08,9,FRANCE,UNIDENTIFIED TARGET,UNIDENTIFIED TARGETS,49.22,-1.45,B26,,,86.0,28.0,,,28.0,VISUAL
129449,166387.0,1944-06-08,9,FRANCE,UNIDENTIFIED TARGET,UNIDENTIFIED TARGETS,49.18,-1.42,A20,,,90.0,53.0,,,53.0,VISUAL
129808,166388.0,1944-06-08,9,FRANCE,UNIDENTIFIED TARGET,UNIDENTIFIED TARGETS,47.9,-1.8,B26,,,,12.0,,,12.0,VISUAL
129809,166389.0,1944-06-08,9,FRANCE,UNIDENTIFIED TARGET,UNIDENTIFIED TARGETS,47.9,-1.8,B26,,,,12.0,,,12.0,VISUAL
129445,166390.0,1944-06-08,9,FRANCE,UNIDENTIFIED TARGET,UNIDENTIFIED TARGETS,47.9,-1.8,B26,,,120.0,38.0,,,38.0,VISUAL
129483,166391.0,1944-06-08,9,FRANCE,CITY AREA,CITIES TOWNS AND URBAN AREAS,48.83,-1.58,B24,3.0,10.0,,3.0,,28.0,31.0,NOT INDICATED
129484,166392.0,1944-06-08,9,FRANCE,CITY AREA,CITIES TOWNS AND URBAN AREAS,48.83,-1.58,B24,3.0,1.0,,1.0,,,1.0,NOT INDICATED
129485,166395.0,1944-06-08,9,FRANCE,CITY AREA,CITIES TOWNS AND URBAN AREAS,48.83,-1.58,B24,3.0,10.0,,3.0,,28.0,31.0,NOT INDICATED
129486,166396.0,1944-06-08,9,FRANCE,CITY AREA,CITIES TOWNS AND URBAN AREAS,48.83,-1.58,B24,3.0,1.0,,1.0,,,1.0,NOT INDICATED
129823,166403.0,1944-06-08,8,GERMANY,ME 110 AC COMP FACTORY,A/C COMPONENT PLANTS,52.25,10.5,B24,4.0,26.0,210.0,64.0,,,64.0,VISUAL
129829,166405.0,1944-06-08,8,FRANCE,MARSHALLING YARD,"""RR INSTALLATIONS,  TRACKS,  MARSHALLING YARDS,  AND STATIONS""",47.47,-0.57,B24,4.0,1.0,,2.0,,,2.0,NOT INDICATED
129828,166406.0,1944-06-08,8,FRANCE,MARSHALLING YARD,"""RR INSTALLATIONS,  TRACKS,  MARSHALLING YARDS,  AND STATIONS""",47.47,-0.57,B24,4.0,25.0,180.0,74.0,,,74.0,VISUAL
129478,166407.0,1944-06-08,9,FRANCE,RR CUTTING,"""RR INSTALLATIONS,  TRACKS,  MARSHALLING YARDS,  AND STATIONS""",47.73,-1.37,B24,3.0,,,17.0,,,17.0,NOT INDICATED
129437,166408.0,1944-06-08,9,FRANCE,RR CUTTING,"""RR INSTALLATIONS,  TRACKS,  MARSHALLING YARDS,  AND STATIONS""",47.73,-1.37,B24,3.0,12.0,160.0,16.0,,,16.0,VISUAL
129832,166412.0,1944-06-08,8,FRANCE,BRIDGE,BRIDGES,48.45,-2.03,B24,4.0,,,7.0,,,7.0,NOT INDICATED
129824,166413.0,1944-06-08,8,FRANCE,BRIDGE,BRIDGES,48.45,-2.03,B24,4.0,5.0,200.0,8.0,,,8.0,VISUAL
129433,166414.0,1944-06-08,9,FRANCE,BRIDGE,BRIDGES,47.39,0.82,B17,4.0,35.0,200.0,104.0,,,104.0,VISUAL
129489,166415.0,1944-06-08,9,FRANCE,BRIDGE,BRIDGES,47.39,0.82,B17,2.0,3.0,,9.0,,,9.0,NOT INDICATED
129434,166416.0,1944-06-08,9,FRANCE,BRIDGE,BRIDGES,47.22,-1.53,B17,4.0,22.0,200.0,64.0,,,64.0,VISUAL
129432,166417.0,1944-06-08,9,FRANCE,BRIDGE,BRIDGES,47.22,-1.53,B17,4.0,21.0,210.0,42.0,,,42.0,VISUAL
129494,166418.0,1944-06-08,9,FRANCE,BRIDGE,BRIDGES,47.22,-1.53,B17,4.0,,,12.0,,,12.0,NOT INDICATED
129431,166419.0,1944-06-08,9,FRANCE,BRIDGE,BRIDGES,47.22,-1.53,B17,4.0,9.0,215.0,9.0,,,9.0,VISUAL
129436,166420.0,1944-06-08,9,FRANCE,BRIDGE,BRIDGES,47.22,-1.53,B24,4.0,9.0,198.0,27.0,,,27.0,VISUAL
129493,166421.0,1944-06-08,9,FRANCE,BRIDGE,BRIDGES,47.22,-1.53,B24,2.0,1.0,,3.0,,,3.0,NOT INDICATED
129495,166422.0,1944-06-08,9,FRANCE,BRIDGE,BRIDGES,47.22,-1.53,B17,1.0,1.0,,2.0,,,2.0,NOT INDICATED
129496,166423.0,1944-06-08,9,FRANCE,BRIDGE,BRIDGES,47.22,-1.53,B17,1.0,2.0,,4.0,,,4.0,NOT INDICATED
129834,166424.0,1944-06-08,8,FRANCE,BRIDGE,BRIDGES,47.9,1.9,B17,4.0,12.0,,36.0,,,36.0,NOT INDICATED
129825,166425.0,1944-06-08,8,FRANCE,BRIDGE,BRIDGES,47.9,1.9,B17,4.0,47.0,200.0,138.0,,,138.0,VISUAL
129835,166426.0,1944-06-08,8,FRANCE,BRIDGE,BRIDGES,47.9,1.9,B17,4.0,,,3.0,,,3.0,NOT INDICATED
129826,166427.0,1944-06-08,8,FRANCE,BRIDGE,BRIDGES,47.9,1.9,B17,4.0,12.0,190.0,33.0,,,33.0,VISUAL
129803,166433.0,1944-06-08,9,FRANCE,BRIDGE,BRIDGES,48.12,-1.67,B24,4.0,,,18.0,,,18.0,NOT INDICATED
129435,166434.0,1944-06-08,9,FRANCE,BRIDGE,BRIDGES,48.12,-1.67,B24,4.0,12.0,200.0,18.0,,,18.0,VISUAL
129838,166447.0,1944-06-08,8,FRANCE,MARSHALLING YARD,"""RR INSTALLATIONS,  TRACKS,  MARSHALLING YARDS,  AND STATIONS""",45.95,7.97,B17,2.0,1.0,,3.0,,,3.0,NOT INDICATED
129459,206080.0,1944-06-08,9,FRANCE,COMMUNICATIONS,TRANSPORTATION FACILITIES (NOT SPECIFICALLY IDENTIFIED BELOW),49.18,-0.37,B26,,,50.0,44.0,,,44.0,VISUAL
129475,206081.0,1944-06-08,9,FRANCE,COMMUNICATIONS,TRANSPORTATION FACILITIES (NOT SPECIFICALLY IDENTIFIED BELOW),49.18,-0.37,B26,,,,22.0,,,22.0,VISUAL
129498,206084.0,1944-06-08,9,FRANCE,RR JUNCTION,"""RR INSTALLATIONS,  TRACKS,  MARSHALLING YARDS,  AND STATIONS""",48.63,-1.37,B26,,,,25.0,,,25.0,VISUAL
129447,206085.0,1944-06-08,9,FRANCE,RR JUNCTION,"""RR INSTALLATIONS,  TRACKS,  MARSHALLING YARDS,  AND STATIONS""",48.63,-1.37,B26,,,105.0,46.0,,,46.0,VISUAL
129805,206086.0,1944-06-08,9,FRANCE,MARSHALLING YARD,"""RR INSTALLATIONS,  TRACKS,  MARSHALLING YARDS,  AND STATIONS""",49.12,-1.08,B26,,,,28.0,,,28.0,VISUAL
129465,206087.0,1944-06-08,9,FRANCE,MARSHALLING YARD,"""RR INSTALLATIONS,  TRACKS,  MARSHALLING YARDS,  AND STATIONS""",49.12,-1.08,B26,,,10.0,48.0,,,48.0,VISUAL
129827,206113.0,1944-06-08,8,FRANCE,TACTICAL TARGET,TACTICAL TARGETS: (UNIDENTIFIED OR NOT LISTED BELOW),47.47,-0.57,B24,4.0,18.0,180.0,54.0,,,54.0,VISUAL
129466,206114.0,1944-06-08,9,FRANCE,TANKS,TACTICAL TARGETS: (UNIDENTIFIED OR NOT LISTED BELOW),48.7,-1.35,B24,3.0,9.0,,22.0,,,22.0,NOT INDICATED
129467,206115.0,1944-06-08,9,FRANCE,TANKS,TACTICAL TARGETS: (UNIDENTIFIED OR NOT LISTED BELOW),48.7,-1.35,B24,3.0,1.0,,3.0,,,3.0,NOT INDICATED
129830,206117.0,1944-06-08,8,FRANCE,TACTICAL TARGET,TACTICAL TARGETS: (UNIDENTIFIED OR NOT LISTED BELOW),48.45,-2.03,B24,4.0,2.0,,6.0,,,6.0,NOT INDICATED
129438,206125.0,1944-06-08,9,FRANCE,GUN EMPLACEMENTS,GUN EMPLACEMENTS,48.83,-1.58,B24,3.0,28.0,152.0,84.0,,,84.0,F.F.F.
129470,206131.0,1944-06-08,9,FRANCE,TANKS,TACTICAL TARGETS: (UNIDENTIFIED OR NOT LISTED BELOW),48.7,-1.35,B24,3.0,9.0,,22.0,,,22.0,NOT INDICATED
129471,206132.0,1944-06-08,9,FRANCE,TANKS,TACTICAL TARGETS: (UNIDENTIFIED OR NOT LISTED BELOW),48.7,-1.35,B24,3.0,1.0,,3.0,,,3.0,NOT INDICATED
129833,206134.0,1944-06-08,8,FRANCE,TACTICAL TARGET,TACTICAL TARGETS: (UNIDENTIFIED OR NOT LISTED BELOW),48.45,-2.03,B24,4.0,2.0,,6.0,,,6.0,NOT INDICATED
129440,206135.0,1944-06-08,9,FRANCE,GUN EMPLACEMENTS,GUN EMPLACEMENTS,48.83,-1.58,B24,3.0,28.0,152.0,84.0,,,84.0,F.F.F.
130653,102971.0,1944-06-09,8,GERMANY,BMW AERO ENG PLANT,ENGINE PLANTS,48.17,11.58,B24,4.0,27.0,235.0,68.0,,,68.0,NOT INDICATED
130630,102972.0,1944-06-09,15,GERMANY,AIRDROME,AIR FIELDS AND AIRDROMES,48.13,11.58,B24,2.0,13.0,,,17.0,,17.0,NOT INDICATED
130625,102973.0,1944-06-09,15,GERMANY,AIRDROME,AIR FIELDS AND AIRDROMES,48.13,11.58,B24,2.0,18.0,225.0,44.0,,,44.0,VISUAL
130637,102978.0,1944-06-09,9,GERMANY,MILBERTSHOVEN ORD DEPO,SUPPLY DUMPS AND WAREHOUSES,48.13,11.58,B24,3.0,36.0,236.0,87.0,,,87.0,F.F.F.
130654,166449.0,1944-06-09,8,GERMANY,BMW AERO ENG PLANT,ENGINE PLANTS,48.17,11.58,B24,4.0,27.0,235.0,68.0,,,68.0,NOT INDICATED
130651,166452.0,1944-06-09,9,GERMANY,CITY AREA,CITIES TOWNS AND URBAN AREAS,48.13,11.58,B24,3.0,12.0,,30.0,,,30.0,NOT INDICATED
130640,166453.0,1944-06-09,9,GERMANY,CITY AREA,CITIES TOWNS AND URBAN AREAS,48.13,11.58,B24,3.0,22.0,230.0,54.0,,,54.0,F.F.F.
130647,166454.0,1944-06-09,9,GERMANY,CITY AREA,CITIES TOWNS AND URBAN AREAS,48.13,11.58,B24,3.0,27.0,215.0,67.0,,,67.0,F.F.F.
130643,166455.0,1944-06-09,9,GERMANY,CITY AREA,CITIES TOWNS AND URBAN AREAS,48.13,11.58,B17,3.0,27.0,230.0,,,37.0,37.0,F.F.F.
130635,166456.0,1944-06-09,9,GERMANY,CITY AREA,CITIES TOWNS AND URBAN AREAS,48.13,11.58,B17,3.0,29.0,255.0,,,28.0,28.0,F.F.F.
130652,166459.0,1944-06-09,9,GERMANY,CITY AREA,CITIES TOWNS AND URBAN AREAS,48.13,11.58,B24,3.0,12.0,,30.0,,,30.0,NOT INDICATED
130641,166460.0,1944-06-09,9,GERMANY,CITY AREA,CITIES TOWNS AND URBAN AREAS,48.13,11.58,B24,3.0,22.0,230.0,54.0,,,54.0,F.F.F.
130648,166461.0,1944-06-09,9,GERMANY,CITY AREA,CITIES TOWNS AND URBAN AREAS,48.13,11.58,B24,3.0,27.0,215.0,67.0,,,67.0,F.F.F.
130644,166462.0,1944-06-09,9,GERMANY,CITY AREA,CITIES TOWNS AND URBAN AREAS,48.13,11.58,B17,3.0,27.0,230.0,,,37.0,37.0,F.F.F.
130636,166463.0,1944-06-09,9,GERMANY,CITY AREA,CITIES TOWNS AND URBAN AREAS,48.13,11.58,B17,3.0,29.0,255.0,,,28.0,28.0,F.F.F.
130655,166468.0,1944-06-09,8,GERMANY,BMW AERO ENG PLANT,ENGINE PLANTS,48.17,11.58,B24,4.0,27.0,235.0,68.0,,,68.0,NOT INDICATED
130628,166469.0,1944-06-09,15,GERMANY,BMW ENGINE WORKS,ENGINE PLANTS,48.13,11.58,B24,3.0,37.0,210.0,104.0,,,104.0,NOT INDICATED
130631,166472.0,1944-06-09,15,GERMANY,BRIDGE,BRIDGES,48.13,11.58,B24,2.0,1.0,,3.0,,,3.0,NOT INDICATED
130642,166473.0,1944-06-09,9,GERMANY,MARSHALLING YARD,"""RR INSTALLATIONS,  TRACKS,  MARSHALLING YARDS,  AND STATIONS""",48.13,11.58,B24,4.0,32.0,230.0,71.0,,,71.0,F.F.F.
130649,166474.0,1944-06-09,9,GERMANY,MARSHALLING YARD,"""RR INSTALLATIONS,  TRACKS,  MARSHALLING YARDS,  AND STATIONS""",48.13,11.58,B24,3.0,34.0,210.0,42.0,,44.0,86.0,NOT INDICATED
130645,166475.0,1944-06-09,9,GERMANY,MARSHALLING YARD,"""RR INSTALLATIONS,  TRACKS,  MARSHALLING YARDS,  AND STATIONS""",48.13,11.58,B24,4.0,28.0,222.0,62.0,,,62.0,NOT INDICATED
130646,166476.0,1944-06-09,9,GERMANY,MARSHALLING YARD,"""RR INSTALLATIONS,  TRACKS,  MARSHALLING YARDS,  AND STATIONS""",48.13,11.58,B24,4.0,37.0,220.0,,49.0,,49.0,NOT INDICATED
130634,166477.0,1944-06-09,15,GERMANY,RR BRIDGE,BRIDGES,47.67,12.67,B24,2.0,1.0,,3.0,,,3.0,NOT INDICATED
130632,206164.0,1944-06-09,15,GERMANY,AIRDROME,AIR FIELDS AND AIRDROMES,48.13,11.58,B24,2.0,13.0,,,17.0,,17.0,NOT INDICATED
130626,206165.0,1944-06-09,15,GERMANY,AIRDROME,AIR FIELDS AND AIRDROMES,48.13,11.58,B24,2.0,18.0,225.0,44.0,,,44.0,VISUAL
130639,206172.0,1944-06-09,9,GERMANY,MILBERTSHOVEN ORD DEPO,SUPPLY DUMPS AND WAREHOUSES,48.13,11.58,B24,3.0,36.0,236.0,87.0,,,87.0,F.F.F.
130633,206173.0,1944-06-09,15,GERMANY,AIRDROME,AIR FIELDS AND AIRDROMES,48.13,11.58,B24,2.0,13.0,,,17.0,,17.0,NOT INDICATED
130627,206174.0,1944-06-09,15,GERMANY,AIRDROME,AIR FIELDS AND AIRDROMES,48.13,11.58,B24,2.0,15.0,225.0,44.0,,,44.0,VISUAL
130638,210739.0,1944-06-09,9,GERMANY,MILBERTSHOVEN ORD DEPO,SUPPLY DUMPS AND WAREHOUSES,48.13,11.58,B24,3.0,36.0,236.0,87.0,,,87.0,F.F.F.
130629,300042.0,1944-06-09,15,GERMANY,BMW ENGINE WORKS,ENGINE PLANTS,48.13,11.58,B24,3.0,37.0,210.0,104.0,,,104.0,NOT INDICATED
131426,102982.0,1944-06-10,9,FRANCE,UNIDENTIFIED TARGET,UNIDENTIFIED TARGETS,49.27,-0.72,B26,,,,48.0,,,48.0,VISUAL
131417,102983.0,1944-06-10,9,FRANCE,UNIDENTIFIED TARGET,UNIDENTIFIED TARGETS,49.2,-0.5,B26,,,20.0,10.0,,,10.0,VISUAL
131428,102984.0,1944-06-10,9,FRANCE,UNIDENTIFIED TARGET,UNIDENTIFIED TARGETS,49.2,-0.5,B26,,,,22.0,,,22.0,VISUAL
131430,102985.0,1944-06-10,9,FRANCE,UNIDENTIFIED TARGET,UNIDENTIFIED TARGETS,49.0,-1.23,B26,,,,24.0,,,24.0,VISUAL
131431,102986.0,1944-06-10,9,FRANCE,UNIDENTIFIED TARGET,UNIDENTIFIED TARGETS,49.0,-1.23,B26,,,,26.0,,,26.0,VISUAL
131421,102990.0,1944-06-10,9,FRANCE,BRIDGE,BRIDGES,48.7,-1.35,B26,,,17.0,24.0,,,24.0,VISUAL
131424,102991.0,1944-06-10,9,FRANCE,BRIDGE,BRIDGES,48.7,-1.35,B26,,,,48.0,,,48.0,VISUAL
131409,102992.0,1944-06-10,9,FRANCE,RD JCT,HIGHWAYS AND VEHICLES,49.48,-1.3,B26,,,55.0,35.0,,,35.0,VISUAL
131413,102993.0,1944-06-10,9,FRANCE,M T,HIGHWAYS AND VEHICLES,48.9,-0.2,B26,,,25.0,24.0,,,24.0,VISUAL
131435,102994.0,1944-06-10,9,FRANCE,M T,HIGHWAYS AND VEHICLES,48.9,-0.2,B26,,,,48.0,,,48.0,VISUAL
131415,102995.0,1944-06-10,9,FRANCE,BRIDGE,BRIDGES,46.67,-1.77,B26,,,23.0,16.0,,,16.0,VISUAL
131443,102996.0,1944-06-10,9,FRANCE,BRIDGE,BRIDGES,46.67,-1.77,B26,,,,50.0,,,50.0,VISUAL
131403,102997.0,1944-06-10,9,FRANCE,BRIDGE,BRIDGES,49.12,-1.08,B26,,,105.0,22.0,,,22.0,VISUAL
131451,102998.0,1944-06-10,9,FRANCE,BRIDGE,BRIDGES,49.12,-1.08,B26,,,,48.0,,,48.0,VISUAL
131407,103000.0,1944-06-10,9,FRANCE,HIGHWAY BRIDGE,BRIDGES,49.5,-1.47,B26,,,60.0,24.0,,,24.0,VISUAL
131455,103001.0,1944-06-10,9,FRANCE,HIGHWAY BRIDGE,BRIDGES,49.5,-1.47,B26,,,,43.0,,,43.0,VISUAL
131437,103039.0,1944-06-10,9,FRANCE,AIRDROME,AIR FIELDS AND AIRDROMES,48.12,-2.22,B17,4.0,1.0,,2.0,,,2.0,NOT INDICATED
131100,103040.0,1944-06-10,9,FRANCE,AIRDROME,AIR FIELDS AND AIRDROMES,48.12,-2.22,B17,4.0,17.0,200.0,30.0,,,30.0,VISUAL
131438,103041.0,1944-06-10,9,FRANCE,AIRDROME,AIR FIELDS AND AIRDROMES,48.12,-2.22,B17,4.0,1.0,,2.0,,,2.0,NOT INDICATED
131097,103042.0,1944-06-10,9,FRANCE,AIRDROME,AIR FIELDS AND AIRDROMES,48.12,-2.22,B17,4.0,17.0,230.0,38.0,,,38.0,F.F.F.
131411,103043.0,1944-06-10,9,FRANCE,GUN POSITION,GUN EMPLACEMENTS,49.67,-1.27,B26,,,40.0,20.0,,,20.0,VISUAL
131445,103047.0,1944-06-10,9,FRANCE,GUN EMPLACEMENTS,GUN EMPLACEMENTS,49.52,-1.3,B26,,,,48.0,,,48.0,VISUAL
131446,103048.0,1944-06-10,9,FRANCE,GUN EMPLACEMENTS,GUN EMPLACEMENTS,49.52,-1.3,B26,,,,16.0,,,16.0,VISUAL
131405,103086.0,1944-06-10,9,FRANCE,UNIDENTIFIED TARGET,UNIDENTIFIED TARGETS,49.63,-1.3,B26,,,70.0,55.0,,,55.0,VISUAL
131419,103087.0,1944-06-10,9,FRANCE,UNIDENTIFIED TARGET,UNIDENTIFIED TARGETS,49.12,-1.08,B26,,,20.0,23.0,,,23.0,VISUAL
131452,103088.0,1944-06-10,9,FRANCE,UNIDENTIFIED TARGET,UNIDENTIFIED TARGETS,49.12,-1.08,B26,,,,36.0,,,36.0,VISUAL
131427,166484.0,1944-06-10,9,FRANCE,UNIDENTIFIED TARGET,UNIDENTIFIED TARGETS,49.27,-0.72,B26,,,,48.0,,,48.0,VISUAL
131418,166485.0,1944-06-10,9,FRANCE,UNIDENTIFIED TARGET,UNIDENTIFIED TARGETS,49.2,-0.5,B26,,,20.0,10.0,,,10.0,VISUAL
131429,166486.0,1944-06-10,9,FRANCE,UNIDENTIFIED TARGET,UNIDENTIFIED TARGETS,49.2,-0.5,B26,,,,22.0,,,22.0,VISUAL
131432,166487.0,1944-06-10,9,FRANCE,UNIDENTIFIED TARGET,UNIDENTIFIED TARGETS,49.0,-1.23,B26,,,,24.0,,,24.0,VISUAL
131433,166488.0,1944-06-10,9,FRANCE,UNIDENTIFIED TARGET,UNIDENTIFIED TARGETS,49.0,-1.23,B26,,,,26.0,,,26.0,VISUAL
131406,166492.0,1944-06-10,9,FRANCE,UNIDENTIFIED TARGET,UNIDENTIFIED TARGETS,49.63,-1.3,B26,,,70.0,55.0,,,55.0,VISUAL
131420,166493.0,1944-06-10,9,FRANCE,UNIDENTIFIED TARGET,UNIDENTIFIED TARGETS,49.12,-1.08,B26,,,20.0,23.0,,,23.0,VISUAL
131453,166494.0,1944-06-10,9,FRANCE,UNIDENTIFIED TARGET,UNIDENTIFIED TARGETS,49.12,-1.08,B26,,,,36.0,,,36.0,VISUAL
131422,206179.0,1944-06-10,9,FRANCE,BRIDGE,BRIDGES,48.7,-1.35,B26,,,17.0,24.0,,,24.0,VISUAL
131425,206180.0,1944-06-10,9,FRANCE,BRIDGE,BRIDGES,48.7,-1.35,B26,,,,48.0,,,48.0,VISUAL
131410,206181.0,1944-06-10,9,FRANCE,RD JCT,HIGHWAYS AND VEHICLES,49.48,-1.3,B26,,,55.0,35.0,,,35.0,VISUAL
131414,206182.0,1944-06-10,9,FRANCE,M T,HIGHWAYS AND VEHICLES,48.9,-0.2,B26,,,25.0,24.0,,,24.0,VISUAL
131436,206183.0,1944-06-10,9,FRANCE,M T,HIGHWAYS AND VEHICLES,48.9,-0.2,B26,,,,48.0,,,48.0,VISUAL
131416,206184.0,1944-06-10,9,FRANCE,BRIDGE,BRIDGES,46.67,-1.77,B26,,,23.0,16.0,,,16.0,VISUAL
131444,206185.0,1944-06-10,9,FRANCE,BRIDGE,BRIDGES,46.67,-1.77,B26,,,,50.0,,,50.0,VISUAL
131404,206186.0,1944-06-10,9,FRANCE,BRIDGE,BRIDGES,49.12,-1.08,B26,,,105.0,22.0,,,22.0,VISUAL
131454,206187.0,1944-06-10,9,FRANCE,BRIDGE,BRIDGES,49.12,-1.08,B26,,,,48.0,,,48.0,VISUAL
131408,206189.0,1944-06-10,9,FRANCE,HIGHWAY BRIDGE,BRIDGES,49.5,-1.47,B26,,,60.0,24.0,,,24.0,VISUAL
131456,206190.0,1944-06-10,9,FRANCE,HIGHWAY BRIDGE,BRIDGES,49.5,-1.47,B26,,,,43.0,,,43.0,VISUAL
131439,206222.0,1944-06-10,9,FRANCE,AIRDROME,AIR FIELDS AND AIRDROMES,48.12,-2.22,B17,4.0,1.0,,2.0,,,2.0,NOT INDICATED
131401,206223.0,1944-06-10,9,FRANCE,AIRDROME,AIR FIELDS AND AIRDROMES,48.12,-2.22,B17,4.0,17.0,200.0,30.0,,,30.0,VISUAL
131440,206224.0,1944-06-10,9,FRANCE,AIRDROME,AIR FIELDS AND AIRDROMES,48.12,-2.22,B17,4.0,1.0,,2.0,,,2.0,NOT INDICATED
131098,206225.0,1944-06-10,9,FRANCE,AIRDROME,AIR FIELDS AND AIRDROMES,48.12,-2.22,B17,4.0,17.0,230.0,38.0,,,38.0,F.F.F.
131423,206265.0,1944-06-10,9,FRANCE,GUN POSITION,GUN EMPLACEMENTS,49.67,-1.27,B26,,,4.0,20.0,,,20.0,VISUAL
131447,206266.0,1944-06-10,9,FRANCE,GUN EMPLACEMENTS,GUN EMPLACEMENTS,49.52,-1.3,B26,,,,48.0,,,48.0,VISUAL
131448,206267.0,1944-06-10,9,FRANCE,GUN EMPLACEMENTS,GUN EMPLACEMENTS,49.52,-1.3,B26,,,,16.0,,,16.0,VISUAL
131412,206268.0,1944-06-10,9,FRANCE,GUN POSITION,GUN EMPLACEMENTS,49.67,-1.27,B26,,,40.0,20.0,,,20.0,VISUAL
131449,206269.0,1944-06-10,9,FRANCE,GUN EMPLACEMENTS,GUN EMPLACEMENTS,49.52,-1.3,B26,,,,48.0,,,48.0,VISUAL
131450,206270.0,1944-06-10,9,FRANCE,GUN EMPLACEMENTS,GUN EMPLACEMENTS,49.52,-1.3,B26,,,,16.0,,,16.0,VISUAL
131441,206290.0,1944-06-10,9,FRANCE,AIRDROME,AIR FIELDS AND AIRDROMES,48.12,-2.22,B17,4.0,1.0,,2.0,,,2.0,NOT INDICATED
131402,206291.0,1944-06-10,9,FRANCE,AIRDROME,AIR FIELDS AND AIRDROMES,48.12,-2.22,B17,4.0,17.0,200.0,30.0,,,30.0,VISUAL
131442,206292.0,1944-06-10,9,FRANCE,AIRDROME,AIR FIELDS AND AIRDROMES,48.12,-2.22,B17,4.0,1.0,,2.0,,,2.0,NOT INDICATED
131099,206293.0,1944-06-10,9,FRANCE,AIRDROME,AIR FIELDS AND AIRDROMES,48.12,-2.22,B17,4.0,17.0,230.0,38.0,,,38.0,F.F.F.
133101,103094.0,1944-06-11,9,FRANCE,BRIDGES,BRIDGES,48.63,-1.37,B26,,,90.0,70.0,,,70.0,VISUAL
133172,103113.0,1944-06-11,8,FRANCE,AIRDROME,AIR FIELDS AND AIRDROMES,48.58,-1.98,B17,4.0,3.0,,5.0,,,5.0,NOT INDICATED
133135,103114.0,1944-06-11,8,FRANCE,AIRDROME,AIR FIELDS AND AIRDROMES,48.58,-1.98,B17,4.0,33.0,230.0,80.0,,,80.0,F.F.F.
133173,103115.0,1944-06-11,8,FRANCE,AIRDROME,AIR FIELDS AND AIRDROMES,48.58,-1.98,B17,3.0,1.0,,2.0,,,2.0,NOT INDICATED
133156,103121.0,1944-06-11,8,FRANCE,TACTICAL TARGETS,TACTICAL TARGETS: (UNIDENTIFIED OR NOT LISTED BELOW),48.0,-1.93,B24,1.0,3.0,,12.0,,,12.0,NOT INDICATED
133123,103129.0,1944-06-11,9,FRANCE,TACTICAL TARGET,TACTICAL TARGETS: (UNIDENTIFIED OR NOT LISTED BELOW),48.12,-1.67,B24,1.0,1.0,,4.0,,,4.0,NOT INDICATED
133149,103134.0,1944-06-11,8,FRANCE,AIRDROME,AIR FIELDS AND AIRDROMES,49.07,0.78,B17,4.0,18.0,147.0,39.0,,,39.0,F.F.F.
133152,103135.0,1944-06-11,8,FRANCE,AIRDROME,AIR FIELDS AND AIRDROMES,49.07,0.78,B17,4.0,19.0,145.0,43.0,,,43.0,F.F.F.
133158,103136.0,1944-06-11,8,FRANCE,AIRDROME,AIR FIELDS AND AIRDROMES,49.07,0.78,B24,4.0,,,6.0,,,6.0,NOT INDICATED
133142,103137.0,1944-06-11,8,FRANCE,AIRDROME,AIR FIELDS AND AIRDROMES,49.07,0.78,B24,4.0,15.0,205.0,24.0,,,24.0,F.F.F.
133159,103138.0,1944-06-11,8,FRANCE,AIRDROME,AIR FIELDS AND AIRDROMES,49.07,0.78,B24,4.0,2.0,,3.0,,,3.0,NOT INDICATED
133146,103139.0,1944-06-11,8,FRANCE,AIRDROME,AIR FIELDS AND AIRDROMES,49.07,0.78,B24,4.0,21.0,199.0,60.0,,,60.0,F.F.F.
133160,103140.0,1944-06-11,8,FRANCE,AIRDROME,AIR FIELDS AND AIRDROMES,49.07,0.78,B24,1.0,1.0,,3.0,,,3.0,NOT INDICATED
133161,103141.0,1944-06-11,8,FRANCE,AIRDROME,AIR FIELDS AND AIRDROMES,49.07,0.78,B24,1.0,17.0,,41.0,,,41.0,NOT INDICATED
133103,103142.0,1944-06-11,9,FRANCE,TILLIE AD,AIR FIELDS AND AIRDROMES,49.43,-2.08,B24,4.0,7.0,65.0,21.0,,,21.0,VISUAL
132695,103143.0,1944-06-11,9,FRANCE,TILLIE AD,AIR FIELDS AND AIRDROMES,49.43,-2.08,B24,4.0,21.0,200.0,61.0,,,61.0,VISUAL
133109,103155.0,1944-06-11,9,FRANCE,TILLIE AD,AIR FIELDS AND AIRDROMES,49.43,-2.08,B24,4.0,1.0,,2.0,,,2.0,NOT INDICATED
133110,103156.0,1944-06-11,9,FRANCE,TILLIE AD,AIR FIELDS AND AIRDROMES,49.43,-2.08,B24,1.0,1.0,,2.0,,,2.0,NOT INDICATED
133111,103157.0,1944-06-11,9,FRANCE,TILLIE AD,AIR FIELDS AND AIRDROMES,49.43,-2.08,B24,1.0,1.0,,3.0,,,3.0,NOT INDICATED
133112,103158.0,1944-06-11,9,FRANCE,TILLIE AD,AIR FIELDS AND AIRDROMES,49.43,-2.08,B24,1.0,,,24.0,,,24.0,NOT INDICATED
132696,103159.0,1944-06-11,9,FRANCE,TILLIE AD,AIR FIELDS AND AIRDROMES,49.43,-2.08,B24,1.0,11.0,200.0,3.0,,,3.0,F.F.F.
133170,166548.0,1944-06-11,8,FRANCE,BRIDGE,BRIDGES,48.13,-1.97,B24,4.0,1.0,,2.0,,,2.0,NOT INDICATED
133145,166549.0,1944-06-11,8,FRANCE,BRIDGE,BRIDGES,48.13,-1.97,B24,4.0,6.0,203.0,24.0,,,24.0,F.F.F.
133138,166550.0,1944-06-11,8,FRANCE,BRIDGE,BRIDGES,48.13,-1.97,B24,1.0,12.0,210.0,48.0,,,48.0,F.F.F.
133171,166551.0,1944-06-11,8,FRANCE,BRIDGE,BRIDGES,48.13,-1.97,B24,1.0,1.0,,1.0,,,1.0,NOT INDICATED
132691,166552.0,1944-06-11,9,FRANCE,BRIDGES,BRIDGES,48.63,-1.37,B17,4.0,5.0,220.0,10.0,,,10.0,F.F.F.
133121,166553.0,1944-06-11,9,FRANCE,BRIDGES,BRIDGES,48.63,-1.37,B17,4.0,4.0,,6.0,,,6.0,NOT INDICATED
132689,166554.0,1944-06-11,9,FRANCE,BRIDGES,BRIDGES,48.63,-1.37,B17,4.0,17.0,230.0,32.0,,,32.0,F.F.F.
132690,166555.0,1944-06-11,9,FRANCE,BRIDGES,BRIDGES,48.63,-1.37,B17,4.0,22.0,229.0,44.0,,,44.0,F.F.F.
133102,206337.0,1944-06-11,9,FRANCE,BRIDGES,BRIDGES,48.63,-1.37,B26,,,90.0,70.0,,,70.0,VISUAL
133174,206353.0,1944-06-11,8,FRANCE,AIRDROME,AIR FIELDS AND AIRDROMES,48.58,-1.98,B17,4.0,3.0,,5.0,,,5.0,NOT INDICATED
133136,206354.0,1944-06-11,8,FRANCE,AIRDROME,AIR FIELDS AND AIRDROMES,48.58,-1.98,B17,4.0,33.0,230.0,80.0,,,80.0,F.F.F.
133175,206355.0,1944-06-11,8,FRANCE,AIRDROME,AIR FIELDS AND AIRDROMES,48.58,-1.98,B17,3.0,1.0,,2.0,,,2.0,NOT INDICATED
133150,206365.0,1944-06-11,8,FRANCE,AIRDROME,AIR FIELDS AND AIRDROMES,49.07,0.78,B17,4.0,18.0,147.0,39.0,,,39.0,F.F.F.
133153,206366.0,1944-06-11,8,FRANCE,AIRDROME,AIR FIELDS AND AIRDROMES,49.07,0.78,B17,4.0,19.0,145.0,43.0,,,43.0,F.F.F.
133162,206367.0,1944-06-11,8,FRANCE,AIRDROME,AIR FIELDS AND AIRDROMES,49.07,0.78,B24,4.0,,,6.0,,,6.0,NOT INDICATED
133143,206368.0,1944-06-11,8,FRANCE,AIRDROME,AIR FIELDS AND AIRDROMES,49.07,0.78,B24,4.0,15.0,205.0,24.0,,,24.0,F.F.F.
133163,206369.0,1944-06-11,8,FRANCE,AIRDROME,AIR FIELDS AND AIRDROMES,49.07,0.78,B24,4.0,2.0,,3.0,,,3.0,NOT INDICATED
133147,206370.0,1944-06-11,8,FRANCE,AIRDROME,AIR FIELDS AND AIRDROMES,49.07,0.78,B24,4.0,21.0,199.0,60.0,,,60.0,F.F.F.
133164,206371.0,1944-06-11,8,FRANCE,AIRDROME,AIR FIELDS AND AIRDROMES,49.07,0.78,B24,1.0,1.0,,3.0,,,3.0,NOT INDICATED
133165,206372.0,1944-06-11,8,FRANCE,AIRDROME,AIR FIELDS AND AIRDROMES,49.07,0.78,B24,1.0,17.0,,41.0,,,41.0,NOT INDICATED
133104,206373.0,1944-06-11,9,FRANCE,TILLIE AD,AIR FIELDS AND AIRDROMES,49.43,-2.08,B24,4.0,7.0,65.0,21.0,,,21.0,VISUAL
132697,206374.0,1944-06-11,9,FRANCE,TILLIE AD,AIR FIELDS AND AIRDROMES,49.43,-2.08,B24,4.0,21.0,200.0,61.0,,,61.0,VISUAL
133113,206386.0,1944-06-11,9,FRANCE,TILLIE AD,AIR FIELDS AND AIRDROMES,49.43,-2.08,B24,4.0,1.0,,2.0,,,2.0,NOT INDICATED
133114,206387.0,1944-06-11,9,FRANCE,TILLIE AD,AIR FIELDS AND AIRDROMES,49.43,-2.08,B24,1.0,1.0,,2.0,,,2.0,NOT INDICATED
133115,206388.0,1944-06-11,9,FRANCE,TILLIE AD,AIR FIELDS AND AIRDROMES,49.43,-2.08,B24,1.0,1.0,,3.0,,,3.0,NOT INDICATED
133116,206389.0,1944-06-11,9,FRANCE,TILLIE AD,AIR FIELDS AND AIRDROMES,49.43,-2.08,B24,1.0,,,24.0,,,24.0,NOT INDICATED
132698,206390.0,1944-06-11,9,FRANCE,TILLIE AD,AIR FIELDS AND AIRDROMES,49.43,-2.08,B24,1.0,11.0,200.0,3.0,,,3.0,F.F.F.
133155,206394.0,1944-06-11,8,FRANCE,TACTICAL TARGETS,TACTICAL TARGETS: (UNIDENTIFIED OR NOT LISTED BELOW),48.0,-1.93,B24,1.0,3.0,,12.0,,,12.0,NOT INDICATED
133122,206402.0,1944-06-11,9,FRANCE,TACTICAL TARGET,TACTICAL TARGETS: (UNIDENTIFIED OR NOT LISTED BELOW),48.12,-1.67,B24,1.0,1.0,,4.0,,,4.0,NOT INDICATED
133157,206403.0,1944-06-11,8,FRANCE,TACTICAL TARGETS,TACTICAL TARGETS: (UNIDENTIFIED OR NOT LISTED BELOW),48.0,-1.93,B24,1.0,3.0,,12.0,,,12.0,NOT INDICATED
133124,206411.0,1944-06-11,9,FRANCE,TACTICAL TARGET,TACTICAL TARGETS: (UNIDENTIFIED OR NOT LISTED BELOW),48.12,-1.67,B24,1.0,1.0,,4.0,,,4.0,NOT INDICATED
133176,206415.0,1944-06-11,8,FRANCE,AIRDROME,AIR FIELDS AND AIRDROMES,48.58,-1.98,B17,4.0,3.0,,5.0,,,5.0,NOT INDICATED
133137,206416.0,1944-06-11,8,FRANCE,AIRDROME,AIR FIELDS AND AIRDROMES,48.58,-1.98,B17,4.0,33.0,230.0,80.0,,,80.0,F.F.F.
133177,206417.0,1944-06-11,8,FRANCE,AIRDROME,AIR FIELDS AND AIRDROMES,48.58,-1.98,B17,3.0,1.0,,2.0,,,2.0,NOT INDICATED
133151,206422.0,1944-06-11,8,FRANCE,AIRDROME,AIR FIELDS AND AIRDROMES,49.07,0.78,B17,4.0,18.0,147.0,39.0,,,39.0,F.F.F.
133154,206423.0,1944-06-11,8,FRANCE,AIRDROME,AIR FIELDS AND AIRDROMES,49.07,0.78,B17,4.0,19.0,145.0,43.0,,,43.0,F.F.F.
133166,206424.0,1944-06-11,8,FRANCE,AIRDROME,AIR FIELDS AND AIRDROMES,49.07,0.78,B24,4.0,,,6.0,,,6.0,NOT INDICATED
133144,206425.0,1944-06-11,8,FRANCE,AIRDROME,AIR FIELDS AND AIRDROMES,49.07,0.78,B24,4.0,15.0,205.0,24.0,,,24.0,F.F.F.
133167,206426.0,1944-06-11,8,FRANCE,AIRDROME,AIR FIELDS AND AIRDROMES,49.07,0.78,B24,4.0,2.0,,3.0,,,3.0,NOT INDICATED
133148,206427.0,1944-06-11,8,FRANCE,AIRDROME,AIR FIELDS AND AIRDROMES,49.07,0.78,B24,4.0,21.0,199.0,60.0,,,60.0,F.F.F.
133168,206428.0,1944-06-11,8,FRANCE,AIRDROME,AIR FIELDS AND AIRDROMES,49.07,0.78,B24,1.0,1.0,,3.0,,,3.0,NOT INDICATED
133169,206429.0,1944-06-11,8,FRANCE,AIRDROME,AIR FIELDS AND AIRDROMES,49.07,0.78,B24,1.0,17.0,,41.0,,,41.0,NOT INDICATED
133105,206430.0,1944-06-11,9,FRANCE,TILLIE AD,AIR FIELDS AND AIRDROMES,49.43,-2.08,B24,4.0,7.0,65.0,21.0,,,21.0,VISUAL
132699,206431.0,1944-06-11,9,FRANCE,TILLIE AD,AIR FIELDS AND AIRDROMES,49.43,-2.08,B24,4.0,21.0,200.0,61.0,,,61.0,VISUAL
133117,206432.0,1944-06-11,9,FRANCE,TILLIE AD,AIR FIELDS AND AIRDROMES,49.43,-2.08,B24,4.0,1.0,,2.0,,,2.0,NOT INDICATED
133118,206433.0,1944-06-11,9,FRANCE,TILLIE AD,AIR FIELDS AND AIRDROMES,49.43,-2.08,B24,1.0,1.0,,2.0,,,2.0,NOT INDICATED
133119,206434.0,1944-06-11,9,FRANCE,TILLIE AD,AIR FIELDS AND AIRDROMES,49.43,-2.08,B24,1.0,1.0,,3.0,,,3.0,NOT INDICATED
133120,206435.0,1944-06-11,9,FRANCE,TILLIE AD,AIR FIELDS AND AIRDROMES,49.43,-2.08,B24,1.0,,,24.0,,,24.0,NOT INDICATED
132700,206436.0,1944-06-11,9,FRANCE,TILLIE AD,AIR FIELDS AND AIRDROMES,49.43,-2.08,B24,1.0,11.0,200.0,3.0,,,3.0,F.F.F.
134365,103169.0,1944-06-12,9,FRANCE,UNIDENTIFIED TARGET,UNIDENTIFIED TARGETS,48.73,-0.02,B26,,,,24.0,,,24.0,VISUAL
134359,103170.0,1944-06-12,9,FRANCE,UNIDENTIFIED TARGET,UNIDENTIFIED TARGETS,48.73,-0.02,B26,,,120.0,42.0,,,42.0,VISUAL
134363,103171.0,1944-06-12,9,FRANCE,UNIDENTIFIED TARGET,UNIDENTIFIED TARGETS,48.83,-1.58,B26,,,50.0,68.0,,,68.0,VISUAL
134373,103177.0,1944-06-12,9,FRANCE,RD JUNCTION,HIGHWAYS AND VEHICLES,48.85,-0.55,B26,,,,48.0,,,48.0,NOT INDICATED
134374,103178.0,1944-06-12,9,FRANCE,RD JUNCTION,HIGHWAYS AND VEHICLES,48.85,-0.55,B26,,,,23.0,,,23.0,VISUAL
134377,103180.0,1944-06-12,9,FRANCE,M T,HIGHWAYS AND VEHICLES,48.9,-0.2,B26,,,,43.0,,,43.0,VISUAL
134378,103181.0,1944-06-12,9,FRANCE,M T,HIGHWAYS AND VEHICLES,48.9,-0.2,B26,,,,23.0,,,23.0,VISUAL
134385,103190.0,1944-06-12,9,FRANCE,MARSHALLING YARD,"""RR INSTALLATIONS,  TRACKS,  MARSHALLING YARDS,  AND STATIONS""",48.12,-1.67,B26,,,,23.0,,,23.0,VISUAL
134361,103191.0,1944-06-12,9,FRANCE,MARSHALLING YARD,"""RR INSTALLATIONS,  TRACKS,  MARSHALLING YARDS,  AND STATIONS""",48.12,-1.67,B26,,,105.0,47.0,,,47.0,VISUAL
134392,103192.0,1944-06-12,9,FRANCE,BRIDGE,BRIDGES,49.12,-1.08,B26,,,,46.0,,,46.0,VISUAL
134393,103193.0,1944-06-12,9,FRANCE,ROADS,HIGHWAYS AND VEHICLES,49.12,-1.08,B26,,,,24.0,,,24.0,VISUAL
134708,103239.0,1944-06-12,8,FRANCE,AIRDROME,AIR FIELDS AND AIRDROMES,49.07,0.78,B17,3.0,12.0,,30.0,,,30.0,NOT INDICATED
134400,103240.0,1944-06-12,8,FRANCE,AIRDROME,AIR FIELDS AND AIRDROMES,49.07,0.78,B24,3.0,38.0,220.0,31.0,,80.0,111.0,VISUAL
134367,103241.0,1944-06-12,9,FRANCE,TILLIE AD,AIR FIELDS AND AIRDROMES,49.43,-2.08,B24,4.0,,,29.0,,,29.0,NOT INDICATED
134345,103242.0,1944-06-12,9,FRANCE,TILLIE AD,AIR FIELDS AND AIRDROMES,49.43,-2.08,B24,4.0,26.0,220.0,35.0,,,35.0,VISUAL
134368,103262.0,1944-06-12,9,FRANCE,TILLIE AD,AIR FIELDS AND AIRDROMES,49.43,-2.08,B24,4.0,,,27.0,,,27.0,NOT INDICATED
134346,103263.0,1944-06-12,9,FRANCE,TILLIE AD,AIR FIELDS AND AIRDROMES,49.43,-2.08,B24,4.0,37.0,220.0,62.0,,,62.0,VISUAL
134351,103264.0,1944-06-12,9,FRANCE,TILLIE AD,AIR FIELDS AND AIRDROMES,49.43,-2.08,B24,4.0,21.0,215.0,27.0,,27.0,54.0,VISUAL
134354,103265.0,1944-06-12,9,FRANCE,TILLIE AD,AIR FIELDS AND AIRDROMES,49.43,-2.08,B24,4.0,10.0,210.0,,,33.0,33.0,VISUAL
134381,103274.0,1944-06-12,9,FRANCE,UNIDENTIFIED TARGET,UNIDENTIFIED TARGETS,49.28,-1.53,A20,,,,43.0,,,43.0,VISUAL
134366,166568.0,1944-06-12,9,FRANCE,UNIDENTIFIED TARGET,UNIDENTIFIED TARGETS,48.73,-0.02,B26,,,,24.0,,,24.0,VISUAL
134360,166569.0,1944-06-12,9,FRANCE,UNIDENTIFIED TARGET,UNIDENTIFIED TARGETS,48.73,-0.02,B26,,,120.0,42.0,,,42.0,VISUAL
134364,166570.0,1944-06-12,9,FRANCE,UNIDENTIFIED TARGET,UNIDENTIFIED TARGETS,48.83,-1.58,B26,,,50.0,68.0,,,68.0,VISUAL
134382,166571.0,1944-06-12,9,FRANCE,UNIDENTIFIED TARGET,UNIDENTIFIED TARGETS,49.28,-1.53,A20,,,,43.0,,,43.0,VISUAL
134711,166579.0,1944-06-12,8,FRANCE,BRIDGE,BRIDGES,48.13,-1.97,B24,4.0,3.0,,6.0,,,6.0,NOT INDICATED
134712,166580.0,1944-06-12,8,FRANCE,BRIDGE,BRIDGES,48.13,-1.97,B24,4.0,11.0,,44.0,,,44.0,NOT INDICATED
134704,166581.0,1944-06-12,8,FRANCE,BRIDGE,BRIDGES,48.13,-1.97,B24,4.0,21.0,200.0,84.0,,,84.0,VISUAL
134713,166582.0,1944-06-12,8,FRANCE,BRIDGE,BRIDGES,47.93,-2.38,B24,4.0,5.0,,10.0,,,10.0,NOT INDICATED
134714,166583.0,1944-06-12,8,FRANCE,BRIDGE,BRIDGES,47.93,-2.38,B24,4.0,9.0,,27.0,,,27.0,NOT INDICATED
134705,166584.0,1944-06-12,8,FRANCE,BRIDGE,BRIDGES,47.93,-2.38,B24,4.0,12.0,200.0,48.0,,,48.0,VISUAL
134706,166585.0,1944-06-12,8,FRANCE,BRIDGE,BRIDGES,47.93,-2.38,B24,4.0,13.0,200.0,52.0,,,52.0,F.F.F.
134703,166586.0,1944-06-12,8,FRANCE,BRIDGE,BRIDGES,47.93,-2.38,B24,3.0,20.0,204.0,80.0,,,80.0,F.F.F.
134383,166587.0,1944-06-12,9,FRANCE,BRIDGES,BRIDGES,48.63,-1.37,B17,4.0,,,25.0,,25.0,50.0,NOT INDICATED
134384,166588.0,1944-06-12,9,FRANCE,BRIDGES,BRIDGES,48.63,-1.37,B17,4.0,1.0,,2.0,,,2.0,NOT INDICATED
134357,166589.0,1944-06-12,9,FRANCE,BRIDGES,BRIDGES,48.63,-1.37,B17,4.0,36.0,200.0,132.0,,,132.0,VISUAL
134386,166590.0,1944-06-12,9,FRANCE,BRIDGE,BRIDGES,48.12,-1.67,B24,4.0,,,1.0,,,1.0,NOT INDICATED
134387,166591.0,1944-06-12,9,FRANCE,BRIDGE,BRIDGES,48.12,-1.67,B24,4.0,3.0,,8.0,,,8.0,NOT INDICATED
134388,166592.0,1944-06-12,9,FRANCE,BRIDGE,BRIDGES,48.12,-1.67,B24,4.0,8.0,,31.0,,,31.0,NOT INDICATED
134390,166593.0,1944-06-12,9,FRANCE,BRIDGE,BRIDGES,48.12,-1.67,B24,4.0,,,4.0,,,4.0,NOT INDICATED
134391,166594.0,1944-06-12,9,FRANCE,BRIDGE,BRIDGES,48.12,-1.67,B24,4.0,6.0,,17.0,,,17.0,NOT INDICATED
134396,166595.0,1944-06-12,9,FRANCE,MARSHALLING YARD,"""RR INSTALLATIONS,  TRACKS,  MARSHALLING YARDS,  AND STATIONS""",50.63,2.37,B24,1.0,1.0,,3.0,,,3.0,NOT INDICATED
134707,166597.0,1944-06-12,8,FRANCE,BRIDGE,BRIDGES,48.55,-1.95,B17,2.0,39.0,200.0,132.0,,,132.0,VISUAL
134375,206465.0,1944-06-12,9,FRANCE,RD JUNCTION,HIGHWAYS AND VEHICLES,48.85,-0.55,B26,,,,48.0,,,48.0,NOT INDICATED
134376,206466.0,1944-06-12,9,FRANCE,RD JUNCTION,HIGHWAYS AND VEHICLES,48.85,-0.55,B26,,,,23.0,,,23.0,VISUAL
134379,206468.0,1944-06-12,9,FRANCE,M T,HIGHWAYS AND VEHICLES,48.9,-0.2,B26,,,,43.0,,,43.0,VISUAL
134380,206469.0,1944-06-12,9,FRANCE,M T,HIGHWAYS AND VEHICLES,48.9,-0.2,B26,,,,23.0,,,23.0,VISUAL
134389,206472.0,1944-06-12,9,FRANCE,MARSHALLING YARD,"""RR INSTALLATIONS,  TRACKS,  MARSHALLING YARDS,  AND STATIONS""",48.12,-1.67,B26,,,,23.0,,,23.0,VISUAL
134362,206473.0,1944-06-12,9,FRANCE,MARSHALLING YARD,"""RR INSTALLATIONS,  TRACKS,  MARSHALLING YARDS,  AND STATIONS""",48.12,-1.67,B26,,,105.0,47.0,,,47.0,VISUAL
134394,206474.0,1944-06-12,9,FRANCE,BRIDGE,BRIDGES,49.12,-1.08,B26,,,,46.0,,,46.0,VISUAL
134395,206475.0,1944-06-12,9,FRANCE,ROADS,HIGHWAYS AND VEHICLES,49.12,-1.08,B26,,,,24.0,,,24.0,VISUAL
134709,206528.0,1944-06-12,8,FRANCE,AIRDROME,AIR FIELDS AND AIRDROMES,49.07,0.78,B17,3.0,12.0,,30.0,,,30.0,NOT INDICATED
134701,206529.0,1944-06-12,8,FRANCE,AIRDROME,AIR FIELDS AND AIRDROMES,49.07,0.78,B24,3.0,38.0,220.0,31.0,,80.0,111.0,VISUAL
134369,206530.0,1944-06-12,9,FRANCE,TILLIE AD,AIR FIELDS AND AIRDROMES,49.43,-2.08,B24,4.0,,,29.0,,,29.0,NOT INDICATED
134347,206531.0,1944-06-12,9,FRANCE,TILLIE AD,AIR FIELDS AND AIRDROMES,49.43,-2.08,B24,4.0,26.0,220.0,35.0,,,35.0,VISUAL
134370,206551.0,1944-06-12,9,FRANCE,TILLIE AD,AIR FIELDS AND AIRDROMES,49.43,-2.08,B24,4.0,,,27.0,,,27.0,NOT INDICATED
134348,206552.0,1944-06-12,9,FRANCE,TILLIE AD,AIR FIELDS AND AIRDROMES,49.43,-2.08,B24,4.0,37.0,220.0,62.0,,,62.0,VISUAL
134352,206553.0,1944-06-12,9,FRANCE,TILLIE AD,AIR FIELDS AND AIRDROMES,49.43,-2.08,B24,4.0,21.0,215.0,27.0,,27.0,54.0,VISUAL
134355,206554.0,1944-06-12,9,FRANCE,TILLIE AD,AIR FIELDS AND AIRDROMES,49.43,-2.08,B24,4.0,10.0,210.0,,,33.0,33.0,VISUAL
134710,206597.0,1944-06-12,8,FRANCE,AIRDROME,AIR FIELDS AND AIRDROMES,49.07,0.78,B17,3.0,12.0,,30.0,,,30.0,NOT INDICATED
134702,206598.0,1944-06-12,8,FRANCE,AIRDROME,AIR FIELDS AND AIRDROMES,49.07,0.78,B24,3.0,38.0,220.0,31.0,,80.0,111.0,VISUAL
134371,206599.0,1944-06-12,9,FRANCE,TILLIE AD,AIR FIELDS AND AIRDROMES,49.43,-2.08,B24,4.0,,,29.0,,,29.0,NOT INDICATED
134349,206600.0,1944-06-12,9,FRANCE,TILLIE AD,AIR FIELDS AND AIRDROMES,49.43,-2.08,B24,4.0,26.0,220.0,35.0,,,35.0,VISUAL
134372,206601.0,1944-06-12,9,FRANCE,TILLIE AD,AIR FIELDS AND AIRDROMES,49.43,-2.08,B24,4.0,,,27.0,,,27.0,NOT INDICATED
134350,206602.0,1944-06-12,9,FRANCE,TILLIE AD,AIR FIELDS AND AIRDROMES,49.43,-2.08,B24,4.0,37.0,220.0,62.0,,,62.0,VISUAL
134353,206603.0,1944-06-12,9,FRANCE,TILLIE AD,AIR FIELDS AND AIRDROMES,49.43,-2.08,B24,4.0,21.0,215.0,27.0,,27.0,54.0,VISUAL
134356,206604.0,1944-06-12,9,FRANCE,TILLIE AD,AIR FIELDS AND AIRDROMES,49.43,-2.08,B24,4.0,10.0,210.0,,,33.0,33.0,VISUAL
135992,103285.0,1944-06-13,9,FRANCE,RR CARS,MOVING TRAINS & ROLLING STOCK,49.07,-0.05,B26,,,,,16.0,,16.0,VISUAL
135993,103286.0,1944-06-13,9,FRANCE,RR CARS,MOVING TRAINS & ROLLING STOCK,49.07,-0.05,B26,,,,12.0,,,12.0,VISUAL
135961,103296.0,1944-06-13,9,FRANCE,AIRDROME,AIR FIELDS AND AIRDROMES,49.13,2.28,B17,4.0,37.0,221.0,76.0,,,76.0,F.F.F.
135977,103297.0,1944-06-13,9,FRANCE,AIRDROME,AIR FIELDS AND AIRDROMES,49.13,2.28,B17,4.0,2.0,,4.0,,,4.0,NOT INDICATED
135978,103298.0,1944-06-13,9,FRANCE,AIRDROME,AIR FIELDS AND AIRDROMES,49.13,2.28,B17,4.0,2.0,,5.0,,,5.0,NOT INDICATED
135989,103305.0,1944-06-13,9,FRANCE,FUEL DUMP,SUPPLY DUMPS AND WAREHOUSES,48.58,-0.47,B26,,,,24.0,,,24.0,VISUAL
135968,103306.0,1944-06-13,9,FRANCE,FUEL DUMP,SUPPLY DUMPS AND WAREHOUSES,48.58,-0.47,B26,,,100.0,48.0,,,48.0,VISUAL
136217,103310.0,1944-06-13,8,GERMANY,BMW AERO ENG PLANT,ENGINE PLANTS,48.17,11.58,B24,4.0,24.0,225.0,,33.0,,33.0,NOT INDICATED
136220,103311.0,1944-06-13,8,GERMANY,BMW AERO ENG PLANT,ENGINE PLANTS,48.17,11.58,B24,4.0,39.0,220.0,110.0,,,110.0,NOT INDICATED
136224,103312.0,1944-06-13,8,GERMANY,BMW AERO ENG PLANT,ENGINE PLANTS,48.17,11.58,B24,4.0,17.0,205.0,41.0,,,41.0,NOT INDICATED
135958,103325.0,1944-06-13,9,GERMANY,MILBERTSHOVEN ORD DEPO,SUPPLY DUMPS AND WAREHOUSES,48.13,11.58,B24,4.0,33.0,225.0,66.0,,,66.0,NOT INDICATED
135952,103326.0,1944-06-13,9,GERMANY,MILBERTSHOVEN ORD DEPO,SUPPLY DUMPS AND WAREHOUSES,48.13,11.58,B24,4.0,31.0,235.0,,43.0,,43.0,NOT INDICATED
135953,103327.0,1944-06-13,9,GERMANY,MILBERTSHOVEN ORD DEPO,SUPPLY DUMPS AND WAREHOUSES,48.13,11.58,B24,4.0,24.0,235.0,48.0,,,48.0,NOT INDICATED
135983,103328.0,1944-06-13,9,FRANCE,TILLIE AD,AIR FIELDS AND AIRDROMES,49.43,-2.08,B17,4.0,2.0,,4.0,,,4.0,NOT INDICATED
135984,103329.0,1944-06-13,9,FRANCE,TILLIE AD,AIR FIELDS AND AIRDROMES,49.43,-2.08,B17,4.0,1.0,,1.0,,,1.0,NOT INDICATED
135965,103330.0,1944-06-13,9,FRANCE,TILLIE AD,AIR FIELDS AND AIRDROMES,49.43,-2.08,B17,4.0,53.0,209.0,118.0,,,118.0,F.F.F.
135974,103334.0,1944-06-13,9,FRANCE,UNIDENTIFIED TARGET,UNIDENTIFIED TARGETS,49.18,-1.42,B26,,,60.0,43.0,,,43.0,VISUAL
135999,103335.0,1944-06-13,9,FRANCE,UNIDENTIFIED TARGET,UNIDENTIFIED TARGETS,49.18,-1.42,B26,,,,20.0,,,20.0,VISUAL
136000,103336.0,1944-06-13,9,FRANCE,UNIDENTIFIED TARGET,UNIDENTIFIED TARGETS,49.18,-1.42,B26,,,,46.0,,,46.0,VISUAL
135970,103337.0,1944-06-13,9,FRANCE,UNIDENTIFIED TARGET,UNIDENTIFIED TARGETS,49.18,-1.42,B26,,,80.0,21.0,,,21.0,VISUAL
136203,103338.0,1944-06-13,9,FRANCE,UNIDENTIFIED TARGET,UNIDENTIFIED TARGETS,49.12,-1.08,B26,,,,24.0,,,24.0,VISUAL
136204,103339.0,1944-06-13,9,FRANCE,UNIDENTIFIED TARGET,UNIDENTIFIED TARGETS,49.12,-1.08,B26,,,,48.0,,,48.0,VISUAL
136207,103340.0,1944-06-13,9,FRANCE,UNIDENTIFIED TARGET,UNIDENTIFIED TARGETS,49.02,-0.03,B26,,,,24.0,,,24.0,VISUAL
135972,103341.0,1944-06-13,9,FRANCE,UNIDENTIFIED TARGET,UNIDENTIFIED TARGETS,49.02,-0.03,B26,,,80.0,34.0,,,34.0,VISUAL
135948,103345.0,1944-06-13,15,GERMANY,UNIDENTIFIED TARGET,UNIDENTIFIED TARGETS,48.4,11.73,B24,2.0,2.0,,,3.0,,3.0,NOT INDICATED
135997,103346.0,1944-06-13,9,GERMANY,UNIDENTIFIED TARGET,UNIDENTIFIED TARGETS,48.13,11.58,B24,3.0,13.0,,33.0,,,33.0,NOT INDICATED
136218,166598.0,1944-06-13,8,GERMANY,BMW AERO ENG PLANT,ENGINE PLANTS,48.17,11.58,B24,4.0,24.0,225.0,,33.0,,33.0,NOT INDICATED
136221,166599.0,1944-06-13,8,GERMANY,BMW AERO ENG PLANT,ENGINE PLANTS,48.17,11.58,B24,4.0,39.0,220.0,110.0,,,110.0,NOT INDICATED
136225,166600.0,1944-06-13,8,GERMANY,BMW AERO ENG PLANT,ENGINE PLANTS,48.17,11.58,B24,4.0,17.0,205.0,41.0,,,41.0,NOT INDICATED
135949,166604.0,1944-06-13,15,GERMANY,UNIDENTIFIED TARGET,UNIDENTIFIED TARGETS,48.4,11.73,B24,2.0,2.0,,,3.0,,3.0,NOT INDICATED
135998,166605.0,1944-06-13,9,GERMANY,UNIDENTIFIED TARGET,UNIDENTIFIED TARGETS,48.13,11.58,B24,3.0,13.0,,33.0,,,33.0,NOT INDICATED
135975,166613.0,1944-06-13,9,FRANCE,UNIDENTIFIED TARGET,UNIDENTIFIED TARGETS,49.18,-1.42,B26,,,60.0,43.0,,,43.0,VISUAL
136201,166614.0,1944-06-13,9,FRANCE,UNIDENTIFIED TARGET,UNIDENTIFIED TARGETS,49.18,-1.42,B26,,,,20.0,,,20.0,VISUAL
136202,166615.0,1944-06-13,9,FRANCE,UNIDENTIFIED TARGET,UNIDENTIFIED TARGETS,49.18,-1.42,B26,,,,46.0,,,46.0,VISUAL
135971,166616.0,1944-06-13,9,FRANCE,UNIDENTIFIED TARGET,UNIDENTIFIED TARGETS,49.18,-1.42,B26,,,80.0,21.0,,,21.0,VISUAL
136205,166617.0,1944-06-13,9,FRANCE,UNIDENTIFIED TARGET,UNIDENTIFIED TARGETS,49.12,-1.08,B26,,,,24.0,,,24.0,VISUAL
136206,166618.0,1944-06-13,9,FRANCE,UNIDENTIFIED TARGET,UNIDENTIFIED TARGETS,49.12,-1.08,B26,,,,48.0,,,48.0,VISUAL
136208,166619.0,1944-06-13,9,FRANCE,UNIDENTIFIED TARGET,UNIDENTIFIED TARGETS,49.02,-0.03,B26,,,,24.0,,,24.0,VISUAL
135973,166620.0,1944-06-13,9,FRANCE,UNIDENTIFIED TARGET,UNIDENTIFIED TARGETS,49.02,-0.03,B26,,,80.0,34.0,,,34.0,VISUAL
135947,166624.0,1944-06-13,15,GERMANY,UNIDENTIFIED TARGET,UNIDENTIFIED TARGETS,48.4,11.73,B24,2.0,2.0,,,3.0,,3.0,NOT INDICATED
135996,166625.0,1944-06-13,9,GERMANY,UNIDENTIFIED TARGET,UNIDENTIFIED TARGETS,48.13,11.58,B24,3.0,13.0,,33.0,,,33.0,NOT INDICATED
136219,166629.0,1944-06-13,8,GERMANY,BMW AERO ENG PLANT,ENGINE PLANTS,48.17,11.58,B24,4.0,24.0,225.0,,33.0,,33.0,NOT INDICATED
136222,166630.0,1944-06-13,8,GERMANY,BMW AERO ENG PLANT,ENGINE PLANTS,48.17,11.58,B24,4.0,39.0,220.0,110.0,,,110.0,NOT INDICATED
135951,166631.0,1944-06-13,12,GERMANY,AC ASSEMBLY PLANTS,AIRCRAFT FACTORIES AND ASSEMBLY PLANTS,48.37,10.88,B17,4.0,8.0,,20.0,,,20.0,NOT INDICATED
135942,166632.0,1944-06-13,15,GERMANY,BMW ENGINE WORKS,ENGINE PLANTS,48.13,11.58,B24,4.0,36.0,221.0,,48.0,,48.0,NOT INDICATED
135941,166633.0,1944-06-13,15,GERMANY,BMW ENGINE WORKS,ENGINE PLANTS,48.13,11.58,B24,4.0,33.0,225.0,98.0,,,98.0,NOT INDICATED
135945,166634.0,1944-06-13,15,GERMANY,BMW ENGINE WORKS,ENGINE PLANTS,48.13,11.58,B24,4.0,34.0,210.0,101.0,,,101.0,NOT INDICATED
135939,166635.0,1944-06-13,15,GERMANY,BMW ENGINE WORKS,ENGINE PLANTS,48.13,11.58,B24,4.0,35.0,228.0,103.0,,,103.0,NOT INDICATED
135938,166640.0,1944-06-13,15,AUSTRIA,MARSHALLING YARDS,"""RR INSTALLATIONS,  TRACKS,  MARSHALLING YARDS,  AND STATIONS""",47.27,11.38,B24,4.0,31.0,230.0,70.0,,,70.0,NOT INDICATED
136230,166641.0,1944-06-13,8,FRANCE,BRIDGE,BRIDGES,48.13,-1.97,B24,4.0,2.0,,3.0,,,3.0,NOT INDICATED
136226,166642.0,1944-06-13,8,FRANCE,BRIDGE,BRIDGES,48.13,-1.97,B24,4.0,10.0,202.0,25.0,,,25.0,VISUAL
136229,166643.0,1944-06-13,8,FRANCE,BRIDGE,BRIDGES,48.13,-1.97,B24,4.0,9.0,199.0,23.0,,,23.0,VISUAL
136231,166644.0,1944-06-13,8,FRANCE,BRIDGE,BRIDGES,47.93,-2.38,B24,4.0,1.0,,2.0,,,2.0,NOT INDICATED
136232,166645.0,1944-06-13,8,FRANCE,BRIDGE,BRIDGES,47.93,-2.38,B24,4.0,2.0,,3.0,,,3.0,NOT INDICATED
136233,166646.0,1944-06-13,8,FRANCE,BRIDGE,BRIDGES,47.93,-2.38,B24,4.0,1.0,,3.0,,,3.0,NOT INDICATED
136227,166647.0,1944-06-13,8,FRANCE,BRIDGE,BRIDGES,47.93,-2.38,B24,4.0,21.0,200.0,64.0,,,64.0,VISUAL
136228,166648.0,1944-06-13,8,FRANCE,BRIDGE,BRIDGES,47.9,-2.2,B24,4.0,9.0,200.0,23.0,,,23.0,VISUAL
135964,166654.0,1944-06-13,9,GERMANY,MARSHALLING YARD,"""RR INSTALLATIONS,  TRACKS,  MARSHALLING YARDS,  AND STATIONS""",48.13,11.58,B24,4.0,34.0,215.0,82.0,,,82.0,NOT INDICATED
136223,192459.0,1944-06-13,8,GERMANY,BMW AERO ENG PLANT,ENGINE PLANTS,48.17,11.58,B24,4.0,17.0,205.0,41.0,,,41.0,NOT INDICATED
135950,192460.0,1944-06-13,12,GERMANY,AC ASSEMBLY PLANTS,AIRCRAFT FACTORIES AND ASSEMBLY PLANTS,48.37,10.88,B17,4.0,4.0,,4.0,,,4.0,NOT INDICATED
135994,206628.0,1944-06-13,9,FRANCE,RR CARS,MOVING TRAINS & ROLLING STOCK,49.07,-0.05,B26,,,,,16.0,,16.0,VISUAL
135995,206629.0,1944-06-13,9,FRANCE,RR CARS,MOVING TRAINS & ROLLING STOCK,49.07,-0.05,B26,,,,12.0,,,12.0,VISUAL
135962,206647.0,1944-06-13,9,FRANCE,AIRDROME,AIR FIELDS AND AIRDROMES,49.13,2.28,B17,4.0,37.0,221.0,76.0,,,76.0,F.F.F.
135979,206648.0,1944-06-13,9,FRANCE,AIRDROME,AIR FIELDS AND AIRDROMES,49.13,2.28,B17,4.0,2.0,,4.0,,,4.0,NOT INDICATED
135980,206649.0,1944-06-13,9,FRANCE,AIRDROME,AIR FIELDS AND AIRDROMES,49.13,2.28,B17,4.0,2.0,,5.0,,,5.0,NOT INDICATED
135985,206666.0,1944-06-13,9,FRANCE,TILLIE AD,AIR FIELDS AND AIRDROMES,49.43,-2.08,B17,4.0,2.0,,4.0,,,4.0,NOT INDICATED
135986,206667.0,1944-06-13,9,FRANCE,TILLIE AD,AIR FIELDS AND AIRDROMES,49.43,-2.08,B17,4.0,1.0,,1.0,,,1.0,NOT INDICATED
135966,206668.0,1944-06-13,9,FRANCE,TILLIE AD,AIR FIELDS AND AIRDROMES,49.43,-2.08,B17,4.0,53.0,209.0,118.0,,,118.0,F.F.F.
135990,206674.0,1944-06-13,9,FRANCE,FUEL DUMP,SUPPLY DUMPS AND WAREHOUSES,48.58,-0.47,B26,,,,24.0,,,24.0,VISUAL
135976,206675.0,1944-06-13,9,FRANCE,FUEL DUMP,SUPPLY DUMPS AND WAREHOUSES,48.58,-0.47,B26,,,10.0,48.0,,,48.0,VISUAL
135991,206679.0,1944-06-13,9,FRANCE,FUEL DUMP,SUPPLY DUMPS AND WAREHOUSES,48.58,-0.47,B26,,,,24.0,,,24.0,VISUAL
135969,206680.0,1944-06-13,9,FRANCE,FUEL DUMP,SUPPLY DUMPS AND WAREHOUSES,48.58,-0.47,B26,,,100.0,48.0,,,48.0,VISUAL
135960,206682.0,1944-06-13,9,GERMANY,MILBERTSHOVEN ORD DEPO,SUPPLY DUMPS AND WAREHOUSES,48.13,11.58,B24,4.0,33.0,225.0,66.0,,,66.0,NOT INDICATED
135956,206683.0,1944-06-13,9,GERMANY,MILBERTSHOVEN ORD DEPO,SUPPLY DUMPS AND WAREHOUSES,48.13,11.58,B24,4.0,31.0,235.0,,43.0,,43.0,NOT INDICATED
135957,206684.0,1944-06-13,9,GERMANY,MILBERTSHOVEN ORD DEPO,SUPPLY DUMPS AND WAREHOUSES,48.13,11.58,B24,4.0,24.0,235.0,48.0,,,48.0,NOT INDICATED
135963,206689.0,1944-06-13,9,FRANCE,AIRDROME,AIR FIELDS AND AIRDROMES,49.13,2.28,B17,4.0,37.0,221.0,76.0,,,76.0,F.F.F.
135981,206690.0,1944-06-13,9,FRANCE,AIRDROME,AIR FIELDS AND AIRDROMES,49.13,2.28,B17,4.0,2.0,,4.0,,,4.0,NOT INDICATED
135982,206691.0,1944-06-13,9,FRANCE,AIRDROME,AIR FIELDS AND AIRDROMES,49.13,2.28,B17,4.0,2.0,,5.0,,,5.0,NOT INDICATED
135987,206692.0,1944-06-13,9,FRANCE,TILLIE AD,AIR FIELDS AND AIRDROMES,49.43,-2.08,B17,4.0,2.0,,4.0,,,4.0,NOT INDICATED
135988,206693.0,1944-06-13,9,FRANCE,TILLIE AD,AIR FIELDS AND AIRDROMES,49.43,-2.08,B17,4.0,1.0,,1.0,,,1.0,NOT INDICATED
135967,206694.0,1944-06-13,9,FRANCE,TILLIE AD,AIR FIELDS AND AIRDROMES,49.43,-2.08,B17,4.0,53.0,209.0,118.0,,,118.0,F.F.F.
135959,210740.0,1944-06-13,9,GERMANY,MILBERTSHOVEN ORD DEPO,SUPPLY DUMPS AND WAREHOUSES,48.13,11.58,B24,4.0,33.0,225.0,66.0,,,66.0,NOT INDICATED
135954,210741.0,1944-06-13,9,GERMANY,MILBERTSHOVEN ORD DEPO,SUPPLY DUMPS AND WAREHOUSES,48.13,11.58,B24,4.0,31.0,235.0,,43.0,,43.0,NOT INDICATED
135955,210877.0,1944-06-13,9,GERMANY,MILBERTSHOVEN ORD DEPO,SUPPLY DUMPS AND WAREHOUSES,48.13,11.58,B24,4.0,24.0,235.0,48.0,,,48.0,NOT INDICATED
135943,300043.0,1944-06-13,15,GERMANY,BMW ENGINE WORKS,ENGINE PLANTS,48.13,11.58,B24,4.0,36.0,221.0,,48.0,,48.0,NOT INDICATED
135944,300044.0,1944-06-13,15,GERMANY,BMW ENGINE WORKS,ENGINE PLANTS,48.13,11.58,B24,4.0,36.0,221.0,,48.0,,48.0,NOT INDICATED
135946,300045.0,1944-06-13,15,GERMANY,BMW ENGINE WORKS,ENGINE PLANTS,48.13,11.58,B24,4.0,34.0,210.0,101.0,,,101.0,NOT INDICATED
135940,300046.0,1944-06-13,15,GERMANY,BMW ENGINE WORKS,ENGINE PLANTS,48.13,11.58,B24,4.0,35.0,228.0,103.0,,,103.0,NOT INDICATED
137073,103347.0,1944-06-14,9,FRANCE,UNIDENTIFIED TARGET,UNIDENTIFIED TARGETS,49.05,-1.45,B26,,,,24.0,,,24.0,VISUAL
137056,103348.0,1944-06-14,9,FRANCE,UNIDENTIFIED TARGET,UNIDENTIFIED TARGETS,49.05,-1.45,B26,,,40.0,42.0,,,42.0,VISUAL
137048,103349.0,1944-06-14,9,FRANCE,UNIDENTIFIED TARGET,UNIDENTIFIED TARGETS,48.9,-0.2,B26,,,120.0,24.0,,,24.0,VISUAL
137050,103350.0,1944-06-14,9,FRANCE,UNIDENTIFIED TARGET,UNIDENTIFIED TARGETS,48.75,-0.57,A20,,,120.0,46.0,,,46.0,VISUAL
137042,103351.0,1944-06-14,9,FRANCE,ROAD JCT,HIGHWAYS AND VEHICLES,48.4,-0.63,B26,,,120.0,22.0,,,22.0,VISUAL
137061,103352.0,1944-06-14,9,FRANCE,ROAD JCT,HIGHWAYS AND VEHICLES,48.4,-0.63,B26,,,,50.0,,,50.0,VISUAL
137054,103353.0,1944-06-14,9,FRANCE,BRIDGES,BRIDGES,48.73,-0.02,B26,,,85.0,48.0,,,48.0,VISUAL
137044,103354.0,1944-06-14,9,FRANCE,BRIDGES,BRIDGES,48.73,-0.02,A20,,,120.0,45.0,,,45.0,VISUAL
137063,103355.0,1944-06-14,9,FRANCE,MARSHALLING YARD,"""RR INSTALLATIONS,  TRACKS,  MARSHALLING YARDS,  AND STATIONS""",48.73,-0.02,B26,,,,22.0,,,22.0,VISUAL
137074,103360.0,1944-06-14,9,FRANCE,MARSHALLING YARD,"""RR INSTALLATIONS,  TRACKS,  MARSHALLING YARDS,  AND STATIONS""",49.05,-1.45,B26,,,,12.0,,,12.0,VISUAL
137046,103361.0,1944-06-14,9,FRANCE,MARSHALLING YARD,"""RR INSTALLATIONS,  TRACKS,  MARSHALLING YARDS,  AND STATIONS""",49.05,-1.45,B26,,,120.0,2.0,,,2.0,VISUAL
137077,103364.0,1944-06-14,9,FRANCE,MARSHALLING YARD,"""RR INSTALLATIONS,  TRACKS,  MARSHALLING YARDS,  AND STATIONS""",48.75,-0.57,B26,,,,23.0,,,23.0,VISUAL
137052,103365.0,1944-06-14,9,FRANCE,MARSHALLING YARD,"""RR INSTALLATIONS,  TRACKS,  MARSHALLING YARDS,  AND STATIONS""",48.75,-0.57,B26,,,105.0,48.0,,,48.0,VISUAL
137079,103368.0,1944-06-14,9,FRANCE,MARSHALLING YARD,"""RR INSTALLATIONS,  TRACKS,  MARSHALLING YARDS,  AND STATIONS""",49.07,-0.05,B26,,,,45.0,,,45.0,VISUAL
137058,103440.0,1944-06-14,9,FRANCE,GUN EMPLACEMENTS,GUN EMPLACEMENTS,49.52,-1.3,B26,,,30.0,57.0,,,57.0,VISUAL
137065,103476.0,1944-06-14,9,FRANCE,TILLIE AD,AIR FIELDS AND AIRDROMES,49.43,-2.08,B24,4.0,8.0,,24.0,,,24.0,NOT INDICATED
137066,103477.0,1944-06-14,9,FRANCE,TILLIE AD,AIR FIELDS AND AIRDROMES,49.43,-2.08,B24,4.0,,,5.0,,,5.0,NOT INDICATED
137039,103478.0,1944-06-14,9,FRANCE,TILLIE AD,AIR FIELDS AND AIRDROMES,49.43,-2.08,B24,4.0,11.0,225.0,28.0,,,28.0,VISUAL
137082,103481.0,1944-06-14,8,FRANCE,UNIDENTIFIED TARGET,UNIDENTIFIED TARGETS,46.18,-0.47,B24,4.0,39.0,185.0,98.0,,,98.0,VISUAL
137087,103483.0,1944-06-14,8,FRANCE,UNIDENTIFIED TARGET,UNIDENTIFIED TARGETS,48.25,8.0,B17,2.0,1.0,,3.0,,,3.0,NOT INDICATED
137083,166665.0,1944-06-14,8,FRANCE,UNIDENTIFIED TARGET,UNIDENTIFIED TARGETS,46.18,-0.47,B24,4.0,39.0,185.0,98.0,,,98.0,VISUAL
137088,166666.0,1944-06-14,8,FRANCE,UNIDENTIFIED TARGET,UNIDENTIFIED TARGETS,48.25,8.0,B17,2.0,1.0,,3.0,,,3.0,NOT INDICATED
137075,166669.0,1944-06-14,9,FRANCE,UNIDENTIFIED TARGET,UNIDENTIFIED TARGETS,49.05,-1.45,B26,,,,24.0,,,24.0,VISUAL
137057,166670.0,1944-06-14,9,FRANCE,UNIDENTIFIED TARGET,UNIDENTIFIED TARGETS,49.05,-1.45,B26,,,40.0,42.0,,,42.0,VISUAL
137049,166671.0,1944-06-14,9,FRANCE,UNIDENTIFIED TARGET,UNIDENTIFIED TARGETS,48.9,-0.2,B26,,,120.0,24.0,,,24.0,VISUAL
137051,166672.0,1944-06-14,9,FRANCE,UNIDENTIFIED TARGET,UNIDENTIFIED TARGETS,48.75,-0.57,A20,,,120.0,46.0,,,46.0,VISUAL
137081,166675.0,1944-06-14,8,FRANCE,UNIDENTIFIED TARGET,UNIDENTIFIED TARGETS,46.18,-0.47,B24,4.0,39.0,185.0,98.0,,,98.0,VISUAL
137089,166676.0,1944-06-14,8,FRANCE,UNIDENTIFIED TARGET,UNIDENTIFIED TARGETS,48.25,8.0,B17,2.0,1.0,,3.0,,,3.0,NOT INDICATED
137043,206710.0,1944-06-14,9,FRANCE,ROAD JCT,HIGHWAYS AND VEHICLES,48.4,-0.63,B26,,,120.0,22.0,,,22.0,VISUAL
137062,206711.0,1944-06-14,9,FRANCE,ROAD JCT,HIGHWAYS AND VEHICLES,48.4,-0.63,B26,,,,50.0,,,50.0,VISUAL
137055,206712.0,1944-06-14,9,FRANCE,BRIDGES,BRIDGES,48.73,-0.02,B26,,,85.0,48.0,,,48.0,VISUAL
137045,206713.0,1944-06-14,9,FRANCE,BRIDGES,BRIDGES,48.73,-0.02,A20,,,120.0,45.0,,,45.0,VISUAL
137064,206714.0,1944-06-14,9,FRANCE,MARSHALLING YARD,"""RR INSTALLATIONS,  TRACKS,  MARSHALLING YARDS,  AND STATIONS""",48.73,-0.02,B26,,,,22.0,,,22.0,VISUAL
137076,206719.0,1944-06-14,9,FRANCE,MARSHALLING YARD,"""RR INSTALLATIONS,  TRACKS,  MARSHALLING YARDS,  AND STATIONS""",49.05,-1.45,B26,,,,12.0,,,12.0,VISUAL
137047,206720.0,1944-06-14,9,FRANCE,MARSHALLING YARD,"""RR INSTALLATIONS,  TRACKS,  MARSHALLING YARDS,  AND STATIONS""",49.05,-1.45,B26,,,120.0,2.0,,,2.0,VISUAL
137078,206721.0,1944-06-14,9,FRANCE,MARSHALLING YARD,"""RR INSTALLATIONS,  TRACKS,  MARSHALLING YARDS,  AND STATIONS""",48.75,-0.57,B26,,,,23.0,,,23.0,VISUAL
137053,206722.0,1944-06-14,9,FRANCE,MARSHALLING YARD,"""RR INSTALLATIONS,  TRACKS,  MARSHALLING YARDS,  AND STATIONS""",48.75,-0.57,B26,,,105.0,48.0,,,48.0,VISUAL
137080,206725.0,1944-06-14,9,FRANCE,MARSHALLING YARD,"""RR INSTALLATIONS,  TRACKS,  MARSHALLING YARDS,  AND STATIONS""",49.07,-0.05,B26,,,,45.0,,,45.0,VISUAL
137067,206809.0,1944-06-14,9,FRANCE,TILLIE AD,AIR FIELDS AND AIRDROMES,49.43,-2.08,B24,4.0,8.0,,24.0,,,24.0,NOT INDICATED
137068,206810.0,1944-06-14,9,FRANCE,TILLIE AD,AIR FIELDS AND AIRDROMES,49.43,-2.08,B24,4.0,,,5.0,,,5.0,NOT INDICATED
137040,206811.0,1944-06-14,9,FRANCE,TILLIE AD,AIR FIELDS AND AIRDROMES,49.43,-2.08,B24,4.0,11.0,225.0,28.0,,,28.0,VISUAL
137060,206817.0,1944-06-14,9,FRANCE,GUN EMPLACEMENTS,GUN EMPLACEMENTS,49.52,-1.3,B26,,,3.0,57.0,,,57.0,VISUAL
137059,206821.0,1944-06-14,9,FRANCE,GUN EMPLACEMENTS,GUN EMPLACEMENTS,49.52,-1.3,B26,,,30.0,57.0,,,57.0,VISUAL
137069,206869.0,1944-06-14,9,FRANCE,TILLIE AD,AIR FIELDS AND AIRDROMES,49.43,-2.08,B24,4.0,8.0,,24.0,,,24.0,NOT INDICATED
137070,206870.0,1944-06-14,9,FRANCE,TILLIE AD,AIR FIELDS AND AIRDROMES,49.43,-2.08,B24,4.0,,,5.0,,,5.0,NOT INDICATED
137041,206871.0,1944-06-14,9,FRANCE,TILLIE AD,AIR FIELDS AND AIRDROMES,49.43,-2.08,B24,4.0,11.0,225.0,28.0,,,28.0,VISUAL
138682,103484.0,1944-06-15,9,FRANCE,UNIDENTIFIED TARGET,UNIDENTIFIED TARGETS,48.58,-0.47,A20,,,120.0,40.0,,,40.0,VISUAL
138688,103485.0,1944-06-15,9,FRANCE,UNIDENTIFIED TARGET,UNIDENTIFIED TARGETS,48.58,-0.47,A20,,,110.0,44.0,,,44.0,VISUAL
138686,103491.0,1944-06-15,9,FRANCE,BRIDGE,BRIDGES,48.85,-0.55,A20,,,110.0,38.0,,,38.0,VISUAL
138692,103493.0,1944-06-15,9,FRANCE,BRIDGE,BRIDGES,48.02,-1.48,B26,,,35.0,68.0,,,68.0,VISUAL
138680,103494.0,1944-06-15,9,FRANCE,BRIDGES,BRIDGES,49.22,-1.45,A20,,,122.0,45.0,,,45.0,VISUAL
139007,103495.0,1944-06-15,9,FRANCE,BRIDGE,BRIDGES,49.12,-1.08,B26,,,,24.0,,,24.0,VISUAL
138690,103496.0,1944-06-15,9,FRANCE,BRIDGE,BRIDGES,49.12,-1.08,B26,,,110.0,46.0,,,46.0,VISUAL
138695,103516.0,1944-06-15,9,FRANCE,AIRDROME,AIR FIELDS AND AIRDROMES,48.12,-2.22,B17,3.0,12.0,,34.0,,,34.0,NOT INDICATED
138698,103523.0,1944-06-15,9,FRANCE,OIL DEPOT,SUPPLY DUMPS AND WAREHOUSES,48.02,-1.48,B26,,,,22.0,,,22.0,VISUAL
138699,103524.0,1944-06-15,9,FRANCE,OIL DEPOT,SUPPLY DUMPS AND WAREHOUSES,48.02,-1.48,B26,,,,48.0,,,48.0,VISUAL
139009,103534.0,1944-06-15,9,FRANCE,TANK FARM,TACTICAL TARGETS: (UNIDENTIFIED OR NOT LISTED BELOW),49.5,-1.47,B26,,,,48.0,,,48.0,VISUAL
138684,103535.0,1944-06-15,9,FRANCE,TANK FARM,TACTICAL TARGETS: (UNIDENTIFIED OR NOT LISTED BELOW),49.5,-1.47,B26,,,120.0,24.0,,,24.0,VISUAL
138683,166705.0,1944-06-15,9,FRANCE,UNIDENTIFIED TARGET,UNIDENTIFIED TARGETS,48.58,-0.47,A20,,,120.0,40.0,,,40.0,VISUAL
138689,166706.0,1944-06-15,9,FRANCE,UNIDENTIFIED TARGET,UNIDENTIFIED TARGETS,48.58,-0.47,A20,,,110.0,44.0,,,44.0,VISUAL
139004,166712.0,1944-06-15,9,FRANCE,CITY AREA,CITIES TOWNS AND URBAN AREAS,47.22,-1.53,B17,2.0,9.0,,25.0,,,25.0,NOT INDICATED
138679,166733.0,1944-06-15,9,FRANCE,BRIDGE,BRIDGES,47.39,0.82,B24,4.0,23.0,190.0,69.0,,,69.0,VISUAL
138675,166734.0,1944-06-15,9,FRANCE,BRIDGE,BRIDGES,47.39,0.82,B24,4.0,23.0,210.0,92.0,,,92.0,VISUAL
138677,166739.0,1944-06-15,9,FRANCE,BRIDGE,BRIDGES,47.22,-1.53,B17,4.0,40.0,203.0,118.0,,,118.0,VISUAL
138678,166740.0,1944-06-15,9,FRANCE,BRIDGE,BRIDGES,47.22,-1.53,B17,4.0,35.0,200.0,104.0,,,104.0,VISUAL
138676,166741.0,1944-06-15,9,FRANCE,BRIDGE,BRIDGES,47.22,-1.53,B17,4.0,42.0,205.0,124.0,,,124.0,VISUAL
139005,166742.0,1944-06-15,9,FRANCE,BRIDGE,BRIDGES,47.22,-1.53,B17,3.0,1.0,,3.0,,,3.0,NOT INDICATED
139006,166744.0,1944-06-15,9,FRANCE,RR BRIDGE,BRIDGES,47.25,-0.08,B24,1.0,1.0,,3.0,,,3.0,NOT INDICATED
139017,166751.0,1944-06-15,8,FRANCE,BRIDGES,BRIDGES,48.25,8.0,B24,1.0,1.0,,4.0,,,4.0,NOT INDICATED
139018,166752.0,1944-06-15,8,FRANCE,HIGHWAY,HIGHWAYS AND VEHICLES,48.25,8.0,B24,1.0,1.0,,3.0,,,3.0,NOT INDICATED
138687,206892.0,1944-06-15,9,FRANCE,BRIDGE,BRIDGES,48.85,-0.55,A20,,,110.0,38.0,,,38.0,VISUAL
138693,206893.0,1944-06-15,9,FRANCE,BRIDGE,BRIDGES,48.02,-1.48,B26,,,35.0,68.0,,,68.0,VISUAL
138681,206894.0,1944-06-15,9,FRANCE,BRIDGES,BRIDGES,49.22,-1.45,A20,,,122.0,45.0,,,45.0,VISUAL
139008,206895.0,1944-06-15,9,FRANCE,BRIDGE,BRIDGES,49.12,-1.08,B26,,,,24.0,,,24.0,VISUAL
138691,206896.0,1944-06-15,9,FRANCE,BRIDGE,BRIDGES,49.12,-1.08,B26,,,110.0,46.0,,,46.0,VISUAL
138696,206910.0,1944-06-15,9,FRANCE,AIRDROME,AIR FIELDS AND AIRDROMES,48.12,-2.22,B17,3.0,12.0,,34.0,,,34.0,NOT INDICATED
139010,206938.0,1944-06-15,9,FRANCE,TANK FARM,TACTICAL TARGETS: (UNIDENTIFIED OR NOT LISTED BELOW),49.5,-1.47,B26,,,,48.0,,,48.0,VISUAL
138694,206939.0,1944-06-15,9,FRANCE,TANK FARM,TACTICAL TARGETS: (UNIDENTIFIED OR NOT LISTED BELOW),49.5,-1.47,B26,,,12.0,24.0,,,24.0,VISUAL
138700,206941.0,1944-06-15,9,FRANCE,OIL DEPOT,SUPPLY DUMPS AND WAREHOUSES,48.02,-1.48,B26,,,,22.0,,,22.0,VISUAL
139001,206942.0,1944-06-15,9,FRANCE,OIL DEPOT,SUPPLY DUMPS AND WAREHOUSES,48.02,-1.48,B26,,,,48.0,,,48.0,VISUAL
139002,206951.0,1944-06-15,9,FRANCE,OIL DEPOT,SUPPLY DUMPS AND WAREHOUSES,48.02,-1.48,B26,,,,22.0,,,22.0,VISUAL
139003,206952.0,1944-06-15,9,FRANCE,OIL DEPOT,SUPPLY DUMPS AND WAREHOUSES,48.02,-1.48,B26,,,,48.0,,,48.0,VISUAL
139011,206955.0,1944-06-15,9,FRANCE,TANK FARM,TACTICAL TARGETS: (UNIDENTIFIED OR NOT LISTED BELOW),49.5,-1.47,B26,,,,48.0,,,48.0,VISUAL
138685,206956.0,1944-06-15,9,FRANCE,TANK FARM,TACTICAL TARGETS: (UNIDENTIFIED OR NOT LISTED BELOW),49.5,-1.47,B26,,,120.0,24.0,,,24.0,VISUAL
138697,206971.0,1944-06-15,9,FRANCE,AIRDROME,AIR FIELDS AND AIRDROMES,48.12,-2.22,B17,3.0,12.0,,34.0,,,34.0,NOT INDICATED
140209,103562.0,1944-06-16,15,AUSTRIA,NOVA OIL REFINERY,OIL REFINERIES,48.12,16.53,B24,4.0,39.0,223.0,81.0,,,81.0,NOT INDICATED
140223,103563.0,1944-06-16,15,AUSTRIA,NOVA OIL REFINERY,OIL REFINERIES,48.12,16.53,B24,4.0,39.0,204.0,96.0,,,96.0,VISUAL
139893,103564.0,1944-06-16,15,AUSTRIA,OIL REFINERY,OIL REFINERIES,48.2,16.37,B17,4.0,22.0,265.0,52.0,,,52.0,NOT INDICATED
140203,103567.0,1944-06-16,15,AUSTRIA,OIL REFINERY,OIL REFINERIES,48.2,16.37,B17,4.0,25.0,233.0,75.0,,,75.0,NOT INDICATED
139895,103568.0,1944-06-16,15,AUSTRIA,OIL REFINERY,OIL REFINERIES,48.2,16.37,B17,4.0,23.0,245.0,58.0,,,58.0,VISUAL
140229,103569.0,1944-06-16,15,AUSTRIA,OIL REFINERY,OIL REFINERIES,48.2,16.37,B17,2.0,1.0,,3.0,,,3.0,NOT INDICATED
140230,103570.0,1944-06-16,15,AUSTRIA,OIL REFINERY,OIL REFINERIES,48.2,16.37,B17,2.0,1.0,,3.0,,,3.0,NOT INDICATED
140221,103571.0,1944-06-16,15,AUSTRIA,OIL REFINERY,OIL REFINERIES,48.2,16.37,B24,4.0,32.0,208.0,62.0,,,62.0,NOT INDICATED
139897,103572.0,1944-06-16,15,AUSTRIA,OIL REFINERY,OIL REFINERIES,48.2,16.37,B24,4.0,32.0,242.0,64.0,,,64.0,NOT INDICATED
140211,103573.0,1944-06-16,15,AUSTRIA,OIL REFINERY,OIL REFINERIES,48.2,16.37,B24,4.0,34.0,215.0,67.0,,,67.0,NOT INDICATED
140207,103574.0,1944-06-16,15,AUSTRIA,OIL REFINERY,OIL REFINERIES,48.2,16.37,B24,4.0,34.0,225.0,66.0,,,66.0,NOT INDICATED
140205,103575.0,1944-06-16,15,AUSTRIA,OIL REFINERY,OIL REFINERIES,48.2,16.37,B17,4.0,26.0,230.0,56.0,,,56.0,NOT INDICATED
139899,103576.0,1944-06-16,15,AUSTRIA,OIL REFINERY,OIL REFINERIES,48.2,16.37,B17,4.0,26.0,235.0,63.0,,,63.0,VISUAL
139900,103577.0,1944-06-16,15,AUSTRIA,OIL REFINERY,OIL REFINERIES,48.2,16.37,B17,4.0,28.0,235.0,70.0,,,70.0,VISUAL
140212,103579.0,1944-06-16,15,AUSTRIA,OIL DEPOT,OIL STORAGE FACILITIES AND OTHER OIL INSTALLATIONS,48.2,16.37,B24,4.0,37.0,215.0,81.0,,,81.0,NOT INDICATED
140219,103580.0,1944-06-16,15,AUSTRIA,OIL DEPOT,OIL STORAGE FACILITIES AND OTHER OIL INSTALLATIONS,48.2,16.37,B24,4.0,39.0,210.0,85.0,,,85.0,NOT INDICATED
140217,103581.0,1944-06-16,15,CZECHOSLOVAKIA,APPOLLO OIL REFINERY,OIL REFINERIES,48.15,17.12,B24,4.0,41.0,210.0,94.0,,,94.0,NOT INDICATED
140225,103582.0,1944-06-16,15,CZECHOSLOVAKIA,APPOLLO OIL REFINERY,OIL REFINERIES,48.15,17.12,B24,4.0,37.0,195.0,90.0,,,90.0,NOT INDICATED
140215,103583.0,1944-06-16,15,CZECHOSLOVAKIA,APPOLLO OIL REFINERY,OIL REFINERIES,48.15,17.12,B24,4.0,39.0,213.0,94.0,,,94.0,NOT INDICATED
140226,103584.0,1944-06-16,15,CZECHOSLOVAKIA,APPOLLO OIL REFINERY,OIL REFINERIES,48.15,17.12,B24,4.0,38.0,195.0,93.0,,,93.0,VISUAL
140242,103613.0,1944-06-16,8,FRANCE,UNIDENTIFIED TARGET,UNIDENTIFIED TARGETS,46.18,-0.47,B24,1.0,1.0,,3.0,,,3.0,NOT INDICATED
140243,166757.0,1944-06-16,8,FRANCE,UNIDENTIFIED TARGET,UNIDENTIFIED TARGETS,46.18,-0.47,B24,1.0,1.0,,3.0,,,3.0,NOT INDICATED
140239,166760.0,1944-06-16,8,FRANCE,UNIDENTIFIED TARGET,UNIDENTIFIED TARGETS,46.18,-0.47,B24,1.0,1.0,,3.0,,,3.0,NOT INDICATED
140210,166763.0,1944-06-16,15,AUSTRIA,NOVA OIL REFINERY,OIL REFINERIES,48.12,16.53,B24,4.0,39.0,223.0,81.0,,,81.0,NOT INDICATED
140224,166764.0,1944-06-16,15,AUSTRIA,NOVA OIL REFINERY,OIL REFINERIES,48.12,16.53,B24,4.0,39.0,204.0,96.0,,,96.0,VISUAL
139894,166765.0,1944-06-16,15,AUSTRIA,OIL REFINERY,OIL REFINERIES,48.2,16.37,B17,4.0,22.0,265.0,52.0,,,52.0,NOT INDICATED
140204,166766.0,1944-06-16,15,AUSTRIA,OIL REFINERY,OIL REFINERIES,48.2,16.37,B17,4.0,25.0,233.0,75.0,,,75.0,NOT INDICATED
139896,166767.0,1944-06-16,15,AUSTRIA,OIL REFINERY,OIL REFINERIES,48.2,16.37,B17,4.0,23.0,245.0,58.0,,,58.0,VISUAL
140231,166768.0,1944-06-16,15,AUSTRIA,OIL REFINERY,OIL REFINERIES,48.2,16.37,B17,2.0,1.0,,3.0,,,3.0,NOT INDICATED
140232,166769.0,1944-06-16,15,AUSTRIA,OIL REFINERY,OIL REFINERIES,48.2,16.37,B17,2.0,1.0,,3.0,,,3.0,NOT INDICATED
140222,166770.0,1944-06-16,15,AUSTRIA,OIL REFINERY,OIL REFINERIES,48.2,16.37,B24,4.0,32.0,208.0,62.0,,,62.0,NOT INDICATED
139898,166771.0,1944-06-16,15,AUSTRIA,OIL REFINERY,OIL REFINERIES,48.2,16.37,B24,4.0,32.0,242.0,64.0,,,64.0,NOT INDICATED
140213,166772.0,1944-06-16,15,AUSTRIA,OIL REFINERY,OIL REFINERIES,48.2,16.37,B24,4.0,34.0,215.0,67.0,,,67.0,NOT INDICATED
140208,166773.0,1944-06-16,15,AUSTRIA,OIL REFINERY,OIL REFINERIES,48.2,16.37,B24,4.0,34.0,225.0,66.0,,,66.0,NOT INDICATED
140206,166774.0,1944-06-16,15,AUSTRIA,OIL REFINERY,OIL REFINERIES,48.2,16.37,B17,4.0,26.0,230.0,56.0,,,56.0,NOT INDICATED
140201,166775.0,1944-06-16,15,AUSTRIA,OIL REFINERY,OIL REFINERIES,48.2,16.37,B17,4.0,26.0,235.0,63.0,,,63.0,VISUAL
140202,166776.0,1944-06-16,15,AUSTRIA,OIL REFINERY,OIL REFINERIES,48.2,16.37,B17,4.0,28.0,235.0,70.0,,,70.0,VISUAL
140214,166777.0,1944-06-16,15,AUSTRIA,OIL DEPOT,OIL STORAGE FACILITIES AND OTHER OIL INSTALLATIONS,48.2,16.37,B24,4.0,37.0,215.0,81.0,,,81.0,NOT INDICATED
140220,166778.0,1944-06-16,15,AUSTRIA,OIL DEPOT,OIL STORAGE FACILITIES AND OTHER OIL INSTALLATIONS,48.2,16.37,B24,4.0,39.0,210.0,85.0,,,85.0,NOT INDICATED
140218,166779.0,1944-06-16,15,CZECHOSLOVAKIA,APPOLLO OIL REFINERY,OIL REFINERIES,48.15,17.12,B24,4.0,41.0,210.0,94.0,,,94.0,NOT INDICATED
140227,166780.0,1944-06-16,15,CZECHOSLOVAKIA,APPOLLO OIL REFINERY,OIL REFINERIES,48.15,17.12,B24,4.0,37.0,195.0,90.0,,,90.0,NOT INDICATED
140216,166781.0,1944-06-16,15,CZECHOSLOVAKIA,APPOLLO OIL REFINERY,OIL REFINERIES,48.15,17.12,B24,4.0,39.0,213.0,94.0,,,94.0,NOT INDICATED
140228,166782.0,1944-06-16,15,CZECHOSLOVAKIA,APPOLLO OIL REFINERY,OIL REFINERIES,48.15,17.12,B24,4.0,38.0,195.0,93.0,,,93.0,VISUAL
141004,103614.0,1944-06-17,9,FRANCE,UNIDENTIFIED TARGET,UNIDENTIFIED TARGETS,48.83,-1.58,B26,,,118.0,,3.0,,3.0,INSTRUMENT-GENERAL
141005,103615.0,1944-06-17,9,FRANCE,UNIDENTIFIED TARGET,UNIDENTIFIED TARGETS,48.83,-1.58,B26,,,118.0,12.0,,,12.0,F.F.F.
141008,103619.0,1944-06-17,9,FRANCE,AIRDROME,AIR FIELDS AND AIRDROMES,47.47,-0.57,B24,4.0,,,54.0,,,54.0,NOT INDICATED
141001,103620.0,1944-06-17,9,FRANCE,AIRDROME,AIR FIELDS AND AIRDROMES,47.47,-0.57,B24,4.0,40.0,164.0,39.0,,,39.0,VISUAL
141009,103621.0,1944-06-17,9,FRANCE,AIRDROME,AIR FIELDS AND AIRDROMES,47.47,-0.57,B24,4.0,,,33.0,,,33.0,NOT INDICATED
140698,103622.0,1944-06-17,9,FRANCE,AIRDROME,AIR FIELDS AND AIRDROMES,47.47,-0.57,B24,4.0,39.0,170.0,56.0,,,56.0,VISUAL
141030,103628.0,1944-06-17,8,FRANCE,AIRDROME,AIR FIELDS AND AIRDROMES,48.02,-1.48,B24,4.0,36.0,180.0,107.0,,,107.0,VISUAL
141021,103629.0,1944-06-17,8,FRANCE,AIRDROME,AIR FIELDS AND AIRDROMES,48.02,-1.48,B24,4.0,11.0,220.0,33.0,,,33.0,F.F.F.
141037,103630.0,1944-06-17,8,FRANCE,AIRDROME,AIR FIELDS AND AIRDROMES,48.02,-1.48,B24,4.0,2.0,,5.0,,,5.0,NOT INDICATED
141022,103631.0,1944-06-17,8,FRANCE,AIRDROME,AIR FIELDS AND AIRDROMES,48.02,-1.48,B24,4.0,21.0,220.0,63.0,,,63.0,F.F.F.
141038,103632.0,1944-06-17,8,FRANCE,AIRDROME,AIR FIELDS AND AIRDROMES,48.02,-1.48,B24,4.0,1.0,,3.0,,,3.0,NOT INDICATED
141027,103633.0,1944-06-17,8,FRANCE,AIRDROME,AIR FIELDS AND AIRDROMES,48.02,-1.48,B24,4.0,38.0,190.0,113.0,,,113.0,VISUAL
141017,103634.0,1944-06-17,8,FRANCE,AIRDROME,AIR FIELDS AND AIRDROMES,48.02,-1.48,B24,1.0,4.0,225.0,12.0,,,12.0,F.F.F.
141039,103635.0,1944-06-17,8,FRANCE,AIRDROME,AIR FIELDS AND AIRDROMES,48.02,-1.48,B24,1.0,1.0,,3.0,,,3.0,NOT INDICATED
141033,103664.0,1944-06-17,8,FRANCE,AIRDROME,AIR FIELDS AND AIRDROMES,49.07,0.78,B24,3.0,1.0,,1.0,,,1.0,NOT INDICATED
141048,103673.0,1944-06-17,8,FRANCE,UNIDENTIFIED TARGET,UNIDENTIFIED TARGETS,48.25,8.0,B24,1.0,1.0,,3.0,,,3.0,NOT INDICATED
141049,166786.0,1944-06-17,8,FRANCE,UNIDENTIFIED TARGET,UNIDENTIFIED TARGETS,48.25,8.0,B24,1.0,1.0,,3.0,,,3.0,NOT INDICATED
141006,166789.0,1944-06-17,9,FRANCE,UNIDENTIFIED TARGET,UNIDENTIFIED TARGETS,48.83,-1.58,B26,,,118.0,,3.0,,3.0,INSTRUMENT-GENERAL
141007,166790.0,1944-06-17,9,FRANCE,UNIDENTIFIED TARGET,UNIDENTIFIED TARGETS,48.83,-1.58,B26,,,118.0,12.0,,,12.0,F.F.F.
141050,166793.0,1944-06-17,8,FRANCE,UNIDENTIFIED TARGET,UNIDENTIFIED TARGETS,48.25,8.0,B24,1.0,1.0,,3.0,,,3.0,NOT INDICATED
141046,166796.0,1944-06-17,8,FRANCE,BRIDGE,BRIDGES,49.58,3.02,B17,4.0,,,3.0,,,3.0,NOT INDICATED
141047,166797.0,1944-06-17,8,FRANCE,BRIDGE,BRIDGES,49.58,3.02,B17,2.0,2.0,,4.0,,,4.0,NOT INDICATED
141020,166798.0,1944-06-17,8,FRANCE,BRIDGE,BRIDGES,49.58,3.02,B17,2.0,30.0,225.0,62.0,,,62.0,VISUAL
141010,207046.0,1944-06-17,9,FRANCE,AIRDROME,AIR FIELDS AND AIRDROMES,47.47,-0.57,B24,4.0,,,54.0,,,54.0,NOT INDICATED
141002,207047.0,1944-06-17,9,FRANCE,AIRDROME,AIR FIELDS AND AIRDROMES,47.47,-0.57,B24,4.0,40.0,164.0,39.0,,,39.0,VISUAL
141011,207048.0,1944-06-17,9,FRANCE,AIRDROME,AIR FIELDS AND AIRDROMES,47.47,-0.57,B24,4.0,,,33.0,,,33.0,NOT INDICATED
140699,207049.0,1944-06-17,9,FRANCE,AIRDROME,AIR FIELDS AND AIRDROMES,47.47,-0.57,B24,4.0,39.0,170.0,56.0,,,56.0,VISUAL
141031,207055.0,1944-06-17,8,FRANCE,AIRDROME,AIR FIELDS AND AIRDROMES,48.02,-1.48,B24,4.0,36.0,180.0,107.0,,,107.0,VISUAL
141023,207056.0,1944-06-17,8,FRANCE,AIRDROME,AIR FIELDS AND AIRDROMES,48.02,-1.48,B24,4.0,11.0,220.0,33.0,,,33.0,F.F.F.
141040,207057.0,1944-06-17,8,FRANCE,AIRDROME,AIR FIELDS AND AIRDROMES,48.02,-1.48,B24,4.0,2.0,,5.0,,,5.0,NOT INDICATED
141024,207058.0,1944-06-17,8,FRANCE,AIRDROME,AIR FIELDS AND AIRDROMES,48.02,-1.48,B24,4.0,21.0,220.0,63.0,,,63.0,F.F.F.
141041,207059.0,1944-06-17,8,FRANCE,AIRDROME,AIR FIELDS AND AIRDROMES,48.02,-1.48,B24,4.0,1.0,,3.0,,,3.0,NOT INDICATED
141028,207060.0,1944-06-17,8,FRANCE,AIRDROME,AIR FIELDS AND AIRDROMES,48.02,-1.48,B24,4.0,38.0,190.0,113.0,,,113.0,VISUAL
141018,207061.0,1944-06-17,8,FRANCE,AIRDROME,AIR FIELDS AND AIRDROMES,48.02,-1.48,B24,1.0,4.0,225.0,12.0,,,12.0,F.F.F.
141042,207062.0,1944-06-17,8,FRANCE,AIRDROME,AIR FIELDS AND AIRDROMES,48.02,-1.48,B24,1.0,1.0,,3.0,,,3.0,NOT INDICATED
141034,207080.0,1944-06-17,8,FRANCE,AIRDROME,AIR FIELDS AND AIRDROMES,49.07,0.78,B24,3.0,1.0,,1.0,,,1.0,NOT INDICATED
141032,207113.0,1944-06-17,8,FRANCE,AIRDROME,AIR FIELDS AND AIRDROMES,48.02,-1.48,B24,4.0,36.0,130.0,107.0,,,107.0,VISUAL
141025,207114.0,1944-06-17,8,FRANCE,AIRDROME,AIR FIELDS AND AIRDROMES,48.02,-1.48,B24,4.0,11.0,220.0,33.0,,,33.0,F.F.F.
141043,207115.0,1944-06-17,8,FRANCE,AIRDROME,AIR FIELDS AND AIRDROMES,48.02,-1.48,B24,4.0,2.0,,5.0,,,5.0,NOT INDICATED
141026,207116.0,1944-06-17,8,FRANCE,AIRDROME,AIR FIELDS AND AIRDROMES,48.02,-1.48,B24,4.0,21.0,220.0,63.0,,,63.0,F.F.F.
141044,207117.0,1944-06-17,8,FRANCE,AIRDROME,AIR FIELDS AND AIRDROMES,48.02,-1.48,B24,4.0,1.0,,3.0,,,3.0,NOT INDICATED
141029,207118.0,1944-06-17,8,FRANCE,AIRDROME,AIR FIELDS AND AIRDROMES,48.02,-1.48,B24,4.0,38.0,190.0,113.0,,,113.0,VISUAL
141019,207119.0,1944-06-17,8,FRANCE,AIRDROME,AIR FIELDS AND AIRDROMES,48.02,-1.48,B24,1.0,4.0,225.0,12.0,,,12.0,F.F.F.
141045,207120.0,1944-06-17,8,FRANCE,AIRDROME,AIR FIELDS AND AIRDROMES,48.02,-1.48,B24,1.0,1.0,,3.0,,,3.0,NOT INDICATED
141012,207140.0,1944-06-17,9,FRANCE,AIRDROME,AIR FIELDS AND AIRDROMES,47.47,-0.57,B24,4.0,,,54.0,,,54.0,NOT INDICATED
141003,207141.0,1944-06-17,9,FRANCE,AIRDROME,AIR FIELDS AND AIRDROMES,47.47,-0.57,B24,4.0,40.0,164.0,39.0,,,39.0,VISUAL
141013,207142.0,1944-06-17,9,FRANCE,AIRDROME,AIR FIELDS AND AIRDROMES,47.47,-0.57,B24,4.0,,,33.0,,,33.0,NOT INDICATED
140700,207143.0,1944-06-17,9,FRANCE,AIRDROME,AIR FIELDS AND AIRDROMES,47.47,-0.57,B24,4.0,39.0,170.0,56.0,,,56.0,VISUAL
141035,207144.0,1944-06-17,8,FRANCE,AIRDROME,AIR FIELDS AND AIRDROMES,49.07,0.78,B24,3.0,1.0,,1.0,,,1.0,NOT INDICATED
141852,103679.0,1944-06-18,9,FRANCE,UNIDENTIFIED TARGET,UNIDENTIFIED TARGETS,48.58,-0.47,B26,,,,39.0,,,39.0,VISUAL
141848,103680.0,1944-06-18,9,FRANCE,UNIDENTIFIED TARGET,UNIDENTIFIED TARGETS,48.58,-0.47,B26,,,104.0,24.0,,,24.0,VISUAL
141841,103681.0,1944-06-18,9,FRANCE,UNIDENTIFIED TARGET,UNIDENTIFIED TARGETS,48.58,-0.47,A20,,,120.0,42.0,,,42.0,VISUAL
141843,103682.0,1944-06-18,9,FRANCE,MARSHALLING YARD,"""RR INSTALLATIONS,  TRACKS,  MARSHALLING YARDS,  AND STATIONS""",49.07,-0.05,B26,,,115.0,12.0,,,12.0,VISUAL
141857,103683.0,1944-06-18,9,FRANCE,MARSHALLING YARD,"""RR INSTALLATIONS,  TRACKS,  MARSHALLING YARDS,  AND STATIONS""",48.12,-1.67,B26,,,,46.0,,,46.0,VISUAL
141850,103684.0,1944-06-18,9,FRANCE,MARSHALLING YARD,"""RR INSTALLATIONS,  TRACKS,  MARSHALLING YARDS,  AND STATIONS""",48.12,-1.67,B26,,,100.0,22.0,,,22.0,VISUAL
141900,103717.0,1944-06-18,8,GERMANY,MISBURG OIL REF,NATURAL OIL REFINERIES,52.38,9.73,B17,4.0,3.0,,3.0,,,3.0,NOT INDICATED
141887,103718.0,1944-06-18,8,GERMANY,MISBURG OIL REF,NATURAL OIL REFINERIES,52.38,9.73,B17,4.0,16.0,199.0,40.0,,,40.0,F.F.F.
141867,103719.0,1944-06-18,8,GERMANY,MISBURG OIL REF,NATURAL OIL REFINERIES,52.38,9.73,B17,4.0,32.0,250.0,78.0,,,78.0,F.F.F.
142201,103720.0,1944-06-18,8,GERMANY,MISBURG OIL REF,NATURAL OIL REFINERIES,52.38,9.73,B17,4.0,2.0,,3.0,,,3.0,NOT INDICATED
142202,103721.0,1944-06-18,8,GERMANY,MISBURG OIL REF,NATURAL OIL REFINERIES,52.38,9.73,B17,4.0,10.0,,25.0,,,25.0,NOT INDICATED
141889,103722.0,1944-06-18,8,GERMANY,MISBURG OIL REF,NATURAL OIL REFINERIES,52.38,9.73,B17,4.0,34.0,190.0,84.0,,,84.0,F.F.F.
141845,103723.0,1944-06-18,9,FRANCE,FUEL DUMP,SUPPLY DUMPS AND WAREHOUSES,48.58,-0.47,B26,,,105.0,48.0,,,48.0,VISUAL
141853,103724.0,1944-06-18,9,FRANCE,FUEL DUMP,SUPPLY DUMPS AND WAREHOUSES,48.58,-0.47,B26,,,,24.0,,,24.0,VISUAL
141897,103726.0,1944-06-18,8,GERMANY,AIRDROME,AIR FIELDS AND AIRDROMES,52.92,10.2,B17,1.0,1.0,,3.0,,,3.0,NOT INDICATED
141874,103743.0,1944-06-18,8,GERMANY,SUPPLY DUMPS,SUPPLY DUMPS AND WAREHOUSES,53.55,8.58,B24,1.0,23.0,230.0,,39.0,2.0,41.0,F.F.F.
141893,103744.0,1944-06-18,8,GERMANY,SUPPLY DUMPS,SUPPLY DUMPS AND WAREHOUSES,53.55,8.58,B24,1.0,5.0,,3.0,2.0,,5.0,NOT INDICATED
141875,103745.0,1944-06-18,8,GERMANY,SUPPLY DUMPS,SUPPLY DUMPS AND WAREHOUSES,53.55,8.58,B24,1.0,28.0,230.0,84.0,,,84.0,F.F.F.
141894,103746.0,1944-06-18,8,GERMANY,SUPPLY DUMPS,SUPPLY DUMPS AND WAREHOUSES,53.55,8.58,B24,1.0,1.0,,,2.0,,2.0,NOT INDICATED
141882,103747.0,1944-06-18,8,GERMANY,SUPPLY DUMPS,SUPPLY DUMPS AND WAREHOUSES,53.55,8.58,B24,1.0,25.0,210.0,,34.0,,34.0,VISUAL
141870,103748.0,1944-06-18,8,GERMANY,SUPPLY DUMPS,SUPPLY DUMPS AND WAREHOUSES,53.55,8.58,B24,1.0,12.0,248.0,36.0,,,36.0,VISUAL
141835,103751.0,1944-06-18,9,GERMANY,UNIDENTIFIED TARGET,UNIDENTIFIED TARGETS,48.39,10.88,B17,4.0,33.0,260.0,83.0,,,83.0,F.F.F.
141838,103758.0,1944-06-18,9,GERMANY,CITY AREA,CITIES TOWNS AND URBAN AREAS,52.38,9.73,B17,3.0,33.0,220.0,82.0,,,82.0,F.F.F.
142206,103759.0,1944-06-18,8,GERMANY,CITY AREA,CITIES TOWNS AND URBAN AREAS,49.02,11.93,B17,3.0,2.0,,2.0,,,2.0,NOT INDICATED
141884,103760.0,1944-06-18,8,GERMANY,CITY AREA,CITIES TOWNS AND URBAN AREAS,49.02,11.93,B17,3.0,5.0,200.0,12.0,,,12.0,F.F.F.
141878,103761.0,1944-06-18,8,GERMANY,CITY AREA,CITIES TOWNS AND URBAN AREAS,49.02,11.93,B17,3.0,7.0,228.0,17.0,,,17.0,F.F.F.
141836,166800.0,1944-06-18,9,GERMANY,UNIDENTIFIED TARGET,UNIDENTIFIED TARGETS,48.39,10.88,B17,4.0,33.0,260.0,83.0,,,83.0,F.F.F.
141854,166812.0,1944-06-18,9,FRANCE,UNIDENTIFIED TARGET,UNIDENTIFIED TARGETS,48.58,-0.47,B26,,,,39.0,,,39.0,VISUAL
141849,166813.0,1944-06-18,9,FRANCE,UNIDENTIFIED TARGET,UNIDENTIFIED TARGETS,48.58,-0.47,B26,,,104.0,24.0,,,24.0,VISUAL
141842,166814.0,1944-06-18,9,FRANCE,UNIDENTIFIED TARGET,UNIDENTIFIED TARGETS,48.58,-0.47,A20,,,120.0,42.0,,,42.0,VISUAL
141839,166822.0,1944-06-18,9,GERMANY,CITY AREA,CITIES TOWNS AND URBAN AREAS,52.38,9.73,B17,3.0,33.0,220.0,82.0,,,82.0,F.F.F.
142207,166823.0,1944-06-18,8,GERMANY,CITY AREA,CITIES TOWNS AND URBAN AREAS,49.02,11.93,B17,3.0,2.0,,2.0,,,2.0,NOT INDICATED
141885,166824.0,1944-06-18,8,GERMANY,CITY AREA,CITIES TOWNS AND URBAN AREAS,49.02,11.93,B17,3.0,5.0,200.0,12.0,,,12.0,F.F.F.
141879,166825.0,1944-06-18,8,GERMANY,CITY AREA,CITIES TOWNS AND URBAN AREAS,49.02,11.93,B17,3.0,7.0,228.0,17.0,,,17.0,F.F.F.
141840,166833.0,1944-06-18,9,GERMANY,CITY AREA,CITIES TOWNS AND URBAN AREAS,52.38,9.73,B17,3.0,33.0,220.0,82.0,,,82.0,F.F.F.
142208,166834.0,1944-06-18,8,GERMANY,CITY AREA,CITIES TOWNS AND URBAN AREAS,49.02,11.93,B17,3.0,2.0,,2.0,,,2.0,NOT INDICATED
141886,166835.0,1944-06-18,8,GERMANY,CITY AREA,CITIES TOWNS AND URBAN AREAS,49.02,11.93,B17,3.0,5.0,200.0,12.0,,,12.0,F.F.F.
141880,166836.0,1944-06-18,8,GERMANY,CITY AREA,CITIES TOWNS AND URBAN AREAS,49.02,11.93,B17,3.0,7.0,228.0,17.0,,,17.0,F.F.F.
141837,166837.0,1944-06-18,9,GERMANY,UNIDENTIFIED TARGET,UNIDENTIFIED TARGETS,48.39,10.88,B17,4.0,33.0,260.0,83.0,,,83.0,F.F.F.
142203,166878.0,1944-06-18,8,GERMANY,MISBURG OIL REF,NATURAL OIL REFINERIES,52.38,9.73,B17,4.0,3.0,,3.0,,,3.0,NOT INDICATED
141888,166879.0,1944-06-18,8,GERMANY,MISBURG OIL REF,NATURAL OIL REFINERIES,52.38,9.73,B17,4.0,16.0,199.0,40.0,,,40.0,F.F.F.
141868,166880.0,1944-06-18,8,GERMANY,MISBURG OIL REF,NATURAL OIL REFINERIES,52.38,9.73,B17,4.0,32.0,250.0,78.0,,,78.0,F.F.F.
142204,166881.0,1944-06-18,8,GERMANY,MISBURG OIL REF,NATURAL OIL REFINERIES,52.38,9.73,B17,4.0,2.0,,3.0,,,3.0,NOT INDICATED
142205,166882.0,1944-06-18,8,GERMANY,MISBURG OIL REF,NATURAL OIL REFINERIES,52.38,9.73,B17,4.0,10.0,,25.0,,,25.0,NOT INDICATED
141890,166883.0,1944-06-18,8,GERMANY,MISBURG OIL REF,NATURAL OIL REFINERIES,52.38,9.73,B17,4.0,34.0,190.0,84.0,,,84.0,F.F.F.
141844,207148.0,1944-06-18,9,FRANCE,MARSHALLING YARD,"""RR INSTALLATIONS,  TRACKS,  MARSHALLING YARDS,  AND STATIONS""",49.07,-0.05,B26,,,115.0,12.0,,,12.0,VISUAL
141858,207149.0,1944-06-18,9,FRANCE,MARSHALLING YARD,"""RR INSTALLATIONS,  TRACKS,  MARSHALLING YARDS,  AND STATIONS""",48.12,-1.67,B26,,,,46.0,,,46.0,VISUAL
141851,207150.0,1944-06-18,9,FRANCE,MARSHALLING YARD,"""RR INSTALLATIONS,  TRACKS,  MARSHALLING YARDS,  AND STATIONS""",48.12,-1.67,B26,,,100.0,22.0,,,22.0,VISUAL
141898,207162.0,1944-06-18,8,GERMANY,AIRDROME,AIR FIELDS AND AIRDROMES,52.92,10.2,B17,1.0,1.0,,3.0,,,3.0,NOT INDICATED
141872,207171.0,1944-06-18,8,GERMANY,SUPPLY DUMPS,SUPPLY DUMPS AND WAREHOUSES,53.55,8.58,B24,1.0,23.0,230.0,,39.0,2.0,41.0,F.F.F.
141891,207172.0,1944-06-18,8,GERMANY,SUPPLY DUMPS,SUPPLY DUMPS AND WAREHOUSES,53.55,8.58,B24,1.0,5.0,,3.0,2.0,,5.0,NOT INDICATED
141873,207173.0,1944-06-18,8,GERMANY,SUPPLY DUMPS,SUPPLY DUMPS AND WAREHOUSES,53.55,8.58,B24,1.0,28.0,230.0,84.0,,,84.0,F.F.F.
141892,207174.0,1944-06-18,8,GERMANY,SUPPLY DUMPS,SUPPLY DUMPS AND WAREHOUSES,53.55,8.58,B24,1.0,1.0,,,2.0,,2.0,NOT INDICATED
141881,207175.0,1944-06-18,8,GERMANY,SUPPLY DUMPS,SUPPLY DUMPS AND WAREHOUSES,53.55,8.58,B24,1.0,25.0,210.0,,34.0,,34.0,VISUAL
141869,207176.0,1944-06-18,8,GERMANY,SUPPLY DUMPS,SUPPLY DUMPS AND WAREHOUSES,53.55,8.58,B24,1.0,12.0,248.0,36.0,,,36.0,VISUAL
141846,207185.0,1944-06-18,9,FRANCE,FUEL DUMP,SUPPLY DUMPS AND WAREHOUSES,48.58,-0.47,B26,,,105.0,48.0,,,48.0,VISUAL
141855,207186.0,1944-06-18,9,FRANCE,FUEL DUMP,SUPPLY DUMPS AND WAREHOUSES,48.58,-0.47,B26,,,,24.0,,,24.0,VISUAL
141847,207188.0,1944-06-18,9,FRANCE,FUEL DUMP,SUPPLY DUMPS AND WAREHOUSES,48.58,-0.47,B26,,,105.0,48.0,,,48.0,VISUAL
141856,207189.0,1944-06-18,9,FRANCE,FUEL DUMP,SUPPLY DUMPS AND WAREHOUSES,48.58,-0.47,B26,,,,24.0,,,24.0,VISUAL
141876,207199.0,1944-06-18,8,GERMANY,SUPPLY DUMPS,SUPPLY DUMPS AND WAREHOUSES,53.55,8.58,B24,1.0,23.0,230.0,,39.0,2.0,41.0,F.F.F.
141895,207200.0,1944-06-18,8,GERMANY,SUPPLY DUMPS,SUPPLY DUMPS AND WAREHOUSES,53.55,8.58,B24,1.0,5.0,,3.0,2.0,,5.0,NOT INDICATED
141877,207201.0,1944-06-18,8,GERMANY,SUPPLY DUMPS,SUPPLY DUMPS AND WAREHOUSES,53.55,8.58,B24,1.0,28.0,230.0,84.0,,,84.0,F.F.F.
141896,207202.0,1944-06-18,8,GERMANY,SUPPLY DUMPS,SUPPLY DUMPS AND WAREHOUSES,53.55,8.58,B24,1.0,1.0,,,2.0,,2.0,NOT INDICATED
141883,207203.0,1944-06-18,8,GERMANY,SUPPLY DUMPS,SUPPLY DUMPS AND WAREHOUSES,53.55,8.58,B24,1.0,25.0,210.0,,34.0,,34.0,VISUAL
141871,207204.0,1944-06-18,8,GERMANY,SUPPLY DUMPS,SUPPLY DUMPS AND WAREHOUSES,53.55,8.58,B24,1.0,12.0,248.0,36.0,,,36.0,VISUAL
141899,207205.0,1944-06-18,8,GERMANY,AIRDROME,AIR FIELDS AND AIRDROMES,52.92,10.2,B17,1.0,1.0,,3.0,,,3.0,NOT INDICATED
143064,103762.0,1944-06-19,8,FRANCE,AIRDROME,AIR FIELDS AND AIRDROMES,44.53,-1.15,B17,4.0,22.0,210.0,42.0,,,42.0,VISUAL
143091,103763.0,1944-06-19,8,FRANCE,AIRDROME,AIR FIELDS AND AIRDROMES,44.53,-1.15,B17,3.0,15.0,,25.0,,,25.0,NOT INDICATED
143058,103781.0,1944-06-19,8,FRANCE,V WEAPON SITE,V - WEAPON LAUNCHING SITES,48.83,-1.25,B17,4.0,19.0,250.0,36.0,,,36.0,F.F.F.
143059,103782.0,1944-06-19,8,FRANCE,V WEAPON SITE,V - WEAPON LAUNCHING SITES,48.83,-1.25,B17,4.0,19.0,250.0,36.0,,,36.0,F.F.F.
143088,103791.0,1944-06-19,8,FRANCE,ECLUSE AD,AIR FIELDS AND AIRDROMES,45.63,-0.87,B17,4.0,18.0,170.0,45.0,,,45.0,VISUAL
143094,103792.0,1944-06-19,8,FRANCE,ECLUSE AD,AIR FIELDS AND AIRDROMES,45.63,-0.87,B17,4.0,1.0,,2.0,,,2.0,VISUAL
143082,103793.0,1944-06-19,8,FRANCE,ECLUSE AD,AIR FIELDS AND AIRDROMES,45.63,-0.87,B17,4.0,18.0,190.0,45.0,,,45.0,F.F.F.
143085,103794.0,1944-06-19,8,FRANCE,ECLUSE AD,AIR FIELDS AND AIRDROMES,45.63,-0.87,B17,4.0,17.0,180.0,43.0,,,43.0,F.F.F.
143055,103795.0,1944-06-19,8,FRANCE,ECLUSE AD,AIR FIELDS AND AIRDROMES,45.63,-0.87,B17,3.0,32.0,255.0,80.0,,,80.0,VISUAL
143095,103796.0,1944-06-19,8,FRANCE,ECLUSE AD,AIR FIELDS AND AIRDROMES,45.63,-0.87,B17,3.0,2.0,,3.0,,,3.0,VISUAL
143096,103797.0,1944-06-19,8,FRANCE,ECLUSE AD,AIR FIELDS AND AIRDROMES,45.63,-0.87,B17,3.0,1.0,,3.0,,,3.0,VISUAL
143097,103798.0,1944-06-19,8,FRANCE,ECLUSE AD,AIR FIELDS AND AIRDROMES,45.63,-0.87,B17,3.0,3.0,,7.0,,,7.0,VISUAL
143406,103828.0,1944-06-19,8,FRANCE,UNIDENTIFIED TARGET,UNIDENTIFIED TARGETS,48.98,-1.55,B24,4.0,1.0,,2.0,,,2.0,NOT INDICATED
143407,103829.0,1944-06-19,8,FRANCE,UNIDENTIFIED TARGET,UNIDENTIFIED TARGETS,48.98,-1.55,B24,4.0,1.0,,2.0,,,2.0,NOT INDICATED
143067,103830.0,1944-06-19,8,FRANCE,UNIDENTIFIED TARGET,UNIDENTIFIED TARGETS,48.98,-1.55,B24,4.0,11.0,210.0,27.0,,,27.0,F.F.F.
143068,103831.0,1944-06-19,8,FRANCE,UNIDENTIFIED TARGET,UNIDENTIFIED TARGETS,48.98,-1.55,B24,4.0,10.0,210.0,24.0,,,24.0,F.F.F.
143408,166907.0,1944-06-19,8,FRANCE,UNIDENTIFIED TARGET,UNIDENTIFIED TARGETS,48.98,-1.55,B24,4.0,1.0,,2.0,,,2.0,NOT INDICATED
143409,166908.0,1944-06-19,8,FRANCE,UNIDENTIFIED TARGET,UNIDENTIFIED TARGETS,48.98,-1.55,B24,4.0,1.0,,2.0,,,2.0,NOT INDICATED
143071,166909.0,1944-06-19,8,FRANCE,UNIDENTIFIED TARGET,UNIDENTIFIED TARGETS,48.98,-1.55,B24,4.0,11.0,210.0,27.0,,,27.0,F.F.F.
143072,166910.0,1944-06-19,8,FRANCE,UNIDENTIFIED TARGET,UNIDENTIFIED TARGETS,48.98,-1.55,B24,4.0,10.0,210.0,24.0,,,24.0,F.F.F.
143410,166941.0,1944-06-19,8,FRANCE,UNIDENTIFIED TARGET,UNIDENTIFIED TARGETS,48.98,-1.55,B24,4.0,1.0,,2.0,,,2.0,NOT INDICATED
143411,166942.0,1944-06-19,8,FRANCE,UNIDENTIFIED TARGET,UNIDENTIFIED TARGETS,48.98,-1.55,B24,4.0,1.0,,2.0,,,2.0,NOT INDICATED
143069,166943.0,1944-06-19,8,FRANCE,UNIDENTIFIED TARGET,UNIDENTIFIED TARGETS,48.98,-1.55,B24,4.0,11.0,210.0,27.0,,,27.0,F.F.F.
143070,166944.0,1944-06-19,8,FRANCE,UNIDENTIFIED TARGET,UNIDENTIFIED TARGETS,48.98,-1.55,B24,4.0,10.0,210.0,24.0,,,24.0,F.F.F.
143065,207213.0,1944-06-19,8,FRANCE,AIRDROME,AIR FIELDS AND AIRDROMES,44.53,-1.15,B17,4.0,22.0,210.0,42.0,,,42.0,VISUAL
143092,207214.0,1944-06-19,8,FRANCE,AIRDROME,AIR FIELDS AND AIRDROMES,44.53,-1.15,B17,3.0,15.0,,25.0,,,25.0,NOT INDICATED
143089,207222.0,1944-06-19,8,FRANCE,ECLUSE AD,AIR FIELDS AND AIRDROMES,45.63,-0.87,B17,4.0,18.0,170.0,45.0,,,45.0,VISUAL
143098,207223.0,1944-06-19,8,FRANCE,ECLUSE AD,AIR FIELDS AND AIRDROMES,45.63,-0.87,B17,4.0,1.0,,2.0,,,2.0,VISUAL
143083,207224.0,1944-06-19,8,FRANCE,ECLUSE AD,AIR FIELDS AND AIRDROMES,45.63,-0.87,B17,4.0,18.0,190.0,45.0,,,45.0,F.F.F.
143086,207225.0,1944-06-19,8,FRANCE,ECLUSE AD,AIR FIELDS AND AIRDROMES,45.63,-0.87,B17,4.0,17.0,180.0,43.0,,,43.0,F.F.F.
143056,207226.0,1944-06-19,8,FRANCE,ECLUSE AD,AIR FIELDS AND AIRDROMES,45.63,-0.87,B17,3.0,32.0,255.0,80.0,,,80.0,VISUAL
143099,207227.0,1944-06-19,8,FRANCE,ECLUSE AD,AIR FIELDS AND AIRDROMES,45.63,-0.87,B17,3.0,2.0,,3.0,,,3.0,VISUAL
143100,207228.0,1944-06-19,8,FRANCE,ECLUSE AD,AIR FIELDS AND AIRDROMES,45.63,-0.87,B17,3.0,1.0,,3.0,,,3.0,VISUAL
143401,207229.0,1944-06-19,8,FRANCE,ECLUSE AD,AIR FIELDS AND AIRDROMES,45.63,-0.87,B17,3.0,3.0,,7.0,,,7.0,VISUAL
143060,207246.0,1944-06-19,8,FRANCE,V WEAPON SITE,V - WEAPON LAUNCHING SITES,48.83,-1.25,B17,4.0,19.0,250.0,36.0,,,36.0,F.F.F.
143061,207247.0,1944-06-19,8,FRANCE,V WEAPON SITE,V - WEAPON LAUNCHING SITES,48.83,-1.25,B17,4.0,19.0,250.0,36.0,,,36.0,F.F.F.
143062,207277.0,1944-06-19,8,FRANCE,V WEAPON SITE,V - WEAPON LAUNCHING SITES,48.83,-1.25,B17,4.0,19.0,250.0,36.0,,,36.0,F.F.F.
143063,207278.0,1944-06-19,8,FRANCE,V WEAPON SITE,V - WEAPON LAUNCHING SITES,48.83,-1.25,B17,4.0,19.0,250.0,36.0,,,36.0,F.F.F.
143066,207296.0,1944-06-19,8,FRANCE,AIRDROME,AIR FIELDS AND AIRDROMES,44.53,-1.15,B17,4.0,22.0,210.0,42.0,,,42.0,VISUAL
143093,207297.0,1944-06-19,8,FRANCE,AIRDROME,AIR FIELDS AND AIRDROMES,44.53,-1.15,B17,3.0,15.0,,25.0,,,25.0,NOT INDICATED
143090,207298.0,1944-06-19,8,FRANCE,ECLUSE AD,AIR FIELDS AND AIRDROMES,45.63,-0.87,B17,4.0,18.0,170.0,45.0,,,45.0,VISUAL
143402,207299.0,1944-06-19,8,FRANCE,ECLUSE AD,AIR FIELDS AND AIRDROMES,45.63,-0.87,B17,4.0,1.0,,2.0,,,2.0,VISUAL
143084,207300.0,1944-06-19,8,FRANCE,ECLUSE AD,AIR FIELDS AND AIRDROMES,45.63,-0.87,B17,4.0,13.0,190.0,45.0,,,45.0,F.F.F.
143087,207301.0,1944-06-19,8,FRANCE,ECLUSE AD,AIR FIELDS AND AIRDROMES,45.63,-0.87,B17,4.0,17.0,180.0,43.0,,,43.0,F.F.F.
143057,207302.0,1944-06-19,8,FRANCE,ECLUSE AD,AIR FIELDS AND AIRDROMES,45.63,-0.87,B17,3.0,32.0,255.0,80.0,,,80.0,VISUAL
143403,207303.0,1944-06-19,8,FRANCE,ECLUSE AD,AIR FIELDS AND AIRDROMES,45.63,-0.87,B17,3.0,2.0,,3.0,,,3.0,VISUAL
143404,207304.0,1944-06-19,8,FRANCE,ECLUSE AD,AIR FIELDS AND AIRDROMES,45.63,-0.87,B17,3.0,1.0,,3.0,,,3.0,VISUAL
143405,207305.0,1944-06-19,8,FRANCE,ECLUSE AD,AIR FIELDS AND AIRDROMES,45.63,-0.87,B17,3.0,3.0,,7.0,,,7.0,VISUAL
144251,103908.0,1944-06-20,9,FRANCE,V WEAPON,V - WEAPON LAUNCHING SITES,48.75,-0.57,A20,,,115.0,49.0,,,49.0,VISUAL
144254,103910.0,1944-06-20,9,FRANCE,GUN EMPLACEMENTS,GUN EMPLACEMENTS,49.3,-0.07,B26,,,105.0,70.0,,,70.0,VISUAL
144629,103937.0,1944-06-20,8,GERMANY,ORDNANCE DEPOT,SUPPLY DUMPS AND WAREHOUSES,52.15,11.75,B17,4.0,,,11.0,,,11.0,NOT INDICATED
144292,103938.0,1944-06-20,8,GERMANY,ORDNANCE DEPOT,SUPPLY DUMPS AND WAREHOUSES,52.15,11.75,B17,4.0,23.0,242.0,43.0,,,43.0,VISUAL
144630,103939.0,1944-06-20,8,GERMANY,ORDNANCE DEPOT,SUPPLY DUMPS AND WAREHOUSES,52.15,11.75,B17,4.0,3.0,,2.0,,,2.0,NOT INDICATED
144281,103940.0,1944-06-20,8,GERMANY,ORDNANCE DEPOT,SUPPLY DUMPS AND WAREHOUSES,52.15,11.75,B17,4.0,15.0,252.0,38.0,,,38.0,VISUAL
144293,103941.0,1944-06-20,8,GERMANY,ORDNANCE DEPOT,SUPPLY DUMPS AND WAREHOUSES,52.15,11.75,B17,4.0,11.0,242.0,21.0,,,21.0,VISUAL
144627,103942.0,1944-06-20,8,GERMANY,ORDNANCE DEPOT,SUPPLY DUMPS AND WAREHOUSES,52.15,11.75,B24,4.0,,,1.0,,,1.0,NOT INDICATED
144613,103943.0,1944-06-20,8,GERMANY,AUTO WORKS,VEHICLE MFG. PLANTS,53.42,10.72,B17,4.0,,,45.0,,,45.0,NOT INDICATED
144277,103944.0,1944-06-20,8,GERMANY,AUTO WORKS,VEHICLE MFG. PLANTS,53.42,10.72,B17,4.0,34.0,258.0,32.0,,,32.0,VISUAL
144614,103945.0,1944-06-20,8,GERMANY,AUTO WORKS,VEHICLE MFG. PLANTS,53.42,10.72,B17,4.0,4.0,,6.0,,,6.0,NOT INDICATED
144273,103946.0,1944-06-20,8,GERMANY,AUTO WORKS,VEHICLE MFG. PLANTS,53.42,10.72,B17,4.0,33.0,260.0,65.0,,,65.0,VISUAL
144298,103947.0,1944-06-20,8,GERMANY,AUTO WORKS,VEHICLE MFG. PLANTS,53.42,10.72,B17,4.0,18.0,240.0,,45.0,,45.0,VISUAL
144284,103948.0,1944-06-20,8,GERMANY,AUTO WORKS,VEHICLE MFG. PLANTS,53.42,10.72,B17,4.0,30.0,249.0,33.0,38.0,,71.0,VISUAL
144285,103949.0,1944-06-20,8,GERMANY,AUTO WORKS,VEHICLE MFG. PLANTS,53.42,10.72,B17,4.0,16.0,249.0,40.0,,,40.0,VISUAL
144615,103950.0,1944-06-20,8,GERMANY,AUTO WORKS,VEHICLE MFG. PLANTS,53.42,10.72,B24,4.0,2.0,,2.0,,,2.0,NOT INDICATED
144617,103951.0,1944-06-20,8,GERMANY,AUTO WORKS,VEHICLE MFG. PLANTS,53.42,10.72,B17,4.0,,,45.0,,,45.0,NOT INDICATED
144278,103952.0,1944-06-20,8,GERMANY,AUTO WORKS,VEHICLE MFG. PLANTS,53.42,10.72,B17,4.0,34.0,258.0,32.0,,,32.0,VISUAL
144618,103953.0,1944-06-20,8,GERMANY,AUTO WORKS,VEHICLE MFG. PLANTS,53.42,10.72,B17,4.0,4.0,,6.0,,,6.0,NOT INDICATED
144274,103954.0,1944-06-20,8,GERMANY,AUTO WORKS,VEHICLE MFG. PLANTS,53.42,10.72,B17,4.0,33.0,260.0,65.0,,,65.0,VISUAL
144299,103955.0,1944-06-20,8,GERMANY,AUTO WORKS,VEHICLE MFG. PLANTS,53.42,10.72,B17,4.0,18.0,240.0,,45.0,,45.0,VISUAL
144286,103956.0,1944-06-20,8,GERMANY,AUTO WORKS,VEHICLE MFG. PLANTS,53.42,10.72,B17,4.0,30.0,249.0,33.0,38.0,,71.0,VISUAL
144287,103957.0,1944-06-20,8,GERMANY,AUTO WORKS,VEHICLE MFG. PLANTS,53.42,10.72,B17,4.0,16.0,249.0,40.0,,,40.0,VISUAL
144611,103958.0,1944-06-20,8,GERMANY,AUTO WORKS,VEHICLE MFG. PLANTS,53.42,10.72,B24,4.0,2.0,,2.0,,,2.0,NOT INDICATED
144257,103964.0,1944-06-20,9,FRANCE,UNIDENTIFIED TARGET,UNIDENTIFIED TARGETS,48.83,-1.25,B24,4.0,1.0,,3.0,,,3.0,NOT INDICATED
144258,103965.0,1944-06-20,9,FRANCE,UNIDENTIFIED TARGET,UNIDENTIFIED TARGETS,48.83,-1.25,B24,4.0,12.0,,26.0,,,26.0,NOT INDICATED
144262,103966.0,1944-06-20,9,FRANCE,UNIDENTIFIED TARGET,UNIDENTIFIED TARGETS,48.83,-1.25,B17,4.0,1.0,,2.0,,,2.0,NOT INDICATED
144623,103967.0,1944-06-20,8,FRANCE,CITY AREA,CITIES TOWNS AND URBAN AREAS,48.83,-1.25,B24,4.0,,,31.0,,,31.0,NOT INDICATED
144608,103968.0,1944-06-20,8,FRANCE,CITY AREA,CITIES TOWNS AND URBAN AREAS,48.83,-1.25,B24,4.0,13.0,208.0,3.0,,,3.0,VISUAL
144602,103969.0,1944-06-20,8,FRANCE,UNIDENTIFIED TARGET,UNIDENTIFIED TARGETS,48.98,-1.55,B24,4.0,11.0,211.0,26.0,,,26.0,VISUAL
144605,103970.0,1944-06-20,8,FRANCE,UNIDENTIFIED TARGET,UNIDENTIFIED TARGETS,48.98,-1.55,B24,4.0,12.0,210.0,31.0,,,31.0,F.F.F.
144635,103971.0,1944-06-20,8,FRANCE,UNIDENTIFIED TARGET,UNIDENTIFIED TARGETS,48.98,-1.55,B17,4.0,1.0,,2.0,,,2.0,NOT INDICATED
144267,103978.0,1944-06-20,9,GERMANY,UNIDENTIFIED TARGET,UNIDENTIFIED TARGETS,53.55,10.0,B24,4.0,2.0,,1.0,,,1.0,NOT INDICATED
144639,103979.0,1944-06-20,8,GERMANY,UNIDENTIFIED TARGET,UNIDENTIFIED TARGETS,54.23,12.45,B24,1.0,10.0,,20.0,,,20.0,NOT INDICATED
144260,166957.0,1944-06-20,9,FRANCE,UNIDENTIFIED TARGET,UNIDENTIFIED TARGETS,48.83,-1.25,B24,4.0,1.0,,3.0,,,3.0,NOT INDICATED
144261,166958.0,1944-06-20,9,FRANCE,UNIDENTIFIED TARGET,UNIDENTIFIED TARGETS,48.83,-1.25,B24,4.0,12.0,,26.0,,,26.0,NOT INDICATED
144263,166959.0,1944-06-20,9,FRANCE,UNIDENTIFIED TARGET,UNIDENTIFIED TARGETS,48.83,-1.25,B17,4.0,1.0,,2.0,,,2.0,NOT INDICATED
144604,166963.0,1944-06-20,8,FRANCE,UNIDENTIFIED TARGET,UNIDENTIFIED TARGETS,48.98,-1.55,B24,4.0,11.0,211.0,26.0,,,26.0,VISUAL
144607,166964.0,1944-06-20,8,FRANCE,UNIDENTIFIED TARGET,UNIDENTIFIED TARGETS,48.98,-1.55,B24,4.0,12.0,210.0,31.0,,,31.0,F.F.F.
144636,166965.0,1944-06-20,8,FRANCE,UNIDENTIFIED TARGET,UNIDENTIFIED TARGETS,48.98,-1.55,B17,4.0,1.0,,2.0,,,2.0,NOT INDICATED
144268,166972.0,1944-06-20,9,GERMANY,UNIDENTIFIED TARGET,UNIDENTIFIED TARGETS,53.55,10.0,B24,4.0,2.0,,1.0,,,1.0,NOT INDICATED
144640,166973.0,1944-06-20,8,GERMANY,UNIDENTIFIED TARGET,UNIDENTIFIED TARGETS,54.23,12.45,B24,1.0,10.0,,20.0,,,20.0,NOT INDICATED
144249,166976.0,1944-06-20,9,GERMANY,UNIDENTIFIED TARGET,UNIDENTIFIED TARGETS,48.0,11.33,B24,4.0,33.0,232.0,86.0,,,86.0,VISUAL
144624,166980.0,1944-06-20,8,FRANCE,CITY AREA,CITIES TOWNS AND URBAN AREAS,48.83,-1.25,B24,4.0,,,31.0,,,31.0,NOT INDICATED
144609,166981.0,1944-06-20,8,FRANCE,CITY AREA,CITIES TOWNS AND URBAN AREAS,48.83,-1.25,B24,4.0,13.0,208.0,3.0,,,3.0,VISUAL
144625,166982.0,1944-06-20,8,FRANCE,CITY AREA,CITIES TOWNS AND URBAN AREAS,48.83,-1.25,B24,4.0,,,31.0,,,31.0,NOT INDICATED
144610,166983.0,1944-06-20,8,FRANCE,CITY AREA,CITIES TOWNS AND URBAN AREAS,48.83,-1.25,B24,4.0,13.0,208.0,3.0,,,3.0,VISUAL
144259,166988.0,1944-06-20,9,FRANCE,UNIDENTIFIED TARGET,UNIDENTIFIED TARGETS,48.83,-1.25,B24,4.0,1.0,,3.0,,,3.0,NOT INDICATED
144264,166989.0,1944-06-20,9,FRANCE,UNIDENTIFIED TARGET,UNIDENTIFIED TARGETS,48.83,-1.25,B17,4.0,1.0,,2.0,,,2.0,NOT INDICATED
144265,166990.0,1944-06-20,9,FRANCE,UNIDENTIFIED TARGET,UNIDENTIFIED TARGETS,48.83,-1.25,B17,4.0,1.0,,2.0,,,2.0,NOT INDICATED
144603,166994.0,1944-06-20,8,FRANCE,UNIDENTIFIED TARGET,UNIDENTIFIED TARGETS,48.98,-1.55,B24,4.0,11.0,211.0,26.0,,,26.0,VISUAL
144606,166995.0,1944-06-20,8,FRANCE,UNIDENTIFIED TARGET,UNIDENTIFIED TARGETS,48.98,-1.55,B24,4.0,12.0,210.0,31.0,,,31.0,F.F.F.
144637,166996.0,1944-06-20,8,FRANCE,UNIDENTIFIED TARGET,UNIDENTIFIED TARGETS,48.98,-1.55,B17,4.0,1.0,,2.0,,,2.0,NOT INDICATED
144266,167003.0,1944-06-20,9,GERMANY,UNIDENTIFIED TARGET,UNIDENTIFIED TARGETS,53.55,10.0,B24,4.0,2.0,,1.0,,,1.0,NOT INDICATED
144638,167004.0,1944-06-20,8,GERMANY,UNIDENTIFIED TARGET,UNIDENTIFIED TARGETS,54.23,12.45,B24,1.0,10.0,,20.0,,,20.0,NOT INDICATED
144250,167007.0,1944-06-20,9,GERMANY,UNIDENTIFIED TARGET,UNIDENTIFIED TARGETS,48.0,11.33,B24,4.0,33.0,232.0,86.0,,,86.0,VISUAL
144619,167010.0,1944-06-20,8,GERMANY,AUTO WORKS,VEHICLE MFG. PLANTS,53.42,10.72,B17,4.0,,,45.0,,,45.0,NOT INDICATED
144279,167011.0,1944-06-20,8,GERMANY,AUTO WORKS,VEHICLE MFG. PLANTS,53.42,10.72,B17,4.0,34.0,258.0,32.0,,,32.0,VISUAL
144620,167012.0,1944-06-20,8,GERMANY,AUTO WORKS,VEHICLE MFG. PLANTS,53.42,10.72,B17,4.0,4.0,,6.0,,,6.0,NOT INDICATED
144275,167013.0,1944-06-20,8,GERMANY,AUTO WORKS,VEHICLE MFG. PLANTS,53.42,10.72,B17,4.0,33.0,260.0,65.0,,,65.0,VISUAL
144300,167014.0,1944-06-20,8,GERMANY,AUTO WORKS,VEHICLE MFG. PLANTS,53.42,10.72,B17,4.0,18.0,240.0,,45.0,,45.0,VISUAL
144288,167015.0,1944-06-20,8,GERMANY,AUTO WORKS,VEHICLE MFG. PLANTS,53.42,10.72,B17,4.0,30.0,249.0,33.0,38.0,,71.0,VISUAL
144289,167016.0,1944-06-20,8,GERMANY,AUTO WORKS,VEHICLE MFG. PLANTS,53.42,10.72,B17,4.0,16.0,249.0,40.0,,,40.0,VISUAL
144612,167017.0,1944-06-20,8,GERMANY,AUTO WORKS,VEHICLE MFG. PLANTS,53.42,10.72,B24,4.0,2.0,,2.0,,,2.0,NOT INDICATED
144621,167018.0,1944-06-20,8,GERMANY,AUTO WORKS,VEHICLE MFG. PLANTS,53.42,10.72,B17,4.0,,,45.0,,,45.0,NOT INDICATED
144280,167019.0,1944-06-20,8,GERMANY,AUTO WORKS,VEHICLE MFG. PLANTS,53.42,10.72,B17,4.0,34.0,258.0,32.0,,,32.0,VISUAL
144622,167020.0,1944-06-20,8,GERMANY,AUTO WORKS,VEHICLE MFG. PLANTS,53.42,10.72,B17,4.0,4.0,,6.0,,,6.0,NOT INDICATED
144276,167021.0,1944-06-20,8,GERMANY,AUTO WORKS,VEHICLE MFG. PLANTS,53.42,10.72,B17,4.0,33.0,260.0,65.0,,,65.0,VISUAL
144601,167022.0,1944-06-20,8,GERMANY,AUTO WORKS,VEHICLE MFG. PLANTS,53.42,10.72,B17,4.0,18.0,240.0,,45.0,,45.0,VISUAL
144290,167023.0,1944-06-20,8,GERMANY,AUTO WORKS,VEHICLE MFG. PLANTS,53.42,10.72,B17,4.0,30.0,249.0,33.0,38.0,,71.0,VISUAL
144291,167024.0,1944-06-20,8,GERMANY,AUTO WORKS,VEHICLE MFG. PLANTS,53.42,10.72,B17,4.0,16.0,249.0,40.0,,,40.0,VISUAL
144616,167025.0,1944-06-20,8,GERMANY,AUTO WORKS,VEHICLE MFG. PLANTS,53.42,10.72,B24,4.0,2.0,,2.0,,,2.0,NOT INDICATED
144631,207322.0,1944-06-20,8,GERMANY,ORDNANCE DEPOT,SUPPLY DUMPS AND WAREHOUSES,52.15,11.75,B17,4.0,,,11.0,,,11.0,NOT INDICATED
144294,207323.0,1944-06-20,8,GERMANY,ORDNANCE DEPOT,SUPPLY DUMPS AND WAREHOUSES,52.15,11.75,B17,4.0,23.0,242.0,43.0,,,43.0,VISUAL
144632,207324.0,1944-06-20,8,GERMANY,ORDNANCE DEPOT,SUPPLY DUMPS AND WAREHOUSES,52.15,11.75,B17,4.0,3.0,,2.0,,,2.0,NOT INDICATED
144282,207325.0,1944-06-20,8,GERMANY,ORDNANCE DEPOT,SUPPLY DUMPS AND WAREHOUSES,52.15,11.75,B17,4.0,15.0,252.0,38.0,,,38.0,VISUAL
144295,207326.0,1944-06-20,8,GERMANY,ORDNANCE DEPOT,SUPPLY DUMPS AND WAREHOUSES,52.15,11.75,B17,4.0,11.0,242.0,21.0,,,21.0,VISUAL
144626,207327.0,1944-06-20,8,GERMANY,ORDNANCE DEPOT,SUPPLY DUMPS AND WAREHOUSES,52.15,11.75,B24,4.0,,,1.0,,,1.0,NOT INDICATED
144255,207347.0,1944-06-20,9,FRANCE,GUN EMPLACEMENTS,GUN EMPLACEMENTS,49.3,-0.07,B26,,,105.0,70.0,,,70.0,VISUAL
144252,207350.0,1944-06-20,9,FRANCE,V WEAPON,V - WEAPON LAUNCHING SITES,48.75,-0.57,A20,,,115.0,49.0,,,49.0,VISUAL
144253,207360.0,1944-06-20,9,FRANCE,V WEAPON,V - WEAPON LAUNCHING SITES,48.75,-0.57,A20,,,115.0,49.0,,,49.0,VISUAL
144256,207362.0,1944-06-20,9,FRANCE,GUN EMPLACEMENTS,GUN EMPLACEMENTS,49.3,-0.07,B26,,,105.0,70.0,,,70.0,VISUAL
144633,207387.0,1944-06-20,8,GERMANY,ORDNANCE DEPOT,SUPPLY DUMPS AND WAREHOUSES,52.15,11.75,B17,4.0,,,11.0,,,11.0,NOT INDICATED
144296,207388.0,1944-06-20,8,GERMANY,ORDNANCE DEPOT,SUPPLY DUMPS AND WAREHOUSES,52.15,11.75,B17,4.0,23.0,242.0,43.0,,,43.0,VISUAL
144634,207389.0,1944-06-20,8,GERMANY,ORDNANCE DEPOT,SUPPLY DUMPS AND WAREHOUSES,52.15,11.75,B17,4.0,3.0,,2.0,,,2.0,NOT INDICATED
144283,207390.0,1944-06-20,8,GERMANY,ORDNANCE DEPOT,SUPPLY DUMPS AND WAREHOUSES,52.15,11.75,B17,4.0,15.0,252.0,38.0,,,38.0,VISUAL
144297,207391.0,1944-06-20,8,GERMANY,ORDNANCE DEPOT,SUPPLY DUMPS AND WAREHOUSES,52.15,11.75,B17,4.0,11.0,242.0,21.0,,,21.0,VISUAL
144628,207392.0,1944-06-20,8,GERMANY,ORDNANCE DEPOT,SUPPLY DUMPS AND WAREHOUSES,52.15,11.75,B24,4.0,,,1.0,,,1.0,NOT INDICATED
145867,103993.0,1944-06-21,15,GERMANY,SCWARTZHEIDE SYN OIL,SYNTHETIC OIL REFINERIES,51.48,13.88,B17,4.0,,,3.0,,,3.0,NOT INDICATED
145861,103994.0,1944-06-21,15,GERMANY,SCWARTZHEIDE SYN OIL,SYNTHETIC OIL REFINERIES,51.48,13.88,B17,4.0,13.0,200.0,21.0,,,21.0,VISUAL
145868,103995.0,1944-06-21,15,GERMANY,SCWARTZHEIDE SYN OIL,SYNTHETIC OIL REFINERIES,51.48,13.88,B17,4.0,4.0,,6.0,,,6.0,VISUAL
145857,103996.0,1944-06-21,15,GERMANY,SCWARTZHEIDE SYN OIL,SYNTHETIC OIL REFINERIES,51.48,13.88,B17,4.0,20.0,210.0,39.0,,,39.0,VISUAL
145869,103997.0,1944-06-21,15,GERMANY,SCWARTZHEIDE SYN OIL,SYNTHETIC OIL REFINERIES,51.48,13.88,B17,4.0,3.0,,5.0,,,5.0,NOT INDICATED
145862,103998.0,1944-06-21,15,GERMANY,SCWARTZHEIDE SYN OIL,SYNTHETIC OIL REFINERIES,51.48,13.88,B17,4.0,26.0,200.0,52.0,,,52.0,VISUAL
145865,103999.0,1944-06-21,15,GERMANY,SCWARTZHEIDE SYN OIL,SYNTHETIC OIL REFINERIES,51.48,13.88,B17,4.0,25.0,198.0,34.0,10.0,,44.0,VISUAL
145858,104000.0,1944-06-21,15,GERMANY,SCWARTZHEIDE SYN OIL,SYNTHETIC OIL REFINERIES,51.48,13.88,B17,4.0,26.0,210.0,52.0,,,52.0,VISUAL
145870,104001.0,1944-06-21,15,GERMANY,SCWARTZHEIDE SYN OIL,SYNTHETIC OIL REFINERIES,51.48,13.88,B17,4.0,6.0,,,8.0,,8.0,NOT INDICATED
145890,104011.0,1944-06-21,8,GERMANY,BMW AC ENGINES,ENGINE PLANTS,52.72,13.45,B17,4.0,15.0,250.0,37.0,,,37.0,VISUAL
146238,104012.0,1944-06-21,8,GERMANY,BMW AC ENGINES,ENGINE PLANTS,52.72,13.45,B17,4.0,2.0,,3.0,,,3.0,NOT INDICATED
146210,104013.0,1944-06-21,8,GERMANY,BMW AC ENGINES,ENGINE PLANTS,52.72,13.45,B17,4.0,12.0,230.0,,17.0,,17.0,VISUAL
146239,104014.0,1944-06-21,8,GERMANY,BMW AC ENGINES,ENGINE PLANTS,52.72,13.45,B17,4.0,2.0,,3.0,,,3.0,VISUAL
145893,104015.0,1944-06-21,8,GERMANY,BMW AC ENGINES,ENGINE PLANTS,52.72,13.45,B17,4.0,17.0,240.0,,24.0,,24.0,VISUAL
146240,104016.0,1944-06-21,8,GERMANY,BMW AC ENGINES,ENGINE PLANTS,52.72,13.45,B17,4.0,2.0,,5.0,,,5.0,NOT INDICATED
145894,104017.0,1944-06-21,8,GERMANY,BMW AC ENGINES,ENGINE PLANTS,52.72,13.45,B17,4.0,16.0,240.0,40.0,,,40.0,VISUAL
145895,104018.0,1944-06-21,8,GERMANY,BMW AC ENGINES,ENGINE PLANTS,52.72,13.45,B17,4.0,15.0,240.0,37.0,,,37.0,VISUAL
146241,104019.0,1944-06-21,8,GERMANY,BMW AC ENGINES,ENGINE PLANTS,52.72,13.45,B17,2.0,,,5.0,,,5.0,NOT INDICATED
146242,104020.0,1944-06-21,8,GERMANY,BMW AC ENGINES,ENGINE PLANTS,52.72,13.45,B17,2.0,1.0,,3.0,,,3.0,NOT INDICATED
146243,104021.0,1944-06-21,8,GERMANY,BMW AC ENGINES,ENGINE PLANTS,52.72,13.45,B17,2.0,1.0,,,1.0,,1.0,NOT INDICATED
146290,104022.0,1944-06-21,8,GERMANY,AIRDROME,AIR FIELDS AND AIRDROMES,53.43,11.85,B17,2.0,1.0,,2.0,1.0,,3.0,NOT INDICATED
146271,104038.0,1944-06-21,8,GERMANY,MOTOR CAR FACTORY,VEHICLE MFG. PLANTS,52.32,13.27,B24,4.0,2.0,,2.0,,,2.0,NOT INDICATED
146206,104039.0,1944-06-21,8,GERMANY,MOTOR CAR FACTORY,VEHICLE MFG. PLANTS,52.32,13.27,B24,4.0,22.0,233.0,53.0,,,53.0,VISUAL
146213,104040.0,1944-06-21,8,GERMANY,MOTOR CAR FACTORY,VEHICLE MFG. PLANTS,52.32,13.27,B24,4.0,20.0,230.0,50.0,,,50.0,F.F.F.
146272,104041.0,1944-06-21,8,GERMANY,MOTOR CAR FACTORY,VEHICLE MFG. PLANTS,52.32,13.27,B24,4.0,8.0,,24.0,,,24.0,NOT INDICATED
146279,104042.0,1944-06-21,8,GERMANY,MOTOR CAR FACTORY,VEHICLE MFG. PLANTS,52.32,13.27,B24,4.0,,,,3.0,,3.0,NOT INDICATED
146224,104043.0,1944-06-21,8,GERMANY,MOTOR CAR FACTORY,VEHICLE MFG. PLANTS,52.32,13.27,B24,4.0,21.0,228.0,,36.0,,36.0,F.F.F.
146218,104044.0,1944-06-21,8,GERMANY,MOTOR CAR FACTORY,VEHICLE MFG. PLANTS,52.32,13.27,B24,4.0,14.0,230.0,33.0,,,33.0,F.F.F.
146204,104045.0,1944-06-21,8,GERMANY,MOTOR CAR FACTORY,VEHICLE MFG. PLANTS,52.32,13.27,B24,4.0,11.0,235.0,,20.0,,20.0,F.F.F.
146222,104046.0,1944-06-21,8,GERMANY,MOTOR CAR FACTORY,VEHICLE MFG. PLANTS,52.32,13.27,B24,4.0,21.0,228.0,,36.0,,36.0,F.F.F.
146214,104047.0,1944-06-21,8,GERMANY,MOTOR CAR FACTORY,VEHICLE MFG. PLANTS,52.32,13.27,B24,4.0,14.0,230.0,33.0,,,33.0,F.F.F.
146202,104048.0,1944-06-21,8,GERMANY,MOTOR CAR FACTORY,VEHICLE MFG. PLANTS,52.32,13.27,B24,4.0,11.0,235.0,,20.0,,20.0,F.F.F.
146273,104049.0,1944-06-21,8,GERMANY,MOTOR CAR FACTORY,VEHICLE MFG. PLANTS,52.32,13.27,B24,4.0,2.0,,2.0,,,2.0,NOT INDICATED
146207,104050.0,1944-06-21,8,GERMANY,MOTOR CAR FACTORY,VEHICLE MFG. PLANTS,52.32,13.27,B24,4.0,22.0,233.0,53.0,,,53.0,VISUAL
146215,104051.0,1944-06-21,8,GERMANY,MOTOR CAR FACTORY,VEHICLE MFG. PLANTS,52.32,13.27,B24,4.0,20.0,230.0,50.0,,,50.0,F.F.F.
146274,104052.0,1944-06-21,8,GERMANY,MOTOR CAR FACTORY,VEHICLE MFG. PLANTS,52.32,13.27,B24,4.0,8.0,,24.0,,,24.0,NOT INDICATED
146275,104053.0,1944-06-21,8,GERMANY,MOTOR CAR FACTORY,VEHICLE MFG. PLANTS,52.32,13.27,B24,4.0,,,,3.0,,3.0,NOT INDICATED
146232,104054.0,1944-06-21,8,POLAND,CITY AREA,CITIES TOWNS AND URBAN AREAS,49.37,23.52,B17,4.0,12.0,200.0,24.0,,,24.0,VISUAL
146259,104055.0,1944-06-21,8,POLAND,CITY AREA,CITIES TOWNS AND URBAN AREAS,49.37,23.52,B17,4.0,4.0,,2.0,,,2.0,NOT INDICATED
146260,104056.0,1944-06-21,8,POLAND,CITY AREA,CITIES TOWNS AND URBAN AREAS,49.37,23.52,B17,4.0,2.0,,4.0,,,4.0,NOT INDICATED
146229,104057.0,1944-06-21,8,POLAND,CITY AREA,CITIES TOWNS AND URBAN AREAS,49.37,23.52,B17,4.0,23.0,210.0,34.0,,,34.0,VISUAL
146261,104058.0,1944-06-21,8,POLAND,CITY AREA,CITIES TOWNS AND URBAN AREAS,49.37,23.52,B17,4.0,5.0,,19.0,,,19.0,NOT INDICATED
146226,104059.0,1944-06-21,8,POLAND,CITY AREA,CITIES TOWNS AND URBAN AREAS,49.37,23.52,B17,4.0,25.0,220.0,51.0,,,51.0,VISUAL
146257,104100.0,1944-06-21,8,GERMANY,UNIDENTIFIED TARGET,UNIDENTIFIED TARGETS,53.63,8.83,B24,1.0,1.0,,,3.0,,3.0,NOT INDICATED
146268,104101.0,1944-06-21,8,GERMANY,UNIDENTIFIED TARGET,UNIDENTIFIED TARGETS,51.47,13.53,B17,2.0,1.0,,2.0,,,2.0,NOT INDICATED
146235,104102.0,1944-06-21,8,GERMANY,UNIDENTIFIED TARGET,UNIDENTIFIED TARGETS,51.47,13.53,B17,2.0,20.0,190.0,,28.0,,28.0,VISUAL
146286,104103.0,1944-06-21,8,GERMANY,UNIDENTIFIED TARGET,UNIDENTIFIED TARGETS,52.42,13.38,B17,4.0,,,,24.0,,24.0,NOT INDICATED
146287,104104.0,1944-06-21,8,GERMANY,UNIDENTIFIED TARGET,UNIDENTIFIED TARGETS,52.42,13.38,B17,4.0,11.0,,,5.0,,5.0,NOT INDICATED
145891,167087.0,1944-06-21,8,GERMANY,BMW AC ENGINES,ENGINE PLANTS,52.72,13.45,B17,4.0,15.0,250.0,37.0,,,37.0,VISUAL
146244,167088.0,1944-06-21,8,GERMANY,BMW AC ENGINES,ENGINE PLANTS,52.72,13.45,B17,4.0,2.0,,3.0,,,3.0,NOT INDICATED
146211,167089.0,1944-06-21,8,GERMANY,BMW AC ENGINES,ENGINE PLANTS,52.72,13.45,B17,4.0,12.0,230.0,,17.0,,17.0,VISUAL
146245,167090.0,1944-06-21,8,GERMANY,BMW AC ENGINES,ENGINE PLANTS,52.72,13.45,B17,4.0,2.0,,3.0,,,3.0,VISUAL
145896,167091.0,1944-06-21,8,GERMANY,BMW AC ENGINES,ENGINE PLANTS,52.72,13.45,B17,4.0,17.0,240.0,,24.0,,24.0,VISUAL
146246,167092.0,1944-06-21,8,GERMANY,BMW AC ENGINES,ENGINE PLANTS,52.72,13.45,B17,4.0,2.0,,5.0,,,5.0,NOT INDICATED
145897,167093.0,1944-06-21,8,GERMANY,BMW AC ENGINES,ENGINE PLANTS,52.72,13.45,B17,4.0,16.0,240.0,40.0,,,40.0,VISUAL
145898,167094.0,1944-06-21,8,GERMANY,BMW AC ENGINES,ENGINE PLANTS,52.72,13.45,B17,4.0,15.0,240.0,37.0,,,37.0,VISUAL
146247,167095.0,1944-06-21,8,GERMANY,BMW AC ENGINES,ENGINE PLANTS,52.72,13.45,B17,2.0,,,5.0,,,5.0,NOT INDICATED
146248,167096.0,1944-06-21,8,GERMANY,BMW AC ENGINES,ENGINE PLANTS,52.72,13.45,B17,2.0,1.0,,3.0,,,3.0,NOT INDICATED
146249,167097.0,1944-06-21,8,GERMANY,BMW AC ENGINES,ENGINE PLANTS,52.72,13.45,B17,2.0,1.0,,,1.0,,1.0,NOT INDICATED
146258,167106.0,1944-06-21,8,GERMANY,UNIDENTIFIED TARGET,UNIDENTIFIED TARGETS,53.63,8.83,B24,1.0,1.0,,,3.0,,3.0,NOT INDICATED
146269,167107.0,1944-06-21,8,GERMANY,UNIDENTIFIED TARGET,UNIDENTIFIED TARGETS,51.47,13.53,B17,2.0,1.0,,2.0,,,2.0,NOT INDICATED
146236,167108.0,1944-06-21,8,GERMANY,UNIDENTIFIED TARGET,UNIDENTIFIED TARGETS,51.47,13.53,B17,2.0,20.0,190.0,,28.0,,28.0,VISUAL
146288,167109.0,1944-06-21,8,GERMANY,UNIDENTIFIED TARGET,UNIDENTIFIED TARGETS,52.42,13.38,B17,4.0,,,,24.0,,24.0,NOT INDICATED
146289,167110.0,1944-06-21,8,GERMANY,UNIDENTIFIED TARGET,UNIDENTIFIED TARGETS,52.42,13.38,B17,4.0,11.0,,,5.0,,5.0,NOT INDICATED
145876,167112.0,1944-06-21,9,GERMANY,UNIDENTIFIED TARGET,UNIDENTIFIED TARGETS,49.08,9.67,B17,2.0,2.0,,4.0,1.0,,5.0,NOT INDICATED
146233,167167.0,1944-06-21,8,POLAND,CITY AREA,CITIES TOWNS AND URBAN AREAS,49.37,23.52,B17,4.0,12.0,200.0,24.0,,,24.0,VISUAL
146262,167168.0,1944-06-21,8,POLAND,CITY AREA,CITIES TOWNS AND URBAN AREAS,49.37,23.52,B17,4.0,4.0,,2.0,,,2.0,NOT INDICATED
146263,167169.0,1944-06-21,8,POLAND,CITY AREA,CITIES TOWNS AND URBAN AREAS,49.37,23.52,B17,4.0,2.0,,4.0,,,4.0,NOT INDICATED
146230,167170.0,1944-06-21,8,POLAND,CITY AREA,CITIES TOWNS AND URBAN AREAS,49.37,23.52,B17,4.0,23.0,210.0,34.0,,,34.0,VISUAL
146264,167171.0,1944-06-21,8,POLAND,CITY AREA,CITIES TOWNS AND URBAN AREAS,49.37,23.52,B17,4.0,5.0,,19.0,,,19.0,NOT INDICATED
146227,167172.0,1944-06-21,8,POLAND,CITY AREA,CITIES TOWNS AND URBAN AREAS,49.37,23.52,B17,4.0,25.0,220.0,51.0,,,51.0,VISUAL
146256,167208.0,1944-06-21,8,GERMANY,UNIDENTIFIED TARGET,UNIDENTIFIED TARGETS,53.63,8.83,B24,1.0,1.0,,,3.0,,3.0,NOT INDICATED
146270,167209.0,1944-06-21,8,GERMANY,UNIDENTIFIED TARGET,UNIDENTIFIED TARGETS,51.47,13.53,B17,2.0,1.0,,2.0,,,2.0,NOT INDICATED
146237,167210.0,1944-06-21,8,GERMANY,UNIDENTIFIED TARGET,UNIDENTIFIED TARGETS,51.47,13.53,B17,2.0,20.0,190.0,,28.0,,28.0,VISUAL
146284,167211.0,1944-06-21,8,GERMANY,UNIDENTIFIED TARGET,UNIDENTIFIED TARGETS,52.42,13.38,B24,4.0,,,,24.0,,24.0,NOT INDICATED
146285,167212.0,1944-06-21,8,GERMANY,UNIDENTIFIED TARGET,UNIDENTIFIED TARGETS,52.42,13.38,B24,4.0,11.0,,,5.0,,5.0,NOT INDICATED
145877,167215.0,1944-06-21,9,GERMANY,UNIDENTIFIED TARGET,UNIDENTIFIED TARGETS,49.08,9.67,B17,2.0,2.0,,4.0,1.0,,5.0,NOT INDICATED
145892,167223.0,1944-06-21,8,GERMANY,BMW AC ENGINES,ENGINE PLANTS,52.72,13.45,B17,4.0,15.0,250.0,37.0,,,37.0,VISUAL
146250,167224.0,1944-06-21,8,GERMANY,BMW AC ENGINES,ENGINE PLANTS,52.72,13.45,B17,4.0,2.0,,3.0,,,3.0,NOT INDICATED
146212,167225.0,1944-06-21,8,GERMANY,BMW AC ENGINES,ENGINE PLANTS,52.72,13.45,B17,4.0,12.0,230.0,,17.0,,17.0,VISUAL
146251,167226.0,1944-06-21,8,GERMANY,BMW AC ENGINES,ENGINE PLANTS,52.72,13.45,B17,4.0,2.0,,3.0,,,3.0,VISUAL
145899,167227.0,1944-06-21,8,GERMANY,BMW AC ENGINES,ENGINE PLANTS,52.72,13.45,B17,4.0,17.0,240.0,,24.0,,24.0,VISUAL
146252,167228.0,1944-06-21,8,GERMANY,BMW AC ENGINES,ENGINE PLANTS,52.72,13.45,B17,4.0,2.0,,5.0,,,5.0,NOT INDICATED
145900,167229.0,1944-06-21,8,GERMANY,BMW AC ENGINES,ENGINE PLANTS,52.72,13.45,B17,4.0,16.0,240.0,40.0,,,40.0,VISUAL
146201,167230.0,1944-06-21,8,GERMANY,BMW AC ENGINES,ENGINE PLANTS,52.72,13.45,B17,4.0,15.0,240.0,37.0,,,37.0,VISUAL
146253,167231.0,1944-06-21,8,GERMANY,BMW AC ENGINES,ENGINE PLANTS,52.72,13.45,B17,2.0,,,5.0,,,5.0,NOT INDICATED
146254,167232.0,1944-06-21,8,GERMANY,BMW AC ENGINES,ENGINE PLANTS,52.72,13.45,B17,2.0,1.0,,3.0,,,3.0,NOT INDICATED
146255,167233.0,1944-06-21,8,GERMANY,BMW AC ENGINES,ENGINE PLANTS,52.72,13.45,B17,2.0,1.0,,,1.0,,1.0,NOT INDICATED
146234,167238.0,1944-06-21,8,POLAND,CITY AREA,CITIES TOWNS AND URBAN AREAS,49.37,23.52,B17,4.0,12.0,200.0,24.0,,,24.0,VISUAL
146265,167239.0,1944-06-21,8,POLAND,CITY AREA,CITIES TOWNS AND URBAN AREAS,49.37,23.52,B17,4.0,4.0,,2.0,,,2.0,NOT INDICATED
146266,167240.0,1944-06-21,8,POLAND,CITY AREA,CITIES TOWNS AND URBAN AREAS,49.37,23.52,B17,4.0,2.0,,4.0,,,4.0,NOT INDICATED
146231,167241.0,1944-06-21,8,POLAND,CITY AREA,CITIES TOWNS AND URBAN AREAS,49.37,23.52,B17,4.0,23.0,210.0,34.0,,,34.0,VISUAL
146267,167242.0,1944-06-21,8,POLAND,CITY AREA,CITIES TOWNS AND URBAN AREAS,49.37,23.52,B17,4.0,5.0,,19.0,,,19.0,NOT INDICATED
146228,167243.0,1944-06-21,8,POLAND,CITY AREA,CITIES TOWNS AND URBAN AREAS,49.37,23.52,B17,4.0,25.0,220.0,51.0,,,51.0,VISUAL
146223,167245.0,1944-06-21,8,GERMANY,MOTOR CAR FACTORY,VEHICLE MFG. PLANTS,52.32,13.27,B24,4.0,21.0,228.0,,36.0,,36.0,F.F.F.
146216,167246.0,1944-06-21,8,GERMANY,MOTOR CAR FACTORY,VEHICLE MFG. PLANTS,52.32,13.27,B24,4.0,14.0,230.0,33.0,,,33.0,F.F.F.
146203,167247.0,1944-06-21,8,GERMANY,MOTOR CAR FACTORY,VEHICLE MFG. PLANTS,52.32,13.27,B24,4.0,11.0,235.0,,20.0,,20.0,F.F.F.
146276,167248.0,1944-06-21,8,GERMANY,MOTOR CAR FACTORY,VEHICLE MFG. PLANTS,52.32,13.27,B24,4.0,2.0,,2.0,,,2.0,NOT INDICATED
146208,167249.0,1944-06-21,8,GERMANY,MOTOR CAR FACTORY,VEHICLE MFG. PLANTS,52.32,13.27,B24,4.0,22.0,233.0,53.0,,,53.0,VISUAL
146217,167250.0,1944-06-21,8,GERMANY,MOTOR CAR FACTORY,VEHICLE MFG. PLANTS,52.32,13.27,B24,4.0,20.0,230.0,50.0,,,50.0,F.F.F.
146277,167251.0,1944-06-21,8,GERMANY,MOTOR CAR FACTORY,VEHICLE MFG. PLANTS,52.32,13.27,B24,4.0,8.0,,24.0,,,24.0,NOT INDICATED
146278,167252.0,1944-06-21,8,GERMANY,MOTOR CAR FACTORY,VEHICLE MFG. PLANTS,52.32,13.27,B24,4.0,,,,3.0,,3.0,NOT INDICATED
146280,167253.0,1944-06-21,8,GERMANY,MOTOR CAR FACTORY,VEHICLE MFG. PLANTS,52.32,13.27,B24,4.0,2.0,,2.0,,,2.0,NOT INDICATED
146209,167254.0,1944-06-21,8,GERMANY,MOTOR CAR FACTORY,VEHICLE MFG. PLANTS,52.32,13.27,B24,4.0,22.0,233.0,53.0,,,53.0,VISUAL
146219,167255.0,1944-06-21,8,GERMANY,MOTOR CAR FACTORY,VEHICLE MFG. PLANTS,52.32,13.27,B24,4.0,20.0,230.0,50.0,,,50.0,F.F.F.
146281,167256.0,1944-06-21,8,GERMANY,MOTOR CAR FACTORY,VEHICLE MFG. PLANTS,52.32,13.27,B24,4.0,8.0,,24.0,,,24.0,NOT INDICATED
146282,167257.0,1944-06-21,8,GERMANY,MOTOR CAR FACTORY,VEHICLE MFG. PLANTS,52.32,13.27,B24,4.0,,,,3.0,,3.0,NOT INDICATED
146225,167258.0,1944-06-21,8,GERMANY,MOTOR CAR FACTORY,VEHICLE MFG. PLANTS,52.32,13.27,B24,4.0,21.0,228.0,,36.0,,36.0,F.F.F.
146220,167259.0,1944-06-21,8,GERMANY,MOTOR CAR FACTORY,VEHICLE MFG. PLANTS,52.32,13.27,B24,4.0,14.0,230.0,33.0,,,33.0,F.F.F.
146205,167260.0,1944-06-21,8,GERMANY,MOTOR CAR FACTORY,VEHICLE MFG. PLANTS,52.32,13.27,B24,4.0,11.0,235.0,,20.0,,20.0,F.F.F.
145871,167262.0,1944-06-21,15,GERMANY,SCWARTZHEIDE SYN OIL,SYNTHETIC OIL REFINERIES,51.48,13.88,B17,4.0,,,3.0,,,3.0,NOT INDICATED
145863,167263.0,1944-06-21,15,GERMANY,SCWARTZHEIDE SYN OIL,SYNTHETIC OIL REFINERIES,51.48,13.88,B17,4.0,13.0,200.0,21.0,,,21.0,VISUAL
145872,167264.0,1944-06-21,15,GERMANY,SCWARTZHEIDE SYN OIL,SYNTHETIC OIL REFINERIES,51.48,13.88,B17,4.0,4.0,,6.0,,,6.0,VISUAL
145859,167265.0,1944-06-21,15,GERMANY,SCWARTZHEIDE SYN OIL,SYNTHETIC OIL REFINERIES,51.48,13.88,B17,4.0,20.0,210.0,39.0,,,39.0,VISUAL
145873,167266.0,1944-06-21,15,GERMANY,SCWARTZHEIDE SYN OIL,SYNTHETIC OIL REFINERIES,51.48,13.88,B17,4.0,3.0,,5.0,,,5.0,NOT INDICATED
145864,167267.0,1944-06-21,15,GERMANY,SCWARTZHEIDE SYN OIL,SYNTHETIC OIL REFINERIES,51.48,13.88,B17,4.0,26.0,200.0,52.0,,,52.0,VISUAL
145866,167268.0,1944-06-21,15,GERMANY,SCWARTZHEIDE SYN OIL,SYNTHETIC OIL REFINERIES,51.48,13.88,B17,4.0,25.0,198.0,34.0,10.0,,44.0,VISUAL
145860,167269.0,1944-06-21,15,GERMANY,SCWARTZHEIDE SYN OIL,SYNTHETIC OIL REFINERIES,51.48,13.88,B17,4.0,26.0,210.0,52.0,,,52.0,VISUAL
145874,167270.0,1944-06-21,15,GERMANY,SCWARTZHEIDE SYN OIL,SYNTHETIC OIL REFINERIES,51.48,13.88,B17,4.0,6.0,,,8.0,,8.0,NOT INDICATED
146293,167281.0,1944-06-21,8,GERMANY,MARSHALLING YARD,"""RR INSTALLATIONS,  TRACKS,  MARSHALLING YARDS,  AND STATIONS""",52.4,13.07,B24,1.0,2.0,,2.0,,,2.0,NOT INDICATED
146221,167282.0,1944-06-21,8,GERMANY,MARSHALLING YARD,"""RR INSTALLATIONS,  TRACKS,  MARSHALLING YARDS,  AND STATIONS""",52.4,13.07,B24,1.0,18.0,230.0,30.0,16.0,,46.0,F.F.F.
146295,167285.0,1944-06-21,8,GERMANY,MARSHALLING YARD,"""RR INSTALLATIONS,  TRACKS,  MARSHALLING YARDS,  AND STATIONS""",45.95,7.97,B24,1.0,1.0,,3.0,,,3.0,NOT INDICATED
146291,207410.0,1944-06-21,8,GERMANY,AIRDROME,AIR FIELDS AND AIRDROMES,53.43,11.85,B17,2.0,1.0,,2.0,1.0,,3.0,NOT INDICATED
146292,207438.0,1944-06-21,8,GERMANY,AIRDROME,AIR FIELDS AND AIRDROMES,53.43,11.85,B17,2.0,1.0,,2.0,1.0,,3.0,NOT INDICATED
147735,104107.0,1944-06-22,9,FRANCE,UNIDENTIFIED TARGET,UNIDENTIFIED TARGETS,49.63,-1.62,B26,,,115.0,,,38.0,38.0,VISUAL
147744,104108.0,1944-06-22,9,FRANCE,UNIDENTIFIED TARGET,UNIDENTIFIED TARGETS,48.58,-0.47,B26,,,110.0,70.0,,,70.0,VISUAL
147748,104109.0,1944-06-22,9,FRANCE,UNIDENTIFIED TARGET,UNIDENTIFIED TARGETS,48.93,0.9,B26,,,105.0,68.0,,,68.0,VISUAL
147746,104115.0,1944-06-22,9,FRANCE,MARSHALLING YARD,"""RR INSTALLATIONS,  TRACKS,  MARSHALLING YARDS,  AND STATIONS""",50.63,2.37,B26,,,110.0,56.0,,,56.0,VISUAL
147737,104124.0,1944-06-22,9,FRANCE,FUEL DUMP,SUPPLY DUMPS AND WAREHOUSES,48.58,-0.47,B26,,,115.0,6.0,,,6.0,VISUAL
147788,104129.0,1944-06-22,8,FRANCE,AIRDROME,AIR FIELDS AND AIRDROMES,48.25,8.0,B24,3.0,1.0,,2.0,,,2.0,NOT INDICATED
147750,104174.0,1944-06-22,9,FRANCE,CITY AREA,CITIES TOWNS AND URBAN AREAS,49.63,-1.62,B26,,,13.0,67.0,,,67.0,VISUAL
147752,104175.0,1944-06-22,9,FRANCE,CITY AREA,CITIES TOWNS AND URBAN AREAS,49.63,-1.62,B26,,,11.0,62.0,,,62.0,VISUAL
147753,104176.0,1944-06-22,9,FRANCE,CITY AREA,CITIES TOWNS AND URBAN AREAS,49.63,-1.62,B26,,,11.0,66.0,,,66.0,VISUAL
147777,104181.0,1944-06-22,8,FRANCE,UNIDENTIFIED TARGET,UNIDENTIFIED TARGETS,46.18,-0.47,B24,4.0,1.0,,2.0,,,2.0,NOT INDICATED
147772,104182.0,1944-06-22,8,FRANCE,UNIDENTIFIED TARGET,UNIDENTIFIED TARGETS,46.18,-0.47,B24,4.0,25.0,220.0,75.0,,,75.0,VISUAL
147769,104187.0,1944-06-22,8,FRANCE,UNIDENTIFIED TARGET,UNIDENTIFIED TARGETS,48.98,-1.55,B24,4.0,13.0,230.0,34.0,,,34.0,F.F.F.
147781,104190.0,1944-06-22,8,FRANCE,UNIDENTIFIED TARGET,UNIDENTIFIED TARGETS,49.02,1.97,B17,4.0,1.0,,2.0,,,2.0,NOT INDICATED
147733,104193.0,1944-06-22,9,FRANCE,CITY AREA,CITIES TOWNS AND URBAN AREAS,49.63,-1.62,B26,,,130.0,67.0,,,67.0,VISUAL
147740,104194.0,1944-06-22,9,FRANCE,CITY AREA,CITIES TOWNS AND URBAN AREAS,49.63,-1.62,B26,,,110.0,62.0,,,62.0,VISUAL
147741,104195.0,1944-06-22,9,FRANCE,CITY AREA,CITIES TOWNS AND URBAN AREAS,49.63,-1.62,B26,,,110.0,66.0,,,66.0,VISUAL
147778,167298.0,1944-06-22,8,FRANCE,UNIDENTIFIED TARGET,UNIDENTIFIED TARGETS,46.18,-0.47,B24,4.0,1.0,,2.0,,,2.0,NOT INDICATED
147773,167299.0,1944-06-22,8,FRANCE,UNIDENTIFIED TARGET,UNIDENTIFIED TARGETS,46.18,-0.47,B24,4.0,25.0,220.0,75.0,,,75.0,VISUAL
147770,167304.0,1944-06-22,8,FRANCE,UNIDENTIFIED TARGET,UNIDENTIFIED TARGETS,48.98,-1.55,B24,4.0,13.0,230.0,34.0,,,34.0,F.F.F.
147782,167307.0,1944-06-22,8,FRANCE,UNIDENTIFIED TARGET,UNIDENTIFIED TARGETS,49.02,1.97,B17,4.0,1.0,,2.0,,,2.0,NOT INDICATED
147736,167312.0,1944-06-22,9,FRANCE,UNIDENTIFIED TARGET,UNIDENTIFIED TARGETS,49.63,-1.62,B26,,,115.0,,,38.0,38.0,VISUAL
147745,167313.0,1944-06-22,9,FRANCE,UNIDENTIFIED TARGET,UNIDENTIFIED TARGETS,48.58,-0.47,B26,,,110.0,70.0,,,70.0,VISUAL
147749,167314.0,1944-06-22,9,FRANCE,UNIDENTIFIED TARGET,UNIDENTIFIED TARGETS,48.93,0.9,B26,,,105.0,68.0,,,68.0,VISUAL
147751,167316.0,1944-06-22,9,FRANCE,CITY AREA,CITIES TOWNS AND URBAN AREAS,49.63,-1.62,B26,,,13.0,67.0,,,67.0,VISUAL
147754,167317.0,1944-06-22,9,FRANCE,CITY AREA,CITIES TOWNS AND URBAN AREAS,49.63,-1.62,B26,,,11.0,62.0,,,62.0,VISUAL
147755,167318.0,1944-06-22,9,FRANCE,CITY AREA,CITIES TOWNS AND URBAN AREAS,49.63,-1.62,B26,,,11.0,66.0,,,66.0,VISUAL
147734,167322.0,1944-06-22,9,FRANCE,CITY AREA,CITIES TOWNS AND URBAN AREAS,49.63,-1.62,B26,,,130.0,67.0,,,67.0,VISUAL
147742,167323.0,1944-06-22,9,FRANCE,CITY AREA,CITIES TOWNS AND URBAN AREAS,49.63,-1.62,B26,,,110.0,62.0,,,62.0,VISUAL
147743,167324.0,1944-06-22,9,FRANCE,CITY AREA,CITIES TOWNS AND URBAN AREAS,49.63,-1.62,B26,,,110.0,66.0,,,66.0,VISUAL
147776,167328.0,1944-06-22,8,FRANCE,UNIDENTIFIED TARGET,UNIDENTIFIED TARGETS,46.18,-0.47,B24,4.0,1.0,,2.0,,,2.0,NOT INDICATED
147771,167329.0,1944-06-22,8,FRANCE,UNIDENTIFIED TARGET,UNIDENTIFIED TARGETS,46.18,-0.47,B24,4.0,25.0,220.0,75.0,,,75.0,VISUAL
147768,167334.0,1944-06-22,8,FRANCE,UNIDENTIFIED TARGET,UNIDENTIFIED TARGETS,48.98,-1.55,B24,4.0,13.0,230.0,34.0,,,34.0,F.F.F.
147783,167337.0,1944-06-22,8,FRANCE,UNIDENTIFIED TARGET,UNIDENTIFIED TARGETS,49.02,1.97,B17,4.0,1.0,,2.0,,,2.0,NOT INDICATED
147780,167359.0,1944-06-22,8,FRANCE,MARSHALLING YARD,"""RR INSTALLATIONS,  TRACKS,  MARSHALLING YARDS,  AND STATIONS""",50.59,3.17,B17,2.0,12.0,,36.0,,,36.0,NOT INDICATED
147747,207441.0,1944-06-22,9,FRANCE,MARSHALLING YARD,"""RR INSTALLATIONS,  TRACKS,  MARSHALLING YARDS,  AND STATIONS""",50.63,2.37,B26,,,110.0,56.0,,,56.0,VISUAL
147762,207446.0,1944-06-22,8,FRANCE,DOCKS,PORTS AND HARBORS,49.02,1.97,B17,4.0,12.0,255.0,30.0,,,30.0,VISUAL
147764,207447.0,1944-06-22,8,FRANCE,DOCKS,PORTS AND HARBORS,49.02,1.97,B17,4.0,22.0,250.0,55.0,,,55.0,VISUAL
147763,207450.0,1944-06-22,8,FRANCE,DOCKS,PORTS AND HARBORS,49.02,1.97,B17,4.0,12.0,255.0,30.0,,,30.0,VISUAL
147765,207451.0,1944-06-22,8,FRANCE,DOCKS,PORTS AND HARBORS,49.02,1.97,B17,4.0,22.0,250.0,55.0,,,55.0,VISUAL
147789,207462.0,1944-06-22,8,FRANCE,AIRDROME,AIR FIELDS AND AIRDROMES,48.25,8.0,B24,3.0,1.0,,2.0,,,2.0,NOT INDICATED
147738,207500.0,1944-06-22,9,FRANCE,FUEL DUMP,SUPPLY DUMPS AND WAREHOUSES,48.58,-0.47,B26,,,115.0,6.0,,,6.0,VISUAL
147739,207504.0,1944-06-22,9,FRANCE,FUEL DUMP,SUPPLY DUMPS AND WAREHOUSES,48.58,-0.47,B26,,,115.0,6.0,,,6.0,VISUAL
147790,207553.0,1944-06-22,8,FRANCE,AIRDROME,AIR FIELDS AND AIRDROMES,48.25,8.0,B24,3.0,1.0,,2.0,,,2.0,NOT INDICATED
149219,104242.0,1944-06-23,8,GERMANY,V WEAPONS,V - WEAPON LAUNCHING SITES,47.68,10.71,B24,4.0,1.0,,2.0,,,2.0,NOT INDICATED
149220,104243.0,1944-06-23,8,GERMANY,V WEAPONS,V - WEAPON LAUNCHING SITES,47.68,10.71,B24,4.0,11.0,,27.0,,,27.0,NOT INDICATED
149215,104245.0,1944-06-23,9,FRANCE,UNIDENTIFIED TARGET,UNIDENTIFIED TARGETS,47.97,-1.33,B26,,,110.0,58.0,,,58.0,F.F.F.
149216,167403.0,1944-06-23,9,FRANCE,UNIDENTIFIED TARGET,UNIDENTIFIED TARGETS,47.97,-1.33,B26,,,110.0,58.0,,,58.0,F.F.F.
149217,207583.0,1944-06-23,8,GERMANY,V WEAPONS,V - WEAPON LAUNCHING SITES,47.68,10.71,B24,4.0,1.0,,2.0,,,2.0,NOT INDICATED
149218,207584.0,1944-06-23,8,GERMANY,V WEAPONS,V - WEAPON LAUNCHING SITES,47.68,10.71,B24,4.0,11.0,,27.0,,,27.0,NOT INDICATED
149221,207605.0,1944-06-23,8,GERMANY,V WEAPONS,V - WEAPON LAUNCHING SITES,47.68,10.71,B24,4.0,1.0,,2.0,,,2.0,NOT INDICATED
149222,207606.0,1944-06-23,8,GERMANY,V WEAPONS,V - WEAPON LAUNCHING SITES,47.68,10.71,B24,4.0,11.0,,27.0,,,27.0,NOT INDICATED
150409,104266.0,1944-06-24,9,FRANCE,UNIDENTIFIED TARGET,UNIDENTIFIED TARGETS,48.03,-1.73,A20,,,120.0,34.0,,,34.0,VISUAL
150407,104299.0,1944-06-24,9,FRANCE,FUEL DUMP,SUPPLY DUMPS AND WAREHOUSES,48.55,-0.42,A20,,,120.0,43.0,,,43.0,VISUAL
150404,104300.0,1944-06-24,9,FRANCE,BATTERY,GUN EMPLACEMENTS,49.63,-1.62,B26,,,122.0,60.0,,,60.0,VISUAL
150411,104301.0,1944-06-24,9,FRANCE,BATTERY,GUN EMPLACEMENTS,49.63,-1.62,B26,,,120.0,72.0,,,72.0,VISUAL
150413,104309.0,1944-06-24,9,FRANCE,GUN EMPLACEMENTS,GUN EMPLACEMENTS,49.63,-1.57,B26,,,110.0,72.0,,,72.0,VISUAL
150430,104315.0,1944-06-24,8,GERMANY,V WEAPONS,V - WEAPON LAUNCHING SITES,47.68,10.71,B24,4.0,9.0,,24.0,,,24.0,NOT INDICATED
150410,167454.0,1944-06-24,9,FRANCE,UNIDENTIFIED TARGET,UNIDENTIFIED TARGETS,48.03,-1.73,A20,,,120.0,34.0,,,34.0,VISUAL
150419,167495.0,1944-06-24,9,FRANCE,RR BRIDGE,BRIDGES,47.25,-0.08,B17,4.0,,,48.0,,,48.0,NOT INDICATED
150403,167496.0,1944-06-24,9,FRANCE,RR BRIDGE,BRIDGES,47.25,-0.08,B17,4.0,38.0,200.0,42.0,,,42.0,VISUAL
150429,207654.0,1944-06-24,8,GERMANY,V WEAPONS,V - WEAPON LAUNCHING SITES,47.68,10.71,B24,4.0,9.0,,24.0,,,24.0,NOT INDICATED
150405,207655.0,1944-06-24,9,FRANCE,BATTERY,GUN EMPLACEMENTS,49.63,-1.62,B26,,,122.0,60.0,,,60.0,VISUAL
150416,207656.0,1944-06-24,9,FRANCE,BATTERY,GUN EMPLACEMENTS,49.63,-1.62,B26,,,12.0,72.0,,,72.0,VISUAL
150417,207657.0,1944-06-24,9,FRANCE,GUN EMPLACEMENTS,GUN EMPLACEMENTS,49.63,-1.57,B26,,,11.0,72.0,,,72.0,VISUAL
150415,207659.0,1944-06-24,9,FRANCE,FUEL DUMP,SUPPLY DUMPS AND WAREHOUSES,48.55,-0.42,A20,,,12.0,43.0,,,43.0,VISUAL
150408,207662.0,1944-06-24,9,FRANCE,FUEL DUMP,SUPPLY DUMPS AND WAREHOUSES,48.55,-0.42,A20,,,120.0,43.0,,,43.0,VISUAL
150406,207663.0,1944-06-24,9,FRANCE,BATTERY,GUN EMPLACEMENTS,49.63,-1.62,B26,,,122.0,60.0,,,60.0,VISUAL
150412,207664.0,1944-06-24,9,FRANCE,BATTERY,GUN EMPLACEMENTS,49.63,-1.62,B26,,,120.0,72.0,,,72.0,VISUAL
150414,207667.0,1944-06-24,9,FRANCE,GUN EMPLACEMENTS,GUN EMPLACEMENTS,49.63,-1.57,B26,,,110.0,72.0,,,72.0,VISUAL
150431,207674.0,1944-06-24,8,GERMANY,V WEAPONS,V - WEAPON LAUNCHING SITES,47.68,10.71,B24,4.0,9.0,,24.0,,,24.0,NOT INDICATED
151285,104344.0,1944-06-25,9,FRANCE,UNIDENTIFIED TARGET,UNIDENTIFIED TARGETS,48.58,-0.47,B26,,,120.0,47.0,,,47.0,VISUAL
151287,104345.0,1944-06-25,9,FRANCE,UNIDENTIFIED TARGET,UNIDENTIFIED TARGETS,48.58,-0.47,A20,,,110.0,45.0,,,45.0,VISUAL
151292,104356.0,1944-06-25,9,FRANCE,MARSHALLING YARD,"""RR INSTALLATIONS,  TRACKS,  MARSHALLING YARDS,  AND STATIONS""",49.07,-0.05,B26,,,,23.0,,,23.0,VISUAL
151276,104358.0,1944-06-25,15,BULGARIA,AIRDROME,AIR FIELDS AND AIRDROMES,42.65,24.8,B24,3.0,13.0,,39.0,,,39.0,NOT INDICATED
151288,104370.0,1944-06-25,9,FRANCE,FUEL DUMP,SUPPLY DUMPS AND WAREHOUSES,48.58,-0.47,A20,,,110.0,39.0,,,39.0,VISUAL
151566,104398.0,1944-06-25,8,POLAND,AIRDROME,AIR FIELDS AND AIRDROMES,49.92,24.42,B24,1.0,5.0,,15.0,,,15.0,NOT INDICATED
151573,104412.0,1944-06-25,8,FRANCE,UNIDENTIFIED TARGET,UNIDENTIFIED TARGETS,48.25,8.0,B24,1.0,1.0,,3.0,,,3.0,NOT INDICATED
151574,167509.0,1944-06-25,8,FRANCE,UNIDENTIFIED TARGET,UNIDENTIFIED TARGETS,48.25,8.0,B24,1.0,1.0,,3.0,,,3.0,NOT INDICATED
151286,167516.0,1944-06-25,9,FRANCE,UNIDENTIFIED TARGET,UNIDENTIFIED TARGETS,48.58,-0.47,B26,,,120.0,47.0,,,47.0,VISUAL
151289,167517.0,1944-06-25,9,FRANCE,UNIDENTIFIED TARGET,UNIDENTIFIED TARGETS,48.58,-0.47,A20,,,110.0,45.0,,,45.0,VISUAL
151575,167544.0,1944-06-25,8,FRANCE,UNIDENTIFIED TARGET,UNIDENTIFIED TARGETS,48.25,8.0,B24,1.0,1.0,,3.0,,,3.0,NOT INDICATED
151570,167589.0,1944-06-25,8,FRANCE,MARSHALLING YARD,"""RR INSTALLATIONS,  TRACKS,  MARSHALLING YARDS,  AND STATIONS""",45.95,7.97,B17,2.0,1.0,,2.0,,,2.0,NOT INDICATED
151571,167590.0,1944-06-25,8,FRANCE,MARSHALLING YARD,"""RR INSTALLATIONS,  TRACKS,  MARSHALLING YARDS,  AND STATIONS""",45.95,7.97,B17,2.0,,,5.0,,,5.0,NOT INDICATED
151572,167591.0,1944-06-25,8,FRANCE,MARSHALLING YARD,"""RR INSTALLATIONS,  TRACKS,  MARSHALLING YARDS,  AND STATIONS""",45.95,7.97,B17,2.0,4.0,,5.0,,,5.0,NOT INDICATED
151576,167592.0,1944-06-25,8,FRANCE,RR INSTALLATIONS,"""RR INSTALLATIONS,  TRACKS,  MARSHALLING YARDS,  AND STATIONS""",48.25,8.0,B24,1.0,1.0,,3.0,,,3.0,NOT INDICATED
151569,167595.0,1944-06-25,8,GERMANY,AUTOBAHN BRIDGE,BRIDGES,50.87,9.7,B17,4.0,,,20.0,,,20.0,NOT INDICATED
151561,167596.0,1944-06-25,8,GERMANY,AUTOBAHN BRIDGE,BRIDGES,50.87,9.7,B17,4.0,30.0,219.0,50.0,,,50.0,VISUAL
151293,207697.0,1944-06-25,9,FRANCE,MARSHALLING YARD,"""RR INSTALLATIONS,  TRACKS,  MARSHALLING YARDS,  AND STATIONS""",49.07,-0.05,B26,,,,23.0,,,23.0,VISUAL
151277,207702.0,1944-06-25,15,BULGARIA,AIRDROME,AIR FIELDS AND AIRDROMES,42.65,24.8,B24,3.0,13.0,,39.0,,,39.0,NOT INDICATED
151567,207724.0,1944-06-25,8,POLAND,AIRDROME,AIR FIELDS AND AIRDROMES,49.92,24.42,B24,1.0,5.0,,15.0,,,15.0,NOT INDICATED
151291,207743.0,1944-06-25,9,FRANCE,FUEL DUMP,SUPPLY DUMPS AND WAREHOUSES,48.58,-0.47,A20,,,11.0,39.0,,,39.0,VISUAL
151290,207753.0,1944-06-25,9,FRANCE,FUEL DUMP,SUPPLY DUMPS AND WAREHOUSES,48.58,-0.47,A20,,,110.0,39.0,,,39.0,VISUAL
151278,207772.0,1944-06-25,15,BULGARIA,AIRDROME,AIR FIELDS AND AIRDROMES,42.65,24.8,B24,3.0,13.0,,39.0,,,39.0,NOT INDICATED
151568,207805.0,1944-06-25,8,POLAND,AIRDROME,AIR FIELDS AND AIRDROMES,49.92,24.42,B24,1.0,5.0,,15.0,,,15.0,NOT INDICATED
152523,104419.0,1944-06-26,15,AUSTRIA,HEINKEL AC FACTORY,AIRCRAFT FACTORIES AND ASSEMBLY PLANTS,48.12,16.53,B17,4.0,24.0,215.0,69.0,,,69.0,VISUAL
152526,104420.0,1944-06-26,15,AUSTRIA,HEINKEL AC FACTORY,AIRCRAFT FACTORIES AND ASSEMBLY PLANTS,48.12,16.53,B24,4.0,26.0,210.0,64.0,,,64.0,NOT INDICATED
152539,104421.0,1944-06-26,15,AUSTRIA,HEINKEL AC FACTORY,AIRCRAFT FACTORIES AND ASSEMBLY PLANTS,48.12,16.53,B24,4.0,39.0,200.0,,97.0,,97.0,NOT INDICATED
152527,104422.0,1944-06-26,15,AUSTRIA,HEINKEL AC FACTORY,AIRCRAFT FACTORIES AND ASSEMBLY PLANTS,48.12,16.53,B24,4.0,34.0,210.0,81.0,,,81.0,NOT INDICATED
152532,104423.0,1944-06-26,15,AUSTRIA,HEINKEL AC FACTORY,AIRCRAFT FACTORIES AND ASSEMBLY PLANTS,48.12,16.53,B24,4.0,35.0,205.0,83.0,,,83.0,VISUAL
152744,104428.0,1944-06-26,15,AUSTRIA,SYN OIL REFINERY,OIL REFINERIES,48.32,15.92,B24,4.0,36.0,190.0,79.0,,,79.0,NOT INDICATED
152537,104429.0,1944-06-26,15,AUSTRIA,SYN OIL REFINERY,OIL REFINERIES,48.32,15.92,B24,4.0,34.0,200.0,76.0,,,76.0,NOT INDICATED
152542,104430.0,1944-06-26,15,AUSTRIA,SYN OIL REFINERY,OIL REFINERIES,48.32,15.92,B24,4.0,37.0,192.0,71.0,,,71.0,VISUAL
152521,104431.0,1944-06-26,15,AUSTRIA,NOVA OIL REFINERY,OIL REFINERIES,48.12,16.53,B17,4.0,25.0,218.0,75.0,,,75.0,NOT INDICATED
152535,104432.0,1944-06-26,15,AUSTRIA,OIL REFINERY,OIL REFINERIES,48.2,16.37,B17,4.0,25.0,204.0,63.0,,,63.0,VISUAL
152514,104433.0,1944-06-26,15,AUSTRIA,OIL REFINERY,OIL REFINERIES,48.2,16.37,B17,4.0,28.0,230.0,68.0,,,68.0,VISUAL
152513,104434.0,1944-06-26,15,AUSTRIA,OIL REFINERY,OIL REFINERIES,48.2,16.37,B24,4.0,26.0,230.0,52.0,,,52.0,NOT INDICATED
152519,104435.0,1944-06-26,15,AUSTRIA,OIL REFINERY,OIL REFINERIES,48.2,16.37,B24,4.0,36.0,222.0,72.0,,,72.0,NOT INDICATED
152517,104436.0,1944-06-26,15,AUSTRIA,OIL REFINERY,OIL REFINERIES,48.2,16.37,B24,4.0,33.0,228.0,,44.0,,44.0,NOT INDICATED
152511,104437.0,1944-06-26,15,AUSTRIA,OIL DEPOT,OIL STORAGE FACILITIES AND OTHER OIL INSTALLATIONS,48.2,16.37,B17,4.0,26.0,235.0,78.0,,,78.0,VISUAL
152746,104438.0,1944-06-26,15,AUSTRIA,OIL DEPOT,OIL STORAGE FACILITIES AND OTHER OIL INSTALLATIONS,48.2,16.37,B17,4.0,,,12.0,,,12.0,NOT INDICATED
152524,167599.0,1944-06-26,15,AUSTRIA,HEINKEL AC FACTORY,AIRCRAFT FACTORIES AND ASSEMBLY PLANTS,48.12,16.53,B17,4.0,24.0,215.0,69.0,,,69.0,VISUAL
152528,167600.0,1944-06-26,15,AUSTRIA,HEINKEL AC FACTORY,AIRCRAFT FACTORIES AND ASSEMBLY PLANTS,48.12,16.53,B24,4.0,26.0,210.0,64.0,,,64.0,NOT INDICATED
152540,167601.0,1944-06-26,15,AUSTRIA,HEINKEL AC FACTORY,AIRCRAFT FACTORIES AND ASSEMBLY PLANTS,48.12,16.53,B24,4.0,39.0,200.0,,97.0,,97.0,NOT INDICATED
152529,167602.0,1944-06-26,15,AUSTRIA,HEINKEL AC FACTORY,AIRCRAFT FACTORIES AND ASSEMBLY PLANTS,48.12,16.53,B24,4.0,34.0,210.0,81.0,,,81.0,NOT INDICATED
152533,167603.0,1944-06-26,15,AUSTRIA,HEINKEL AC FACTORY,AIRCRAFT FACTORIES AND ASSEMBLY PLANTS,48.12,16.53,B24,4.0,35.0,205.0,83.0,,,83.0,VISUAL
152525,167607.0,1944-06-26,15,AUSTRIA,HEINKEL AC FACTORY,AIRCRAFT FACTORIES AND ASSEMBLY PLANTS,48.12,16.53,B17,4.0,24.0,215.0,69.0,,,69.0,VISUAL
152530,167608.0,1944-06-26,15,AUSTRIA,HEINKEL AC FACTORY,AIRCRAFT FACTORIES AND ASSEMBLY PLANTS,48.12,16.53,B24,4.0,26.0,210.0,64.0,,,64.0,NOT INDICATED
152541,167609.0,1944-06-26,15,AUSTRIA,HEINKEL AC FACTORY,AIRCRAFT FACTORIES AND ASSEMBLY PLANTS,48.12,16.53,B24,4.0,39.0,200.0,,97.0,,97.0,NOT INDICATED
152531,167610.0,1944-06-26,15,AUSTRIA,HEINKEL AC FACTORY,AIRCRAFT FACTORIES AND ASSEMBLY PLANTS,48.12,16.53,B24,4.0,34.0,210.0,81.0,,,81.0,NOT INDICATED
152534,167611.0,1944-06-26,15,AUSTRIA,HEINKEL AC FACTORY,AIRCRAFT FACTORIES AND ASSEMBLY PLANTS,48.12,16.53,B24,4.0,35.0,205.0,83.0,,,83.0,VISUAL
152745,167616.0,1944-06-26,15,AUSTRIA,SYN OIL REFINERY,OIL REFINERIES,48.32,15.92,B24,4.0,36.0,190.0,79.0,,,79.0,NOT INDICATED
152538,167617.0,1944-06-26,15,AUSTRIA,SYN OIL REFINERY,OIL REFINERIES,48.32,15.92,B24,4.0,34.0,200.0,76.0,,,76.0,NOT INDICATED
152743,167618.0,1944-06-26,15,AUSTRIA,SYN OIL REFINERY,OIL REFINERIES,48.32,15.92,B24,4.0,37.0,192.0,71.0,,,71.0,VISUAL
152522,167619.0,1944-06-26,15,AUSTRIA,NOVA OIL REFINERY,OIL REFINERIES,48.12,16.53,B17,4.0,25.0,218.0,75.0,,,75.0,NOT INDICATED
152536,167620.0,1944-06-26,15,AUSTRIA,OIL REFINERY,OIL REFINERIES,48.2,16.37,B17,4.0,25.0,204.0,63.0,,,63.0,VISUAL
152516,167621.0,1944-06-26,15,AUSTRIA,OIL REFINERY,OIL REFINERIES,48.2,16.37,B17,4.0,28.0,230.0,68.0,,,68.0,VISUAL
152515,167622.0,1944-06-26,15,AUSTRIA,OIL REFINERY,OIL REFINERIES,48.2,16.37,B24,4.0,26.0,230.0,52.0,,,52.0,NOT INDICATED
152520,167623.0,1944-06-26,15,AUSTRIA,OIL REFINERY,OIL REFINERIES,48.2,16.37,B24,4.0,36.0,222.0,72.0,,,72.0,NOT INDICATED
152518,167624.0,1944-06-26,15,AUSTRIA,OIL REFINERY,OIL REFINERIES,48.2,16.37,B24,4.0,33.0,228.0,,44.0,,44.0,NOT INDICATED
152512,167625.0,1944-06-26,15,AUSTRIA,OIL DEPOT,OIL STORAGE FACILITIES AND OTHER OIL INSTALLATIONS,48.2,16.37,B17,4.0,26.0,235.0,78.0,,,78.0,VISUAL
152747,167626.0,1944-06-26,15,AUSTRIA,OIL DEPOT,OIL STORAGE FACILITIES AND OTHER OIL INSTALLATIONS,48.2,16.37,B17,4.0,,,12.0,,,12.0,NOT INDICATED
152748,167627.0,1944-06-26,12,AUSTRIA,MARSHALLING YARDS,"""RR INSTALLATIONS,  TRACKS,  MARSHALLING YARDS,  AND STATIONS""",48.2,16.37,B24,4.0,29.0,220.0,51.0,,,51.0,NOT INDICATED
153066,104467.0,1944-06-27,8,FRANCE,UNIDENTIFIED TARGET,UNIDENTIFIED TARGETS,46.18,-0.47,B24,4.0,9.0,240.0,23.0,,,23.0,F.F.F.
153069,104468.0,1944-06-27,8,FRANCE,UNIDENTIFIED TARGET,UNIDENTIFIED TARGETS,46.18,-0.47,B24,4.0,3.0,,8.0,,,8.0,NOT INDICATED
153063,104469.0,1944-06-27,8,FRANCE,UNIDENTIFIED TARGET,UNIDENTIFIED TARGETS,46.18,-0.47,B24,4.0,20.0,250.0,50.0,,,50.0,F.F.F.
153067,167628.0,1944-06-27,8,FRANCE,UNIDENTIFIED TARGET,UNIDENTIFIED TARGETS,46.18,-0.47,B24,4.0,9.0,240.0,23.0,,,23.0,F.F.F.
153070,167629.0,1944-06-27,8,FRANCE,UNIDENTIFIED TARGET,UNIDENTIFIED TARGETS,46.18,-0.47,B24,4.0,3.0,,8.0,,,8.0,NOT INDICATED
153064,167630.0,1944-06-27,8,FRANCE,UNIDENTIFIED TARGET,UNIDENTIFIED TARGETS,46.18,-0.47,B24,4.0,20.0,250.0,50.0,,,50.0,F.F.F.
153065,167634.0,1944-06-27,8,FRANCE,UNIDENTIFIED TARGET,UNIDENTIFIED TARGETS,46.18,-0.47,B24,4.0,9.0,240.0,23.0,,,23.0,F.F.F.
153068,167635.0,1944-06-27,8,FRANCE,UNIDENTIFIED TARGET,UNIDENTIFIED TARGETS,46.18,-0.47,B24,4.0,3.0,,8.0,,,8.0,NOT INDICATED
153062,167636.0,1944-06-27,8,FRANCE,UNIDENTIFIED TARGET,UNIDENTIFIED TARGETS,46.18,-0.47,B24,4.0,20.0,250.0,50.0,,,50.0,F.F.F.
153540,104475.0,1944-06-28,15,BULGARIA,AIRDROME,AIR FIELDS AND AIRDROMES,42.65,24.8,B24,4.0,39.0,167.0,,,63.0,63.0,NOT INDICATED
153746,104476.0,1944-06-28,15,BULGARIA,AIRDROME,AIR FIELDS AND AIRDROMES,42.65,24.8,B24,4.0,29.0,165.0,57.0,,,57.0,NOT INDICATED
153538,104477.0,1944-06-28,15,BULGARIA,AIRDROME,AIR FIELDS AND AIRDROMES,42.65,24.8,B24,4.0,32.0,187.0,79.0,,,79.0,NOT INDICATED
153743,104478.0,1944-06-28,15,BULGARIA,AIRDROME,AIR FIELDS AND AIRDROMES,42.65,24.8,B24,4.0,38.0,166.0,82.0,,,82.0,VISUAL
153541,207855.0,1944-06-28,15,BULGARIA,AIRDROME,AIR FIELDS AND AIRDROMES,42.65,24.8,B24,4.0,39.0,167.0,,,63.0,63.0,NOT INDICATED
153747,207856.0,1944-06-28,15,BULGARIA,AIRDROME,AIR FIELDS AND AIRDROMES,42.65,24.8,B24,4.0,29.0,165.0,57.0,,,57.0,NOT INDICATED
153539,207857.0,1944-06-28,15,BULGARIA,AIRDROME,AIR FIELDS AND AIRDROMES,42.65,24.8,B24,4.0,32.0,187.0,79.0,,,79.0,NOT INDICATED
153744,207858.0,1944-06-28,15,BULGARIA,AIRDROME,AIR FIELDS AND AIRDROMES,42.65,24.8,B24,4.0,38.0,166.0,82.0,,,82.0,VISUAL
153542,207883.0,1944-06-28,15,BULGARIA,AIRDROME,AIR FIELDS AND AIRDROMES,42.65,24.8,B24,4.0,39.0,167.0,,,63.0,63.0,NOT INDICATED
153748,207884.0,1944-06-28,15,BULGARIA,AIRDROME,AIR FIELDS AND AIRDROMES,42.65,24.8,B24,4.0,29.0,165.0,57.0,,,57.0,NOT INDICATED
153749,207885.0,1944-06-28,15,BULGARIA,AIRDROME,AIR FIELDS AND AIRDROMES,42.65,24.8,B24,4.0,32.0,137.0,79.0,,,79.0,NOT INDICATED
153745,207886.0,1944-06-28,15,BULGARIA,AIRDROME,AIR FIELDS AND AIRDROMES,42.65,24.8,B24,4.0,38.0,166.0,82.0,,,82.0,VISUAL
154434,104500.0,1944-06-29,8,GERMANY,ERLA MOTOR WORKS,ENGINE PLANTS,51.33,12.38,B17,4.0,1.0,,3.0,,,3.0,NOT INDICATED
154377,104501.0,1944-06-29,8,GERMANY,ERLA MOTOR WORKS,ENGINE PLANTS,51.33,12.38,B17,4.0,15.0,260.0,35.0,,,35.0,VISUAL
154435,104502.0,1944-06-29,8,GERMANY,ERLA MOTOR WORKS,ENGINE PLANTS,51.33,12.38,B17,4.0,,,30.0,,,30.0,NOT INDICATED
154132,104503.0,1944-06-29,9,GERMANY,JUNKERS WORKS,AIRCRAFT FACTORIES AND ASSEMBLY PLANTS,52.13,11.63,B24,4.0,27.0,226.0,54.0,16.0,,70.0,VISUAL
154361,104504.0,1944-06-29,9,GERMANY,JUNKERS WORKS,AIRCRAFT FACTORIES AND ASSEMBLY PLANTS,52.13,11.63,B24,4.0,4.0,,4.0,,,4.0,NOT INDICATED
154126,104505.0,1944-06-29,9,GERMANY,JUNKERS WORKS,AIRCRAFT FACTORIES AND ASSEMBLY PLANTS,52.13,11.63,B24,4.0,30.0,230.0,57.0,21.0,,78.0,VISUAL
154127,104506.0,1944-06-29,9,GERMANY,JUNKERS WORKS,AIRCRAFT FACTORIES AND ASSEMBLY PLANTS,52.13,11.63,B24,4.0,20.0,230.0,,36.0,,36.0,VISUAL
154362,104507.0,1944-06-29,9,GERMANY,JUNKERS WORKS,AIRCRAFT FACTORIES AND ASSEMBLY PLANTS,52.13,11.63,B24,1.0,1.0,,3.0,,,3.0,NOT INDICATED
154363,104508.0,1944-06-29,9,GERMANY,JUNKERS WORKS,AIRCRAFT FACTORIES AND ASSEMBLY PLANTS,52.13,11.63,B24,1.0,1.0,,3.0,,,3.0,NOT INDICATED
154364,104509.0,1944-06-29,9,GERMANY,JUNKERS WORKS,AIRCRAFT FACTORIES AND ASSEMBLY PLANTS,52.13,11.63,B24,1.0,1.0,,3.0,,,3.0,NOT INDICATED
154421,104510.0,1944-06-29,8,GERMANY,AC ASSEMBLY PLANT,AIRCRAFT FACTORIES AND ASSEMBLY PLANTS,51.8,11.73,B24,4.0,7.0,,21.0,,,21.0,NOT INDICATED
154422,104511.0,1944-06-29,8,GERMANY,AC ASSEMBLY PLANT,AIRCRAFT FACTORIES AND ASSEMBLY PLANTS,51.8,11.73,B24,4.0,1.0,,1.0,,,1.0,NOT INDICATED
154406,104512.0,1944-06-29,8,GERMANY,AC ASSEMBLY PLANT,AIRCRAFT FACTORIES AND ASSEMBLY PLANTS,51.8,11.73,B24,4.0,31.0,210.0,24.0,,,24.0,VISUAL
154423,104513.0,1944-06-29,8,GERMANY,AC ASSEMBLY PLANT,AIRCRAFT FACTORIES AND ASSEMBLY PLANTS,51.8,11.73,B24,4.0,,,58.0,,,58.0,NOT INDICATED
154400,104514.0,1944-06-29,8,GERMANY,AC ASSEMBLY PLANT,AIRCRAFT FACTORIES AND ASSEMBLY PLANTS,51.8,11.73,B24,4.0,17.0,220.0,,30.0,,30.0,VISUAL
154401,104515.0,1944-06-29,8,GERMANY,AC ASSEMBLY PLANT,AIRCRAFT FACTORIES AND ASSEMBLY PLANTS,51.8,11.73,B24,1.0,18.0,220.0,45.0,,,45.0,F.F.F.
154137,104524.0,1944-06-29,9,FRANCE,BRIDGE,BRIDGES,49.35,6.0,B26,,,35.0,46.0,,,46.0,VISUAL
154139,104525.0,1944-06-29,9,FRANCE,MARSHALLING YARD,"""RR INSTALLATIONS,  TRACKS,  MARSHALLING YARDS,  AND STATIONS""",48.12,-1.67,A20,,,30.0,29.0,,,29.0,VISUAL
154141,104532.0,1944-06-29,9,FRANCE,MARSHALLING YARD,"""RR INSTALLATIONS,  TRACKS,  MARSHALLING YARDS,  AND STATIONS""",48.12,-1.22,A20,,,30.0,34.0,,,34.0,VISUAL
154418,104545.0,1944-06-29,8,GERMANY,AIRDROME,AIR FIELDS AND AIRDROMES,52.52,11.4,B24,1.0,9.0,,23.0,,,23.0,NOT INDICATED
154382,104546.0,1944-06-29,8,GERMANY,ERLA MOTOR WORKS,ENGINE PLANTS,51.33,12.38,B17,4.0,14.0,250.0,19.0,,,19.0,VISUAL
154436,104547.0,1944-06-29,8,GERMANY,ERLA MOTOR WORKS,ENGINE PLANTS,51.33,12.38,B17,2.0,1.0,,2.0,,,2.0,NOT INDICATED
154414,104548.0,1944-06-29,8,GERMANY,AC COMP FACTORY,A/C COMPONENT PLANTS,53.42,10.72,B24,4.0,9.0,,23.0,,,23.0,NOT INDICATED
154397,104549.0,1944-06-29,8,GERMANY,AC COMP FACTORY,A/C COMPONENT PLANTS,53.42,10.72,B24,4.0,10.0,225.0,25.0,,,25.0,VISUAL
154394,104550.0,1944-06-29,8,GERMANY,AC COMP FACTORY,A/C COMPONENT PLANTS,53.42,10.72,B24,4.0,10.0,230.0,,18.0,,18.0,VISUAL
154432,104561.0,1944-06-29,8,GERMANY,UNIDENTIFIED TARGET,UNIDENTIFIED TARGETS,51.75,11.88,B24,4.0,2.0,,4.0,,,4.0,NOT INDICATED
154346,104562.0,1944-06-29,9,GERMANY,UNIDENTIFIED TARGET,UNIDENTIFIED TARGETS,51.33,12.38,B17,2.0,1.0,,3.0,,,3.0,NOT INDICATED
154387,104563.0,1944-06-29,8,GERMANY,UNIDENTIFIED TARGET,UNIDENTIFIED TARGETS,52.1,9.72,B17,2.0,13.0,250.0,26.0,3.0,,29.0,VISUAL
154647,104564.0,1944-06-29,8,GERMANY,UNIDENTIFIED TARGET,UNIDENTIFIED TARGETS,52.1,9.72,B17,2.0,2.0,,5.0,,,5.0,NOT INDICATED
154410,104565.0,1944-06-29,8,GERMANY,UNIDENTIFIED TARGET,UNIDENTIFIED TARGETS,51.75,11.47,B24,4.0,2.0,,2.0,,,2.0,NOT INDICATED
154347,104566.0,1944-06-29,9,GERMANY,CITY AREA,CITIES TOWNS AND URBAN AREAS,51.33,12.38,B17,4.0,2.0,,3.0,,,3.0,NOT INDICATED
154348,104567.0,1944-06-29,9,GERMANY,CITY AREA,CITIES TOWNS AND URBAN AREAS,51.33,12.38,B17,2.0,1.0,,3.0,,,3.0,NOT INDICATED
154349,104568.0,1944-06-29,9,GERMANY,CITY AREA,CITIES TOWNS AND URBAN AREAS,51.33,12.38,B17,2.0,1.0,,2.0,,,2.0,NOT INDICATED
154350,104569.0,1944-06-29,9,GERMANY,CITY AREA,CITIES TOWNS AND URBAN AREAS,51.33,12.38,B17,2.0,,,1.0,,,1.0,NOT INDICATED
154133,167681.0,1944-06-29,9,GERMANY,JUNKERS WORKS,AIRCRAFT FACTORIES AND ASSEMBLY PLANTS,52.13,11.63,B24,4.0,27.0,226.0,54.0,16.0,,70.0,VISUAL
154365,167682.0,1944-06-29,9,GERMANY,JUNKERS WORKS,AIRCRAFT FACTORIES AND ASSEMBLY PLANTS,52.13,11.63,B24,4.0,4.0,,4.0,,,4.0,NOT INDICATED
154128,167683.0,1944-06-29,9,GERMANY,JUNKERS WORKS,AIRCRAFT FACTORIES AND ASSEMBLY PLANTS,52.13,11.63,B24,4.0,30.0,230.0,57.0,21.0,,78.0,VISUAL
154129,167684.0,1944-06-29,9,GERMANY,JUNKERS WORKS,AIRCRAFT FACTORIES AND ASSEMBLY PLANTS,52.13,11.63,B24,4.0,20.0,230.0,,36.0,,36.0,VISUAL
154366,167685.0,1944-06-29,9,GERMANY,JUNKERS WORKS,AIRCRAFT FACTORIES AND ASSEMBLY PLANTS,52.13,11.63,B24,1.0,1.0,,3.0,,,3.0,NOT INDICATED
154367,167686.0,1944-06-29,9,GERMANY,JUNKERS WORKS,AIRCRAFT FACTORIES AND ASSEMBLY PLANTS,52.13,11.63,B24,1.0,1.0,,3.0,,,3.0,NOT INDICATED
154368,167687.0,1944-06-29,9,GERMANY,JUNKERS WORKS,AIRCRAFT FACTORIES AND ASSEMBLY PLANTS,52.13,11.63,B24,1.0,1.0,,3.0,,,3.0,NOT INDICATED
154424,167688.0,1944-06-29,8,GERMANY,AC ASSEMBLY PLANT,AIRCRAFT FACTORIES AND ASSEMBLY PLANTS,51.8,11.73,B24,4.0,7.0,,21.0,,,21.0,NOT INDICATED
154425,167689.0,1944-06-29,8,GERMANY,AC ASSEMBLY PLANT,AIRCRAFT FACTORIES AND ASSEMBLY PLANTS,51.8,11.73,B24,4.0,1.0,,1.0,,,1.0,NOT INDICATED
154407,167690.0,1944-06-29,8,GERMANY,AC ASSEMBLY PLANT,AIRCRAFT FACTORIES AND ASSEMBLY PLANTS,51.8,11.73,B24,4.0,31.0,210.0,24.0,,,24.0,VISUAL
154426,167691.0,1944-06-29,8,GERMANY,AC ASSEMBLY PLANT,AIRCRAFT FACTORIES AND ASSEMBLY PLANTS,51.8,11.73,B24,4.0,,,58.0,,,58.0,NOT INDICATED
154402,167692.0,1944-06-29,8,GERMANY,AC ASSEMBLY PLANT,AIRCRAFT FACTORIES AND ASSEMBLY PLANTS,51.8,11.73,B24,4.0,17.0,220.0,,30.0,,30.0,VISUAL
154403,167693.0,1944-06-29,8,GERMANY,AC ASSEMBLY PLANT,AIRCRAFT FACTORIES AND ASSEMBLY PLANTS,51.8,11.73,B24,1.0,18.0,220.0,45.0,,,45.0,F.F.F.
154437,167701.0,1944-06-29,8,GERMANY,ERLA MOTOR WORKS,ENGINE PLANTS,51.33,12.38,B17,4.0,1.0,,3.0,,,3.0,NOT INDICATED
154378,167702.0,1944-06-29,8,GERMANY,ERLA MOTOR WORKS,ENGINE PLANTS,51.33,12.38,B17,4.0,15.0,260.0,35.0,,,35.0,VISUAL
154438,167703.0,1944-06-29,8,GERMANY,ERLA MOTOR WORKS,ENGINE PLANTS,51.33,12.38,B17,4.0,,,30.0,,,30.0,NOT INDICATED
154383,167704.0,1944-06-29,8,GERMANY,ERLA MOTOR WORKS,ENGINE PLANTS,51.33,12.38,B17,4.0,14.0,250.0,19.0,,,19.0,VISUAL
154439,167705.0,1944-06-29,8,GERMANY,ERLA MOTOR WORKS,ENGINE PLANTS,51.33,12.38,B17,2.0,1.0,,2.0,,,2.0,NOT INDICATED
154415,167706.0,1944-06-29,8,GERMANY,AC COMP FACTORY,A/C COMPONENT PLANTS,53.42,10.72,B24,4.0,9.0,,23.0,,,23.0,NOT INDICATED
154398,167707.0,1944-06-29,8,GERMANY,AC COMP FACTORY,A/C COMPONENT PLANTS,53.42,10.72,B24,4.0,10.0,225.0,25.0,,,25.0,VISUAL
154395,167708.0,1944-06-29,8,GERMANY,AC COMP FACTORY,A/C COMPONENT PLANTS,53.42,10.72,B24,4.0,10.0,230.0,,18.0,,18.0,VISUAL
154411,167709.0,1944-06-29,8,GERMANY,UNIDENTIFIED TARGET,UNIDENTIFIED TARGETS,51.75,11.47,B24,4.0,2.0,,2.0,,,2.0,NOT INDICATED
154433,167710.0,1944-06-29,8,GERMANY,UNIDENTIFIED TARGET,UNIDENTIFIED TARGETS,51.75,11.88,B24,4.0,2.0,,4.0,,,4.0,NOT INDICATED
154351,167711.0,1944-06-29,9,GERMANY,UNIDENTIFIED TARGET,UNIDENTIFIED TARGETS,51.33,12.38,B17,2.0,1.0,,3.0,,,3.0,NOT INDICATED
154388,167712.0,1944-06-29,8,GERMANY,UNIDENTIFIED TARGET,UNIDENTIFIED TARGETS,52.1,9.72,B17,2.0,13.0,250.0,26.0,3.0,,29.0,VISUAL
154648,167713.0,1944-06-29,8,GERMANY,UNIDENTIFIED TARGET,UNIDENTIFIED TARGETS,52.1,9.72,B17,2.0,2.0,,5.0,,,5.0,NOT INDICATED
154352,167723.0,1944-06-29,9,GERMANY,CITY AREA,CITIES TOWNS AND URBAN AREAS,51.33,12.38,B17,4.0,2.0,,3.0,,,3.0,NOT INDICATED
154353,167724.0,1944-06-29,9,GERMANY,CITY AREA,CITIES TOWNS AND URBAN AREAS,51.33,12.38,B17,2.0,1.0,,3.0,,,3.0,NOT INDICATED
154354,167725.0,1944-06-29,9,GERMANY,CITY AREA,CITIES TOWNS AND URBAN AREAS,51.33,12.38,B17,2.0,1.0,,2.0,,,2.0,NOT INDICATED
154355,167726.0,1944-06-29,9,GERMANY,CITY AREA,CITIES TOWNS AND URBAN AREAS,51.33,12.38,B17,2.0,,,1.0,,,1.0,NOT INDICATED
154356,167727.0,1944-06-29,9,GERMANY,CITY AREA,CITIES TOWNS AND URBAN AREAS,51.33,12.38,B17,4.0,2.0,,3.0,,,3.0,NOT INDICATED
154357,167728.0,1944-06-29,9,GERMANY,CITY AREA,CITIES TOWNS AND URBAN AREAS,51.33,12.38,B17,2.0,1.0,,3.0,,,3.0,NOT INDICATED
154358,167729.0,1944-06-29,9,GERMANY,CITY AREA,CITIES TOWNS AND URBAN AREAS,51.33,12.38,B17,2.0,1.0,,2.0,,,2.0,NOT INDICATED
154359,167730.0,1944-06-29,9,GERMANY,CITY AREA,CITIES TOWNS AND URBAN AREAS,51.33,12.38,B17,2.0,,,1.0,,,1.0,NOT INDICATED
154409,167731.0,1944-06-29,8,GERMANY,UNIDENTIFIED TARGET,UNIDENTIFIED TARGETS,51.75,11.47,B24,4.0,2.0,,2.0,,,2.0,NOT INDICATED
154431,167732.0,1944-06-29,8,GERMANY,UNIDENTIFIED TARGET,UNIDENTIFIED TARGETS,51.75,11.88,B24,4.0,2.0,,4.0,,,4.0,NOT INDICATED
154360,167733.0,1944-06-29,9,GERMANY,UNIDENTIFIED TARGET,UNIDENTIFIED TARGETS,51.33,12.38,B17,2.0,1.0,,3.0,,,3.0,NOT INDICATED
154389,167734.0,1944-06-29,8,GERMANY,UNIDENTIFIED TARGET,UNIDENTIFIED TARGETS,52.1,9.72,B17,2.0,13.0,250.0,26.0,3.0,,29.0,VISUAL
154649,167735.0,1944-06-29,8,GERMANY,UNIDENTIFIED TARGET,UNIDENTIFIED TARGETS,52.1,9.72,B17,2.0,2.0,,5.0,,,5.0,NOT INDICATED
154416,167742.0,1944-06-29,8,GERMANY,AC COMP FACTORY,A/C COMPONENT PLANTS,53.42,10.72,B24,4.0,9.0,,23.0,,,23.0,NOT INDICATED
154399,167743.0,1944-06-29,8,GERMANY,AC COMP FACTORY,A/C COMPONENT PLANTS,53.42,10.72,B24,4.0,10.0,225.0,25.0,,,25.0,VISUAL
154417,167744.0,1944-06-29,8,GERMANY,AC COMP FACTORY,A/C COMPONENT PLANTS,53.42,10.72,B24,4.0,12.0,,29.0,,,29.0,NOT INDICATED
154396,167745.0,1944-06-29,8,GERMANY,AC COMP FACTORY,A/C COMPONENT PLANTS,53.42,10.72,B24,4.0,10.0,230.0,,18.0,,18.0,VISUAL
154427,167746.0,1944-06-29,8,GERMANY,AC ASSEMBLY PLANT,AIRCRAFT FACTORIES AND ASSEMBLY PLANTS,51.8,11.73,B24,4.0,7.0,,21.0,,,21.0,NOT INDICATED
154428,167747.0,1944-06-29,8,GERMANY,AC ASSEMBLY PLANT,AIRCRAFT FACTORIES AND ASSEMBLY PLANTS,51.8,11.73,B24,4.0,1.0,,1.0,,,1.0,NOT INDICATED
154408,167748.0,1944-06-29,8,GERMANY,AC ASSEMBLY PLANT,AIRCRAFT FACTORIES AND ASSEMBLY PLANTS,51.8,11.73,B24,4.0,31.0,210.0,24.0,,,24.0,VISUAL
154429,167749.0,1944-06-29,8,GERMANY,AC ASSEMBLY PLANT,AIRCRAFT FACTORIES AND ASSEMBLY PLANTS,51.8,11.73,B24,4.0,,,58.0,,,58.0,NOT INDICATED
154404,167750.0,1944-06-29,8,GERMANY,AC ASSEMBLY PLANT,AIRCRAFT FACTORIES AND ASSEMBLY PLANTS,51.8,11.73,B24,4.0,17.0,220.0,,30.0,,30.0,VISUAL
154405,167751.0,1944-06-29,8,GERMANY,AC ASSEMBLY PLANT,AIRCRAFT FACTORIES AND ASSEMBLY PLANTS,51.8,11.73,B24,1.0,18.0,220.0,45.0,,,45.0,F.F.F.
154384,167752.0,1944-06-29,8,GERMANY,ERLA MOTOR WORKS,ENGINE PLANTS,51.33,12.38,B17,4.0,26.0,250.0,62.0,,,62.0,VISUAL
154440,167753.0,1944-06-29,8,GERMANY,ERLA MOTOR WORKS,ENGINE PLANTS,51.33,12.38,B17,4.0,1.0,,3.0,,,3.0,NOT INDICATED
154379,167754.0,1944-06-29,8,GERMANY,ERLA MOTOR WORKS,ENGINE PLANTS,51.33,12.38,B17,4.0,12.0,260.0,,17.0,,17.0,VISUAL
154441,167755.0,1944-06-29,8,GERMANY,ERLA MOTOR WORKS,ENGINE PLANTS,51.33,12.38,B17,2.0,2.0,,3.0,1.0,,4.0,NOT INDICATED
154442,167756.0,1944-06-29,8,GERMANY,ERLA MOTOR WORKS,ENGINE PLANTS,51.33,12.38,B17,4.0,1.0,,3.0,,,3.0,NOT INDICATED
154380,167757.0,1944-06-29,8,GERMANY,ERLA MOTOR WORKS,ENGINE PLANTS,51.33,12.38,B17,4.0,15.0,260.0,35.0,,,35.0,VISUAL
154643,167758.0,1944-06-29,8,GERMANY,ERLA MOTOR WORKS,ENGINE PLANTS,51.33,12.38,B17,4.0,,,30.0,,,30.0,NOT INDICATED
154385,167759.0,1944-06-29,8,GERMANY,ERLA MOTOR WORKS,ENGINE PLANTS,51.33,12.38,B17,4.0,14.0,250.0,19.0,,,19.0,VISUAL
154644,167760.0,1944-06-29,8,GERMANY,ERLA MOTOR WORKS,ENGINE PLANTS,51.33,12.38,B17,2.0,1.0,,2.0,,,2.0,NOT INDICATED
154134,167761.0,1944-06-29,9,GERMANY,JUNKERS WORKS,AIRCRAFT FACTORIES AND ASSEMBLY PLANTS,52.13,11.63,B24,4.0,27.0,226.0,54.0,16.0,,70.0,VISUAL
154369,167762.0,1944-06-29,9,GERMANY,JUNKERS WORKS,AIRCRAFT FACTORIES AND ASSEMBLY PLANTS,52.13,11.63,B24,4.0,4.0,,4.0,,,4.0,NOT INDICATED
154130,167763.0,1944-06-29,9,GERMANY,JUNKERS WORKS,AIRCRAFT FACTORIES AND ASSEMBLY PLANTS,52.13,11.63,B24,4.0,30.0,230.0,57.0,21.0,,78.0,VISUAL
154131,167764.0,1944-06-29,9,GERMANY,JUNKERS WORKS,AIRCRAFT FACTORIES AND ASSEMBLY PLANTS,52.13,11.63,B24,4.0,20.0,230.0,,36.0,,36.0,VISUAL
154370,167765.0,1944-06-29,9,GERMANY,JUNKERS WORKS,AIRCRAFT FACTORIES AND ASSEMBLY PLANTS,52.13,11.63,B24,1.0,1.0,,3.0,,,3.0,NOT INDICATED
154371,167766.0,1944-06-29,9,GERMANY,JUNKERS WORKS,AIRCRAFT FACTORIES AND ASSEMBLY PLANTS,52.13,11.63,B24,1.0,1.0,,3.0,,,3.0,NOT INDICATED
154372,167767.0,1944-06-29,9,GERMANY,JUNKERS WORKS,AIRCRAFT FACTORIES AND ASSEMBLY PLANTS,52.13,11.63,B24,1.0,1.0,,3.0,,,3.0,NOT INDICATED
154430,167782.0,1944-06-29,8,FRANCE,MARSHALLING YARD,"""RR INSTALLATIONS,  TRACKS,  MARSHALLING YARDS,  AND STATIONS""",53.72,9.3,B24,1.0,4.0,,11.0,,,11.0,NOT INDICATED
154657,167784.0,1944-06-29,8,GERMANY,MARSHALLING YARD,"""RR INSTALLATIONS,  TRACKS,  MARSHALLING YARDS,  AND STATIONS""",45.95,7.97,B24,1.0,1.0,,31.0,,,31.0,NOT INDICATED
154390,167785.0,1944-06-29,8,GERMANY,RR JUNCTION,"""RR INSTALLATIONS,  TRACKS,  MARSHALLING YARDS,  AND STATIONS""",49.08,9.67,B17,3.0,17.0,250.0,31.0,,,31.0,VISUAL
154661,167786.0,1944-06-29,8,GERMANY,RR JUNCTION,"""RR INSTALLATIONS,  TRACKS,  MARSHALLING YARDS,  AND STATIONS""",49.08,9.67,B17,3.0,1.0,,1.0,,,1.0,NOT INDICATED
154392,167787.0,1944-06-29,8,GERMANY,RR JUNCTION,"""RR INSTALLATIONS,  TRACKS,  MARSHALLING YARDS,  AND STATIONS""",49.08,9.67,B17,3.0,16.0,235.0,39.0,,,39.0,VISUAL
154662,167788.0,1944-06-29,8,GERMANY,RR JUNCTION,"""RR INSTALLATIONS,  TRACKS,  MARSHALLING YARDS,  AND STATIONS""",49.08,9.67,B17,3.0,3.0,,5.0,,,5.0,NOT INDICATED
154393,167789.0,1944-06-29,8,GERMANY,RR JUNCTION,"""RR INSTALLATIONS,  TRACKS,  MARSHALLING YARDS,  AND STATIONS""",49.08,9.67,B17,3.0,16.0,234.0,39.0,,,39.0,VISUAL
154391,167790.0,1944-06-29,8,GERMANY,RR JUNCTION,"""RR INSTALLATIONS,  TRACKS,  MARSHALLING YARDS,  AND STATIONS""",49.08,9.67,B17,3.0,8.0,240.0,20.0,,,20.0,VISUAL
154663,167791.0,1944-06-29,8,GERMANY,RR JUNCTION,"""RR INSTALLATIONS,  TRACKS,  MARSHALLING YARDS,  AND STATIONS""",49.08,9.67,B17,2.0,7.0,,17.0,,,17.0,NOT INDICATED
154660,167792.0,1944-06-29,8,HOLLAND OR NETHERLANDS,MARSHALLING YARD,"""RR INSTALLATIONS,  TRACKS,  MARSHALLING YARDS,  AND STATIONS""",45.95,7.97,B17,2.0,1.0,,,1.0,,1.0,NOT INDICATED
154138,207905.0,1944-06-29,9,FRANCE,BRIDGE,BRIDGES,49.35,6.0,B26,,,35.0,46.0,,,46.0,VISUAL
154140,207906.0,1944-06-29,9,FRANCE,MARSHALLING YARD,"""RR INSTALLATIONS,  TRACKS,  MARSHALLING YARDS,  AND STATIONS""",48.12,-1.67,A20,,,30.0,29.0,,,29.0,VISUAL
154142,207907.0,1944-06-29,9,FRANCE,MARSHALLING YARD,"""RR INSTALLATIONS,  TRACKS,  MARSHALLING YARDS,  AND STATIONS""",48.12,-1.22,A20,,,30.0,34.0,,,34.0,VISUAL
154419,207918.0,1944-06-29,8,GERMANY,AIRDROME,AIR FIELDS AND AIRDROMES,52.52,11.4,B24,1.0,9.0,,23.0,,,23.0,NOT INDICATED
154420,207940.0,1944-06-29,8,GERMANY,AIRDROME,AIR FIELDS AND AIRDROMES,52.52,11.4,B24,1.0,9.0,,23.0,,,23.0,NOT INDICATED
154386,300028.0,1944-06-29,8,GERMANY,ERLA MOTOR WORKS,ENGINE PLANTS,51.33,12.38,B17,4.0,26.0,250.0,62.0,,,62.0,VISUAL
154645,300029.0,1944-06-29,8,GERMANY,ERLA MOTOR WORKS,ENGINE PLANTS,51.33,12.38,B17,4.0,1.0,,3.0,,,3.0,NOT INDICATED
154381,300030.0,1944-06-29,8,GERMANY,ERLA MOTOR WORKS,ENGINE PLANTS,51.33,12.38,B17,4.0,12.0,260.0,,17.0,,17.0,VISUAL
154646,300031.0,1944-06-29,8,GERMANY,ERLA MOTOR WORKS,ENGINE PLANTS,51.33,12.38,B17,2.0,2.0,,3.0,1.0,,4.0,NOT INDICATED
155259,104572.0,1944-06-30,9,FRANCE,UNIDENTIFIED TARGET,UNIDENTIFIED TARGETS,48.85,-0.55,B26,,,105.0,2.0,,,2.0,F.F.F.
155245,104573.0,1944-06-30,9,FRANCE,UNIDENTIFIED TARGET,UNIDENTIFIED TARGETS,48.85,-0.55,B26,,,115.0,1.0,,,1.0,F.F.F.
155254,104574.0,1944-06-30,9,FRANCE,UNIDENTIFIED TARGET,UNIDENTIFIED TARGETS,49.05,-1.03,B26,,,106.0,1.0,,,1.0,F.F.F.
155252,104576.0,1944-06-30,9,FRANCE,UNIDENTIFIED TARGET,UNIDENTIFIED TARGETS,48.93,0.9,B26,,,110.0,2.0,,,2.0,F.F.F.
155250,104577.0,1944-06-30,9,FRANCE,UNIDENTIFIED TARGET,UNIDENTIFIED TARGETS,48.93,0.9,B26,,,115.0,58.0,,,58.0,VISUAL
155243,104578.0,1944-06-30,9,FRANCE,HWY JCT,HIGHWAYS AND VEHICLES,49.05,-1.03,B26,,,125.0,28.0,,,28.0,VISUAL
155261,104590.0,1944-06-30,9,FRANCE,FUEL DUMP,SUPPLY DUMPS AND WAREHOUSES,49.05,-1.03,B26,,,105.0,1.0,,,1.0,F.F.F.
155264,104591.0,1944-06-30,9,FRANCE,FUEL DUMP,SUPPLY DUMPS AND WAREHOUSES,49.05,-1.03,B26,,,,1.0,,,1.0,F.F.F.
155247,104592.0,1944-06-30,9,FRANCE,FUEL DUMP,SUPPLY DUMPS AND WAREHOUSES,49.05,-1.03,B26,,,115.0,1.0,,,1.0,F.F.F.
155255,104593.0,1944-06-30,9,FRANCE,FUEL DUMP,SUPPLY DUMPS AND WAREHOUSES,49.05,-1.03,B26,,,106.0,16.0,,,16.0,VISUAL
155260,167794.0,1944-06-30,9,FRANCE,UNIDENTIFIED TARGET,UNIDENTIFIED TARGETS,48.85,-0.55,B26,,,105.0,2.0,,,2.0,F.F.F.
155246,167795.0,1944-06-30,9,FRANCE,UNIDENTIFIED TARGET,UNIDENTIFIED TARGETS,48.85,-0.55,B26,,,115.0,1.0,,,1.0,F.F.F.
155256,167796.0,1944-06-30,9,FRANCE,UNIDENTIFIED TARGET,UNIDENTIFIED TARGETS,49.05,-1.03,B26,,,106.0,1.0,,,1.0,F.F.F.
155253,167798.0,1944-06-30,9,FRANCE,UNIDENTIFIED TARGET,UNIDENTIFIED TARGETS,48.93,0.9,B26,,,110.0,2.0,,,2.0,F.F.F.
155251,167799.0,1944-06-30,9,FRANCE,UNIDENTIFIED TARGET,UNIDENTIFIED TARGETS,48.93,0.9,B26,,,115.0,58.0,,,58.0,VISUAL
155244,207948.0,1944-06-30,9,FRANCE,HWY JCT,HIGHWAYS AND VEHICLES,49.05,-1.03,B26,,,125.0,28.0,,,28.0,VISUAL
155262,207972.0,1944-06-30,9,FRANCE,FUEL DUMP,SUPPLY DUMPS AND WAREHOUSES,49.05,-1.03,B26,,,105.0,1.0,,,1.0,F.F.F.
155265,207973.0,1944-06-30,9,FRANCE,FUEL DUMP,SUPPLY DUMPS AND WAREHOUSES,49.05,-1.03,B26,,,,1.0,,,1.0,F.F.F.
155248,207974.0,1944-06-30,9,FRANCE,FUEL DUMP,SUPPLY DUMPS AND WAREHOUSES,49.05,-1.03,B26,,,115.0,1.0,,,1.0,F.F.F.
155257,207975.0,1944-06-30,9,FRANCE,FUEL DUMP,SUPPLY DUMPS AND WAREHOUSES,49.05,-1.03,B26,,,106.0,16.0,,,16.0,VISUAL
155263,207976.0,1944-06-30,9,FRANCE,FUEL DUMP,SUPPLY DUMPS AND WAREHOUSES,49.05,-1.03,B26,,,105.0,1.0,,,1.0,F.F.F.
155266,207977.0,1944-06-30,9,FRANCE,FUEL DUMP,SUPPLY DUMPS AND WAREHOUSES,49.05,-1.03,B26,,,,1.0,,,1.0,F.F.F.
155249,207978.0,1944-06-30,9,FRANCE,FUEL DUMP,SUPPLY DUMPS AND WAREHOUSES,49.05,-1.03,B26,,,115.0,1.0,,,1.0,F.F.F.
155258,207979.0,1944-06-30,9,FRANCE,FUEL DUMP,SUPPLY DUMPS AND WAREHOUSES,49.05,-1.03,B26,,,106.0,16.0,,,16.0,VISUAL
156177,104638.0,1944-07-02,8,FRANCE,V WEAPON SITE,V - WEAPON LAUNCHING SITES,48.83,-1.25,B17,4.0,23.0,250.0,51.0,,,51.0,F.F.F.
156191,104652.0,1944-07-02,8,GERMANY,V WEAPONS,V - WEAPON LAUNCHING SITES,47.68,10.71,B17,4.0,2.0,,4.0,,,4.0,NOT INDICATED
156180,104653.0,1944-07-02,8,GERMANY,V WEAPONS,V - WEAPON LAUNCHING SITES,47.68,10.71,B17,4.0,22.0,250.0,50.0,,,50.0,F.F.F.
156178,208036.0,1944-07-02,8,FRANCE,V WEAPON SITE,V - WEAPON LAUNCHING SITES,48.83,-1.25,B17,4.0,23.0,250.0,51.0,,,51.0,F.F.F.
156192,208045.0,1944-07-02,8,GERMANY,V WEAPONS,V - WEAPON LAUNCHING SITES,47.68,10.71,B17,4.0,2.0,,4.0,,,4.0,NOT INDICATED
156181,208046.0,1944-07-02,8,GERMANY,V WEAPONS,V - WEAPON LAUNCHING SITES,47.68,10.71,B17,4.0,22.0,250.0,50.0,,,50.0,F.F.F.
156179,208065.0,1944-07-02,8,FRANCE,V WEAPON SITE,V - WEAPON LAUNCHING SITES,48.83,-1.25,B17,4.0,23.0,250.0,51.0,,,51.0,F.F.F.
156193,208074.0,1944-07-02,8,GERMANY,V WEAPONS,V - WEAPON LAUNCHING SITES,47.68,10.71,B17,4.0,2.0,,4.0,,,4.0,NOT INDICATED
156182,208075.0,1944-07-02,8,GERMANY,V WEAPONS,V - WEAPON LAUNCHING SITES,47.68,10.71,B17,4.0,22.0,250.0,50.0,,,50.0,F.F.F.
156176,208076.0,1944-07-02,15,AUSTRIA,AIRDROME,AIR FIELDS AND AIRDROMES,46.0,16.88,B24,2.0,12.0,,,,29.0,29.0,NOT INDICATED
157399,104699.0,1944-07-04,9,FRANCE,BRIDGE,BRIDGES,49.35,6.0,B26,,,135.0,1.0,,,1.0,F.F.F.
157403,104700.0,1944-07-04,9,FRANCE,BRIDGE,BRIDGES,49.35,6.0,B26,,,128.0,1.0,,,1.0,F.F.F.
157414,104701.0,1944-07-04,9,FRANCE,BRIDGE,BRIDGES,49.35,6.0,B26,,,,56.0,,,56.0,F.F.F.
157400,104702.0,1944-07-04,9,FRANCE,BRIDGE,BRIDGES,49.35,6.0,B26,,,135.0,1.0,,,1.0,F.F.F.
157407,104710.0,1944-07-04,9,FRANCE,AIRDROME,AIR FIELDS AND AIRDROMES,49.13,2.28,B24,4.0,4.0,,9.0,,,9.0,NOT INDICATED
157408,104711.0,1944-07-04,9,FRANCE,AIRDROME,AIR FIELDS AND AIRDROMES,49.13,2.28,B24,4.0,2.0,,3.0,,,3.0,NOT INDICATED
157396,104712.0,1944-07-04,9,FRANCE,AIRDROME,AIR FIELDS AND AIRDROMES,49.13,2.28,B24,4.0,19.0,240.0,45.0,,,45.0,F.F.F.
157422,104722.0,1944-07-04,8,FRANCE,AIRDROME,AIR FIELDS AND AIRDROMES,49.07,0.78,B24,4.0,2.0,,5.0,,,5.0,NOT INDICATED
157416,104723.0,1944-07-04,8,FRANCE,AIRDROME,AIR FIELDS AND AIRDROMES,49.07,0.78,B24,4.0,24.0,240.0,56.0,,,56.0,F.F.F.
157423,104724.0,1944-07-04,8,FRANCE,AIRDROME,AIR FIELDS AND AIRDROMES,49.07,0.78,B24,4.0,5.0,,12.0,,,12.0,NOT INDICATED
157417,104725.0,1944-07-04,8,FRANCE,AIRDROME,AIR FIELDS AND AIRDROMES,49.07,0.78,B24,4.0,19.0,240.0,42.0,,,42.0,F.F.F.
157405,104731.0,1944-07-04,9,FRANCE,UNIDENTIFIED TARGET,UNIDENTIFIED TARGETS,50.65,3.56,B26,,,120.0,57.0,,,57.0,F.F.F.
157406,167910.0,1944-07-04,9,FRANCE,UNIDENTIFIED TARGET,UNIDENTIFIED TARGETS,50.65,3.56,B26,,,120.0,57.0,,,57.0,F.F.F.
157401,208097.0,1944-07-04,9,FRANCE,BRIDGE,BRIDGES,49.35,6.0,B26,,,135.0,1.0,,,1.0,F.F.F.
157404,208098.0,1944-07-04,9,FRANCE,BRIDGE,BRIDGES,49.35,6.0,B26,,,128.0,1.0,,,1.0,F.F.F.
157415,208099.0,1944-07-04,9,FRANCE,BRIDGE,BRIDGES,49.35,6.0,B26,,,,56.0,,,56.0,F.F.F.
157402,208100.0,1944-07-04,9,FRANCE,BRIDGE,BRIDGES,49.35,6.0,B26,,,135.0,1.0,,,1.0,F.F.F.
157409,208101.0,1944-07-04,9,FRANCE,AIRDROME,AIR FIELDS AND AIRDROMES,49.13,2.28,B24,4.0,4.0,,9.0,,,9.0,NOT INDICATED
157410,208102.0,1944-07-04,9,FRANCE,AIRDROME,AIR FIELDS AND AIRDROMES,49.13,2.28,B24,4.0,2.0,,3.0,,,3.0,NOT INDICATED
157397,208103.0,1944-07-04,9,FRANCE,AIRDROME,AIR FIELDS AND AIRDROMES,49.13,2.28,B24,4.0,19.0,240.0,45.0,,,45.0,F.F.F.
157424,208113.0,1944-07-04,8,FRANCE,AIRDROME,AIR FIELDS AND AIRDROMES,49.07,0.78,B24,4.0,2.0,,5.0,,,5.0,NOT INDICATED
157418,208114.0,1944-07-04,8,FRANCE,AIRDROME,AIR FIELDS AND AIRDROMES,49.07,0.78,B24,4.0,24.0,240.0,56.0,,,56.0,F.F.F.
157425,208115.0,1944-07-04,8,FRANCE,AIRDROME,AIR FIELDS AND AIRDROMES,49.07,0.78,B24,4.0,5.0,,12.0,,,12.0,NOT INDICATED
157419,208116.0,1944-07-04,8,FRANCE,AIRDROME,AIR FIELDS AND AIRDROMES,49.07,0.78,B24,4.0,19.0,240.0,42.0,,,42.0,F.F.F.
157426,208125.0,1944-07-04,8,FRANCE,AIRDROME,AIR FIELDS AND AIRDROMES,49.07,0.78,B24,4.0,2.0,,5.0,,,5.0,NOT INDICATED
157420,208126.0,1944-07-04,8,FRANCE,AIRDROME,AIR FIELDS AND AIRDROMES,49.07,0.78,B24,4.0,24.0,240.0,56.0,,,56.0,F.F.F.
157427,208127.0,1944-07-04,8,FRANCE,AIRDROME,AIR FIELDS AND AIRDROMES,49.07,0.78,B24,4.0,5.0,,12.0,,,12.0,NOT INDICATED
157421,208128.0,1944-07-04,8,FRANCE,AIRDROME,AIR FIELDS AND AIRDROMES,49.07,0.78,B24,4.0,19.0,240.0,42.0,,,42.0,F.F.F.
157411,208129.0,1944-07-04,9,FRANCE,AIRDROME,AIR FIELDS AND AIRDROMES,49.13,2.28,B24,4.0,4.0,,9.0,,,9.0,NOT INDICATED
157412,208130.0,1944-07-04,9,FRANCE,AIRDROME,AIR FIELDS AND AIRDROMES,49.13,2.28,B24,4.0,2.0,,3.0,,,3.0,NOT INDICATED
157398,208131.0,1944-07-04,9,FRANCE,AIRDROME,AIR FIELDS AND AIRDROMES,49.13,2.28,B24,4.0,19.0,240.0,45.0,,,45.0,F.F.F.
158010,104750.0,1944-07-05,9,FRANCE,RR SIDING,"""RR INSTALLATIONS,  TRACKS,  MARSHALLING YARDS,  AND STATIONS""",49.3,-0.07,B26,,,,23.0,,,23.0,VISUAL
158007,208146.0,1944-07-05,9,FRANCE,BRIDGE,BRIDGES,49.18,-0.37,B26,,,110.0,50.0,,,50.0,VISUAL
158011,208148.0,1944-07-05,9,FRANCE,RR SIDING,"""RR INSTALLATIONS,  TRACKS,  MARSHALLING YARDS,  AND STATIONS""",49.3,-0.07,B26,,,,23.0,,,23.0,VISUAL
158871,104786.0,1944-07-06,9,FRANCE,BRIDGE,BRIDGES,49.18,-0.37,B26,,,110.0,28.0,,,28.0,VISUAL
158873,104799.0,1944-07-06,9,FRANCE,MARSHALLING YARD,"""RR INSTALLATIONS,  TRACKS,  MARSHALLING YARDS,  AND STATIONS""",48.12,-1.22,B26,,,105.0,72.0,,,72.0,VISUAL
158892,104831.0,1944-07-06,8,FRANCE,ST OUEN V WEAPON SITE,V - WEAPON LAUNCHING SITES,49.77,0.58,B17,4.0,35.0,250.0,102.0,,,102.0,VISUAL
158935,104832.0,1944-07-06,8,FRANCE,ST OUEN V WEAPON SITE,V - WEAPON LAUNCHING SITES,49.77,0.58,B17,4.0,2.0,,6.0,,,6.0,NOT INDICATED
158893,104833.0,1944-07-06,8,FRANCE,ST OUEN V WEAPON SITE,V - WEAPON LAUNCHING SITES,49.77,0.58,B17,4.0,28.0,250.0,83.0,,,83.0,VISUAL
158936,104834.0,1944-07-06,8,FRANCE,ST OUEN V WEAPON SITE,V - WEAPON LAUNCHING SITES,49.77,0.58,B17,2.0,1.0,,3.0,,,3.0,NOT INDICATED
158865,104841.0,1944-07-06,12,FRANCE,LIGHTS,TACTICAL TARGETS: (UNIDENTIFIED OR NOT LISTED BELOW),45.33,7.67,A20,,,120.0,7.0,,,7.0,VISUAL
158915,104860.0,1944-07-06,8,FRANCE,V WEAPON SITE,V - WEAPON LAUNCHING SITES,48.83,-1.25,B17,4.0,12.0,240.0,30.0,,,30.0,VISUAL
158910,104861.0,1944-07-06,8,FRANCE,V WEAPON SITE,V - WEAPON LAUNCHING SITES,48.83,-1.25,B17,4.0,10.0,243.0,25.0,,,25.0,VISUAL
159148,104862.0,1944-07-06,8,FRANCE,V WEAPON SITE,V - WEAPON LAUNCHING SITES,48.83,-1.25,B24,4.0,12.0,,29.0,,,29.0,NOT INDICATED
158880,104869.0,1944-07-06,9,FRANCE,TACT TARGET,TACTICAL TARGETS: (UNIDENTIFIED OR NOT LISTED BELOW),48.33,5.33,A20,,,,8.0,,,8.0,VISUAL
158868,104870.0,1944-07-06,12,FRANCE,BUILDINGS,TACTICAL TARGETS: (UNIDENTIFIED OR NOT LISTED BELOW),46.0,10.67,A20,,,,2.0,,,2.0,VISUAL
159153,104887.0,1944-07-06,8,GERMANY,V WEAPONS,V - WEAPON LAUNCHING SITES,47.68,10.71,B17,4.0,11.0,,28.0,,,28.0,NOT INDICATED
159154,104888.0,1944-07-06,8,GERMANY,V WEAPONS,V - WEAPON LAUNCHING SITES,47.68,10.71,B17,4.0,1.0,,2.0,,,2.0,NOT INDICATED
159155,104889.0,1944-07-06,8,GERMANY,V WEAPONS,V - WEAPON LAUNCHING SITES,47.68,10.71,B17,4.0,12.0,,30.0,,,30.0,NOT INDICATED
159156,104890.0,1944-07-06,8,GERMANY,V WEAPONS,V - WEAPON LAUNCHING SITES,47.68,10.71,B17,4.0,10.0,,24.0,,,24.0,NOT INDICATED
158920,104891.0,1944-07-06,8,GERMANY,V WEAPONS,V - WEAPON LAUNCHING SITES,47.68,10.71,B17,4.0,12.0,230.0,29.0,,,29.0,VISUAL
159151,104892.0,1944-07-06,8,GERMANY,V WEAPONS,V - WEAPON LAUNCHING SITES,47.68,10.71,B24,4.0,10.0,,25.0,,,25.0,NOT INDICATED
159157,104893.0,1944-07-06,8,GERMANY,V WEAPONS,V - WEAPON LAUNCHING SITES,47.68,10.71,B17,2.0,1.0,,3.0,,,3.0,NOT INDICATED
158889,104895.0,1944-07-06,8,FRANCE,UNIDENTIFIED TARGET,UNIDENTIFIED TARGETS,43.7,-0.25,B17,2.0,24.0,250.0,54.0,,,54.0,VISUAL
158901,104899.0,1944-07-06,8,FRANCE,UNIDENTIFIED TARGET,UNIDENTIFIED TARGETS,44.73,-0.47,B17,4.0,9.0,250.0,19.0,,,19.0,VISUAL
158876,104903.0,1944-07-06,9,GERMANY,UNIDENTIFIED TARGET,UNIDENTIFIED TARGETS,49.68,7.57,B24,1.0,1.0,,2.0,2.0,,4.0,NOT INDICATED
159181,104907.0,1944-07-06,8,FRANCE,UNIDENTIFIED TARGET,UNIDENTIFIED TARGETS,48.25,8.0,B24,2.0,1.0,,3.0,,,3.0,NOT INDICATED
158890,167965.0,1944-07-06,8,FRANCE,UNIDENTIFIED TARGET,UNIDENTIFIED TARGETS,43.7,-0.25,B17,2.0,24.0,250.0,54.0,,,54.0,VISUAL
158902,167969.0,1944-07-06,8,FRANCE,UNIDENTIFIED TARGET,UNIDENTIFIED TARGETS,44.73,-0.47,B17,4.0,9.0,250.0,19.0,,,19.0,VISUAL
159182,167977.0,1944-07-06,8,FRANCE,UNIDENTIFIED TARGET,UNIDENTIFIED TARGETS,48.25,8.0,B24,2.0,1.0,,3.0,,,3.0,NOT INDICATED
158877,167978.0,1944-07-06,9,GERMANY,UNIDENTIFIED TARGET,UNIDENTIFIED TARGETS,49.68,7.57,B24,1.0,1.0,,2.0,2.0,,4.0,NOT INDICATED
158891,167988.0,1944-07-06,8,FRANCE,UNIDENTIFIED TARGET,UNIDENTIFIED TARGETS,43.7,-0.25,B17,2.0,24.0,250.0,54.0,,,54.0,VISUAL
158903,167993.0,1944-07-06,8,FRANCE,UNIDENTIFIED TARGET,UNIDENTIFIED TARGETS,44.73,-0.47,B17,4.0,9.0,250.0,19.0,,,19.0,VISUAL
159183,168001.0,1944-07-06,8,FRANCE,UNIDENTIFIED TARGET,UNIDENTIFIED TARGETS,48.25,8.0,B24,2.0,1.0,,3.0,,,3.0,NOT INDICATED
158875,168002.0,1944-07-06,9,GERMANY,UNIDENTIFIED TARGET,UNIDENTIFIED TARGETS,49.68,7.57,B24,1.0,1.0,,2.0,2.0,,4.0,NOT INDICATED
158872,208217.0,1944-07-06,9,FRANCE,BRIDGE,BRIDGES,49.18,-0.37,B26,,,110.0,28.0,,,28.0,VISUAL
158874,208229.0,1944-07-06,9,FRANCE,MARSHALLING YARD,"""RR INSTALLATIONS,  TRACKS,  MARSHALLING YARDS,  AND STATIONS""",48.12,-1.22,B26,,,105.0,72.0,,,72.0,VISUAL
158913,208242.0,1944-07-06,8,GERMANY,NAVAL INSTALLATIONS,NAVAL INSTALLATIONS,54.33,10.15,B24,4.0,23.0,243.0,35.0,35.0,,70.0,F.F.F.
159168,208243.0,1944-07-06,8,GERMANY,NAVAL INSTALLATIONS,NAVAL INSTALLATIONS,54.33,10.15,B24,4.0,7.0,,7.0,,,7.0,NOT INDICATED
159169,208244.0,1944-07-06,8,GERMANY,NAVAL INSTALLATIONS,NAVAL INSTALLATIONS,54.33,10.15,B24,4.0,3.0,,2.0,,,2.0,NOT INDICATED
158923,208245.0,1944-07-06,8,GERMANY,NAVAL INSTALLATIONS,NAVAL INSTALLATIONS,54.33,10.15,B24,4.0,31.0,230.0,47.0,47.0,,94.0,F.F.F.
158933,208246.0,1944-07-06,8,GERMANY,NAVAL INSTALLATIONS,NAVAL INSTALLATIONS,54.33,10.15,B24,4.0,21.0,229.0,32.0,32.0,,64.0,F.F.F.
158918,208247.0,1944-07-06,8,GERMANY,NAVAL INSTALLATIONS,NAVAL INSTALLATIONS,54.33,10.15,B24,4.0,22.0,240.0,31.0,31.0,,62.0,F.F.F.
158924,208248.0,1944-07-06,8,GERMANY,NAVAL INSTALLATIONS,NAVAL INSTALLATIONS,54.33,10.15,B24,4.0,29.0,230.0,44.0,44.0,,88.0,VISUAL
158925,208249.0,1944-07-06,8,GERMANY,NAVAL INSTALLATIONS,NAVAL INSTALLATIONS,54.33,10.15,B24,4.0,32.0,230.0,48.0,45.0,,93.0,F.F.F.
158926,208250.0,1944-07-06,8,GERMANY,NAVAL INSTALLATIONS,NAVAL INSTALLATIONS,54.33,10.15,B24,4.0,34.0,230.0,48.0,48.0,,96.0,VISUAL
158927,208251.0,1944-07-06,8,GERMANY,NAVAL INSTALLATIONS,NAVAL INSTALLATIONS,54.33,10.15,B24,4.0,29.0,230.0,44.0,43.0,,87.0,F.F.F.
159170,208252.0,1944-07-06,8,GERMANY,NAVAL INSTALLATIONS,NAVAL INSTALLATIONS,54.33,10.15,B24,4.0,7.0,,7.0,,,7.0,NOT INDICATED
158914,208253.0,1944-07-06,8,GERMANY,NAVAL INSTALLATIONS,NAVAL INSTALLATIONS,54.33,10.15,B24,4.0,23.0,243.0,35.0,35.0,,70.0,F.F.F.
159171,208254.0,1944-07-06,8,GERMANY,NAVAL INSTALLATIONS,NAVAL INSTALLATIONS,54.33,10.15,B24,4.0,3.0,,2.0,,,2.0,NOT INDICATED
158928,208255.0,1944-07-06,8,GERMANY,NAVAL INSTALLATIONS,NAVAL INSTALLATIONS,54.33,10.15,B24,4.0,31.0,230.0,47.0,47.0,,94.0,F.F.F.
158934,208256.0,1944-07-06,8,GERMANY,NAVAL INSTALLATIONS,NAVAL INSTALLATIONS,54.33,10.15,B24,4.0,21.0,229.0,32.0,32.0,,64.0,F.F.F.
158919,208257.0,1944-07-06,8,GERMANY,NAVAL INSTALLATIONS,NAVAL INSTALLATIONS,54.33,10.15,B24,4.0,22.0,240.0,31.0,31.0,,62.0,F.F.F.
158929,208258.0,1944-07-06,8,GERMANY,NAVAL INSTALLATIONS,NAVAL INSTALLATIONS,54.33,10.15,B24,4.0,29.0,230.0,44.0,44.0,,88.0,VISUAL
158930,208259.0,1944-07-06,8,GERMANY,NAVAL INSTALLATIONS,NAVAL INSTALLATIONS,54.33,10.15,B24,4.0,32.0,230.0,48.0,45.0,,93.0,F.F.F.
158931,208260.0,1944-07-06,8,GERMANY,NAVAL INSTALLATIONS,NAVAL INSTALLATIONS,54.33,10.15,B24,4.0,34.0,230.0,48.0,48.0,,96.0,VISUAL
158932,208261.0,1944-07-06,8,GERMANY,NAVAL INSTALLATIONS,NAVAL INSTALLATIONS,54.33,10.15,B24,4.0,29.0,230.0,44.0,43.0,,87.0,F.F.F.
158916,208294.0,1944-07-06,8,FRANCE,V WEAPON SITE,V - WEAPON LAUNCHING SITES,48.83,-1.25,B17,4.0,12.0,240.0,30.0,,,30.0,VISUAL
158911,208295.0,1944-07-06,8,FRANCE,V WEAPON SITE,V - WEAPON LAUNCHING SITES,48.83,-1.25,B17,4.0,10.0,243.0,25.0,,,25.0,VISUAL
159147,208296.0,1944-07-06,8,FRANCE,V WEAPON SITE,V - WEAPON LAUNCHING SITES,48.83,-1.25,B24,4.0,12.0,,29.0,,,29.0,NOT INDICATED
159158,208311.0,1944-07-06,8,GERMANY,V WEAPONS,V - WEAPON LAUNCHING SITES,47.68,10.71,B17,4.0,11.0,,28.0,,,28.0,NOT INDICATED
159159,208312.0,1944-07-06,8,GERMANY,V WEAPONS,V - WEAPON LAUNCHING SITES,47.68,10.71,B17,4.0,1.0,,2.0,,,2.0,NOT INDICATED
159160,208313.0,1944-07-06,8,GERMANY,V WEAPONS,V - WEAPON LAUNCHING SITES,47.68,10.71,B17,4.0,12.0,,30.0,,,30.0,NOT INDICATED
159161,208314.0,1944-07-06,8,GERMANY,V WEAPONS,V - WEAPON LAUNCHING SITES,47.68,10.71,B17,4.0,10.0,,24.0,,,24.0,NOT INDICATED
158921,208315.0,1944-07-06,8,GERMANY,V WEAPONS,V - WEAPON LAUNCHING SITES,47.68,10.71,B17,4.0,12.0,230.0,29.0,,,29.0,VISUAL
159150,208316.0,1944-07-06,8,GERMANY,V WEAPONS,V - WEAPON LAUNCHING SITES,47.68,10.71,B24,4.0,10.0,,25.0,,,25.0,NOT INDICATED
159162,208317.0,1944-07-06,8,GERMANY,V WEAPONS,V - WEAPON LAUNCHING SITES,47.68,10.71,B17,2.0,1.0,,3.0,,,3.0,NOT INDICATED
158894,208320.0,1944-07-06,8,FRANCE,ST OUEN V WEAPON SITE,V - WEAPON LAUNCHING SITES,49.77,0.58,B17,4.0,35.0,250.0,102.0,,,102.0,VISUAL
158937,208321.0,1944-07-06,8,FRANCE,ST OUEN V WEAPON SITE,V - WEAPON LAUNCHING SITES,49.77,0.58,B17,4.0,2.0,,6.0,,,6.0,NOT INDICATED
158895,208322.0,1944-07-06,8,FRANCE,ST OUEN V WEAPON SITE,V - WEAPON LAUNCHING SITES,49.77,0.58,B17,4.0,28.0,250.0,83.0,,,83.0,VISUAL
158938,208323.0,1944-07-06,8,FRANCE,ST OUEN V WEAPON SITE,V - WEAPON LAUNCHING SITES,49.77,0.58,B17,2.0,1.0,,3.0,,,3.0,NOT INDICATED
158867,208328.0,1944-07-06,12,FRANCE,LIGHTS,TACTICAL TARGETS: (UNIDENTIFIED OR NOT LISTED BELOW),45.33,7.67,A20,,,12.0,7.0,,,7.0,VISUAL
158881,208329.0,1944-07-06,9,FRANCE,TACT TARGET,TACTICAL TARGETS: (UNIDENTIFIED OR NOT LISTED BELOW),48.33,5.33,A20,,,,8.0,,,8.0,VISUAL
158869,208330.0,1944-07-06,12,FRANCE,BUILDINGS,TACTICAL TARGETS: (UNIDENTIFIED OR NOT LISTED BELOW),46.0,10.67,A20,,,,2.0,,,2.0,VISUAL
158866,208344.0,1944-07-06,12,FRANCE,LIGHTS,TACTICAL TARGETS: (UNIDENTIFIED OR NOT LISTED BELOW),45.33,7.67,A20,,,120.0,7.0,,,7.0,VISUAL
158882,208345.0,1944-07-06,9,FRANCE,TACT TARGET,TACTICAL TARGETS: (UNIDENTIFIED OR NOT LISTED BELOW),48.33,5.33,A20,,,,8.0,,,8.0,VISUAL
158870,208346.0,1944-07-06,12,FRANCE,BUILDINGS,TACTICAL TARGETS: (UNIDENTIFIED OR NOT LISTED BELOW),46.0,10.67,A20,,,,2.0,,,2.0,VISUAL
158896,208354.0,1944-07-06,8,FRANCE,ST OUEN V WEAPON SITE,V - WEAPON LAUNCHING SITES,49.77,0.58,B17,4.0,35.0,250.0,102.0,,,102.0,VISUAL
158939,208355.0,1944-07-06,8,FRANCE,ST OUEN V WEAPON SITE,V - WEAPON LAUNCHING SITES,49.77,0.58,B17,4.0,2.0,,6.0,,,6.0,NOT INDICATED
158897,208356.0,1944-07-06,8,FRANCE,ST OUEN V WEAPON SITE,V - WEAPON LAUNCHING SITES,49.77,0.58,B17,4.0,28.0,250.0,83.0,,,83.0,VISUAL
158940,208357.0,1944-07-06,8,FRANCE,ST OUEN V WEAPON SITE,V - WEAPON LAUNCHING SITES,49.77,0.58,B17,2.0,1.0,,3.0,,,3.0,NOT INDICATED
158917,208380.0,1944-07-06,8,FRANCE,V WEAPON SITE,V - WEAPON LAUNCHING SITES,48.83,-1.25,B17,4.0,12.0,240.0,30.0,,,30.0,VISUAL
158912,208381.0,1944-07-06,8,FRANCE,V WEAPON SITE,V - WEAPON LAUNCHING SITES,48.83,-1.25,B17,4.0,10.0,243.0,25.0,,,25.0,VISUAL
159149,208382.0,1944-07-06,8,FRANCE,V WEAPON SITE,V - WEAPON LAUNCHING SITES,48.83,-1.25,B24,4.0,12.0,,29.0,,,29.0,NOT INDICATED
159163,208397.0,1944-07-06,8,GERMANY,V WEAPONS,V - WEAPON LAUNCHING SITES,47.68,10.71,B17,4.0,11.0,,28.0,,,28.0,NOT INDICATED
159164,208398.0,1944-07-06,8,GERMANY,V WEAPONS,V - WEAPON LAUNCHING SITES,47.68,10.71,B17,4.0,1.0,,2.0,,,2.0,NOT INDICATED
159165,208399.0,1944-07-06,8,GERMANY,V WEAPONS,V - WEAPON LAUNCHING SITES,47.68,10.71,B17,4.0,12.0,,30.0,,,30.0,NOT INDICATED
159166,208400.0,1944-07-06,8,GERMANY,V WEAPONS,V - WEAPON LAUNCHING SITES,47.68,10.71,B17,4.0,10.0,,24.0,,,24.0,NOT INDICATED
158922,208401.0,1944-07-06,8,GERMANY,V WEAPONS,V - WEAPON LAUNCHING SITES,47.68,10.71,B17,4.0,12.0,230.0,29.0,,,29.0,VISUAL
159152,208402.0,1944-07-06,8,GERMANY,V WEAPONS,V - WEAPON LAUNCHING SITES,47.68,10.71,B24,4.0,10.0,,25.0,,,25.0,NOT INDICATED
159167,208403.0,1944-07-06,8,GERMANY,V WEAPONS,V - WEAPON LAUNCHING SITES,47.68,10.71,B17,2.0,1.0,,3.0,,,3.0,NOT INDICATED
160646,104927.0,1944-07-07,8,GERMANY,BALL BEARING PLANT,BEARINGS MFG. PLANTS,51.33,12.38,B17,4.0,28.0,240.0,70.0,,,70.0,VISUAL
160434,104928.0,1944-07-07,8,GERMANY,BALL BEARING PLANT,BEARINGS MFG. PLANTS,51.33,12.38,B17,4.0,18.0,250.0,,41.0,,41.0,VISUAL
160386,104929.0,1944-07-07,9,FRANCE,UNIDENTIFIED TARGET,UNIDENTIFIED TARGETS,48.32,0.0,A20,,,110.0,39.0,,,39.0,VISUAL
160359,104930.0,1944-07-07,15,GERMANY,OIL REFINERY SYNTHETIC,SYNTHETIC OIL REFINERIES,50.33,18.3,B17,4.0,23.0,224.0,68.0,,,68.0,NOT INDICATED
160361,104931.0,1944-07-07,15,GERMANY,OIL REFINERY SYNTHETIC,SYNTHETIC OIL REFINERIES,50.33,18.3,B17,4.0,36.0,223.0,105.0,,,105.0,NOT INDICATED
160349,104932.0,1944-07-07,15,GERMANY,OIL REFINERY SYNTHETIC,SYNTHETIC OIL REFINERIES,50.33,18.3,B17,4.0,26.0,235.0,78.0,,,78.0,VISUAL
160351,104933.0,1944-07-07,15,GERMANY,OIL REFINERY SYNTHETIC,SYNTHETIC OIL REFINERIES,50.33,18.3,B17,4.0,27.0,230.0,80.0,,,80.0,VISUAL
160355,104934.0,1944-07-07,15,GERMANY,OIL REFINERY SYNTHETIC,SYNTHETIC OIL REFINERIES,50.33,18.3,B24,4.0,24.0,227.0,59.0,,,59.0,NOT INDICATED
160347,104935.0,1944-07-07,15,GERMANY,OIL REFINERY SYNTHETIC,SYNTHETIC OIL REFINERIES,50.33,18.3,B24,4.0,21.0,240.0,52.0,,,52.0,NOT INDICATED
160367,104936.0,1944-07-07,15,GERMANY,OIL REFINERY SYNTHETIC,SYNTHETIC OIL REFINERIES,50.33,18.3,B24,4.0,31.0,217.0,60.0,,,60.0,NOT INDICATED
160369,104937.0,1944-07-07,15,GERMANY,OIL REFINERY SYNTHETIC,SYNTHETIC OIL REFINERIES,50.33,18.3,B24,4.0,25.0,208.0,63.0,,,63.0,NOT INDICATED
160353,104938.0,1944-07-07,15,GERMANY,OIL REFINERY SYNTHETIC,SYNTHETIC OIL REFINERIES,50.33,18.3,B24,4.0,24.0,229.0,,59.0,,59.0,NOT INDICATED
160363,104939.0,1944-07-07,15,GERMANY,OIL REFINERY SYNTHETIC,SYNTHETIC OIL REFINERIES,50.33,18.3,B24,4.0,31.0,220.0,70.0,,,70.0,F.F.F.
160364,104940.0,1944-07-07,15,GERMANY,OIL REFINERY SYNTHETIC,SYNTHETIC OIL REFINERIES,50.33,18.3,B24,4.0,28.0,220.0,70.0,,,70.0,NOT INDICATED
160357,104941.0,1944-07-07,15,GERMANY,OIL REFINERY SYNTHETIC,SYNTHETIC OIL REFINERIES,50.33,18.3,B17,4.0,23.0,226.0,69.0,,,69.0,NOT INDICATED
160345,104942.0,1944-07-07,15,GERMANY,OIL REFINERY SYNTHETIC,SYNTHETIC OIL REFINERIES,50.33,18.3,B17,4.0,27.0,252.0,,80.0,,80.0,VISUAL
160411,104950.0,1944-07-07,9,GERMANY,WINTERSHALL SYN OIL,OIL REFINERIES,51.3,11.85,B24,4.0,,,1.0,,,1.0,NOT INDICATED
160412,104951.0,1944-07-07,9,GERMANY,WINTERSHALL SYN OIL,OIL REFINERIES,51.3,11.85,B24,4.0,2.0,,1.0,,,1.0,NOT INDICATED
160413,104952.0,1944-07-07,9,GERMANY,WINTERSHALL SYN OIL,OIL REFINERIES,51.3,11.85,B24,4.0,2.0,,1.0,,,1.0,NOT INDICATED
160377,104953.0,1944-07-07,9,GERMANY,WINTERSHALL SYN OIL,OIL REFINERIES,51.3,11.85,B24,4.0,29.0,220.0,58.0,,,58.0,VISUAL
160373,104954.0,1944-07-07,9,GERMANY,WINTERSHALL SYN OIL,OIL REFINERIES,51.3,11.85,B24,4.0,22.0,228.0,53.0,,,53.0,VISUAL
160378,104955.0,1944-07-07,9,GERMANY,WINTERSHALL SYN OIL,OIL REFINERIES,51.3,11.85,B24,4.0,24.0,220.0,57.0,,,57.0,VISUAL
160414,104956.0,1944-07-07,9,GERMANY,WINTERSHALL SYN OIL,OIL REFINERIES,51.3,11.85,B24,4.0,,,29.0,,,29.0,NOT INDICATED
160374,104957.0,1944-07-07,9,GERMANY,WINTERSHALL SYN OIL,OIL REFINERIES,51.3,11.85,B24,4.0,22.0,228.0,25.0,,,25.0,VISUAL
160419,104958.0,1944-07-07,9,GERMANY,WINTERSHALL SYN OIL,OIL REFINERIES,51.3,11.85,B17,3.0,3.0,,8.0,,,8.0,NOT INDICATED
160420,104959.0,1944-07-07,9,GERMANY,WINTERSHALL SYN OIL,OIL REFINERIES,51.3,11.85,B17,3.0,13.0,,33.0,,,33.0,NOT INDICATED
160421,104960.0,1944-07-07,9,GERMANY,WINTERSHALL SYN OIL,OIL REFINERIES,51.3,11.85,B17,2.0,1.0,,2.0,,,2.0,NOT INDICATED
160371,104961.0,1944-07-07,9,GERMANY,WINTERSHALL SYN OIL,OIL REFINERIES,51.3,11.85,B17,2.0,16.0,250.0,30.0,,,30.0,VISUAL
160389,104979.0,1944-07-07,9,FRANCE,TROOP CONCENTRATION,TROOP CONCENTRATIONS,49.2,-0.5,B26,,,,,,12.0,12.0,VISUAL
160384,104980.0,1944-07-07,9,FRANCE,TROOP CONCENTRATION,TROOP CONCENTRATIONS,49.2,-0.5,B26,,,110.0,50.0,,,50.0,VISUAL
160381,104981.0,1944-07-07,9,FRANCE,TROOP CONCENTRATION,TROOP CONCENTRATIONS,49.2,-0.5,B26,,,125.0,46.0,,,46.0,VISUAL
160647,104984.0,1944-07-07,8,GERMANY,ERLA MOTOR WORKS,ENGINE PLANTS,51.33,12.38,B17,4.0,35.0,240.0,87.0,,,87.0,VISUAL
160669,104985.0,1944-07-07,8,GERMANY,ERLA MOTOR WORKS,ENGINE PLANTS,51.33,12.38,B17,4.0,1.0,,3.0,,,3.0,VISUAL
160648,104986.0,1944-07-07,8,GERMANY,ERLA MOTOR WORKS,ENGINE PLANTS,51.33,12.38,B17,4.0,30.0,240.0,71.0,,,71.0,VISUAL
160435,104987.0,1944-07-07,8,GERMANY,ERLA MOTOR WORKS,ENGINE PLANTS,51.33,12.38,B17,4.0,33.0,250.0,,46.0,,46.0,VISUAL
160670,104988.0,1944-07-07,8,GERMANY,ERLA MOTOR WORKS,ENGINE PLANTS,51.33,12.38,B17,2.0,16.0,,40.0,,,40.0,NOT INDICATED
160671,104989.0,1944-07-07,8,GERMANY,ERLA MOTOR WORKS,ENGINE PLANTS,51.33,12.38,B17,2.0,2.0,,5.0,,,5.0,VISUAL
160657,104990.0,1944-07-07,8,GERMANY,AIRDROME,AIR FIELDS AND AIRDROMES,51.2,11.27,B17,3.0,1.0,,1.0,,,1.0,NOT INDICATED
160428,104991.0,1944-07-07,8,GERMANY,AIRDROME,AIR FIELDS AND AIRDROMES,51.2,11.27,B17,3.0,16.0,254.0,40.0,,,40.0,VISUAL
160658,104992.0,1944-07-07,8,GERMANY,AIRDROME,AIR FIELDS AND AIRDROMES,51.2,11.27,B17,3.0,2.0,,2.0,,,2.0,NOT INDICATED
160425,104993.0,1944-07-07,8,GERMANY,AIRDROME,AIR FIELDS AND AIRDROMES,51.2,11.27,B17,3.0,26.0,260.0,49.0,,,49.0,VISUAL
160659,104994.0,1944-07-07,8,GERMANY,AIRDROME,AIR FIELDS AND AIRDROMES,51.2,11.27,B17,3.0,6.0,,11.0,,,11.0,NOT INDICATED
160431,104995.0,1944-07-07,8,GERMANY,AIRDROME,AIR FIELDS AND AIRDROMES,51.2,11.27,B17,3.0,17.0,250.0,32.0,,,32.0,VISUAL
160441,104996.0,1944-07-07,8,GERMANY,AIRDROME,AIR FIELDS AND AIRDROMES,51.2,11.27,B17,2.0,18.0,248.0,40.0,,,40.0,VISUAL
160660,104997.0,1944-07-07,8,GERMANY,AIRDROME,AIR FIELDS AND AIRDROMES,51.2,11.27,B17,2.0,14.0,,,35.0,,35.0,NOT INDICATED
160655,105008.0,1944-07-07,8,GERMANY,UNIDENTIFIED TARGET,UNIDENTIFIED TARGETS,52.15,9.97,B24,1.0,1.0,,3.0,,,3.0,NOT INDICATED
160400,105009.0,1944-07-07,9,GERMANY,UNIDENTIFIED TARGET,UNIDENTIFIED TARGETS,52.62,10.08,B17,2.0,1.0,,,3.0,,3.0,NOT INDICATED
160405,105010.0,1944-07-07,9,GERMANY,UNIDENTIFIED TARGET,UNIDENTIFIED TARGETS,52.1,9.37,B17,2.0,17.0,,43.0,,,43.0,NOT INDICATED
160408,105019.0,1944-07-07,9,GERMANY,CITY AREA,CITIES TOWNS AND URBAN AREAS,51.33,12.38,B17,2.0,1.0,,3.0,,,3.0,NOT INDICATED
160649,168045.0,1944-07-07,8,GERMANY,ERLA MOTOR WORKS,ENGINE PLANTS,51.33,12.38,B17,4.0,35.0,240.0,87.0,,,87.0,VISUAL
160672,168046.0,1944-07-07,8,GERMANY,ERLA MOTOR WORKS,ENGINE PLANTS,51.33,12.38,B17,4.0,1.0,,3.0,,,3.0,VISUAL
160650,168047.0,1944-07-07,8,GERMANY,ERLA MOTOR WORKS,ENGINE PLANTS,51.33,12.38,B17,4.0,30.0,240.0,71.0,,,71.0,VISUAL
160436,168048.0,1944-07-07,8,GERMANY,ERLA MOTOR WORKS,ENGINE PLANTS,51.33,12.38,B17,4.0,33.0,250.0,,46.0,,46.0,VISUAL
160673,168049.0,1944-07-07,8,GERMANY,ERLA MOTOR WORKS,ENGINE PLANTS,51.33,12.38,B17,2.0,16.0,,40.0,,,40.0,NOT INDICATED
160674,168050.0,1944-07-07,8,GERMANY,ERLA MOTOR WORKS,ENGINE PLANTS,51.33,12.38,B17,2.0,2.0,,5.0,,,5.0,VISUAL
160401,168054.0,1944-07-07,9,GERMANY,UNIDENTIFIED TARGET,UNIDENTIFIED TARGETS,52.62,10.08,B17,2.0,1.0,,,3.0,,3.0,NOT INDICATED
160406,168055.0,1944-07-07,9,GERMANY,UNIDENTIFIED TARGET,UNIDENTIFIED TARGETS,52.1,9.37,B17,2.0,17.0,,43.0,,,43.0,NOT INDICATED
160656,168056.0,1944-07-07,8,GERMANY,UNIDENTIFIED TARGET,UNIDENTIFIED TARGETS,52.15,9.97,B24,1.0,1.0,,3.0,,,3.0,NOT INDICATED
160678,168069.0,1944-07-07,8,GERMANY,UNIDENTIFIED TARGET,UNIDENTIFIED TARGETS,50.47,2.9,B24,1.0,1.0,,3.0,,,3.0,NOT INDICATED
160387,168073.0,1944-07-07,9,FRANCE,UNIDENTIFIED TARGET,UNIDENTIFIED TARGETS,48.32,0.0,A20,,,110.0,39.0,,,39.0,VISUAL
160409,168075.0,1944-07-07,9,GERMANY,CITY AREA,CITIES TOWNS AND URBAN AREAS,51.33,12.38,B17,2.0,1.0,,3.0,,,3.0,NOT INDICATED
160410,168084.0,1944-07-07,9,GERMANY,CITY AREA,CITIES TOWNS AND URBAN AREAS,51.33,12.38,B17,2.0,1.0,,3.0,,,3.0,NOT INDICATED
160402,168085.0,1944-07-07,9,GERMANY,UNIDENTIFIED TARGET,UNIDENTIFIED TARGETS,52.62,10.08,B17,2.0,1.0,,,3.0,,3.0,NOT INDICATED
160407,168086.0,1944-07-07,9,GERMANY,UNIDENTIFIED TARGET,UNIDENTIFIED TARGETS,52.1,9.37,B17,2.0,17.0,,43.0,,,43.0,NOT INDICATED
160654,168087.0,1944-07-07,8,GERMANY,UNIDENTIFIED TARGET,UNIDENTIFIED TARGETS,52.15,9.97,B24,1.0,1.0,,3.0,,,3.0,NOT INDICATED
160437,168123.0,1944-07-07,8,GERMANY,ERLA MOTOR WORKS,ENGINE PLANTS,51.33,12.38,B17,4.0,14.0,250.0,,35.0,,35.0,VISUAL
160644,168124.0,1944-07-07,8,GERMANY,ERLA MOTOR WORKS,ENGINE PLANTS,51.33,12.38,B17,4.0,30.0,243.0,74.0,,,74.0,VISUAL
160651,168125.0,1944-07-07,8,GERMANY,ERLA MOTOR WORKS,ENGINE PLANTS,51.33,12.38,B17,4.0,35.0,240.0,87.0,,,87.0,VISUAL
160675,168126.0,1944-07-07,8,GERMANY,ERLA MOTOR WORKS,ENGINE PLANTS,51.33,12.38,B17,4.0,1.0,,3.0,,,3.0,VISUAL
160652,168127.0,1944-07-07,8,GERMANY,ERLA MOTOR WORKS,ENGINE PLANTS,51.33,12.38,B17,4.0,30.0,240.0,71.0,,,71.0,VISUAL
160438,168128.0,1944-07-07,8,GERMANY,ERLA MOTOR WORKS,ENGINE PLANTS,51.33,12.38,B17,4.0,33.0,250.0,,46.0,,46.0,VISUAL
160676,168129.0,1944-07-07,8,GERMANY,ERLA MOTOR WORKS,ENGINE PLANTS,51.33,12.38,B17,2.0,16.0,,40.0,,,40.0,NOT INDICATED
160677,168130.0,1944-07-07,8,GERMANY,ERLA MOTOR WORKS,ENGINE PLANTS,51.33,12.38,B17,2.0,2.0,,5.0,,,5.0,VISUAL
160653,168132.0,1944-07-07,8,GERMANY,BALL BEARING PLANT,BEARINGS MFG. PLANTS,51.33,12.38,B17,4.0,28.0,240.0,70.0,,,70.0,VISUAL
160439,168133.0,1944-07-07,8,GERMANY,BALL BEARING PLANT,BEARINGS MFG. PLANTS,51.33,12.38,B17,4.0,18.0,250.0,,41.0,,41.0,VISUAL
160360,168134.0,1944-07-07,15,GERMANY,OIL REFINERY SYNTHETIC,SYNTHETIC OIL REFINERIES,50.33,18.3,B17,4.0,23.0,224.0,68.0,,,68.0,NOT INDICATED
160362,168135.0,1944-07-07,15,GERMANY,OIL REFINERY SYNTHETIC,SYNTHETIC OIL REFINERIES,50.33,18.3,B17,4.0,36.0,223.0,105.0,,,105.0,NOT INDICATED
160350,168136.0,1944-07-07,15,GERMANY,OIL REFINERY SYNTHETIC,SYNTHETIC OIL REFINERIES,50.33,18.3,B17,4.0,26.0,235.0,78.0,,,78.0,VISUAL
160352,168137.0,1944-07-07,15,GERMANY,OIL REFINERY SYNTHETIC,SYNTHETIC OIL REFINERIES,50.33,18.3,B17,4.0,27.0,230.0,80.0,,,80.0,VISUAL
160356,168138.0,1944-07-07,15,GERMANY,OIL REFINERY SYNTHETIC,SYNTHETIC OIL REFINERIES,50.33,18.3,B24,4.0,24.0,227.0,59.0,,,59.0,NOT INDICATED
160348,168139.0,1944-07-07,15,GERMANY,OIL REFINERY SYNTHETIC,SYNTHETIC OIL REFINERIES,50.33,18.3,B24,4.0,21.0,240.0,52.0,,,52.0,NOT INDICATED
160368,168140.0,1944-07-07,15,GERMANY,OIL REFINERY SYNTHETIC,SYNTHETIC OIL REFINERIES,50.33,18.3,B24,4.0,31.0,217.0,60.0,,,60.0,NOT INDICATED
160370,168141.0,1944-07-07,15,GERMANY,OIL REFINERY SYNTHETIC,SYNTHETIC OIL REFINERIES,50.33,18.3,B24,4.0,25.0,208.0,63.0,,,63.0,NOT INDICATED
160354,168142.0,1944-07-07,15,GERMANY,OIL REFINERY SYNTHETIC,SYNTHETIC OIL REFINERIES,50.33,18.3,B24,4.0,24.0,229.0,,59.0,,59.0,NOT INDICATED
160365,168143.0,1944-07-07,15,GERMANY,OIL REFINERY SYNTHETIC,SYNTHETIC OIL REFINERIES,50.33,18.3,B24,4.0,31.0,220.0,70.0,,,70.0,F.F.F.
160366,168144.0,1944-07-07,15,GERMANY,OIL REFINERY SYNTHETIC,SYNTHETIC OIL REFINERIES,50.33,18.3,B24,4.0,28.0,220.0,70.0,,,70.0,NOT INDICATED
160358,168145.0,1944-07-07,15,GERMANY,OIL REFINERY SYNTHETIC,SYNTHETIC OIL REFINERIES,50.33,18.3,B17,4.0,23.0,226.0,69.0,,,69.0,NOT INDICATED
160346,168146.0,1944-07-07,15,GERMANY,OIL REFINERY SYNTHETIC,SYNTHETIC OIL REFINERIES,50.33,18.3,B17,4.0,27.0,252.0,,80.0,,80.0,VISUAL
160415,168152.0,1944-07-07,9,GERMANY,WINTERSHALL SYN OIL,OIL REFINERIES,51.3,11.85,B24,4.0,,,1.0,,,1.0,NOT INDICATED
160416,168153.0,1944-07-07,9,GERMANY,WINTERSHALL SYN OIL,OIL REFINERIES,51.3,11.85,B24,4.0,2.0,,1.0,,,1.0,NOT INDICATED
160417,168154.0,1944-07-07,9,GERMANY,WINTERSHALL SYN OIL,OIL REFINERIES,51.3,11.85,B24,4.0,2.0,,1.0,,,1.0,NOT INDICATED
160379,168155.0,1944-07-07,9,GERMANY,WINTERSHALL SYN OIL,OIL REFINERIES,51.3,11.85,B24,4.0,29.0,220.0,58.0,,,58.0,VISUAL
160375,168156.0,1944-07-07,9,GERMANY,WINTERSHALL SYN OIL,OIL REFINERIES,51.3,11.85,B24,4.0,22.0,228.0,53.0,,,53.0,VISUAL
160380,168157.0,1944-07-07,9,GERMANY,WINTERSHALL SYN OIL,OIL REFINERIES,51.3,11.85,B24,4.0,24.0,220.0,57.0,,,57.0,VISUAL
160418,168158.0,1944-07-07,9,GERMANY,WINTERSHALL SYN OIL,OIL REFINERIES,51.3,11.85,B24,4.0,,,29.0,,,29.0,NOT INDICATED
160376,168159.0,1944-07-07,9,GERMANY,WINTERSHALL SYN OIL,OIL REFINERIES,51.3,11.85,B24,4.0,22.0,228.0,25.0,,,25.0,VISUAL
160422,168160.0,1944-07-07,9,GERMANY,WINTERSHALL SYN OIL,OIL REFINERIES,51.3,11.85,B17,3.0,3.0,,8.0,,,8.0,NOT INDICATED
160423,168161.0,1944-07-07,9,GERMANY,WINTERSHALL SYN OIL,OIL REFINERIES,51.3,11.85,B17,3.0,13.0,,33.0,,,33.0,NOT INDICATED
160424,168162.0,1944-07-07,9,GERMANY,WINTERSHALL SYN OIL,OIL REFINERIES,51.3,11.85,B17,2.0,1.0,,2.0,,,2.0,NOT INDICATED
160372,168163.0,1944-07-07,9,GERMANY,WINTERSHALL SYN OIL,OIL REFINERIES,51.3,11.85,B17,2.0,16.0,250.0,30.0,,,30.0,VISUAL
160403,168173.0,1944-07-07,9,GERMANY,MARSHALLING YARD,"""RR INSTALLATIONS,  TRACKS,  MARSHALLING YARDS,  AND STATIONS""",50.88,8.77,B17,1.0,1.0,,2.0,,,2.0,NOT INDICATED
160404,168174.0,1944-07-07,9,GERMANY,MARSHALLING YARD,"""RR INSTALLATIONS,  TRACKS,  MARSHALLING YARDS,  AND STATIONS""",50.88,8.77,B17,1.0,15.0,,36.0,,,36.0,NOT INDICATED
160695,168178.0,1944-07-07,8,GERMANY,MARSHALLING YARD,"""RR INSTALLATIONS,  TRACKS,  MARSHALLING YARDS,  AND STATIONS""",45.95,7.97,B24,1.0,1.0,,,2.0,,2.0,NOT INDICATED
160697,168179.0,1944-07-07,8,HOLLAND OR NETHERLANDS,MARSHALLING YARD,"""RR INSTALLATIONS,  TRACKS,  MARSHALLING YARDS,  AND STATIONS""",45.95,7.97,B17,2.0,1.0,,3.0,,,3.0,NOT INDICATED
160661,208424.0,1944-07-07,8,GERMANY,AIRDROME,AIR FIELDS AND AIRDROMES,51.2,11.27,B17,3.0,1.0,,1.0,,,1.0,NOT INDICATED
160429,208425.0,1944-07-07,8,GERMANY,AIRDROME,AIR FIELDS AND AIRDROMES,51.2,11.27,B17,3.0,16.0,254.0,40.0,,,40.0,VISUAL
160662,208426.0,1944-07-07,8,GERMANY,AIRDROME,AIR FIELDS AND AIRDROMES,51.2,11.27,B17,3.0,2.0,,2.0,,,2.0,NOT INDICATED
160426,208427.0,1944-07-07,8,GERMANY,AIRDROME,AIR FIELDS AND AIRDROMES,51.2,11.27,B17,3.0,26.0,260.0,49.0,,,49.0,VISUAL
160663,208428.0,1944-07-07,8,GERMANY,AIRDROME,AIR FIELDS AND AIRDROMES,51.2,11.27,B17,3.0,6.0,,11.0,,,11.0,NOT INDICATED
160432,208429.0,1944-07-07,8,GERMANY,AIRDROME,AIR FIELDS AND AIRDROMES,51.2,11.27,B17,3.0,17.0,250.0,32.0,,,32.0,VISUAL
160442,208430.0,1944-07-07,8,GERMANY,AIRDROME,AIR FIELDS AND AIRDROMES,51.2,11.27,B17,2.0,18.0,248.0,40.0,,,40.0,VISUAL
160664,208431.0,1944-07-07,8,GERMANY,AIRDROME,AIR FIELDS AND AIRDROMES,51.2,11.27,B17,2.0,14.0,,,35.0,,35.0,NOT INDICATED
160390,208434.0,1944-07-07,9,FRANCE,TROOP CONCENTRATION,TROOP CONCENTRATIONS,49.2,-0.5,B26,,,,,,12.0,12.0,VISUAL
160388,208435.0,1944-07-07,9,FRANCE,TROOP CONCENTRATION,TROOP CONCENTRATIONS,49.2,-0.5,B26,,,11.0,50.0,,,50.0,VISUAL
160382,208436.0,1944-07-07,9,FRANCE,TROOP CONCENTRATION,TROOP CONCENTRATIONS,49.2,-0.5,B26,,,125.0,46.0,,,46.0,VISUAL
160391,208443.0,1944-07-07,9,FRANCE,TROOP CONCENTRATION,TROOP CONCENTRATIONS,49.2,-0.5,B26,,,,,,12.0,12.0,VISUAL
160385,208444.0,1944-07-07,9,FRANCE,TROOP CONCENTRATION,TROOP CONCENTRATIONS,49.2,-0.5,B26,,,110.0,50.0,,,50.0,VISUAL
160383,208445.0,1944-07-07,9,FRANCE,TROOP CONCENTRATION,TROOP CONCENTRATIONS,49.2,-0.5,B26,,,125.0,46.0,,,46.0,VISUAL
160665,208452.0,1944-07-07,8,GERMANY,AIRDROME,AIR FIELDS AND AIRDROMES,51.2,11.27,B17,3.0,1.0,,1.0,,,1.0,NOT INDICATED
160430,208453.0,1944-07-07,8,GERMANY,AIRDROME,AIR FIELDS AND AIRDROMES,51.2,11.27,B17,3.0,16.0,254.0,40.0,,,40.0,VISUAL
160666,208454.0,1944-07-07,8,GERMANY,AIRDROME,AIR FIELDS AND AIRDROMES,51.2,11.27,B17,3.0,2.0,,2.0,,,2.0,NOT INDICATED
160427,208455.0,1944-07-07,8,GERMANY,AIRDROME,AIR FIELDS AND AIRDROMES,51.2,11.27,B17,3.0,26.0,260.0,49.0,,,49.0,VISUAL
160667,208456.0,1944-07-07,8,GERMANY,AIRDROME,AIR FIELDS AND AIRDROMES,51.2,11.27,B17,3.0,6.0,,11.0,,,11.0,NOT INDICATED
160433,208457.0,1944-07-07,8,GERMANY,AIRDROME,AIR FIELDS AND AIRDROMES,51.2,11.27,B17,3.0,17.0,250.0,32.0,,,32.0,VISUAL
160643,208458.0,1944-07-07,8,GERMANY,AIRDROME,AIR FIELDS AND AIRDROMES,51.2,11.27,B17,2.0,18.0,248.0,40.0,,,40.0,VISUAL
160668,208459.0,1944-07-07,8,GERMANY,AIRDROME,AIR FIELDS AND AIRDROMES,51.2,11.27,B17,2.0,14.0,,,35.0,,35.0,NOT INDICATED
160440,300032.0,1944-07-07,8,GERMANY,ERLA MOTOR WORKS,ENGINE PLANTS,51.33,12.38,B17,4.0,14.0,250.0,,35.0,,35.0,VISUAL
160645,300033.0,1944-07-07,8,GERMANY,ERLA MOTOR WORKS,ENGINE PLANTS,51.33,12.38,B17,4.0,30.0,243.0,74.0,,,74.0,VISUAL
161571,105022.0,1944-07-08,15,AUSTRIA,OIL TANKS,OIL STORAGE FACILITIES AND OTHER OIL INSTALLATIONS,48.23,15.33,B24,2.0,1.0,,2.0,,,2.0,NOT INDICATED
161589,105023.0,1944-07-08,9,FRANCE,UNIDENTIFIED TARGET,UNIDENTIFIED TARGETS,49.18,-0.37,B26,,,105.0,34.0,,,34.0,VISUAL
161583,105024.0,1944-07-08,9,FRANCE,UNIDENTIFIED TARGET,UNIDENTIFIED TARGETS,49.18,-0.37,A20,,,120.0,45.0,,,45.0,VISUAL
161595,105025.0,1944-07-08,9,FRANCE,UNIDENTIFIED TARGET,UNIDENTIFIED TARGETS,49.18,-0.37,B26,,,,,,39.0,39.0,VISUAL
161342,105026.0,1944-07-08,15,AUSTRIA,OIL REFINERY,OIL REFINERIES,48.2,16.37,B24,4.0,22.0,219.0,54.0,,,54.0,NOT INDICATED
161560,105027.0,1944-07-08,15,AUSTRIA,OIL REFINERY,OIL REFINERIES,48.2,16.37,B24,4.0,24.0,208.0,60.0,,,60.0,NOT INDICATED
161340,105028.0,1944-07-08,15,AUSTRIA,OIL REFINERY,OIL REFINERIES,48.2,16.37,B24,4.0,14.0,224.0,35.0,,,35.0,NOT INDICATED
161544,105029.0,1944-07-08,15,AUSTRIA,OIL REFINERY,OIL REFINERIES,48.2,16.37,B24,4.0,27.0,217.0,68.0,,,68.0,NOT INDICATED
161585,105030.0,1944-07-08,9,FRANCE,BRIDGE,BRIDGES,49.18,-0.37,B26,,,115.0,21.0,,,21.0,VISUAL
161558,105031.0,1944-07-08,15,AUSTRIA,FANTO OIL REFINERY,OIL REFINERIES,48.12,16.3,B17,4.0,27.0,210.0,81.0,,,81.0,NOT INDICATED
161591,105036.0,1944-07-08,9,FRANCE,BRIDGE,BRIDGES,47.22,-1.53,B26,,,95.0,67.0,,,67.0,VISUAL
161593,105038.0,1944-07-08,9,FRANCE,RR BRIDGE,BRIDGES,47.25,-0.08,B26,,,90.0,52.0,,,52.0,VISUAL
161574,105042.0,1944-07-08,15,AUSTRIA,AIRDROME,AIR FIELDS AND AIRDROMES,46.0,16.88,B24,2.0,12.0,,,,29.0,29.0,NOT INDICATED
161555,105043.0,1944-07-08,15,AUSTRIA,AIRDROME,AIR FIELDS AND AIRDROMES,48.22,15.63,B24,4.0,25.0,210.0,61.0,,,61.0,NOT INDICATED
161587,105048.0,1944-07-08,9,FRANCE,HARBOR,PORTS AND HARBORS,48.83,-1.58,A20,,,115.0,35.0,,,35.0,VISUAL
161580,105060.0,1944-07-08,9,FRANCE,GUN POSITIONS,GUN EMPLACEMENTS,49.18,-0.37,A20,,,123.0,7.0,,,7.0,VISUAL
161565,105063.0,1944-07-08,15,GERMANY,AIRDROME,AIR FIELDS AND AIRDROMES,53.65,14.8,B24,4.0,15.0,196.0,,,36.0,36.0,NOT INDICATED
161552,105064.0,1944-07-08,15,GERMANY,AIRDROME,AIR FIELDS AND AIRDROMES,53.65,14.8,B24,4.0,26.0,210.0,,,61.0,61.0,NOT INDICATED
161562,105065.0,1944-07-08,15,GERMANY,AIRDROME,AIR FIELDS AND AIRDROMES,53.65,14.8,B24,4.0,26.0,206.0,,,54.0,54.0,NOT INDICATED
161546,105075.0,1944-07-08,15,AUSTRIA,NEU LENG BACH AD,AIR FIELDS AND AIRDROMES,48.2,15.92,B24,4.0,22.0,212.0,43.0,,,43.0,NOT INDICATED
161549,105076.0,1944-07-08,15,AUSTRIA,NEU LENG BACH AD,AIR FIELDS AND AIRDROMES,48.2,15.92,B24,4.0,24.0,210.0,60.0,,,60.0,NOT INDICATED
161612,105078.0,1944-07-08,8,FRANCE,AIRDROME,AIR FIELDS AND AIRDROMES,49.07,0.78,B17,2.0,13.0,190.0,38.0,,,38.0,VISUAL
161604,105079.0,1944-07-08,8,FRANCE,V WEAPON SITE,V - WEAPON LAUNCHING SITES,46.0,1.38,B24,4.0,10.0,230.0,24.0,,,24.0,VISUAL
161619,105087.0,1944-07-08,8,FRANCE,UNIDENTIFIED TARGET,UNIDENTIFIED TARGETS,48.18,0.67,B17,2.0,10.0,,29.0,,,29.0,NOT INDICATED
161568,105088.0,1944-07-08,15,AUSTRIA,CITY AREA,CITIES TOWNS AND URBAN AREAS,48.2,15.92,B24,4.0,10.0,,19.0,,,19.0,NOT INDICATED
161337,105089.0,1944-07-08,15,AUSTRIA,CITY AREA,CITIES TOWNS AND URBAN AREAS,48.23,15.33,B24,3.0,14.0,230.0,28.0,,,28.0,NOT INDICATED
161576,105090.0,1944-07-08,15,AUSTRIA,CITY AREA,CITIES TOWNS AND URBAN AREAS,48.33,16.07,B24,2.0,2.0,,5.0,,,5.0,NOT INDICATED
161616,105094.0,1944-07-08,8,GERMANY,CITY AREA,CITIES TOWNS AND URBAN AREAS,54.37,12.72,B17,2.0,10.0,,20.0,,,20.0,NOT INDICATED
161620,168188.0,1944-07-08,8,FRANCE,UNIDENTIFIED TARGET,UNIDENTIFIED TARGETS,48.18,0.67,B17,2.0,10.0,,29.0,,,29.0,NOT INDICATED
161590,168194.0,1944-07-08,9,FRANCE,UNIDENTIFIED TARGET,UNIDENTIFIED TARGETS,49.18,-0.37,B26,,,105.0,34.0,,,34.0,VISUAL
161584,168195.0,1944-07-08,9,FRANCE,UNIDENTIFIED TARGET,UNIDENTIFIED TARGETS,49.18,-0.37,A20,,,120.0,45.0,,,45.0,VISUAL
161596,168196.0,1944-07-08,9,FRANCE,UNIDENTIFIED TARGET,UNIDENTIFIED TARGETS,49.18,-0.37,B26,,,,,,39.0,39.0,VISUAL
161569,168197.0,1944-07-08,15,AUSTRIA,CITY AREA,CITIES TOWNS AND URBAN AREAS,48.2,15.92,B24,4.0,10.0,,19.0,,,19.0,NOT INDICATED
161338,168198.0,1944-07-08,15,AUSTRIA,CITY AREA,CITIES TOWNS AND URBAN AREAS,48.23,15.33,B24,3.0,14.0,230.0,28.0,,,28.0,NOT INDICATED
161577,168199.0,1944-07-08,15,AUSTRIA,CITY AREA,CITIES TOWNS AND URBAN AREAS,48.33,16.07,B24,2.0,2.0,,5.0,,,5.0,NOT INDICATED
161617,168203.0,1944-07-08,8,GERMANY,CITY AREA,CITIES TOWNS AND URBAN AREAS,54.37,12.72,B17,2.0,10.0,,20.0,,,20.0,NOT INDICATED
161570,168210.0,1944-07-08,15,AUSTRIA,CITY AREA,CITIES TOWNS AND URBAN AREAS,48.2,15.92,B24,4.0,10.0,,19.0,,,19.0,NOT INDICATED
161339,168211.0,1944-07-08,15,AUSTRIA,CITY AREA,CITIES TOWNS AND URBAN AREAS,48.23,15.33,B24,3.0,14.0,230.0,28.0,,,28.0,NOT INDICATED
161578,168212.0,1944-07-08,15,AUSTRIA,CITY AREA,CITIES TOWNS AND URBAN AREAS,48.33,16.07,B24,2.0,2.0,,5.0,,,5.0,NOT INDICATED
161618,168216.0,1944-07-08,8,GERMANY,CITY AREA,CITIES TOWNS AND URBAN AREAS,54.37,12.72,B17,2.0,10.0,,20.0,,,20.0,NOT INDICATED
161621,168219.0,1944-07-08,8,FRANCE,UNIDENTIFIED TARGET,UNIDENTIFIED TARGETS,48.18,0.67,B17,2.0,10.0,,29.0,,,29.0,NOT INDICATED
161572,168228.0,1944-07-08,15,AUSTRIA,OIL TANKS,OIL STORAGE FACILITIES AND OTHER OIL INSTALLATIONS,48.23,15.33,B24,2.0,1.0,,2.0,,,2.0,NOT INDICATED
161543,168229.0,1944-07-08,15,AUSTRIA,OIL REFINERY,OIL REFINERIES,48.2,16.37,B24,4.0,22.0,219.0,54.0,,,54.0,NOT INDICATED
161561,168230.0,1944-07-08,15,AUSTRIA,OIL REFINERY,OIL REFINERIES,48.2,16.37,B24,4.0,24.0,208.0,60.0,,,60.0,NOT INDICATED
161341,168231.0,1944-07-08,15,AUSTRIA,OIL REFINERY,OIL REFINERIES,48.2,16.37,B24,4.0,14.0,224.0,35.0,,,35.0,NOT INDICATED
161545,168232.0,1944-07-08,15,AUSTRIA,OIL REFINERY,OIL REFINERIES,48.2,16.37,B24,4.0,27.0,217.0,68.0,,,68.0,NOT INDICATED
161559,168233.0,1944-07-08,15,AUSTRIA,FANTO OIL REFINERY,OIL REFINERIES,48.12,16.3,B17,4.0,27.0,210.0,81.0,,,81.0,NOT INDICATED
161573,168237.0,1944-07-08,15,AUSTRIA,MARSHALLING YARDS,"""RR INSTALLATIONS,  TRACKS,  MARSHALLING YARDS,  AND STATIONS""",47.72,16.05,B24,2.0,1.0,,3.0,,,3.0,NOT INDICATED
161579,168238.0,1944-07-08,12,AUSTRIA,MARSHALLING YARDS,"""RR INSTALLATIONS,  TRACKS,  MARSHALLING YARDS,  AND STATIONS""",48.2,16.37,B24,4.0,1.0,,1.0,,,1.0,NOT INDICATED
161622,168247.0,1944-07-08,8,FRANCE,BRIDGE,BRIDGES,44.67,5.25,B17,2.0,1.0,,2.0,,,2.0,NOT INDICATED
161623,168248.0,1944-07-08,8,FRANCE,BRIDGE,BRIDGES,44.67,5.25,B17,2.0,,,24.0,,,24.0,NOT INDICATED
161615,168249.0,1944-07-08,8,FRANCE,BRIDGE,BRIDGES,44.67,5.25,B17,2.0,20.0,190.0,24.0,,,24.0,VISUAL
161586,208463.0,1944-07-08,9,FRANCE,BRIDGE,BRIDGES,49.18,-0.37,B26,,,115.0,21.0,,,21.0,VISUAL
161592,208464.0,1944-07-08,9,FRANCE,BRIDGE,BRIDGES,47.22,-1.53,B26,,,95.0,67.0,,,67.0,VISUAL
161594,208466.0,1944-07-08,9,FRANCE,RR BRIDGE,BRIDGES,47.25,-0.08,B26,,,90.0,52.0,,,52.0,VISUAL
161588,208473.0,1944-07-08,9,FRANCE,HARBOR,PORTS AND HARBORS,48.83,-1.58,A20,,,115.0,35.0,,,35.0,VISUAL
161575,208475.0,1944-07-08,15,AUSTRIA,AIRDROME,AIR FIELDS AND AIRDROMES,46.0,16.88,B24,2.0,12.0,,,,29.0,29.0,NOT INDICATED
161556,208476.0,1944-07-08,15,AUSTRIA,AIRDROME,AIR FIELDS AND AIRDROMES,48.22,15.63,B24,4.0,25.0,210.0,61.0,,,61.0,NOT INDICATED
161566,208491.0,1944-07-08,15,GERMANY,AIRDROME,AIR FIELDS AND AIRDROMES,53.65,14.8,B24,4.0,15.0,196.0,,,36.0,36.0,NOT INDICATED
161553,208492.0,1944-07-08,15,GERMANY,AIRDROME,AIR FIELDS AND AIRDROMES,53.65,14.8,B24,4.0,26.0,210.0,,,61.0,61.0,NOT INDICATED
161563,208493.0,1944-07-08,15,GERMANY,AIRDROME,AIR FIELDS AND AIRDROMES,53.65,14.8,B24,4.0,26.0,206.0,,,54.0,54.0,NOT INDICATED
161547,208499.0,1944-07-08,15,AUSTRIA,NEU LENG BACH AD,AIR FIELDS AND AIRDROMES,48.2,15.92,B24,4.0,22.0,212.0,43.0,,,43.0,NOT INDICATED
161550,208500.0,1944-07-08,15,AUSTRIA,NEU LENG BACH AD,AIR FIELDS AND AIRDROMES,48.2,15.92,B24,4.0,24.0,210.0,60.0,,,60.0,NOT INDICATED
161613,208502.0,1944-07-08,8,FRANCE,AIRDROME,AIR FIELDS AND AIRDROMES,49.07,0.78,B17,2.0,13.0,190.0,38.0,,,38.0,VISUAL
161603,208507.0,1944-07-08,8,FRANCE,V WEAPON SITE,V - WEAPON LAUNCHING SITES,46.0,1.38,B24,4.0,10.0,230.0,24.0,,,24.0,VISUAL
161581,208514.0,1944-07-08,9,FRANCE,GUN POSITIONS,GUN EMPLACEMENTS,49.18,-0.37,A20,,,123.0,7.0,,,7.0,VISUAL
161582,208515.0,1944-07-08,9,FRANCE,GUN POSITIONS,GUN EMPLACEMENTS,49.18,-0.37,A20,,,123.0,7.0,,,7.0,VISUAL
161605,208520.0,1944-07-08,8,FRANCE,V WEAPON SITE,V - WEAPON LAUNCHING SITES,46.0,1.38,B24,4.0,10.0,230.0,24.0,,,24.0,VISUAL
161548,208525.0,1944-07-08,15,AUSTRIA,NEU LENG BACH AD,AIR FIELDS AND AIRDROMES,48.2,15.92,B24,4.0,22.0,212.0,43.0,,,43.0,NOT INDICATED
161551,208526.0,1944-07-08,15,AUSTRIA,NEU LENG BACH AD,AIR FIELDS AND AIRDROMES,48.2,15.92,B24,4.0,24.0,210.0,60.0,,,60.0,NOT INDICATED
161557,208527.0,1944-07-08,15,AUSTRIA,AIRDROME,AIR FIELDS AND AIRDROMES,48.22,15.63,B24,4.0,25.0,210.0,61.0,,,61.0,NOT INDICATED
161614,208539.0,1944-07-08,8,FRANCE,AIRDROME,AIR FIELDS AND AIRDROMES,49.07,0.78,B17,2.0,13.0,190.0,38.0,,,38.0,VISUAL
161567,208544.0,1944-07-08,15,GERMANY,AIRDROME,AIR FIELDS AND AIRDROMES,53.65,14.8,B24,4.0,15.0,196.0,,,36.0,36.0,NOT INDICATED
161554,208545.0,1944-07-08,15,GERMANY,AIRDROME,AIR FIELDS AND AIRDROMES,53.65,14.8,B24,4.0,26.0,210.0,,,61.0,61.0,NOT INDICATED
161564,208546.0,1944-07-08,15,GERMANY,AIRDROME,AIR FIELDS AND AIRDROMES,53.65,14.8,B24,4.0,26.0,206.0,,,54.0,54.0,NOT INDICATED
162454,105113.0,1944-07-09,9,FRANCE,NAVAL SUPPLY BASE,SUPPLY DUMPS AND WAREHOUSES,48.12,-1.67,A20,,,116.0,17.0,,,17.0,VISUAL
162452,105120.0,1944-07-09,15,GERMANY,TEGEL TANK PLANT,TANK FACTORIES,52.53,13.42,B17,3.0,11.0,270.0,28.0,,,28.0,F.F.F.
162453,168259.0,1944-07-09,15,GERMANY,TEGEL TANK PLANT,TANK FACTORIES,52.53,13.42,B17,3.0,11.0,270.0,28.0,,,28.0,F.F.F.
162459,168269.0,1944-07-09,9,FRANCE,BRIDGE,BRIDGES,47.43,-0.6,B17,2.0,12.0,,24.0,,,24.0,NOT INDICATED
162455,208565.0,1944-07-09,9,FRANCE,NAVAL SUPPLY BASE,SUPPLY DUMPS AND WAREHOUSES,48.12,-1.67,A20,,,116.0,17.0,,,17.0,VISUAL
162456,208567.0,1944-07-09,9,FRANCE,NAVAL SUPPLY BASE,SUPPLY DUMPS AND WAREHOUSES,48.12,-1.67,A20,,,116.0,17.0,,,17.0,VISUAL
163373,105127.0,1944-07-11,9,FRANCE,UNIDENTIFIED TARGET,UNIDENTIFIED TARGETS,48.75,-0.57,B26,,,125.0,1.0,,,1.0,F.F.F.
163367,105128.0,1944-07-11,9,FRANCE,UNIDENTIFIED TARGET,UNIDENTIFIED TARGETS,48.58,-0.47,B26,,,130.0,1.0,,,1.0,F.F.F.
163379,105129.0,1944-07-11,9,FRANCE,UNIDENTIFIED TARGET,UNIDENTIFIED TARGETS,48.58,-0.47,B26,,,,1.0,,,1.0,F.F.F.
163368,105130.0,1944-07-11,9,FRANCE,UNIDENTIFIED TARGET,UNIDENTIFIED TARGETS,48.58,-0.47,A20,,,130.0,29.0,,,29.0,F.F.F.
163374,105143.0,1944-07-11,9,FRANCE,FUEL DUMP,SUPPLY DUMPS AND WAREHOUSES,48.75,-0.57,B26,,,125.0,60.0,,,60.0,F.F.F.
163371,105145.0,1944-07-11,9,FRANCE,PIN POINT,TACTICAL TARGETS: (UNIDENTIFIED OR NOT LISTED BELOW),48.0,5.33,B26,,,130.0,28.0,,,28.0,F.F.F.
163054,105150.0,1944-07-11,15,GERMANY,CITY AREA,CITIES TOWNS AND URBAN AREAS,48.37,10.88,B24,1.0,1.0,,1.0,,,1.0,NOT INDICATED
163055,105151.0,1944-07-11,15,GERMANY,CITY AREA,CITIES TOWNS AND URBAN AREAS,48.37,10.88,B24,1.0,,,24.0,,,24.0,NOT INDICATED
163056,105152.0,1944-07-11,15,GERMANY,CITY AREA,CITIES TOWNS AND URBAN AREAS,48.37,10.88,B24,1.0,,,25.0,,,25.0,NOT INDICATED
163051,105153.0,1944-07-11,15,GERMANY,CITY AREA,CITIES TOWNS AND URBAN AREAS,48.37,10.88,B24,1.0,30.0,231.0,30.0,,,30.0,F.F.F.
163417,105155.0,1944-07-11,8,GERMANY,CITY AREA,CITIES TOWNS AND URBAN AREAS,48.22,9.02,B24,1.0,7.0,,16.0,,,16.0,NOT INDICATED
163415,168276.0,1944-07-11,9,GERMANY,UNIDENTIFIED TARGET,UNIDENTIFIED TARGETS,48.0,11.33,B17,2.0,1.0,,2.0,,,2.0,NOT INDICATED
163375,168278.0,1944-07-11,9,FRANCE,UNIDENTIFIED TARGET,UNIDENTIFIED TARGETS,48.75,-0.57,B26,,,125.0,1.0,,,1.0,F.F.F.
163369,168279.0,1944-07-11,9,FRANCE,UNIDENTIFIED TARGET,UNIDENTIFIED TARGETS,48.58,-0.47,B26,,,130.0,1.0,,,1.0,F.F.F.
163380,168280.0,1944-07-11,9,FRANCE,UNIDENTIFIED TARGET,UNIDENTIFIED TARGETS,48.58,-0.47,B26,,,,1.0,,,1.0,F.F.F.
163370,168281.0,1944-07-11,9,FRANCE,UNIDENTIFIED TARGET,UNIDENTIFIED TARGETS,48.58,-0.47,A20,,,130.0,29.0,,,29.0,F.F.F.
163057,168287.0,1944-07-11,15,GERMANY,CITY AREA,CITIES TOWNS AND URBAN AREAS,48.37,10.88,B24,1.0,1.0,,1.0,,,1.0,NOT INDICATED
163058,168288.0,1944-07-11,15,GERMANY,CITY AREA,CITIES TOWNS AND URBAN AREAS,48.37,10.88,B24,1.0,,,24.0,,,24.0,NOT INDICATED
163059,168289.0,1944-07-11,15,GERMANY,CITY AREA,CITIES TOWNS AND URBAN AREAS,48.37,10.88,B24,1.0,,,25.0,,,25.0,NOT INDICATED
163052,168290.0,1944-07-11,15,GERMANY,CITY AREA,CITIES TOWNS AND URBAN AREAS,48.37,10.88,B24,1.0,30.0,231.0,30.0,,,30.0,F.F.F.
163418,168291.0,1944-07-11,8,GERMANY,CITY AREA,CITIES TOWNS AND URBAN AREAS,48.22,9.02,B24,1.0,7.0,,16.0,,,16.0,NOT INDICATED
163381,168292.0,1944-07-11,9,GERMANY,CITY AREA,CITIES TOWNS AND URBAN AREAS,48.13,11.58,B24,4.0,2.0,,2.0,,,2.0,NOT INDICATED
163382,168293.0,1944-07-11,9,GERMANY,CITY AREA,CITIES TOWNS AND URBAN AREAS,48.13,11.58,B24,0.0,,,1.0,,,1.0,NOT INDICATED
163383,168294.0,1944-07-11,9,GERMANY,CITY AREA,CITIES TOWNS AND URBAN AREAS,48.13,11.58,B24,0.0,,,2.0,,,2.0,NOT INDICATED
163384,168295.0,1944-07-11,9,GERMANY,CITY AREA,CITIES TOWNS AND URBAN AREAS,48.13,11.58,B24,4.0,8.0,,2.0,,,2.0,NOT INDICATED
163361,168296.0,1944-07-11,9,GERMANY,CITY AREA,CITIES TOWNS AND URBAN AREAS,48.13,11.58,B24,4.0,22.0,227.0,54.0,,,54.0,F.F.F.
163385,168297.0,1944-07-11,9,GERMANY,CITY AREA,CITIES TOWNS AND URBAN AREAS,48.13,11.58,B24,0.0,,,53.0,,,53.0,NOT INDICATED
163135,168298.0,1944-07-11,9,GERMANY,CITY AREA,CITIES TOWNS AND URBAN AREAS,48.13,11.58,B24,4.0,30.0,240.0,1.0,,,1.0,F.F.F.
163386,168299.0,1944-07-11,9,GERMANY,CITY AREA,CITIES TOWNS AND URBAN AREAS,48.13,11.58,B24,0.0,,,3.0,,,3.0,NOT INDICATED
163351,168300.0,1944-07-11,9,GERMANY,CITY AREA,CITIES TOWNS AND URBAN AREAS,48.13,11.58,B24,4.0,19.0,230.0,44.0,,,44.0,F.F.F.
163387,168301.0,1944-07-11,9,GERMANY,CITY AREA,CITIES TOWNS AND URBAN AREAS,48.13,11.58,B24,0.0,,,49.0,,,49.0,NOT INDICATED
163363,168302.0,1944-07-11,9,GERMANY,CITY AREA,CITIES TOWNS AND URBAN AREAS,48.13,11.58,B24,4.0,41.0,225.0,53.0,,,53.0,F.F.F.
163136,168303.0,1944-07-11,9,GERMANY,CITY AREA,CITIES TOWNS AND URBAN AREAS,48.13,11.58,B24,4.0,17.0,240.0,34.0,,,34.0,F.F.F.
163343,168304.0,1944-07-11,9,GERMANY,CITY AREA,CITIES TOWNS AND URBAN AREAS,48.13,11.58,B24,4.0,22.0,235.0,38.0,,,38.0,F.F.F.
163388,168305.0,1944-07-11,9,GERMANY,CITY AREA,CITIES TOWNS AND URBAN AREAS,48.13,11.58,B24,0.0,,,1.0,,,1.0,NOT INDICATED
163389,168306.0,1944-07-11,9,GERMANY,CITY AREA,CITIES TOWNS AND URBAN AREAS,48.13,11.58,B24,4.0,3.0,,2.0,,,2.0,NOT INDICATED
163347,168307.0,1944-07-11,9,GERMANY,CITY AREA,CITIES TOWNS AND URBAN AREAS,48.13,11.58,B24,4.0,22.0,234.0,55.0,,,55.0,F.F.F.
163352,168308.0,1944-07-11,9,GERMANY,CITY AREA,CITIES TOWNS AND URBAN AREAS,48.13,11.58,B24,4.0,33.0,230.0,74.0,,,74.0,F.F.F.
163365,168309.0,1944-07-11,9,GERMANY,CITY AREA,CITIES TOWNS AND URBAN AREAS,48.13,11.58,B24,4.0,36.0,215.0,76.0,,,76.0,F.F.F.
163065,168310.0,1944-07-11,9,GERMANY,CITY AREA,CITIES TOWNS AND URBAN AREAS,48.13,11.58,B17,4.0,16.0,280.0,,20.0,,20.0,F.F.F.
163089,168311.0,1944-07-11,9,GERMANY,CITY AREA,CITIES TOWNS AND URBAN AREAS,48.13,11.58,B17,4.0,16.0,260.0,36.0,,,36.0,F.F.F.
163131,168312.0,1944-07-11,9,GERMANY,CITY AREA,CITIES TOWNS AND URBAN AREAS,48.13,11.58,B17,4.0,18.0,243.0,40.0,,,40.0,F.F.F.
163390,168313.0,1944-07-11,9,GERMANY,CITY AREA,CITIES TOWNS AND URBAN AREAS,48.13,11.58,B17,0.0,,,3.0,,,3.0,NOT INDICATED
163127,168314.0,1944-07-11,9,GERMANY,CITY AREA,CITIES TOWNS AND URBAN AREAS,48.13,11.58,B17,4.0,19.0,248.0,38.0,,,38.0,F.F.F.
163115,168315.0,1944-07-11,9,GERMANY,CITY AREA,CITIES TOWNS AND URBAN AREAS,48.13,11.58,B17,4.0,13.0,251.0,33.0,,,33.0,F.F.F.
163085,168316.0,1944-07-11,9,GERMANY,CITY AREA,CITIES TOWNS AND URBAN AREAS,48.13,11.58,B17,4.0,18.0,261.0,42.0,,,42.0,F.F.F.
163083,168317.0,1944-07-11,9,GERMANY,CITY AREA,CITIES TOWNS AND URBAN AREAS,48.13,11.58,B17,4.0,18.0,263.0,45.0,,,45.0,F.F.F.
163073,168318.0,1944-07-11,9,GERMANY,CITY AREA,CITIES TOWNS AND URBAN AREAS,48.13,11.58,B17,4.0,18.0,270.0,40.0,,,40.0,F.F.F.
163391,168319.0,1944-07-11,9,GERMANY,CITY AREA,CITIES TOWNS AND URBAN AREAS,48.13,11.58,B17,0.0,,,2.0,,,2.0,NOT INDICATED
163111,168320.0,1944-07-11,9,GERMANY,CITY AREA,CITIES TOWNS AND URBAN AREAS,48.13,11.58,B17,4.0,17.0,253.0,37.0,,,37.0,F.F.F.
163392,168321.0,1944-07-11,9,GERMANY,CITY AREA,CITIES TOWNS AND URBAN AREAS,48.13,11.58,B17,4.0,2.0,,,3.0,,3.0,NOT INDICATED
163393,168322.0,1944-07-11,9,GERMANY,CITY AREA,CITIES TOWNS AND URBAN AREAS,48.13,11.58,B17,4.0,2.0,,4.0,,,4.0,NOT INDICATED
163090,168323.0,1944-07-11,9,GERMANY,CITY AREA,CITIES TOWNS AND URBAN AREAS,48.13,11.58,B17,4.0,20.0,260.0,45.0,,,45.0,F.F.F.
163125,168324.0,1944-07-11,9,GERMANY,CITY AREA,CITIES TOWNS AND URBAN AREAS,48.13,11.58,B17,4.0,18.0,249.0,40.0,,,40.0,F.F.F.
163109,168325.0,1944-07-11,9,GERMANY,CITY AREA,CITIES TOWNS AND URBAN AREAS,48.13,11.58,B17,4.0,17.0,254.0,38.0,,,38.0,F.F.F.
163103,168326.0,1944-07-11,9,GERMANY,CITY AREA,CITIES TOWNS AND URBAN AREAS,48.13,11.58,B17,4.0,18.0,257.0,36.0,,,36.0,F.F.F.
163091,168327.0,1944-07-11,9,GERMANY,CITY AREA,CITIES TOWNS AND URBAN AREAS,48.13,11.58,B17,4.0,18.0,260.0,40.0,,,40.0,F.F.F.
163129,168328.0,1944-07-11,9,GERMANY,CITY AREA,CITIES TOWNS AND URBAN AREAS,48.13,11.58,B17,4.0,17.0,245.0,38.0,,,38.0,F.F.F.
163069,168329.0,1944-07-11,9,GERMANY,CITY AREA,CITIES TOWNS AND URBAN AREAS,48.13,11.58,B17,4.0,18.0,277.0,41.0,,,41.0,F.F.F.
163074,168330.0,1944-07-11,9,GERMANY,CITY AREA,CITIES TOWNS AND URBAN AREAS,48.13,11.58,B17,4.0,17.0,270.0,,23.0,,23.0,F.F.F.
163067,168331.0,1944-07-11,9,GERMANY,CITY AREA,CITIES TOWNS AND URBAN AREAS,48.13,11.58,B17,4.0,18.0,278.0,,24.0,,24.0,F.F.F.
163071,168332.0,1944-07-11,9,GERMANY,CITY AREA,CITIES TOWNS AND URBAN AREAS,48.13,11.58,B17,4.0,16.0,273.0,,22.0,,22.0,F.F.F.
163092,168333.0,1944-07-11,9,GERMANY,CITY AREA,CITIES TOWNS AND URBAN AREAS,48.13,11.58,B17,4.0,18.0,260.0,,25.0,,25.0,F.F.F.
163116,168334.0,1944-07-11,9,GERMANY,CITY AREA,CITIES TOWNS AND URBAN AREAS,48.13,11.58,B17,4.0,15.0,251.0,38.0,,,38.0,F.F.F.
163107,168335.0,1944-07-11,9,GERMANY,CITY AREA,CITIES TOWNS AND URBAN AREAS,48.13,11.58,B17,4.0,17.0,255.0,,25.0,,25.0,F.F.F.
163093,168336.0,1944-07-11,9,GERMANY,CITY AREA,CITIES TOWNS AND URBAN AREAS,48.13,11.58,B17,4.0,13.0,260.0,33.0,,,33.0,F.F.F.
163132,168337.0,1944-07-11,9,GERMANY,CITY AREA,CITIES TOWNS AND URBAN AREAS,48.13,11.58,B17,4.0,15.0,243.0,,21.0,,21.0,F.F.F.
163063,168338.0,1944-07-11,9,GERMANY,CITY AREA,CITIES TOWNS AND URBAN AREAS,48.13,11.58,B17,4.0,19.0,282.0,,25.0,,25.0,F.F.F.
163079,168339.0,1944-07-11,9,GERMANY,CITY AREA,CITIES TOWNS AND URBAN AREAS,48.13,11.58,B17,4.0,18.0,268.0,40.0,,,40.0,F.F.F.
163104,168340.0,1944-07-11,9,GERMANY,CITY AREA,CITIES TOWNS AND URBAN AREAS,48.13,11.58,B17,4.0,16.0,257.0,35.0,,,35.0,F.F.F.
163081,168341.0,1944-07-11,9,GERMANY,CITY AREA,CITIES TOWNS AND URBAN AREAS,48.13,11.58,B17,4.0,15.0,265.0,38.0,,,38.0,F.F.F.
163094,168342.0,1944-07-11,9,GERMANY,CITY AREA,CITIES TOWNS AND URBAN AREAS,48.13,11.58,B17,4.0,18.0,260.0,,25.0,,25.0,F.F.F.
163086,168343.0,1944-07-11,9,GERMANY,CITY AREA,CITIES TOWNS AND URBAN AREAS,48.13,11.58,B17,4.0,5.0,261.0,13.0,,,13.0,F.F.F.
163117,168344.0,1944-07-11,9,GERMANY,CITY AREA,CITIES TOWNS AND URBAN AREAS,48.13,11.58,B17,4.0,18.0,251.0,,25.0,,25.0,F.F.F.
163075,168345.0,1944-07-11,9,GERMANY,CITY AREA,CITIES TOWNS AND URBAN AREAS,48.13,11.58,B17,4.0,16.0,270.0,36.0,,,36.0,F.F.F.
163095,168346.0,1944-07-11,9,GERMANY,CITY AREA,CITIES TOWNS AND URBAN AREAS,48.13,11.58,B17,4.0,18.0,260.0,41.0,,,41.0,F.F.F.
163394,168347.0,1944-07-11,9,GERMANY,CITY AREA,CITIES TOWNS AND URBAN AREAS,48.13,11.58,B24,3.0,5.0,,5.0,,,5.0,NOT INDICATED
163353,168348.0,1944-07-11,9,GERMANY,CITY AREA,CITIES TOWNS AND URBAN AREAS,48.13,11.58,B24,3.0,18.0,230.0,54.0,,,54.0,F.F.F.
163354,168349.0,1944-07-11,9,GERMANY,CITY AREA,CITIES TOWNS AND URBAN AREAS,48.13,11.58,B24,3.0,19.0,230.0,57.0,,,57.0,F.F.F.
163355,168350.0,1944-07-11,9,GERMANY,CITY AREA,CITIES TOWNS AND URBAN AREAS,48.13,11.58,B24,3.0,27.0,230.0,77.0,,,77.0,F.F.F.
163344,168351.0,1944-07-11,9,GERMANY,CITY AREA,CITIES TOWNS AND URBAN AREAS,48.13,11.58,B24,3.0,20.0,235.0,53.0,,,53.0,F.F.F.
163113,168352.0,1944-07-11,9,GERMANY,CITY AREA,CITIES TOWNS AND URBAN AREAS,48.13,11.58,B17,3.0,19.0,252.0,49.0,,,49.0,F.F.F.
163349,168353.0,1944-07-11,9,GERMANY,CITY AREA,CITIES TOWNS AND URBAN AREAS,48.13,11.58,B17,3.0,18.0,231.0,3.0,24.0,,27.0,F.F.F.
163139,168354.0,1944-07-11,9,GERMANY,CITY AREA,CITIES TOWNS AND URBAN AREAS,48.13,11.58,B17,3.0,17.0,240.0,43.0,,,43.0,F.F.F.
163118,168355.0,1944-07-11,9,GERMANY,CITY AREA,CITIES TOWNS AND URBAN AREAS,48.13,11.58,B17,3.0,16.0,251.0,39.0,,,39.0,F.F.F.
163403,168356.0,1944-07-11,9,GERMANY,CITY AREA,CITIES TOWNS AND URBAN AREAS,48.13,11.58,B17,2.0,2.0,,3.0,,,3.0,NOT INDICATED
163404,168357.0,1944-07-11,9,GERMANY,CITY AREA,CITIES TOWNS AND URBAN AREAS,48.13,11.58,B17,2.0,,,33.0,,,33.0,NOT INDICATED
163123,168358.0,1944-07-11,9,GERMANY,CITY AREA,CITIES TOWNS AND URBAN AREAS,48.13,11.58,B17,2.0,16.0,250.0,8.0,,,8.0,F.F.F.
163140,168359.0,1944-07-11,9,GERMANY,CITY AREA,CITIES TOWNS AND URBAN AREAS,48.13,11.58,B17,2.0,18.0,240.0,,25.0,,25.0,F.F.F.
163405,168360.0,1944-07-11,9,GERMANY,CITY AREA,CITIES TOWNS AND URBAN AREAS,48.13,11.58,B17,2.0,1.0,,2.0,,,2.0,NOT INDICATED
163060,168365.0,1944-07-11,15,GERMANY,CITY AREA,CITIES TOWNS AND URBAN AREAS,48.37,10.88,B24,1.0,1.0,,1.0,,,1.0,NOT INDICATED
163061,168366.0,1944-07-11,15,GERMANY,CITY AREA,CITIES TOWNS AND URBAN AREAS,48.37,10.88,B24,0.0,,,24.0,,,24.0,NOT INDICATED
163062,168367.0,1944-07-11,15,GERMANY,CITY AREA,CITIES TOWNS AND URBAN AREAS,48.37,10.88,B24,0.0,,,25.0,,,25.0,NOT INDICATED
163053,168368.0,1944-07-11,15,GERMANY,CITY AREA,CITIES TOWNS AND URBAN AREAS,48.37,10.88,B24,1.0,30.0,231.0,30.0,,,30.0,F.F.F.
163419,168369.0,1944-07-11,8,GERMANY,CITY AREA,CITIES TOWNS AND URBAN AREAS,48.22,9.02,B24,1.0,7.0,,16.0,,,16.0,NOT INDICATED
163395,168370.0,1944-07-11,9,GERMANY,CITY AREA,CITIES TOWNS AND URBAN AREAS,48.13,11.58,B24,4.0,2.0,,2.0,,,2.0,NOT INDICATED
163396,168371.0,1944-07-11,9,GERMANY,CITY AREA,CITIES TOWNS AND URBAN AREAS,48.13,11.58,B24,0.0,,,1.0,,,1.0,NOT INDICATED
163397,168372.0,1944-07-11,9,GERMANY,CITY AREA,CITIES TOWNS AND URBAN AREAS,48.13,11.58,B24,0.0,,,2.0,,,2.0,NOT INDICATED
163398,168373.0,1944-07-11,9,GERMANY,CITY AREA,CITIES TOWNS AND URBAN AREAS,48.13,11.58,B24,4.0,8.0,,2.0,,,2.0,NOT INDICATED
163362,168374.0,1944-07-11,9,GERMANY,CITY AREA,CITIES TOWNS AND URBAN AREAS,48.13,11.58,B24,4.0,22.0,227.0,54.0,,,54.0,F.F.F.
163399,168375.0,1944-07-11,9,GERMANY,CITY AREA,CITIES TOWNS AND URBAN AREAS,48.13,11.58,B24,0.0,,,53.0,,,53.0,NOT INDICATED
163137,168376.0,1944-07-11,9,GERMANY,CITY AREA,CITIES TOWNS AND URBAN AREAS,48.13,11.58,B24,4.0,30.0,240.0,1.0,,,1.0,F.F.F.
163400,168377.0,1944-07-11,9,GERMANY,CITY AREA,CITIES TOWNS AND URBAN AREAS,48.13,11.58,B24,0.0,,,3.0,,,3.0,NOT INDICATED
163356,168378.0,1944-07-11,9,GERMANY,CITY AREA,CITIES TOWNS AND URBAN AREAS,48.13,11.58,B24,4.0,19.0,230.0,44.0,,,44.0,F.F.F.
163401,168379.0,1944-07-11,9,GERMANY,CITY AREA,CITIES TOWNS AND URBAN AREAS,48.13,11.58,B24,0.0,,,49.0,,,49.0,NOT INDICATED
163364,168380.0,1944-07-11,9,GERMANY,CITY AREA,CITIES TOWNS AND URBAN AREAS,48.13,11.58,B24,4.0,41.0,225.0,53.0,,,53.0,F.F.F.
163138,168381.0,1944-07-11,9,GERMANY,CITY AREA,CITIES TOWNS AND URBAN AREAS,48.13,11.58,B24,4.0,17.0,240.0,34.0,,,34.0,F.F.F.
163345,168382.0,1944-07-11,9,GERMANY,CITY AREA,CITIES TOWNS AND URBAN AREAS,48.13,11.58,B24,4.0,22.0,235.0,38.0,,,38.0,F.F.F.
163402,168383.0,1944-07-11,9,GERMANY,CITY AREA,CITIES TOWNS AND URBAN AREAS,48.13,11.58,B24,0.0,,,1.0,,,1.0,NOT INDICATED
163410,168384.0,1944-07-11,9,GERMANY,CITY AREA,CITIES TOWNS AND URBAN AREAS,48.13,11.58,B24,4.0,3.0,,2.0,,,2.0,NOT INDICATED
163348,168385.0,1944-07-11,9,GERMANY,CITY AREA,CITIES TOWNS AND URBAN AREAS,48.13,11.58,B24,4.0,22.0,234.0,55.0,,,55.0,F.F.F.
163357,168386.0,1944-07-11,9,GERMANY,CITY AREA,CITIES TOWNS AND URBAN AREAS,48.13,11.58,B24,4.0,33.0,230.0,74.0,,,74.0,F.F.F.
163366,168387.0,1944-07-11,9,GERMANY,CITY AREA,CITIES TOWNS AND URBAN AREAS,48.13,11.58,B24,4.0,36.0,215.0,76.0,,,76.0,F.F.F.
163066,168388.0,1944-07-11,9,GERMANY,CITY AREA,CITIES TOWNS AND URBAN AREAS,48.13,11.58,B17,4.0,16.0,280.0,,20.0,,20.0,F.F.F.
163096,168389.0,1944-07-11,9,GERMANY,CITY AREA,CITIES TOWNS AND URBAN AREAS,48.13,11.58,B17,4.0,16.0,260.0,36.0,,,36.0,F.F.F.
163133,168390.0,1944-07-11,9,GERMANY,CITY AREA,CITIES TOWNS AND URBAN AREAS,48.13,11.58,B17,4.0,18.0,243.0,40.0,,,40.0,F.F.F.
163406,168391.0,1944-07-11,9,GERMANY,CITY AREA,CITIES TOWNS AND URBAN AREAS,48.13,11.58,B17,0.0,,,3.0,,,3.0,NOT INDICATED
163128,168392.0,1944-07-11,9,GERMANY,CITY AREA,CITIES TOWNS AND URBAN AREAS,48.13,11.58,B17,4.0,19.0,248.0,38.0,,,38.0,F.F.F.
163119,168393.0,1944-07-11,9,GERMANY,CITY AREA,CITIES TOWNS AND URBAN AREAS,48.13,11.58,B17,4.0,13.0,251.0,33.0,,,33.0,F.F.F.
163087,168394.0,1944-07-11,9,GERMANY,CITY AREA,CITIES TOWNS AND URBAN AREAS,48.13,11.58,B17,4.0,18.0,261.0,42.0,,,42.0,F.F.F.
163084,168395.0,1944-07-11,9,GERMANY,CITY AREA,CITIES TOWNS AND URBAN AREAS,48.13,11.58,B17,4.0,18.0,263.0,45.0,,,45.0,F.F.F.
163076,168396.0,1944-07-11,9,GERMANY,CITY AREA,CITIES TOWNS AND URBAN AREAS,48.13,11.58,B17,4.0,18.0,270.0,40.0,,,40.0,F.F.F.
163407,168397.0,1944-07-11,9,GERMANY,CITY AREA,CITIES TOWNS AND URBAN AREAS,48.13,11.58,B17,0.0,,,2.0,,,2.0,NOT INDICATED
163112,168398.0,1944-07-11,9,GERMANY,CITY AREA,CITIES TOWNS AND URBAN AREAS,48.13,11.58,B17,4.0,17.0,253.0,37.0,,,37.0,F.F.F.
163408,168399.0,1944-07-11,9,GERMANY,CITY AREA,CITIES TOWNS AND URBAN AREAS,48.13,11.58,B17,4.0,2.0,,,3.0,,3.0,NOT INDICATED
163409,168400.0,1944-07-11,9,GERMANY,CITY AREA,CITIES TOWNS AND URBAN AREAS,48.13,11.58,B17,4.0,2.0,,4.0,,,4.0,NOT INDICATED
163097,168401.0,1944-07-11,9,GERMANY,CITY AREA,CITIES TOWNS AND URBAN AREAS,48.13,11.58,B17,4.0,20.0,260.0,45.0,,,45.0,F.F.F.
163126,168402.0,1944-07-11,9,GERMANY,CITY AREA,CITIES TOWNS AND URBAN AREAS,48.13,11.58,B17,4.0,18.0,249.0,40.0,,,40.0,F.F.F.
163110,168403.0,1944-07-11,9,GERMANY,CITY AREA,CITIES TOWNS AND URBAN AREAS,48.13,11.58,B17,4.0,17.0,254.0,38.0,,,38.0,F.F.F.
163105,168404.0,1944-07-11,9,GERMANY,CITY AREA,CITIES TOWNS AND URBAN AREAS,48.13,11.58,B17,4.0,18.0,257.0,36.0,,,36.0,F.F.F.
163098,168405.0,1944-07-11,9,GERMANY,CITY AREA,CITIES TOWNS AND URBAN AREAS,48.13,11.58,B17,4.0,18.0,260.0,40.0,,,40.0,F.F.F.
163130,168406.0,1944-07-11,9,GERMANY,CITY AREA,CITIES TOWNS AND URBAN AREAS,48.13,11.58,B17,4.0,17.0,245.0,38.0,,,38.0,F.F.F.
163070,168407.0,1944-07-11,9,GERMANY,CITY AREA,CITIES TOWNS AND URBAN AREAS,48.13,11.58,B17,4.0,18.0,277.0,41.0,,,41.0,F.F.F.
163077,168408.0,1944-07-11,9,GERMANY,CITY AREA,CITIES TOWNS AND URBAN AREAS,48.13,11.58,B17,4.0,17.0,270.0,,23.0,,23.0,F.F.F.
163068,168409.0,1944-07-11,9,GERMANY,CITY AREA,CITIES TOWNS AND URBAN AREAS,48.13,11.58,B17,4.0,18.0,278.0,,24.0,,24.0,F.F.F.
163072,168410.0,1944-07-11,9,GERMANY,CITY AREA,CITIES TOWNS AND URBAN AREAS,48.13,11.58,B17,4.0,16.0,273.0,,22.0,,22.0,F.F.F.
163099,168411.0,1944-07-11,9,GERMANY,CITY AREA,CITIES TOWNS AND URBAN AREAS,48.13,11.58,B17,4.0,18.0,260.0,,25.0,,25.0,F.F.F.
163120,168412.0,1944-07-11,9,GERMANY,CITY AREA,CITIES TOWNS AND URBAN AREAS,48.13,11.58,B17,4.0,15.0,251.0,38.0,,,38.0,F.F.F.
163108,168413.0,1944-07-11,9,GERMANY,CITY AREA,CITIES TOWNS AND URBAN AREAS,48.13,11.58,B17,4.0,17.0,255.0,,25.0,,25.0,F.F.F.
163100,168414.0,1944-07-11,9,GERMANY,CITY AREA,CITIES TOWNS AND URBAN AREAS,48.13,11.58,B17,4.0,13.0,260.0,33.0,,,33.0,F.F.F.
163134,168415.0,1944-07-11,9,GERMANY,CITY AREA,CITIES TOWNS AND URBAN AREAS,48.13,11.58,B17,4.0,15.0,243.0,,21.0,,21.0,F.F.F.
163064,168416.0,1944-07-11,9,GERMANY,CITY AREA,CITIES TOWNS AND URBAN AREAS,48.13,11.58,B17,4.0,19.0,282.0,,25.0,,25.0,F.F.F.
163080,168417.0,1944-07-11,9,GERMANY,CITY AREA,CITIES TOWNS AND URBAN AREAS,48.13,11.58,B17,4.0,18.0,268.0,40.0,,,40.0,F.F.F.
163106,168418.0,1944-07-11,9,GERMANY,CITY AREA,CITIES TOWNS AND URBAN AREAS,48.13,11.58,B17,4.0,16.0,257.0,35.0,,,35.0,F.F.F.
163082,168419.0,1944-07-11,9,GERMANY,CITY AREA,CITIES TOWNS AND URBAN AREAS,48.13,11.58,B17,4.0,15.0,265.0,38.0,,,38.0,F.F.F.
163101,168420.0,1944-07-11,9,GERMANY,CITY AREA,CITIES TOWNS AND URBAN AREAS,48.13,11.58,B17,4.0,18.0,260.0,,25.0,,25.0,F.F.F.
163088,168421.0,1944-07-11,9,GERMANY,CITY AREA,CITIES TOWNS AND URBAN AREAS,48.13,11.58,B17,4.0,5.0,261.0,13.0,,,13.0,F.F.F.
163121,168422.0,1944-07-11,9,GERMANY,CITY AREA,CITIES TOWNS AND URBAN AREAS,48.13,11.58,B17,4.0,18.0,251.0,,25.0,,25.0,F.F.F.
163078,168423.0,1944-07-11,9,GERMANY,CITY AREA,CITIES TOWNS AND URBAN AREAS,48.13,11.58,B17,4.0,16.0,270.0,36.0,,,36.0,F.F.F.
163102,168424.0,1944-07-11,9,GERMANY,CITY AREA,CITIES TOWNS AND URBAN AREAS,48.13,11.58,B17,4.0,18.0,260.0,41.0,,,41.0,F.F.F.
163411,168425.0,1944-07-11,9,GERMANY,CITY AREA,CITIES TOWNS AND URBAN AREAS,48.13,11.58,B24,3.0,5.0,,5.0,,,5.0,NOT INDICATED
163358,168426.0,1944-07-11,9,GERMANY,CITY AREA,CITIES TOWNS AND URBAN AREAS,48.13,11.58,B24,3.0,18.0,230.0,54.0,,,54.0,F.F.F.
163359,168427.0,1944-07-11,9,GERMANY,CITY AREA,CITIES TOWNS AND URBAN AREAS,48.13,11.58,B24,3.0,19.0,230.0,57.0,,,57.0,F.F.F.
163360,168428.0,1944-07-11,9,GERMANY,CITY AREA,CITIES TOWNS AND URBAN AREAS,48.13,11.58,B24,3.0,27.0,230.0,77.0,,,77.0,F.F.F.
163346,168429.0,1944-07-11,9,GERMANY,CITY AREA,CITIES TOWNS AND URBAN AREAS,48.13,11.58,B24,3.0,20.0,235.0,53.0,,,53.0,F.F.F.
163114,168430.0,1944-07-11,9,GERMANY,CITY AREA,CITIES TOWNS AND URBAN AREAS,48.13,11.58,B17,3.0,19.0,252.0,49.0,,,49.0,F.F.F.
163350,168431.0,1944-07-11,9,GERMANY,CITY AREA,CITIES TOWNS AND URBAN AREAS,48.13,11.58,B17,3.0,18.0,231.0,3.0,24.0,,27.0,F.F.F.
163141,168432.0,1944-07-11,9,GERMANY,CITY AREA,CITIES TOWNS AND URBAN AREAS,48.13,11.58,B17,3.0,17.0,240.0,43.0,,,43.0,F.F.F.
163122,168433.0,1944-07-11,9,GERMANY,CITY AREA,CITIES TOWNS AND URBAN AREAS,48.13,11.58,B17,3.0,16.0,251.0,39.0,,,39.0,F.F.F.
163412,168434.0,1944-07-11,9,GERMANY,CITY AREA,CITIES TOWNS AND URBAN AREAS,48.13,11.58,B17,2.0,2.0,,3.0,,,3.0,NOT INDICATED
163413,168435.0,1944-07-11,9,GERMANY,CITY AREA,CITIES TOWNS AND URBAN AREAS,48.13,11.58,B17,4.0,,,33.0,,,33.0,NOT INDICATED
163124,168436.0,1944-07-11,9,GERMANY,CITY AREA,CITIES TOWNS AND URBAN AREAS,48.13,11.58,B17,2.0,16.0,250.0,8.0,,,8.0,F.F.F.
163142,168437.0,1944-07-11,9,GERMANY,CITY AREA,CITIES TOWNS AND URBAN AREAS,48.13,11.58,B17,2.0,18.0,240.0,,25.0,,25.0,F.F.F.
163414,168438.0,1944-07-11,9,GERMANY,CITY AREA,CITIES TOWNS AND URBAN AREAS,48.13,11.58,B17,2.0,1.0,,2.0,,,2.0,NOT INDICATED
163416,168440.0,1944-07-11,9,GERMANY,UNIDENTIFIED TARGET,UNIDENTIFIED TARGETS,48.0,11.33,B17,2.0,1.0,,2.0,,,2.0,NOT INDICATED
163378,208598.0,1944-07-11,9,FRANCE,PIN POINT,TACTICAL TARGETS: (UNIDENTIFIED OR NOT LISTED BELOW),48.0,5.33,B26,,,13.0,28.0,,,28.0,F.F.F.
163376,208600.0,1944-07-11,9,FRANCE,FUEL DUMP,SUPPLY DUMPS AND WAREHOUSES,48.75,-0.57,B26,,,125.0,60.0,,,60.0,F.F.F.
163377,208602.0,1944-07-11,9,FRANCE,FUEL DUMP,SUPPLY DUMPS AND WAREHOUSES,48.75,-0.57,B26,,,125.0,60.0,,,60.0,F.F.F.
163372,208604.0,1944-07-11,9,FRANCE,PIN POINT,TACTICAL TARGETS: (UNIDENTIFIED OR NOT LISTED BELOW),48.0,5.33,B26,,,130.0,28.0,,,28.0,F.F.F.
164281,105167.0,1944-07-12,9,FRANCE,BRIDGE,BRIDGES,47.22,-1.53,B26,,,110.0,47.0,,,47.0,VISUAL
164283,105169.0,1944-07-12,9,FRANCE,RR BRIDGE,BRIDGES,47.25,-0.08,B26,,,110.0,62.0,,,62.0,VISUAL
164265,105183.0,1944-07-12,9,FRANCE,FUEL DUMP,SUPPLY DUMPS AND WAREHOUSES,48.58,-0.47,A20,,,121.0,18.0,,,18.0,NOT INDICATED
164266,105184.0,1944-07-12,9,FRANCE,FUEL DUMP,SUPPLY DUMPS AND WAREHOUSES,48.58,-0.47,B26,,,121.0,2.0,,,2.0,F.F.F.
164262,105185.0,1944-07-12,9,FRANCE,FUEL DUMP,SUPPLY DUMPS AND WAREHOUSES,48.58,-0.47,B26,,,128.0,2.0,,,2.0,F.F.F.
164275,105189.0,1944-07-12,9,FRANCE,TROOP CONTRATION,TROOP CONCENTRATIONS,49.03,-0.42,B26,,,113.0,1.0,,,1.0,F.F.F.
164271,105190.0,1944-07-12,9,FRANCE,TROOP CONTRATION,TROOP CONCENTRATIONS,49.03,-0.42,B26,,,120.0,2.0,,,2.0,F.F.F.
164272,105191.0,1944-07-12,9,FRANCE,TROOP CONTRATION,TROOP CONCENTRATIONS,49.03,-0.42,B26,,,120.0,,,58.0,58.0,NOT INDICATED
164276,105192.0,1944-07-12,9,FRANCE,TROOP CONTRATION,TROOP CONCENTRATIONS,49.03,-0.42,B26,,,113.0,30.0,,,30.0,NOT INDICATED
163954,105195.0,1944-07-12,15,FRANCE,CITY AREA,CITIES TOWNS AND URBAN AREAS,43.68,-4.43,B24,2.0,1.0,,4.0,,,4.0,NOT INDICATED
163957,105196.0,1944-07-12,15,FRANCE,CITY AREA,CITIES TOWNS AND URBAN AREAS,43.33,4.33,B24,2.0,1.0,,3.0,,,3.0,NOT INDICATED
163960,105197.0,1944-07-12,15,FRANCE,CITY AREA,CITIES TOWNS AND URBAN AREAS,43.33,4.67,B24,2.0,1.0,,3.0,,,3.0,NOT INDICATED
164321,105199.0,1944-07-12,8,GERMANY,UNIDENTIFIED TARGET,UNIDENTIFIED TARGETS,48.22,11.37,B17,2.0,12.0,260.0,12.0,18.0,,30.0,F.F.F.
164322,168445.0,1944-07-12,8,GERMANY,UNIDENTIFIED TARGET,UNIDENTIFIED TARGETS,48.22,11.37,B17,2.0,12.0,260.0,12.0,18.0,,30.0,F.F.F.
163955,168452.0,1944-07-12,15,FRANCE,CITY AREA,CITIES TOWNS AND URBAN AREAS,43.68,-4.43,B24,2.0,1.0,,4.0,,,4.0,NOT INDICATED
163958,168453.0,1944-07-12,15,FRANCE,CITY AREA,CITIES TOWNS AND URBAN AREAS,43.33,4.33,B24,2.0,1.0,,3.0,,,3.0,NOT INDICATED
163961,168454.0,1944-07-12,15,FRANCE,CITY AREA,CITIES TOWNS AND URBAN AREAS,43.33,4.67,B24,2.0,1.0,,3.0,,,3.0,NOT INDICATED
164285,168455.0,1944-07-12,9,GERMANY,CITY AREA,CITIES TOWNS AND URBAN AREAS,48.13,11.58,B17,,17.0,24.0,17.0,26.0,,43.0,F.F.F.
164009,168456.0,1944-07-12,9,GERMANY,CITY AREA,CITIES TOWNS AND URBAN AREAS,48.13,11.58,B17,,20.0,240.0,20.0,30.0,,50.0,F.F.F.
164289,168457.0,1944-07-12,9,GERMANY,CITY AREA,CITIES TOWNS AND URBAN AREAS,48.13,11.58,B24,4.0,7.0,,4.0,,,4.0,NOT INDICATED
164032,168458.0,1944-07-12,9,GERMANY,CITY AREA,CITIES TOWNS AND URBAN AREAS,48.13,11.58,B24,4.0,313.0,230.0,46.0,26.0,,72.0,F.F.F.
164024,168459.0,1944-07-12,9,GERMANY,CITY AREA,CITIES TOWNS AND URBAN AREAS,48.13,11.58,B24,4.0,31.0,233.0,47.0,31.0,,78.0,F.F.F.
164033,168460.0,1944-07-12,9,GERMANY,CITY AREA,CITIES TOWNS AND URBAN AREAS,48.13,11.58,B24,4.0,43.0,230.0,60.0,42.0,,102.0,F.F.F.
164290,168461.0,1944-07-12,9,GERMANY,CITY AREA,CITIES TOWNS AND URBAN AREAS,48.13,11.58,B24,4.0,1.0,,2.0,1.0,,3.0,NOT INDICATED
164034,168462.0,1944-07-12,9,GERMANY,CITY AREA,CITIES TOWNS AND URBAN AREAS,48.13,11.58,B24,4.0,31.0,230.0,47.0,31.0,,78.0,F.F.F.
164250,168463.0,1944-07-12,9,GERMANY,CITY AREA,CITIES TOWNS AND URBAN AREAS,48.13,11.58,B24,4.0,41.0,228.0,62.0,41.0,,103.0,F.F.F.
164260,168464.0,1944-07-12,9,GERMANY,CITY AREA,CITIES TOWNS AND URBAN AREAS,48.13,11.58,B24,4.0,30.0,223.0,45.0,30.0,,75.0,F.F.F.
164291,168465.0,1944-07-12,9,GERMANY,CITY AREA,CITIES TOWNS AND URBAN AREAS,48.13,11.58,B24,4.0,7.0,,,7.0,,7.0,NOT INDICATED
164028,168466.0,1944-07-12,9,GERMANY,CITY AREA,CITIES TOWNS AND URBAN AREAS,48.13,11.58,B24,4.0,31.0,232.0,47.0,31.0,,78.0,F.F.F.
164258,168467.0,1944-07-12,9,GERMANY,CITY AREA,CITIES TOWNS AND URBAN AREAS,48.13,11.58,B24,4.0,30.0,225.0,45.0,30.0,,75.0,F.F.F.
164292,168468.0,1944-07-12,9,GERMANY,CITY AREA,CITIES TOWNS AND URBAN AREAS,48.13,11.58,B24,4.0,2.0,,3.0,2.0,,5.0,NOT INDICATED
164035,168469.0,1944-07-12,9,GERMANY,CITY AREA,CITIES TOWNS AND URBAN AREAS,48.13,11.58,B24,4.0,19.0,230.0,29.0,19.0,,48.0,F.F.F.
164293,168470.0,1944-07-12,9,GERMANY,CITY AREA,CITIES TOWNS AND URBAN AREAS,48.13,11.58,B24,4.0,3.0,,3.0,,,3.0,NOT INDICATED
164036,168471.0,1944-07-12,9,GERMANY,CITY AREA,CITIES TOWNS AND URBAN AREAS,48.13,11.58,B24,4.0,23.0,230.0,35.0,23.0,,58.0,F.F.F.
164037,168472.0,1944-07-12,9,GERMANY,CITY AREA,CITIES TOWNS AND URBAN AREAS,48.13,11.58,B24,4.0,34.0,230.0,51.0,34.0,,85.0,F.F.F.
164294,168473.0,1944-07-12,9,GERMANY,CITY AREA,CITIES TOWNS AND URBAN AREAS,48.13,11.58,B24,0.0,,,,,,,NOT INDICATED
164038,168474.0,1944-07-12,9,GERMANY,CITY AREA,CITIES TOWNS AND URBAN AREAS,48.13,11.58,B24,4.0,40.0,230.0,60.0,36.0,,96.0,F.F.F.
164295,168475.0,1944-07-12,9,GERMANY,CITY AREA,CITIES TOWNS AND URBAN AREAS,48.13,11.58,B24,4.0,6.0,,9.0,6.0,,15.0,NOT INDICATED
164039,168476.0,1944-07-12,9,GERMANY,CITY AREA,CITIES TOWNS AND URBAN AREAS,48.13,11.58,B24,4.0,37.0,230.0,54.0,35.0,,89.0,F.F.F.
164008,168477.0,1944-07-12,9,GERMANY,CITY AREA,CITIES TOWNS AND URBAN AREAS,48.13,11.58,B24,4.0,22.0,240.0,33.0,22.0,,55.0,F.F.F.
164296,168478.0,1944-07-12,9,GERMANY,CITY AREA,CITIES TOWNS AND URBAN AREAS,48.13,11.58,B17,4.0,2.0,,1.0,3.0,,4.0,NOT INDICATED
164297,168479.0,1944-07-12,9,GERMANY,CITY AREA,CITIES TOWNS AND URBAN AREAS,48.13,11.58,B17,4.0,2.0,,2.0,3.0,,5.0,NOT INDICATED
164298,168480.0,1944-07-12,9,GERMANY,CITY AREA,CITIES TOWNS AND URBAN AREAS,48.13,11.58,B17,4.0,2.0,,2.0,3.0,,5.0,NOT INDICATED
164299,168481.0,1944-07-12,9,GERMANY,CITY AREA,CITIES TOWNS AND URBAN AREAS,48.13,11.58,B17,4.0,5.0,,5.0,8.0,,13.0,NOT INDICATED
164300,168482.0,1944-07-12,9,GERMANY,CITY AREA,CITIES TOWNS AND URBAN AREAS,48.13,11.58,B17,4.0,1.0,,1.0,2.0,,3.0,NOT INDICATED
163981,168483.0,1944-07-12,9,GERMANY,CITY AREA,CITIES TOWNS AND URBAN AREAS,48.13,11.58,B17,4.0,19.0,254.0,19.0,29.0,,48.0,F.F.F.
163963,168484.0,1944-07-12,9,GERMANY,CITY AREA,CITIES TOWNS AND URBAN AREAS,48.13,11.58,B17,4.0,17.0,271.0,17.0,26.0,,43.0,F.F.F.
164301,168485.0,1944-07-12,9,GERMANY,CITY AREA,CITIES TOWNS AND URBAN AREAS,48.13,11.58,B17,4.0,15.0,,15.0,23.0,,38.0,INSTRUMENT-GENERAL
164000,168486.0,1944-07-12,9,GERMANY,CITY AREA,CITIES TOWNS AND URBAN AREAS,48.13,11.58,B17,4.0,19.0,245.0,19.0,29.0,,48.0,F.F.F.
164001,168487.0,1944-07-12,9,GERMANY,CITY AREA,CITIES TOWNS AND URBAN AREAS,48.13,11.58,B17,4.0,18.0,245.0,18.0,27.0,,45.0,F.F.F.
163987,168488.0,1944-07-12,9,GERMANY,CITY AREA,CITIES TOWNS AND URBAN AREAS,48.13,11.58,B17,4.0,14.0,250.0,14.0,21.0,,35.0,F.F.F.
164010,168489.0,1944-07-12,9,GERMANY,CITY AREA,CITIES TOWNS AND URBAN AREAS,48.13,11.58,B17,4.0,16.0,240.0,16.0,24.0,,40.0,F.F.F.
164022,168490.0,1944-07-12,9,GERMANY,CITY AREA,CITIES TOWNS AND URBAN AREAS,48.13,11.58,B17,4.0,15.0,235.0,15.0,23.0,,38.0,F.F.F.
164256,168491.0,1944-07-12,9,GERMANY,CITY AREA,CITIES TOWNS AND URBAN AREAS,48.13,11.58,B17,4.0,15.0,227.0,15.0,23.0,,38.0,F.F.F.
163977,168492.0,1944-07-12,9,GERMANY,CITY AREA,CITIES TOWNS AND URBAN AREAS,48.13,11.58,B17,4.0,4.0,255.0,4.0,6.0,,10.0,F.F.F.
164018,168493.0,1944-07-12,9,GERMANY,CITY AREA,CITIES TOWNS AND URBAN AREAS,48.13,11.58,B17,4.0,15.0,238.0,15.0,23.0,,38.0,F.F.F.
164025,168494.0,1944-07-12,9,GERMANY,CITY AREA,CITIES TOWNS AND URBAN AREAS,48.13,11.58,B17,4.0,17.0,233.0,17.0,24.0,,41.0,F.F.F.
164016,168495.0,1944-07-12,9,GERMANY,CITY AREA,CITIES TOWNS AND URBAN AREAS,48.13,11.58,B17,4.0,16.0,239.0,16.0,24.0,,40.0,F.F.F.
164248,168496.0,1944-07-12,9,GERMANY,CITY AREA,CITIES TOWNS AND URBAN AREAS,48.13,11.58,B17,4.0,16.0,229.0,16.0,24.0,,40.0,F.F.F.
163969,168497.0,1944-07-12,9,GERMANY,CITY AREA,CITIES TOWNS AND URBAN AREAS,48.13,11.58,B17,4.0,15.0,263.0,15.0,23.0,,38.0,F.F.F.
163982,168498.0,1944-07-12,9,GERMANY,CITY AREA,CITIES TOWNS AND URBAN AREAS,48.13,11.58,B17,4.0,16.0,254.0,16.0,24.0,,40.0,F.F.F.
163996,168499.0,1944-07-12,9,GERMANY,CITY AREA,CITIES TOWNS AND URBAN AREAS,48.13,11.58,B17,4.0,16.0,248.0,16.0,23.0,,39.0,F.F.F.
164019,168500.0,1944-07-12,9,GERMANY,CITY AREA,CITIES TOWNS AND URBAN AREAS,48.13,11.58,B17,4.0,16.0,238.0,16.0,23.0,,39.0,F.F.F.
163985,168501.0,1944-07-12,9,GERMANY,CITY AREA,CITIES TOWNS AND URBAN AREAS,48.13,11.58,B17,4.0,16.0,251.0,16.0,24.0,,40.0,F.F.F.
164251,168502.0,1944-07-12,9,GERMANY,CITY AREA,CITIES TOWNS AND URBAN AREAS,48.13,11.58,B17,4.0,17.0,228.0,16.0,24.0,,40.0,F.F.F.
164004,168503.0,1944-07-12,9,GERMANY,CITY AREA,CITIES TOWNS AND URBAN AREAS,48.13,11.58,B17,4.0,15.0,242.0,15.0,23.0,,38.0,F.F.F.
164029,168504.0,1944-07-12,9,GERMANY,CITY AREA,CITIES TOWNS AND URBAN AREAS,48.13,11.58,B17,4.0,17.0,232.0,17.0,26.0,,43.0,F.F.F.
163971,168505.0,1944-07-12,9,GERMANY,CITY AREA,CITIES TOWNS AND URBAN AREAS,48.13,11.58,B17,4.0,19.0,261.0,18.0,27.0,,45.0,F.F.F.
163967,168506.0,1944-07-12,9,GERMANY,CITY AREA,CITIES TOWNS AND URBAN AREAS,48.13,11.58,B17,4.0,18.0,268.0,17.0,25.0,,42.0,F.F.F.
164005,168507.0,1944-07-12,9,GERMANY,CITY AREA,CITIES TOWNS AND URBAN AREAS,48.13,11.58,B17,4.0,18.0,242.0,18.0,27.0,,45.0,F.F.F.
163997,168508.0,1944-07-12,9,GERMANY,CITY AREA,CITIES TOWNS AND URBAN AREAS,48.13,11.58,B17,4.0,22.0,248.0,22.0,27.0,,49.0,F.F.F.
163978,168509.0,1944-07-12,9,GERMANY,CITY AREA,CITIES TOWNS AND URBAN AREAS,48.13,11.58,B17,4.0,11.0,255.0,11.0,16.0,,27.0,F.F.F.
164011,168510.0,1944-07-12,9,GERMANY,CITY AREA,CITIES TOWNS AND URBAN AREAS,48.13,11.58,B17,4.0,19.0,240.0,22.0,21.0,,43.0,F.F.F.
163988,168511.0,1944-07-12,9,GERMANY,CITY AREA,CITIES TOWNS AND URBAN AREAS,48.13,11.58,B17,4.0,16.0,250.0,16.0,24.0,,40.0,F.F.F.
163989,168512.0,1944-07-12,9,GERMANY,CITY AREA,CITIES TOWNS AND URBAN AREAS,48.13,11.58,B17,4.0,22.0,250.0,25.0,26.0,,51.0,F.F.F.
163990,168513.0,1944-07-12,9,GERMANY,CITY AREA,CITIES TOWNS AND URBAN AREAS,48.13,11.58,B17,4.0,18.0,250.0,18.0,27.0,,45.0,F.F.F.
164253,168514.0,1944-07-12,9,GERMANY,CITY AREA,CITIES TOWNS AND URBAN AREAS,48.13,11.58,B17,4.0,17.0,228.0,16.0,26.0,,42.0,F.F.F.
164308,168515.0,1944-07-12,9,GERMANY,CITY AREA,CITIES TOWNS AND URBAN AREAS,48.13,11.58,B17,4.0,3.0,,3.0,5.0,,8.0,NOT INDICATED
163994,168516.0,1944-07-12,9,GERMANY,CITY AREA,CITIES TOWNS AND URBAN AREAS,48.13,11.58,B17,4.0,17.0,249.0,16.0,24.0,,40.0,F.F.F.
163975,168517.0,1944-07-12,9,GERMANY,CITY AREA,CITIES TOWNS AND URBAN AREAS,48.13,11.58,B17,4.0,19.0,259.0,19.0,29.0,,48.0,F.F.F.
163964,168518.0,1944-07-12,9,GERMANY,CITY AREA,CITIES TOWNS AND URBAN AREAS,48.13,11.58,B17,4.0,20.0,271.0,20.0,30.0,,50.0,F.F.F.
163973,168519.0,1944-07-12,9,GERMANY,CITY AREA,CITIES TOWNS AND URBAN AREAS,48.13,11.58,B17,4.0,15.0,260.0,15.0,23.0,,38.0,F.F.F.
164309,168520.0,1944-07-12,9,GERMANY,CITY AREA,CITIES TOWNS AND URBAN AREAS,48.13,11.58,B17,4.0,1.0,,1.0,2.0,,3.0,NOT INDICATED
163956,168524.0,1944-07-12,15,FRANCE,CITY AREA,CITIES TOWNS AND URBAN AREAS,43.68,-4.43,B24,2.0,1.0,,4.0,,,4.0,NOT INDICATED
163959,168525.0,1944-07-12,15,FRANCE,CITY AREA,CITIES TOWNS AND URBAN AREAS,43.33,4.33,B24,2.0,1.0,,3.0,,,3.0,NOT INDICATED
163962,168526.0,1944-07-12,15,FRANCE,CITY AREA,CITIES TOWNS AND URBAN AREAS,43.33,4.67,B24,2.0,1.0,,3.0,,,3.0,NOT INDICATED
164286,168527.0,1944-07-12,9,GERMANY,CITY AREA,CITIES TOWNS AND URBAN AREAS,48.13,11.58,B17,,17.0,24.0,17.0,26.0,,43.0,F.F.F.
164012,168528.0,1944-07-12,9,GERMANY,CITY AREA,CITIES TOWNS AND URBAN AREAS,48.13,11.58,B17,,20.0,240.0,20.0,30.0,,50.0,F.F.F.
164302,168529.0,1944-07-12,9,GERMANY,CITY AREA,CITIES TOWNS AND URBAN AREAS,48.13,11.58,B24,4.0,7.0,,4.0,,,4.0,NOT INDICATED
164040,168530.0,1944-07-12,9,GERMANY,CITY AREA,CITIES TOWNS AND URBAN AREAS,48.13,11.58,B24,4.0,31.0,230.0,46.0,26.0,,72.0,F.F.F.
164026,168531.0,1944-07-12,9,GERMANY,CITY AREA,CITIES TOWNS AND URBAN AREAS,48.13,11.58,B24,4.0,31.0,233.0,47.0,31.0,,78.0,F.F.F.
164041,168532.0,1944-07-12,9,GERMANY,CITY AREA,CITIES TOWNS AND URBAN AREAS,48.13,11.58,B24,4.0,43.0,230.0,60.0,42.0,,102.0,F.F.F.
164303,168533.0,1944-07-12,9,GERMANY,CITY AREA,CITIES TOWNS AND URBAN AREAS,48.13,11.58,B24,4.0,1.0,,2.0,1.0,,3.0,NOT INDICATED
164042,168534.0,1944-07-12,9,GERMANY,CITY AREA,CITIES TOWNS AND URBAN AREAS,48.13,11.58,B24,4.0,31.0,230.0,47.0,31.0,,78.0,F.F.F.
164252,168535.0,1944-07-12,9,GERMANY,CITY AREA,CITIES TOWNS AND URBAN AREAS,48.13,11.58,B24,4.0,41.0,228.0,62.0,41.0,,103.0,F.F.F.
164261,168536.0,1944-07-12,9,GERMANY,CITY AREA,CITIES TOWNS AND URBAN AREAS,48.13,11.58,B24,4.0,30.0,223.0,45.0,30.0,,75.0,F.F.F.
164304,168537.0,1944-07-12,9,GERMANY,CITY AREA,CITIES TOWNS AND URBAN AREAS,48.13,11.58,B24,4.0,7.0,,,7.0,,7.0,NOT INDICATED
164030,168538.0,1944-07-12,9,GERMANY,CITY AREA,CITIES TOWNS AND URBAN AREAS,48.13,11.58,B24,4.0,31.0,232.0,47.0,31.0,,78.0,F.F.F.
164259,168539.0,1944-07-12,9,GERMANY,CITY AREA,CITIES TOWNS AND URBAN AREAS,48.13,11.58,B24,4.0,30.0,225.0,45.0,30.0,,75.0,F.F.F.
164305,168540.0,1944-07-12,9,GERMANY,CITY AREA,CITIES TOWNS AND URBAN AREAS,48.13,11.58,B24,4.0,2.0,,3.0,2.0,,5.0,NOT INDICATED
164243,168541.0,1944-07-12,9,GERMANY,CITY AREA,CITIES TOWNS AND URBAN AREAS,48.13,11.58,B24,4.0,19.0,230.0,29.0,19.0,,48.0,F.F.F.
164306,168542.0,1944-07-12,9,GERMANY,CITY AREA,CITIES TOWNS AND URBAN AREAS,48.13,11.58,B24,4.0,3.0,,3.0,,,3.0,NOT INDICATED
164244,168543.0,1944-07-12,9,GERMANY,CITY AREA,CITIES TOWNS AND URBAN AREAS,48.13,11.58,B24,4.0,23.0,230.0,35.0,23.0,,58.0,F.F.F.
164245,168544.0,1944-07-12,9,GERMANY,CITY AREA,CITIES TOWNS AND URBAN AREAS,48.13,11.58,B24,4.0,34.0,230.0,51.0,34.0,,85.0,F.F.F.
164307,168545.0,1944-07-12,9,GERMANY,CITY AREA,CITIES TOWNS AND URBAN AREAS,48.13,11.58,B24,0.0,,,,,,,NOT INDICATED
164246,168546.0,1944-07-12,9,GERMANY,CITY AREA,CITIES TOWNS AND URBAN AREAS,48.13,11.58,B24,4.0,40.0,230.0,60.0,36.0,,96.0,F.F.F.
164316,168547.0,1944-07-12,9,GERMANY,CITY AREA,CITIES TOWNS AND URBAN AREAS,48.13,11.58,B24,4.0,6.0,,9.0,6.0,,15.0,NOT INDICATED
164247,168548.0,1944-07-12,9,GERMANY,CITY AREA,CITIES TOWNS AND URBAN AREAS,48.13,11.58,B24,4.0,37.0,230.0,54.0,35.0,,89.0,F.F.F.
164015,168549.0,1944-07-12,9,GERMANY,CITY AREA,CITIES TOWNS AND URBAN AREAS,48.13,11.58,B24,4.0,22.0,240.0,33.0,22.0,,55.0,F.F.F.
164310,168550.0,1944-07-12,9,GERMANY,CITY AREA,CITIES TOWNS AND URBAN AREAS,48.13,11.58,B17,4.0,2.0,,1.0,3.0,,4.0,NOT INDICATED
164311,168551.0,1944-07-12,9,GERMANY,CITY AREA,CITIES TOWNS AND URBAN AREAS,48.13,11.58,B17,4.0,2.0,,2.0,3.0,,5.0,NOT INDICATED
164312,168552.0,1944-07-12,9,GERMANY,CITY AREA,CITIES TOWNS AND URBAN AREAS,48.13,11.58,B17,4.0,2.0,,2.0,3.0,,5.0,NOT INDICATED
164313,168553.0,1944-07-12,9,GERMANY,CITY AREA,CITIES TOWNS AND URBAN AREAS,48.13,11.58,B17,4.0,5.0,,5.0,8.0,,13.0,NOT INDICATED
164314,168554.0,1944-07-12,9,GERMANY,CITY AREA,CITIES TOWNS AND URBAN AREAS,48.13,11.58,B17,4.0,1.0,,1.0,2.0,,3.0,NOT INDICATED
163983,168555.0,1944-07-12,9,GERMANY,CITY AREA,CITIES TOWNS AND URBAN AREAS,48.13,11.58,B17,4.0,19.0,254.0,19.0,29.0,,48.0,F.F.F.
163965,168556.0,1944-07-12,9,GERMANY,CITY AREA,CITIES TOWNS AND URBAN AREAS,48.13,11.58,B17,4.0,17.0,271.0,17.0,26.0,,43.0,F.F.F.
164315,168557.0,1944-07-12,9,GERMANY,CITY AREA,CITIES TOWNS AND URBAN AREAS,48.13,11.58,B17,4.0,15.0,,15.0,23.0,,38.0,INSTRUMENT-GENERAL
164002,168558.0,1944-07-12,9,GERMANY,CITY AREA,CITIES TOWNS AND URBAN AREAS,48.13,11.58,B17,4.0,19.0,245.0,19.0,29.0,,48.0,F.F.F.
164003,168559.0,1944-07-12,9,GERMANY,CITY AREA,CITIES TOWNS AND URBAN AREAS,48.13,11.58,B17,4.0,18.0,245.0,18.0,27.0,,45.0,F.F.F.
164013,168560.0,1944-07-12,9,GERMANY,CITY AREA,CITIES TOWNS AND URBAN AREAS,48.13,11.58,B17,4.0,16.0,240.0,16.0,24.0,,40.0,F.F.F.
164023,168561.0,1944-07-12,9,GERMANY,CITY AREA,CITIES TOWNS AND URBAN AREAS,48.13,11.58,B17,4.0,15.0,235.0,15.0,23.0,,38.0,F.F.F.
164257,168562.0,1944-07-12,9,GERMANY,CITY AREA,CITIES TOWNS AND URBAN AREAS,48.13,11.58,B17,4.0,15.0,227.0,15.0,23.0,,38.0,F.F.F.
163979,168563.0,1944-07-12,9,GERMANY,CITY AREA,CITIES TOWNS AND URBAN AREAS,48.13,11.58,B17,4.0,4.0,255.0,4.0,6.0,,10.0,F.F.F.
164020,168564.0,1944-07-12,9,GERMANY,CITY AREA,CITIES TOWNS AND URBAN AREAS,48.13,11.58,B17,4.0,15.0,238.0,15.0,23.0,,38.0,F.F.F.
164027,168565.0,1944-07-12,9,GERMANY,CITY AREA,CITIES TOWNS AND URBAN AREAS,48.13,11.58,B17,4.0,17.0,233.0,17.0,24.0,,41.0,F.F.F.
164017,168566.0,1944-07-12,9,GERMANY,CITY AREA,CITIES TOWNS AND URBAN AREAS,48.13,11.58,B17,4.0,16.0,239.0,16.0,24.0,,40.0,F.F.F.
164249,168567.0,1944-07-12,9,GERMANY,CITY AREA,CITIES TOWNS AND URBAN AREAS,48.13,11.58,B17,4.0,16.0,229.0,16.0,24.0,,40.0,F.F.F.
163970,168568.0,1944-07-12,9,GERMANY,CITY AREA,CITIES TOWNS AND URBAN AREAS,48.13,11.58,B17,4.0,15.0,263.0,15.0,23.0,,38.0,F.F.F.
163984,168569.0,1944-07-12,9,GERMANY,CITY AREA,CITIES TOWNS AND URBAN AREAS,48.13,11.58,B17,4.0,16.0,254.0,16.0,24.0,,40.0,F.F.F.
163998,168570.0,1944-07-12,9,GERMANY,CITY AREA,CITIES TOWNS AND URBAN AREAS,48.13,11.58,B17,4.0,16.0,248.0,16.0,23.0,,39.0,F.F.F.
164021,168571.0,1944-07-12,9,GERMANY,CITY AREA,CITIES TOWNS AND URBAN AREAS,48.13,11.58,B17,4.0,16.0,238.0,16.0,23.0,,39.0,F.F.F.
163986,168572.0,1944-07-12,9,GERMANY,CITY AREA,CITIES TOWNS AND URBAN AREAS,48.13,11.58,B17,4.0,16.0,251.0,16.0,24.0,,40.0,F.F.F.
164254,168573.0,1944-07-12,9,GERMANY,CITY AREA,CITIES TOWNS AND URBAN AREAS,48.13,11.58,B17,4.0,17.0,228.0,16.0,24.0,,40.0,F.F.F.
164006,168574.0,1944-07-12,9,GERMANY,CITY AREA,CITIES TOWNS AND URBAN AREAS,48.13,11.58,B17,4.0,15.0,242.0,15.0,23.0,,38.0,F.F.F.
164031,168575.0,1944-07-12,9,GERMANY,CITY AREA,CITIES TOWNS AND URBAN AREAS,48.13,11.58,B17,4.0,17.0,232.0,17.0,26.0,,43.0,F.F.F.
163972,168576.0,1944-07-12,9,GERMANY,CITY AREA,CITIES TOWNS AND URBAN AREAS,48.13,11.58,B17,4.0,19.0,261.0,18.0,27.0,,45.0,F.F.F.
163968,168577.0,1944-07-12,9,GERMANY,CITY AREA,CITIES TOWNS AND URBAN AREAS,48.13,11.58,B17,4.0,18.0,268.0,17.0,25.0,,42.0,F.F.F.
164007,168578.0,1944-07-12,9,GERMANY,CITY AREA,CITIES TOWNS AND URBAN AREAS,48.13,11.58,B17,4.0,18.0,242.0,18.0,27.0,,45.0,F.F.F.
163999,168579.0,1944-07-12,9,GERMANY,CITY AREA,CITIES TOWNS AND URBAN AREAS,48.13,11.58,B17,4.0,22.0,248.0,22.0,27.0,,49.0,F.F.F.
163980,168580.0,1944-07-12,9,GERMANY,CITY AREA,CITIES TOWNS AND URBAN AREAS,48.13,11.58,B17,4.0,11.0,255.0,11.0,16.0,,27.0,F.F.F.
164014,168581.0,1944-07-12,9,GERMANY,CITY AREA,CITIES TOWNS AND URBAN AREAS,48.13,11.58,B17,4.0,19.0,240.0,22.0,21.0,,43.0,F.F.F.
163991,168582.0,1944-07-12,9,GERMANY,CITY AREA,CITIES TOWNS AND URBAN AREAS,48.13,11.58,B17,4.0,16.0,250.0,16.0,24.0,,40.0,F.F.F.
163992,168583.0,1944-07-12,9,GERMANY,CITY AREA,CITIES TOWNS AND URBAN AREAS,48.13,11.58,B17,4.0,22.0,250.0,25.0,26.0,,51.0,F.F.F.
163993,168584.0,1944-07-12,9,GERMANY,CITY AREA,CITIES TOWNS AND URBAN AREAS,48.13,11.58,B17,4.0,18.0,250.0,18.0,27.0,,45.0,F.F.F.
164255,168585.0,1944-07-12,9,GERMANY,CITY AREA,CITIES TOWNS AND URBAN AREAS,48.13,11.58,B17,4.0,17.0,228.0,16.0,26.0,,42.0,F.F.F.
164317,168586.0,1944-07-12,9,GERMANY,CITY AREA,CITIES TOWNS AND URBAN AREAS,48.13,11.58,B17,4.0,3.0,,3.0,5.0,,8.0,NOT INDICATED
163995,168587.0,1944-07-12,9,GERMANY,CITY AREA,CITIES TOWNS AND URBAN AREAS,48.13,11.58,B17,4.0,17.0,249.0,16.0,24.0,,40.0,F.F.F.
163976,168588.0,1944-07-12,9,GERMANY,CITY AREA,CITIES TOWNS AND URBAN AREAS,48.13,11.58,B17,4.0,19.0,259.0,19.0,29.0,,48.0,F.F.F.
163966,168589.0,1944-07-12,9,GERMANY,CITY AREA,CITIES TOWNS AND URBAN AREAS,48.13,11.58,B17,4.0,20.0,271.0,20.0,30.0,,50.0,F.F.F.
163974,168590.0,1944-07-12,9,GERMANY,CITY AREA,CITIES TOWNS AND URBAN AREAS,48.13,11.58,B17,4.0,15.0,260.0,15.0,23.0,,38.0,F.F.F.
164318,168591.0,1944-07-12,9,GERMANY,CITY AREA,CITIES TOWNS AND URBAN AREAS,48.13,11.58,B17,4.0,1.0,,1.0,2.0,,3.0,NOT INDICATED
164323,168594.0,1944-07-12,8,GERMANY,UNIDENTIFIED TARGET,UNIDENTIFIED TARGETS,48.22,11.37,B17,2.0,12.0,260.0,12.0,18.0,,30.0,F.F.F.
164326,168617.0,1944-07-12,8,GERMANY,MARSHALLING YARD,"""RR INSTALLATIONS,  TRACKS,  MARSHALLING YARDS,  AND STATIONS""",45.95,7.97,B17,2.0,1.0,,1.0,2.0,,3.0,NOT INDICATED
164282,208612.0,1944-07-12,9,FRANCE,BRIDGE,BRIDGES,47.22,-1.53,B26,,,110.0,47.0,,,47.0,VISUAL
164284,208614.0,1944-07-12,9,FRANCE,RR BRIDGE,BRIDGES,47.25,-0.08,B26,,,110.0,62.0,,,62.0,VISUAL
164277,208632.0,1944-07-12,9,FRANCE,TROOP CONTRATION,TROOP CONCENTRATIONS,49.03,-0.42,B26,,,113.0,1.0,,,1.0,F.F.F.
164287,208633.0,1944-07-12,9,FRANCE,TROOP CONTRATION,TROOP CONCENTRATIONS,49.03,-0.42,B26,,,12.0,2.0,,,2.0,F.F.F.
164288,208634.0,1944-07-12,9,FRANCE,TROOP CONTRATION,TROOP CONCENTRATIONS,49.03,-0.42,B26,,,12.0,,,58.0,58.0,NOT INDICATED
164278,208635.0,1944-07-12,9,FRANCE,TROOP CONTRATION,TROOP CONCENTRATIONS,49.03,-0.42,B26,,,113.0,30.0,,,30.0,NOT INDICATED
164267,208637.0,1944-07-12,9,FRANCE,FUEL DUMP,SUPPLY DUMPS AND WAREHOUSES,48.58,-0.47,A20,,,121.0,18.0,,,18.0,NOT INDICATED
164268,208638.0,1944-07-12,9,FRANCE,FUEL DUMP,SUPPLY DUMPS AND WAREHOUSES,48.58,-0.47,B26,,,121.0,2.0,,,2.0,F.F.F.
164263,208639.0,1944-07-12,9,FRANCE,FUEL DUMP,SUPPLY DUMPS AND WAREHOUSES,48.58,-0.47,B26,,,128.0,2.0,,,2.0,F.F.F.
164269,208644.0,1944-07-12,9,FRANCE,FUEL DUMP,SUPPLY DUMPS AND WAREHOUSES,48.58,-0.47,A20,,,121.0,18.0,,,18.0,NOT INDICATED
164270,208645.0,1944-07-12,9,FRANCE,FUEL DUMP,SUPPLY DUMPS AND WAREHOUSES,48.58,-0.47,B26,,,121.0,2.0,,,2.0,F.F.F.
164264,208646.0,1944-07-12,9,FRANCE,FUEL DUMP,SUPPLY DUMPS AND WAREHOUSES,48.58,-0.47,B26,,,128.0,2.0,,,2.0,F.F.F.
164279,208650.0,1944-07-12,9,FRANCE,TROOP CONTRATION,TROOP CONCENTRATIONS,49.03,-0.42,B26,,,113.0,1.0,,,1.0,F.F.F.
164273,208651.0,1944-07-12,9,FRANCE,TROOP CONTRATION,TROOP CONCENTRATIONS,49.03,-0.42,B26,,,120.0,2.0,,,2.0,F.F.F.
164274,208652.0,1944-07-12,9,FRANCE,TROOP CONTRATION,TROOP CONCENTRATIONS,49.03,-0.42,B26,,,120.0,,,58.0,58.0,NOT INDICATED
164280,208653.0,1944-07-12,9,FRANCE,TROOP CONTRATION,TROOP CONCENTRATIONS,49.03,-0.42,B26,,,113.0,30.0,,,30.0,NOT INDICATED
165112,105224.0,1944-07-13,8,FRANCE,UNIDENTIFIED TARGET,UNIDENTIFIED TARGETS,48.25,8.0,B24,1.0,1.0,,3.0,,,3.0,NOT INDICATED
165113,168618.0,1944-07-13,8,FRANCE,UNIDENTIFIED TARGET,UNIDENTIFIED TARGETS,48.25,8.0,B24,1.0,1.0,,3.0,,,3.0,NOT INDICATED
164942,168627.0,1944-07-13,9,GERMANY,CITY AREA,CITIES TOWNS AND URBAN AREAS,48.13,11.58,B17,4.0,18.0,252.0,18.0,27.0,,45.0,F.F.F.
165062,168628.0,1944-07-13,9,GERMANY,CITY AREA,CITIES TOWNS AND URBAN AREAS,48.13,11.58,B17,4.0,18.0,242.0,18.0,27.0,,45.0,F.F.F.
164928,168629.0,1944-07-13,9,GERMANY,CITY AREA,CITIES TOWNS AND URBAN AREAS,48.13,11.58,B17,4.0,16.0,260.0,16.0,24.0,,40.0,F.F.F.
165043,168630.0,1944-07-13,9,GERMANY,CITY AREA,CITIES TOWNS AND URBAN AREAS,48.13,11.58,B17,4.0,17.0,252.0,17.0,26.0,,43.0,F.F.F.
165094,168631.0,1944-07-13,9,GERMANY,CITY AREA,CITIES TOWNS AND URBAN AREAS,48.13,11.58,B17,4.0,1.0,,1.0,,,1.0,NOT INDICATED
164940,168632.0,1944-07-13,9,GERMANY,CITY AREA,CITIES TOWNS AND URBAN AREAS,48.13,11.58,B17,4.0,19.0,253.0,19.0,26.0,,45.0,F.F.F.
164920,168633.0,1944-07-13,9,GERMANY,CITY AREA,CITIES TOWNS AND URBAN AREAS,48.13,11.58,B17,4.0,5.0,266.0,5.0,7.0,,12.0,F.F.F.
165086,168634.0,1944-07-13,9,GERMANY,CITY AREA,CITIES TOWNS AND URBAN AREAS,48.13,11.58,B17,4.0,15.0,229.0,15.0,23.0,,38.0,F.F.F.
164938,168635.0,1944-07-13,9,GERMANY,CITY AREA,CITIES TOWNS AND URBAN AREAS,48.13,11.58,B17,4.0,17.0,255.0,35.0,6.0,,41.0,F.F.F.
165092,168636.0,1944-07-13,9,GERMANY,CITY AREA,CITIES TOWNS AND URBAN AREAS,48.13,11.58,B17,4.0,11.0,200.0,20.0,8.0,,28.0,F.F.F.
165095,168637.0,1944-07-13,9,GERMANY,CITY AREA,CITIES TOWNS AND URBAN AREAS,48.13,11.58,B17,4.0,1.0,,1.0,2.0,,3.0,NOT INDICATED
165096,168638.0,1944-07-13,9,GERMANY,CITY AREA,CITIES TOWNS AND URBAN AREAS,48.13,11.58,B17,4.0,1.0,,1.0,2.0,,3.0,NOT INDICATED
165046,168639.0,1944-07-13,9,GERMANY,CITY AREA,CITIES TOWNS AND URBAN AREAS,48.13,11.58,B17,4.0,17.0,250.0,17.0,26.0,,43.0,F.F.F.
165068,168640.0,1944-07-13,9,GERMANY,CITY AREA,CITIES TOWNS AND URBAN AREAS,48.13,11.58,B17,4.0,14.0,241.0,14.0,21.0,,35.0,F.F.F.
165063,168641.0,1944-07-13,9,GERMANY,CITY AREA,CITIES TOWNS AND URBAN AREAS,48.13,11.58,B17,4.0,15.0,242.0,15.0,23.0,,38.0,F.F.F.
165084,168642.0,1944-07-13,9,GERMANY,CITY AREA,CITIES TOWNS AND URBAN AREAS,48.13,11.58,B17,4.0,18.0,232.0,16.0,24.0,,40.0,F.F.F.
165052,168643.0,1944-07-13,9,GERMANY,CITY AREA,CITIES TOWNS AND URBAN AREAS,48.13,11.58,B17,4.0,18.0,249.0,17.0,26.0,,43.0,F.F.F.
165047,168644.0,1944-07-13,9,GERMANY,CITY AREA,CITIES TOWNS AND URBAN AREAS,48.13,11.58,B17,4.0,15.0,250.0,15.0,23.0,,38.0,F.F.F.
165070,168645.0,1944-07-13,9,GERMANY,CITY AREA,CITIES TOWNS AND URBAN AREAS,48.13,11.58,B17,4.0,19.0,240.0,19.0,29.0,,48.0,F.F.F.
165056,168646.0,1944-07-13,9,GERMANY,CITY AREA,CITIES TOWNS AND URBAN AREAS,48.13,11.58,B17,4.0,18.0,248.0,18.0,27.0,,45.0,VISUAL
165058,168647.0,1944-07-13,9,GERMANY,CITY AREA,CITIES TOWNS AND URBAN AREAS,48.13,11.58,B17,4.0,19.0,245.0,19.0,29.0,,48.0,VISUAL
164929,168648.0,1944-07-13,9,GERMANY,CITY AREA,CITIES TOWNS AND URBAN AREAS,48.13,11.58,B17,4.0,15.0,260.0,38.0,,,38.0,F.F.F.
164930,168649.0,1944-07-13,9,GERMANY,CITY AREA,CITIES TOWNS AND URBAN AREAS,48.13,11.58,B17,4.0,17.0,260.0,,23.0,,23.0,F.F.F.
165071,168650.0,1944-07-13,9,GERMANY,CITY AREA,CITIES TOWNS AND URBAN AREAS,48.13,11.58,B17,4.0,16.0,240.0,16.0,24.0,,40.0,F.F.F.
164921,168651.0,1944-07-13,9,GERMANY,CITY AREA,CITIES TOWNS AND URBAN AREAS,48.13,11.58,B17,4.0,10.0,266.0,10.0,15.0,,25.0,F.F.F.
165072,168652.0,1944-07-13,9,GERMANY,CITY AREA,CITIES TOWNS AND URBAN AREAS,48.13,11.58,B17,4.0,17.0,240.0,17.0,26.0,,43.0,F.F.F.
165048,168653.0,1944-07-13,9,GERMANY,CITY AREA,CITIES TOWNS AND URBAN AREAS,48.13,11.58,B17,4.0,17.0,250.0,17.0,26.0,,43.0,F.F.F.
164931,168654.0,1944-07-13,9,GERMANY,CITY AREA,CITIES TOWNS AND URBAN AREAS,48.13,11.58,B17,4.0,17.0,260.0,19.0,23.0,,42.0,F.F.F.
164924,168655.0,1944-07-13,9,GERMANY,CITY AREA,CITIES TOWNS AND URBAN AREAS,48.13,11.58,B17,4.0,17.0,265.0,17.0,25.0,,42.0,F.F.F.
165064,168656.0,1944-07-13,9,GERMANY,CITY AREA,CITIES TOWNS AND URBAN AREAS,48.13,11.58,B17,4.0,16.0,242.0,16.0,24.0,,40.0,F.F.F.
164936,168657.0,1944-07-13,9,GERMANY,CITY AREA,CITIES TOWNS AND URBAN AREAS,48.13,11.58,B17,4.0,19.0,256.0,19.0,28.0,,47.0,F.F.F.
165080,168658.0,1944-07-13,9,GERMANY,CITY AREA,CITIES TOWNS AND URBAN AREAS,48.13,11.58,B17,3.0,5.0,236.0,5.0,8.0,,13.0,F.F.F.
164926,168659.0,1944-07-13,9,GERMANY,CITY AREA,CITIES TOWNS AND URBAN AREAS,48.13,11.58,B17,3.0,22.0,264.0,24.0,27.0,,51.0,F.F.F.
165053,168660.0,1944-07-13,9,GERMANY,CITY AREA,CITIES TOWNS AND URBAN AREAS,48.13,11.58,B17,3.0,18.0,249.0,18.0,26.0,,44.0,F.F.F.
165078,168661.0,1944-07-13,9,GERMANY,CITY AREA,CITIES TOWNS AND URBAN AREAS,48.13,11.58,B17,3.0,15.0,239.0,15.0,22.0,,37.0,F.F.F.
165090,168662.0,1944-07-13,9,GERMANY,CITY AREA,CITIES TOWNS AND URBAN AREAS,48.13,11.58,B17,3.0,16.0,228.0,16.0,24.0,,40.0,F.F.F.
165060,168663.0,1944-07-13,9,GERMANY,CITY AREA,CITIES TOWNS AND URBAN AREAS,48.13,11.58,B17,3.0,15.0,244.0,15.0,23.0,,38.0,F.F.F.
165081,168664.0,1944-07-13,9,GERMANY,CITY AREA,CITIES TOWNS AND URBAN AREAS,48.13,11.58,B17,3.0,12.0,236.0,12.0,18.0,,30.0,F.F.F.
165073,168665.0,1944-07-13,9,GERMANY,CITY AREA,CITIES TOWNS AND URBAN AREAS,48.13,11.58,B17,3.0,17.0,240.0,18.0,23.0,,41.0,F.F.F.
165087,168666.0,1944-07-13,9,GERMANY,CITY AREA,CITIES TOWNS AND URBAN AREAS,48.13,11.58,B17,3.0,19.0,229.0,19.0,27.0,,46.0,F.F.F.
165044,168671.0,1944-07-13,9,GERMANY,CITY AREA,CITIES TOWNS AND URBAN AREAS,48.13,11.58,B17,4.0,18.0,252.0,18.0,27.0,,45.0,F.F.F.
165065,168672.0,1944-07-13,9,GERMANY,CITY AREA,CITIES TOWNS AND URBAN AREAS,48.13,11.58,B17,4.0,18.0,242.0,18.0,27.0,,45.0,F.F.F.
164932,168673.0,1944-07-13,9,GERMANY,CITY AREA,CITIES TOWNS AND URBAN AREAS,48.13,11.58,B17,4.0,16.0,260.0,16.0,24.0,,40.0,F.F.F.
165045,168674.0,1944-07-13,9,GERMANY,CITY AREA,CITIES TOWNS AND URBAN AREAS,48.13,11.58,B17,4.0,17.0,252.0,17.0,26.0,,43.0,F.F.F.
165097,168675.0,1944-07-13,9,GERMANY,CITY AREA,CITIES TOWNS AND URBAN AREAS,48.13,11.58,B17,4.0,1.0,,1.0,,,1.0,NOT INDICATED
164941,168676.0,1944-07-13,9,GERMANY,CITY AREA,CITIES TOWNS AND URBAN AREAS,48.13,11.58,B17,4.0,19.0,253.0,19.0,26.0,,45.0,F.F.F.
164922,168677.0,1944-07-13,9,GERMANY,CITY AREA,CITIES TOWNS AND URBAN AREAS,48.13,11.58,B17,4.0,5.0,266.0,5.0,7.0,,12.0,F.F.F.
165088,168678.0,1944-07-13,9,GERMANY,CITY AREA,CITIES TOWNS AND URBAN AREAS,48.13,11.58,B17,4.0,15.0,229.0,15.0,23.0,,38.0,F.F.F.
164939,168679.0,1944-07-13,9,GERMANY,CITY AREA,CITIES TOWNS AND URBAN AREAS,48.13,11.58,B17,4.0,17.0,255.0,35.0,6.0,,41.0,F.F.F.
165093,168680.0,1944-07-13,9,GERMANY,CITY AREA,CITIES TOWNS AND URBAN AREAS,48.13,11.58,B17,4.0,11.0,200.0,20.0,8.0,,28.0,F.F.F.
165098,168681.0,1944-07-13,9,GERMANY,CITY AREA,CITIES TOWNS AND URBAN AREAS,48.13,11.58,B17,4.0,1.0,,1.0,2.0,,3.0,NOT INDICATED
165099,168682.0,1944-07-13,9,GERMANY,CITY AREA,CITIES TOWNS AND URBAN AREAS,48.13,11.58,B17,4.0,1.0,,1.0,2.0,,3.0,NOT INDICATED
165049,168683.0,1944-07-13,9,GERMANY,CITY AREA,CITIES TOWNS AND URBAN AREAS,48.13,11.58,B17,4.0,17.0,250.0,17.0,26.0,,43.0,F.F.F.
165069,168684.0,1944-07-13,9,GERMANY,CITY AREA,CITIES TOWNS AND URBAN AREAS,48.13,11.58,B17,4.0,14.0,241.0,14.0,21.0,,35.0,F.F.F.
165066,168685.0,1944-07-13,9,GERMANY,CITY AREA,CITIES TOWNS AND URBAN AREAS,48.13,11.58,B17,4.0,15.0,242.0,15.0,23.0,,38.0,F.F.F.
165085,168686.0,1944-07-13,9,GERMANY,CITY AREA,CITIES TOWNS AND URBAN AREAS,48.13,11.58,B17,4.0,18.0,232.0,16.0,24.0,,40.0,F.F.F.
165054,168687.0,1944-07-13,9,GERMANY,CITY AREA,CITIES TOWNS AND URBAN AREAS,48.13,11.58,B17,4.0,18.0,249.0,17.0,26.0,,43.0,F.F.F.
165050,168688.0,1944-07-13,9,GERMANY,CITY AREA,CITIES TOWNS AND URBAN AREAS,48.13,11.58,B17,4.0,15.0,250.0,15.0,23.0,,38.0,F.F.F.
165074,168689.0,1944-07-13,9,GERMANY,CITY AREA,CITIES TOWNS AND URBAN AREAS,48.13,11.58,B17,4.0,19.0,240.0,19.0,29.0,,48.0,F.F.F.
165057,168690.0,1944-07-13,9,GERMANY,CITY AREA,CITIES TOWNS AND URBAN AREAS,48.13,11.58,B17,4.0,18.0,248.0,18.0,27.0,,45.0,VISUAL
165059,168691.0,1944-07-13,9,GERMANY,CITY AREA,CITIES TOWNS AND URBAN AREAS,48.13,11.58,B17,4.0,19.0,245.0,19.0,29.0,,48.0,VISUAL
164933,168692.0,1944-07-13,9,GERMANY,CITY AREA,CITIES TOWNS AND URBAN AREAS,48.13,11.58,B17,4.0,15.0,260.0,38.0,,,38.0,F.F.F.
164934,168693.0,1944-07-13,9,GERMANY,CITY AREA,CITIES TOWNS AND URBAN AREAS,48.13,11.58,B17,4.0,17.0,260.0,,23.0,,23.0,F.F.F.
165075,168694.0,1944-07-13,9,GERMANY,CITY AREA,CITIES TOWNS AND URBAN AREAS,48.13,11.58,B17,4.0,16.0,240.0,16.0,24.0,,40.0,F.F.F.
164923,168695.0,1944-07-13,9,GERMANY,CITY AREA,CITIES TOWNS AND URBAN AREAS,48.13,11.58,B17,4.0,10.0,266.0,10.0,15.0,,25.0,F.F.F.
165076,168696.0,1944-07-13,9,GERMANY,CITY AREA,CITIES TOWNS AND URBAN AREAS,48.13,11.58,B17,4.0,17.0,240.0,17.0,26.0,,43.0,F.F.F.
165051,168697.0,1944-07-13,9,GERMANY,CITY AREA,CITIES TOWNS AND URBAN AREAS,48.13,11.58,B17,4.0,17.0,250.0,17.0,26.0,,43.0,F.F.F.
164935,168698.0,1944-07-13,9,GERMANY,CITY AREA,CITIES TOWNS AND URBAN AREAS,48.13,11.58,B17,4.0,17.0,260.0,19.0,23.0,,42.0,F.F.F.
164925,168699.0,1944-07-13,9,GERMANY,CITY AREA,CITIES TOWNS AND URBAN AREAS,48.13,11.58,B17,4.0,17.0,265.0,17.0,25.0,,42.0,F.F.F.
165067,168700.0,1944-07-13,9,GERMANY,CITY AREA,CITIES TOWNS AND URBAN AREAS,48.13,11.58,B17,4.0,16.0,242.0,16.0,24.0,,40.0,F.F.F.
164937,168701.0,1944-07-13,9,GERMANY,CITY AREA,CITIES TOWNS AND URBAN AREAS,48.13,11.58,B17,4.0,19.0,256.0,19.0,28.0,,47.0,F.F.F.
165082,168702.0,1944-07-13,9,GERMANY,CITY AREA,CITIES TOWNS AND URBAN AREAS,48.13,11.58,B17,3.0,5.0,236.0,5.0,8.0,,13.0,F.F.F.
164927,168703.0,1944-07-13,9,GERMANY,CITY AREA,CITIES TOWNS AND URBAN AREAS,48.13,11.58,B17,3.0,22.0,264.0,24.0,27.0,,51.0,F.F.F.
165055,168704.0,1944-07-13,9,GERMANY,CITY AREA,CITIES TOWNS AND URBAN AREAS,48.13,11.58,B17,3.0,18.0,249.0,18.0,26.0,,44.0,F.F.F.
165079,168705.0,1944-07-13,9,GERMANY,CITY AREA,CITIES TOWNS AND URBAN AREAS,48.13,11.58,B17,3.0,15.0,239.0,15.0,22.0,,37.0,F.F.F.
165091,168706.0,1944-07-13,9,GERMANY,CITY AREA,CITIES TOWNS AND URBAN AREAS,48.13,11.58,B17,3.0,16.0,228.0,16.0,24.0,,40.0,F.F.F.
165061,168707.0,1944-07-13,9,GERMANY,CITY AREA,CITIES TOWNS AND URBAN AREAS,48.13,11.58,B17,3.0,15.0,244.0,15.0,23.0,,38.0,F.F.F.
165083,168708.0,1944-07-13,9,GERMANY,CITY AREA,CITIES TOWNS AND URBAN AREAS,48.13,11.58,B17,3.0,12.0,236.0,12.0,18.0,,30.0,F.F.F.
165077,168709.0,1944-07-13,9,GERMANY,CITY AREA,CITIES TOWNS AND URBAN AREAS,48.13,11.58,B17,3.0,17.0,240.0,18.0,23.0,,41.0,F.F.F.
165089,168710.0,1944-07-13,9,GERMANY,CITY AREA,CITIES TOWNS AND URBAN AREAS,48.13,11.58,B17,3.0,19.0,229.0,19.0,27.0,,46.0,F.F.F.
165114,168711.0,1944-07-13,8,FRANCE,UNIDENTIFIED TARGET,UNIDENTIFIED TARGETS,48.25,8.0,B24,1.0,1.0,,3.0,,,3.0,NOT INDICATED
166268,105290.0,1944-07-15,9,FRANCE,TACTICAL TARGETS,TACTICAL TARGETS: (UNIDENTIFIED OR NOT LISTED BELOW),49.12,-1.08,B26,,,123.0,6.0,,,6.0,VISUAL
166264,105294.0,1944-07-15,15,BULGARIA,UNIDENTIFIED TARGET,UNIDENTIFIED TARGETS,43.63,22.88,B24,2.0,1.0,,3.0,,,3.0,NOT INDICATED
166266,105295.0,1944-07-15,9,FRANCE,UNIDENTIFIED TARGET,UNIDENTIFIED TARGETS,49.12,-1.08,B26,,,130.0,1.0,,,1.0,F.F.F.
166265,168777.0,1944-07-15,15,BULGARIA,UNIDENTIFIED TARGET,UNIDENTIFIED TARGETS,43.63,22.88,B24,2.0,1.0,,3.0,,,3.0,NOT INDICATED
166267,168778.0,1944-07-15,9,FRANCE,UNIDENTIFIED TARGET,UNIDENTIFIED TARGETS,49.12,-1.08,B26,,,130.0,1.0,,,1.0,F.F.F.
166263,168779.0,1944-07-15,15,BULGARIA,UNIDENTIFIED TARGET,UNIDENTIFIED TARGETS,43.63,22.88,B24,2.0,1.0,,3.0,,,3.0,NOT INDICATED
166269,208724.0,1944-07-15,9,FRANCE,TACTICAL TARGETS,TACTICAL TARGETS: (UNIDENTIFIED OR NOT LISTED BELOW),49.12,-1.08,B26,,,123.0,6.0,,,6.0,VISUAL
166270,208728.0,1944-07-15,9,FRANCE,TACTICAL TARGETS,TACTICAL TARGETS: (UNIDENTIFIED OR NOT LISTED BELOW),49.12,-1.08,B26,,,123.0,6.0,,,6.0,VISUAL
166885,105298.0,1944-07-16,9,FRANCE,UNIDENTIFIED TARGET,UNIDENTIFIED TARGETS,48.4,-0.63,B26,,,125.0,1.0,,,1.0,F.F.F.
166907,105301.0,1944-07-16,9,FRANCE,RR BRIDGE,BRIDGES,48.4,-0.63,B26,,,,,,,,VISUAL
166886,105302.0,1944-07-16,9,FRANCE,RR BRIDGE,BRIDGES,48.4,-0.63,B26,,,125.0,50.0,,,50.0,VISUAL
166635,105304.0,1944-07-16,15,AUSTRIA,OIL DEPOT,OIL STORAGE FACILITIES AND OTHER OIL INSTALLATIONS,48.2,16.37,B17,4.0,27.0,230.0,,80.0,,80.0,VISUAL
166902,105309.0,1944-07-16,9,FRANCE,BRIDGE,BRIDGES,47.22,-1.53,B26,,,105.0,69.0,,,69.0,VISUAL
166852,105311.0,1944-07-16,15,AUSTRIA,AIRDROME,AIR FIELDS AND AIRDROMES,46.0,16.88,B24,2.0,1.0,,,,2.0,2.0,NOT INDICATED
166889,105315.0,1944-07-16,9,FRANCE,AMMO DUMP,TACTICAL TARGETS: (UNIDENTIFIED OR NOT LISTED BELOW),47.88,-1.23,B26,,,125.0,29.0,,,29.0,VISUAL
166898,105316.0,1944-07-16,9,FRANCE,FUEL DUMP,SUPPLY DUMPS AND WAREHOUSES,47.88,-1.23,B26,,,110.0,46.0,,,46.0,VISUAL
166909,105317.0,1944-07-16,9,FRANCE,FUEL DUMP,SUPPLY DUMPS AND WAREHOUSES,47.88,-1.23,B26,,,,10.0,,,10.0,VISUAL
166896,105318.0,1944-07-16,9,FRANCE,FUEL DUMP,SUPPLY DUMPS AND WAREHOUSES,47.88,-1.23,B26,,,120.0,42.0,,,42.0,VISUAL
166900,105319.0,1944-07-16,9,FRANCE,NAVAL SUPPLY BASE,SUPPLY DUMPS AND WAREHOUSES,48.12,-1.67,B26,,,110.0,49.0,,,49.0,VISUAL
166629,105320.0,1944-07-16,15,AUSTRIA,AC ENG PLANT,ENGINE PLANTS,48.2,16.37,B24,4.0,23.0,240.0,56.0,,,56.0,NOT INDICATED
166632,105321.0,1944-07-16,15,AUSTRIA,AC ENG PLANT,ENGINE PLANTS,48.2,16.37,B24,4.0,29.0,238.0,,82.0,,82.0,F.F.F.
166843,105322.0,1944-07-16,15,AUSTRIA,AC ENG PLANT,ENGINE PLANTS,48.2,16.37,B24,4.0,27.0,220.0,64.0,,,64.0,F.F.F.
166637,105323.0,1944-07-16,15,AUSTRIA,ATZGERSDORF AC COMP PL,A/C COMPONENT PLANTS,48.2,16.37,B24,4.0,30.0,228.0,82.0,,,82.0,F.F.F.
166641,105324.0,1944-07-16,15,AUSTRIA,ATZGERSDORF AC COMP PL,A/C COMPONENT PLANTS,48.2,16.37,B24,4.0,21.0,224.0,53.0,,,53.0,NOT INDICATED
166849,105325.0,1944-07-16,15,GERMANY,AIRDROME,AIR FIELDS AND AIRDROMES,53.65,14.8,B24,4.0,27.0,203.0,,,61.0,61.0,VISUAL
166846,105329.0,1944-07-16,15,AUSTRIA,AIRDROME,AIR FIELDS AND AIRDROMES,48.2,16.37,B24,4.0,29.0,210.0,,,70.0,70.0,NOT INDICATED
166892,105350.0,1944-07-16,9,FRANCE,UNIDENTIFIED TARGET,UNIDENTIFIED TARGETS,49.12,-1.08,B26,,,125.0,60.0,,,60.0,NOT INDICATED
166894,105351.0,1944-07-16,9,FRANCE,UNIDENTIFIED TARGET,UNIDENTIFIED TARGETS,49.12,-1.08,B26,,,124.0,56.0,,,56.0,NOT INDICATED
166624,105353.0,1944-07-16,15,GERMANY,CITY AREA,CITIES TOWNS AND URBAN AREAS,48.37,10.88,B17,2.0,17.0,269.0,17.0,26.0,,43.0,F.F.F.
166621,105354.0,1944-07-16,15,GERMANY,CITY AREA,CITIES TOWNS AND URBAN AREAS,48.37,10.88,B17,2.0,18.0,270.0,17.0,26.0,,43.0,F.F.F.
166618,105355.0,1944-07-16,15,GERMANY,CITY AREA,CITIES TOWNS AND URBAN AREAS,48.37,10.88,B17,2.0,19.0,280.0,19.0,29.0,,48.0,F.F.F.
166630,168802.0,1944-07-16,15,AUSTRIA,AC ENG PLANT,ENGINE PLANTS,48.2,16.37,B24,4.0,23.0,240.0,56.0,,,56.0,NOT INDICATED
166633,168803.0,1944-07-16,15,AUSTRIA,AC ENG PLANT,ENGINE PLANTS,48.2,16.37,B24,4.0,29.0,238.0,,82.0,,82.0,F.F.F.
166844,168804.0,1944-07-16,15,AUSTRIA,AC ENG PLANT,ENGINE PLANTS,48.2,16.37,B24,4.0,27.0,220.0,64.0,,,64.0,F.F.F.
166638,168805.0,1944-07-16,15,AUSTRIA,ATZGERSDORF AC COMP PL,A/C COMPONENT PLANTS,48.2,16.37,B24,4.0,30.0,228.0,82.0,,,82.0,F.F.F.
166642,168806.0,1944-07-16,15,AUSTRIA,ATZGERSDORF AC COMP PL,A/C COMPONENT PLANTS,48.2,16.37,B24,4.0,21.0,224.0,53.0,,,53.0,NOT INDICATED
166887,168810.0,1944-07-16,9,FRANCE,UNIDENTIFIED TARGET,UNIDENTIFIED TARGETS,48.4,-0.63,B26,,,125.0,1.0,,,1.0,F.F.F.
166893,168814.0,1944-07-16,9,FRANCE,UNIDENTIFIED TARGET,UNIDENTIFIED TARGETS,49.12,-1.08,B26,,,125.0,60.0,,,60.0,NOT INDICATED
166895,168815.0,1944-07-16,9,FRANCE,UNIDENTIFIED TARGET,UNIDENTIFIED TARGETS,49.12,-1.08,B26,,,124.0,56.0,,,56.0,NOT INDICATED
166625,168817.0,1944-07-16,15,GERMANY,CITY AREA,CITIES TOWNS AND URBAN AREAS,48.37,10.88,B17,2.0,17.0,269.0,17.0,26.0,,43.0,F.F.F.
166622,168818.0,1944-07-16,15,GERMANY,CITY AREA,CITIES TOWNS AND URBAN AREAS,48.37,10.88,B17,2.0,18.0,270.0,17.0,26.0,,43.0,F.F.F.
166619,168819.0,1944-07-16,15,GERMANY,CITY AREA,CITIES TOWNS AND URBAN AREAS,48.37,10.88,B17,2.0,19.0,280.0,19.0,29.0,,48.0,F.F.F.
166875,168820.0,1944-07-16,9,GERMANY,CITY AREA,CITIES TOWNS AND URBAN AREAS,48.13,11.58,B17,4.0,21.0,270.0,53.0,,,53.0,F.F.F.
166871,168821.0,1944-07-16,9,GERMANY,CITY AREA,CITIES TOWNS AND URBAN AREAS,48.13,11.58,B17,4.0,16.0,275.0,38.0,,,38.0,F.F.F.
166912,168822.0,1944-07-16,9,GERMANY,CITY AREA,CITIES TOWNS AND URBAN AREAS,48.13,11.58,B17,4.0,1.0,,3.0,,,3.0,NOT INDICATED
166913,168823.0,1944-07-16,9,GERMANY,CITY AREA,CITIES TOWNS AND URBAN AREAS,48.13,11.58,B17,4.0,2.0,,2.0,3.0,,5.0,NOT INDICATED
166867,168824.0,1944-07-16,9,GERMANY,CITY AREA,CITIES TOWNS AND URBAN AREAS,48.13,11.58,B17,4.0,21.0,283.0,,29.0,,29.0,F.F.F.
166859,168825.0,1944-07-16,9,GERMANY,CITY AREA,CITIES TOWNS AND URBAN AREAS,48.13,11.58,B17,4.0,19.0,295.0,19.0,29.0,,48.0,F.F.F.
166872,168826.0,1944-07-16,9,GERMANY,CITY AREA,CITIES TOWNS AND URBAN AREAS,48.13,11.58,B17,4.0,17.0,275.0,43.0,,,43.0,F.F.F.
166861,168827.0,1944-07-16,9,GERMANY,CITY AREA,CITIES TOWNS AND URBAN AREAS,48.13,11.58,B17,4.0,18.0,286.0,18.0,27.0,,45.0,F.F.F.
166862,168828.0,1944-07-16,9,GERMANY,CITY AREA,CITIES TOWNS AND URBAN AREAS,48.13,11.58,B17,4.0,17.0,286.0,17.0,26.0,,43.0,F.F.F.
166876,168829.0,1944-07-16,9,GERMANY,CITY AREA,CITIES TOWNS AND URBAN AREAS,48.13,11.58,B17,4.0,14.0,270.0,14.0,20.0,,34.0,F.F.F.
166877,168830.0,1944-07-16,9,GERMANY,CITY AREA,CITIES TOWNS AND URBAN AREAS,48.13,11.58,B17,4.0,14.0,270.0,14.0,21.0,,35.0,F.F.F.
166883,168831.0,1944-07-16,9,GERMANY,CITY AREA,CITIES TOWNS AND URBAN AREAS,48.13,11.58,B17,4.0,18.0,255.0,21.0,24.0,,45.0,F.F.F.
166863,168832.0,1944-07-16,9,GERMANY,CITY AREA,CITIES TOWNS AND URBAN AREAS,48.13,11.58,B17,2.0,16.0,286.0,40.0,,,40.0,F.F.F.
166869,168833.0,1944-07-16,9,GERMANY,CITY AREA,CITIES TOWNS AND URBAN AREAS,48.13,11.58,B17,2.0,18.0,276.0,45.0,,,45.0,F.F.F.
166914,168834.0,1944-07-16,9,GERMANY,CITY AREA,CITIES TOWNS AND URBAN AREAS,48.13,11.58,B17,2.0,2.0,,5.0,,,5.0,NOT INDICATED
166881,168835.0,1944-07-16,9,GERMANY,CITY AREA,CITIES TOWNS AND URBAN AREAS,48.13,11.58,B17,2.0,11.0,265.0,28.0,,,28.0,F.F.F.
166626,168855.0,1944-07-16,15,GERMANY,CITY AREA,CITIES TOWNS AND URBAN AREAS,48.37,10.88,B17,2.0,17.0,269.0,17.0,26.0,,43.0,F.F.F.
166623,168856.0,1944-07-16,15,GERMANY,CITY AREA,CITIES TOWNS AND URBAN AREAS,48.37,10.88,B17,2.0,18.0,270.0,17.0,26.0,,43.0,F.F.F.
166620,168857.0,1944-07-16,15,GERMANY,CITY AREA,CITIES TOWNS AND URBAN AREAS,48.37,10.88,B17,2.0,19.0,280.0,19.0,29.0,,48.0,F.F.F.
166878,168858.0,1944-07-16,9,GERMANY,CITY AREA,CITIES TOWNS AND URBAN AREAS,48.13,11.58,B17,4.0,21.0,270.0,53.0,,,53.0,F.F.F.
166873,168859.0,1944-07-16,9,GERMANY,CITY AREA,CITIES TOWNS AND URBAN AREAS,48.13,11.58,B17,4.0,16.0,275.0,38.0,,,38.0,F.F.F.
166915,168860.0,1944-07-16,9,GERMANY,CITY AREA,CITIES TOWNS AND URBAN AREAS,48.13,11.58,B17,4.0,1.0,,3.0,,,3.0,NOT INDICATED
166916,168861.0,1944-07-16,9,GERMANY,CITY AREA,CITIES TOWNS AND URBAN AREAS,48.13,11.58,B17,4.0,2.0,,2.0,3.0,,5.0,NOT INDICATED
166868,168862.0,1944-07-16,9,GERMANY,CITY AREA,CITIES TOWNS AND URBAN AREAS,48.13,11.58,B17,4.0,21.0,283.0,,29.0,,29.0,F.F.F.
166860,168863.0,1944-07-16,9,GERMANY,CITY AREA,CITIES TOWNS AND URBAN AREAS,48.13,11.58,B17,4.0,19.0,295.0,19.0,29.0,,48.0,F.F.F.
166874,168864.0,1944-07-16,9,GERMANY,CITY AREA,CITIES TOWNS AND URBAN AREAS,48.13,11.58,B17,4.0,17.0,275.0,43.0,,,43.0,F.F.F.
166864,168865.0,1944-07-16,9,GERMANY,CITY AREA,CITIES TOWNS AND URBAN AREAS,48.13,11.58,B17,4.0,18.0,286.0,18.0,27.0,,45.0,F.F.F.
166865,168866.0,1944-07-16,9,GERMANY,CITY AREA,CITIES TOWNS AND URBAN AREAS,48.13,11.58,B17,4.0,17.0,286.0,17.0,26.0,,43.0,F.F.F.
166879,168867.0,1944-07-16,9,GERMANY,CITY AREA,CITIES TOWNS AND URBAN AREAS,48.13,11.58,B17,4.0,14.0,270.0,14.0,20.0,,34.0,F.F.F.
166880,168868.0,1944-07-16,9,GERMANY,CITY AREA,CITIES TOWNS AND URBAN AREAS,48.13,11.58,B17,4.0,14.0,270.0,14.0,21.0,,35.0,F.F.F.
166884,168869.0,1944-07-16,9,GERMANY,CITY AREA,CITIES TOWNS AND URBAN AREAS,48.13,11.58,B17,4.0,18.0,255.0,21.0,24.0,,45.0,F.F.F.
166866,168870.0,1944-07-16,9,GERMANY,CITY AREA,CITIES TOWNS AND URBAN AREAS,48.13,11.58,B17,2.0,16.0,286.0,40.0,,,40.0,F.F.F.
166870,168871.0,1944-07-16,9,GERMANY,CITY AREA,CITIES TOWNS AND URBAN AREAS,48.13,11.58,B17,2.0,18.0,276.0,45.0,,,45.0,F.F.F.
166917,168872.0,1944-07-16,9,GERMANY,CITY AREA,CITIES TOWNS AND URBAN AREAS,48.13,11.58,B17,2.0,2.0,,5.0,,,5.0,NOT INDICATED
166882,168873.0,1944-07-16,9,GERMANY,CITY AREA,CITIES TOWNS AND URBAN AREAS,48.13,11.58,B17,2.0,11.0,265.0,28.0,,,28.0,F.F.F.
166631,168877.0,1944-07-16,15,AUSTRIA,AC ENG PLANT,ENGINE PLANTS,48.2,16.37,B24,4.0,23.0,240.0,56.0,,,56.0,NOT INDICATED
166634,168878.0,1944-07-16,15,AUSTRIA,AC ENG PLANT,ENGINE PLANTS,48.2,16.37,B24,4.0,29.0,238.0,,82.0,,82.0,F.F.F.
166845,168879.0,1944-07-16,15,AUSTRIA,AC ENG PLANT,ENGINE PLANTS,48.2,16.37,B24,4.0,27.0,220.0,64.0,,,64.0,F.F.F.
166639,168880.0,1944-07-16,15,AUSTRIA,ATZGERSDORF AC COMP PL,A/C COMPONENT PLANTS,48.2,16.37,B24,4.0,30.0,228.0,82.0,,,82.0,F.F.F.
166616,168883.0,1944-07-16,15,GERMANY,BMW ENGINE WORKS,ENGINE PLANTS,48.13,11.58,B17,2.0,18.0,285.0,,25.0,,25.0,F.F.F.
166627,168884.0,1944-07-16,15,GERMANY,BMW ENGINE WORKS,ENGINE PLANTS,48.13,11.58,B17,2.0,17.0,250.0,,23.0,,23.0,F.F.F.
166636,168904.0,1944-07-16,15,AUSTRIA,OIL DEPOT,OIL STORAGE FACILITIES AND OTHER OIL INSTALLATIONS,48.2,16.37,B17,4.0,27.0,230.0,,80.0,,80.0,VISUAL
166857,168905.0,1944-07-16,12,AUSTRIA,MARSHALLING YARDS,"""RR INSTALLATIONS,  TRACKS,  MARSHALLING YARDS,  AND STATIONS""",48.2,16.37,B17,3.0,26.0,221.0,65.0,,,65.0,F.F.F.
166858,168906.0,1944-07-16,12,AUSTRIA,MARSHALLING YARDS,"""RR INSTALLATIONS,  TRACKS,  MARSHALLING YARDS,  AND STATIONS""",48.2,16.37,B17,3.0,25.0,215.0,63.0,,,63.0,F.F.F.
166855,168907.0,1944-07-16,12,AUSTRIA,MARSHALLING YARDS,"""RR INSTALLATIONS,  TRACKS,  MARSHALLING YARDS,  AND STATIONS""",48.2,16.37,B17,3.0,25.0,250.0,,75.0,,75.0,NOT INDICATED
166856,168908.0,1944-07-16,12,AUSTRIA,MARSHALLING YARDS,"""RR INSTALLATIONS,  TRACKS,  MARSHALLING YARDS,  AND STATIONS""",48.2,16.37,B17,3.0,27.0,227.0,68.0,,,68.0,NOT INDICATED
166640,192463.0,1944-07-16,15,AUSTRIA,ATZGERSDORF AC COMP PL,A/C COMPONENT PLANTS,48.2,16.37,B24,4.0,21.0,224.0,53.0,,,53.0,NOT INDICATED
166908,208738.0,1944-07-16,9,FRANCE,RR BRIDGE,BRIDGES,48.4,-0.63,B26,,,,,,,,VISUAL
166888,208739.0,1944-07-16,9,FRANCE,RR BRIDGE,BRIDGES,48.4,-0.63,B26,,,125.0,50.0,,,50.0,VISUAL
166903,208742.0,1944-07-16,9,FRANCE,BRIDGE,BRIDGES,47.22,-1.53,B26,,,105.0,69.0,,,69.0,VISUAL
166853,208750.0,1944-07-16,15,AUSTRIA,AIRDROME,AIR FIELDS AND AIRDROMES,46.0,16.88,B24,2.0,1.0,,,,2.0,2.0,NOT INDICATED
166850,208751.0,1944-07-16,15,GERMANY,AIRDROME,AIR FIELDS AND AIRDROMES,53.65,14.8,B24,4.0,27.0,203.0,,,61.0,61.0,VISUAL
166847,208752.0,1944-07-16,15,AUSTRIA,AIRDROME,AIR FIELDS AND AIRDROMES,48.2,16.37,B24,4.0,29.0,210.0,,,70.0,70.0,NOT INDICATED
166890,208753.0,1944-07-16,9,FRANCE,AMMO DUMP,TACTICAL TARGETS: (UNIDENTIFIED OR NOT LISTED BELOW),47.88,-1.23,B26,,,125.0,29.0,,,29.0,VISUAL
166905,208754.0,1944-07-16,9,FRANCE,FUEL DUMP,SUPPLY DUMPS AND WAREHOUSES,47.88,-1.23,B26,,,11.0,46.0,,,46.0,VISUAL
166910,208755.0,1944-07-16,9,FRANCE,FUEL DUMP,SUPPLY DUMPS AND WAREHOUSES,47.88,-1.23,B26,,,,10.0,,,10.0,VISUAL
166904,208756.0,1944-07-16,9,FRANCE,FUEL DUMP,SUPPLY DUMPS AND WAREHOUSES,47.88,-1.23,B26,,,12.0,42.0,,,42.0,VISUAL
166906,208757.0,1944-07-16,9,FRANCE,NAVAL SUPPLY BASE,SUPPLY DUMPS AND WAREHOUSES,48.12,-1.67,B26,,,11.0,49.0,,,49.0,VISUAL
166891,208761.0,1944-07-16,9,FRANCE,AMMO DUMP,TACTICAL TARGETS: (UNIDENTIFIED OR NOT LISTED BELOW),47.88,-1.23,B26,,,125.0,29.0,,,29.0,VISUAL
166899,208762.0,1944-07-16,9,FRANCE,FUEL DUMP,SUPPLY DUMPS AND WAREHOUSES,47.88,-1.23,B26,,,110.0,46.0,,,46.0,VISUAL
166911,208763.0,1944-07-16,9,FRANCE,FUEL DUMP,SUPPLY DUMPS AND WAREHOUSES,47.88,-1.23,B26,,,,10.0,,,10.0,VISUAL
166897,208764.0,1944-07-16,9,FRANCE,FUEL DUMP,SUPPLY DUMPS AND WAREHOUSES,47.88,-1.23,B26,,,120.0,42.0,,,42.0,VISUAL
166901,208765.0,1944-07-16,9,FRANCE,NAVAL SUPPLY BASE,SUPPLY DUMPS AND WAREHOUSES,48.12,-1.67,B26,,,110.0,49.0,,,49.0,VISUAL
166854,208769.0,1944-07-16,15,AUSTRIA,AIRDROME,AIR FIELDS AND AIRDROMES,46.0,16.88,B24,2.0,1.0,,,,2.0,2.0,NOT INDICATED
166848,208770.0,1944-07-16,15,AUSTRIA,AIRDROME,AIR FIELDS AND AIRDROMES,48.2,16.37,B24,4.0,29.0,210.0,,,70.0,70.0,NOT INDICATED
166851,208771.0,1944-07-16,15,GERMANY,AIRDROME,AIR FIELDS AND AIRDROMES,53.65,14.8,B24,4.0,27.0,203.0,,,61.0,61.0,VISUAL
166617,300047.0,1944-07-16,15,GERMANY,BMW ENGINE WORKS,ENGINE PLANTS,48.13,11.58,B17,2.0,18.0,285.0,,25.0,,25.0,F.F.F.
166628,300048.0,1944-07-16,15,GERMANY,BMW ENGINE WORKS,ENGINE PLANTS,48.13,11.58,B17,2.0,17.0,250.0,,23.0,,23.0,F.F.F.
167524,105370.0,1944-07-17,9,FRANCE,FUEL DUMP,SUPPLY DUMPS AND WAREHOUSES,48.13,-1.97,A20,,,125.0,34.0,,,34.0,VISUAL
167530,105371.0,1944-07-17,9,FRANCE,NAVAL SUPPLY BASE,SUPPLY DUMPS AND WAREHOUSES,48.12,-1.67,B26,,,110.0,,,61.0,61.0,VISUAL
167527,105372.0,1944-07-17,9,FRANCE,NAVAL SUPPLY BASE,SUPPLY DUMPS AND WAREHOUSES,48.12,-1.67,B26,,,125.0,49.0,,,49.0,VISUAL
167537,105376.0,1944-07-17,8,FRANCE,V WEAPON SITE,V - WEAPON LAUNCHING SITES,46.0,1.38,B24,4.0,7.0,220.0,25.0,,,25.0,VISUAL
167748,105382.0,1944-07-17,8,FRANCE,UNIDENTIFIED TARGET,UNIDENTIFIED TARGETS,47.92,3.27,B17,2.0,13.0,217.0,25.0,,,25.0,VISUAL
167533,105386.0,1944-07-17,8,FRANCE,CITY AREA,CITIES TOWNS AND URBAN AREAS,46.88,-1.58,B17,4.0,11.0,238.0,28.0,,,28.0,VISUAL
167754,105390.0,1944-07-17,8,FRANCE,UNIDENTIFIED TARGET,UNIDENTIFIED TARGETS,48.25,8.0,B24,1.0,1.0,,3.0,,,3.0,NOT INDICATED
167755,105391.0,1944-07-17,8,FRANCE,UNIDENTIFIED TARGET,UNIDENTIFIED TARGETS,48.25,8.0,B24,1.0,1.0,,4.0,,,4.0,NOT INDICATED
167756,105392.0,1944-07-17,8,FRANCE,UNIDENTIFIED TARGET,UNIDENTIFIED TARGETS,48.25,8.0,B17,1.0,1.0,,3.0,,,3.0,NOT INDICATED
167749,168928.0,1944-07-17,8,FRANCE,UNIDENTIFIED TARGET,UNIDENTIFIED TARGETS,47.92,3.27,B17,2.0,13.0,217.0,25.0,,,25.0,VISUAL
167522,168930.0,1944-07-17,9,FRANCE,UNIDENTIFIED TARGET,UNIDENTIFIED TARGETS,49.17,-1.17,B17,2.0,8.0,230.0,16.0,,,16.0,VISUAL
167757,168933.0,1944-07-17,8,FRANCE,UNIDENTIFIED TARGET,UNIDENTIFIED TARGETS,48.25,8.0,B24,1.0,1.0,,3.0,,,3.0,NOT INDICATED
167758,168934.0,1944-07-17,8,FRANCE,UNIDENTIFIED TARGET,UNIDENTIFIED TARGETS,48.25,8.0,B24,1.0,1.0,,4.0,,,4.0,NOT INDICATED
167759,168935.0,1944-07-17,8,FRANCE,UNIDENTIFIED TARGET,UNIDENTIFIED TARGETS,48.25,8.0,B17,1.0,1.0,,3.0,,,3.0,NOT INDICATED
167534,168940.0,1944-07-17,8,FRANCE,CITY AREA,CITIES TOWNS AND URBAN AREAS,46.88,-1.58,B17,4.0,11.0,238.0,28.0,,,28.0,VISUAL
167535,168948.0,1944-07-17,8,FRANCE,CITY AREA,CITIES TOWNS AND URBAN AREAS,46.88,-1.58,B17,4.0,11.0,238.0,28.0,,,28.0,VISUAL
167750,168949.0,1944-07-17,8,FRANCE,UNIDENTIFIED TARGET,UNIDENTIFIED TARGETS,47.92,3.27,B17,2.0,13.0,217.0,25.0,,,25.0,VISUAL
167523,168951.0,1944-07-17,9,FRANCE,UNIDENTIFIED TARGET,UNIDENTIFIED TARGETS,49.17,-1.17,B17,2.0,8.0,230.0,16.0,,,16.0,VISUAL
167760,168954.0,1944-07-17,8,FRANCE,UNIDENTIFIED TARGET,UNIDENTIFIED TARGETS,48.25,8.0,B24,1.0,1.0,,3.0,,,3.0,NOT INDICATED
167761,168955.0,1944-07-17,8,FRANCE,UNIDENTIFIED TARGET,UNIDENTIFIED TARGETS,48.25,8.0,B24,1.0,1.0,,4.0,,,4.0,NOT INDICATED
167762,168956.0,1944-07-17,8,FRANCE,UNIDENTIFIED TARGET,UNIDENTIFIED TARGETS,48.25,8.0,B17,1.0,1.0,,3.0,,,3.0,NOT INDICATED
167521,168972.0,1944-07-17,12,FRANCE,R R,"""RR INSTALLATIONS,  TRACKS,  MARSHALLING YARDS,  AND STATIONS""",47.63,6.87,B24,4.0,2.0,,1.0,,,1.0,NOT INDICATED
167519,168973.0,1944-07-17,12,FRANCE,R R,"""RR INSTALLATIONS,  TRACKS,  MARSHALLING YARDS,  AND STATIONS""",47.63,6.87,B24,4.0,18.0,210.0,52.0,,,52.0,VISUAL
167520,168974.0,1944-07-17,12,FRANCE,R R,"""RR INSTALLATIONS,  TRACKS,  MARSHALLING YARDS,  AND STATIONS""",47.63,6.87,B24,4.0,32.0,210.0,96.0,,,96.0,VISUAL
167753,169012.0,1944-07-17,8,HOLLAND OR NETHERLANDS,MARSHALLING YARD,"""RR INSTALLATIONS,  TRACKS,  MARSHALLING YARDS,  AND STATIONS""",45.95,7.97,B17,1.0,1.0,,3.0,,,3.0,NOT INDICATED
167536,208796.0,1944-07-17,8,FRANCE,V WEAPON SITE,V - WEAPON LAUNCHING SITES,46.0,1.38,B24,4.0,7.0,220.0,25.0,,,25.0,VISUAL
167525,208800.0,1944-07-17,9,FRANCE,FUEL DUMP,SUPPLY DUMPS AND WAREHOUSES,48.13,-1.97,A20,,,125.0,34.0,,,34.0,VISUAL
167532,208801.0,1944-07-17,9,FRANCE,NAVAL SUPPLY BASE,SUPPLY DUMPS AND WAREHOUSES,48.12,-1.67,B26,,,11.0,,,61.0,61.0,VISUAL
167528,208802.0,1944-07-17,9,FRANCE,NAVAL SUPPLY BASE,SUPPLY DUMPS AND WAREHOUSES,48.12,-1.67,B26,,,125.0,49.0,,,49.0,VISUAL
167526,208803.0,1944-07-17,9,FRANCE,FUEL DUMP,SUPPLY DUMPS AND WAREHOUSES,48.13,-1.97,A20,,,125.0,34.0,,,34.0,VISUAL
167531,208804.0,1944-07-17,9,FRANCE,NAVAL SUPPLY BASE,SUPPLY DUMPS AND WAREHOUSES,48.12,-1.67,B26,,,110.0,,,61.0,61.0,VISUAL
167529,208805.0,1944-07-17,9,FRANCE,NAVAL SUPPLY BASE,SUPPLY DUMPS AND WAREHOUSES,48.12,-1.67,B26,,,125.0,49.0,,,49.0,VISUAL
167538,208809.0,1944-07-17,8,FRANCE,V WEAPON SITE,V - WEAPON LAUNCHING SITES,46.0,1.38,B24,4.0,7.0,220.0,25.0,,,25.0,VISUAL
168128,105395.0,1944-07-18,15,GERMANY,MANZELL DD AC COMP,A/C COMPONENT PLANTS,47.65,9.5,B24,4.0,18.0,223.0,50.0,,,50.0,NOT INDICATED
168131,105396.0,1944-07-18,15,GERMANY,MANZELL DD AC COMP,A/C COMPONENT PLANTS,47.65,9.5,B24,4.0,22.0,220.0,53.0,,,53.0,NOT INDICATED
168132,105397.0,1944-07-18,15,GERMANY,MANZELL DD AC COMP,A/C COMPONENT PLANTS,47.65,9.5,B24,3.0,27.0,220.0,60.0,,,60.0,NOT INDICATED
168374,105399.0,1944-07-18,8,GERMANY,V WEAPON EXPERIMENTAL,V-WEAPON FACTORIES,54.15,13.77,B17,4.0,18.0,256.0,41.0,,,41.0,VISUAL
168375,105400.0,1944-07-18,8,GERMANY,V WEAPON EXPERIMENTAL,V-WEAPON FACTORIES,54.15,13.77,B17,4.0,18.0,256.0,,26.0,,26.0,VISUAL
168389,105401.0,1944-07-18,8,GERMANY,V WEAPON EXPERIMENTAL,V-WEAPON FACTORIES,54.15,13.77,B17,4.0,16.0,250.0,40.0,,,40.0,VISUAL
168413,105402.0,1944-07-18,8,GERMANY,V WEAPON EXPERIMENTAL,V-WEAPON FACTORIES,54.15,13.77,B17,4.0,18.0,240.0,45.0,,,45.0,VISUAL
168386,105403.0,1944-07-18,8,GERMANY,V WEAPON EXPERIMENTAL,V-WEAPON FACTORIES,54.15,13.77,B17,4.0,16.0,251.0,40.0,,,40.0,VISUAL
168425,105404.0,1944-07-18,8,GERMANY,V WEAPON EXPERIMENTAL,V-WEAPON FACTORIES,54.15,13.77,B17,4.0,20.0,233.0,50.0,,,50.0,VISUAL
168390,105405.0,1944-07-18,8,GERMANY,V WEAPON EXPERIMENTAL,V-WEAPON FACTORIES,54.15,13.77,B17,4.0,18.0,250.0,45.0,,,45.0,VISUAL
168414,105406.0,1944-07-18,8,GERMANY,V WEAPON EXPERIMENTAL,V-WEAPON FACTORIES,54.15,13.77,B17,4.0,18.0,240.0,44.0,,,44.0,VISUAL
168364,105407.0,1944-07-18,8,GERMANY,V WEAPON EXPERIMENTAL,V-WEAPON FACTORIES,54.15,13.77,B17,4.0,16.0,268.0,40.0,,,40.0,VISUAL
168391,105408.0,1944-07-18,8,GERMANY,V WEAPON EXPERIMENTAL,V-WEAPON FACTORIES,54.15,13.77,B17,4.0,18.0,250.0,45.0,,,45.0,VISUAL
168422,105409.0,1944-07-18,8,GERMANY,V WEAPON EXPERIMENTAL,V-WEAPON FACTORIES,54.15,13.77,B17,4.0,18.0,236.0,45.0,,,45.0,VISUAL
168401,105410.0,1944-07-18,8,GERMANY,V WEAPON EXPERIMENTAL,V-WEAPON FACTORIES,54.15,13.77,B17,4.0,18.0,247.0,45.0,,,45.0,VISUAL
168402,105411.0,1944-07-18,8,GERMANY,V WEAPON EXPERIMENTAL,V-WEAPON FACTORIES,54.15,13.77,B17,4.0,18.0,247.0,,24.0,,24.0,VISUAL
168403,105412.0,1944-07-18,8,GERMANY,V WEAPON EXPERIMENTAL,V-WEAPON FACTORIES,54.15,13.77,B17,4.0,2.0,247.0,,3.0,,3.0,VISUAL
168381,105413.0,1944-07-18,8,GERMANY,V WEAPON EXPERIMENTAL,V-WEAPON FACTORIES,54.15,13.77,B17,4.0,18.0,255.0,45.0,,,45.0,VISUAL
168382,105414.0,1944-07-18,8,GERMANY,V WEAPON EXPERIMENTAL,V-WEAPON FACTORIES,54.15,13.77,B17,4.0,17.0,255.0,42.0,,,42.0,VISUAL
168410,105415.0,1944-07-18,8,GERMANY,V WEAPON EXPERIMENTAL,V-WEAPON FACTORIES,54.15,13.77,B17,4.0,18.0,245.0,45.0,,,45.0,VISUAL
168398,105416.0,1944-07-18,8,GERMANY,V WEAPON EXPERIMENTAL,V-WEAPON FACTORIES,54.15,13.77,B17,4.0,16.0,248.0,40.0,,,40.0,VISUAL
168415,105417.0,1944-07-18,8,GERMANY,V WEAPON EXPERIMENTAL,V-WEAPON FACTORIES,54.15,13.77,B17,4.0,17.0,240.0,43.0,,,43.0,VISUAL
168368,105418.0,1944-07-18,8,GERMANY,V WEAPON EXPERIMENTAL,V-WEAPON FACTORIES,54.15,13.77,B17,4.0,18.0,260.0,45.0,,,45.0,VISUAL
168369,105419.0,1944-07-18,8,GERMANY,V WEAPON EXPERIMENTAL,V-WEAPON FACTORIES,54.15,13.77,B17,4.0,25.0,260.0,62.0,,,62.0,VISUAL
168349,105421.0,1944-07-18,9,FRANCE,UNIDENTIFIED TARGET,UNIDENTIFIED TARGETS,49.18,-0.17,B26,,,120.0,,,81.0,81.0,VISUAL
168355,105422.0,1944-07-18,9,FRANCE,UNIDENTIFIED TARGET,UNIDENTIFIED TARGETS,49.18,-0.17,B26,,,115.0,,,90.0,90.0,VISUAL
168357,105423.0,1944-07-18,9,FRANCE,UNIDENTIFIED TARGET,UNIDENTIFIED TARGETS,49.18,-0.17,B26,,,110.0,,,43.0,43.0,VISUAL
168359,105424.0,1944-07-18,9,FRANCE,UNIDENTIFIED TARGET,UNIDENTIFIED TARGETS,49.18,-0.17,B26,,,105.0,,,72.0,72.0,VISUAL
168350,105425.0,1944-07-18,9,FRANCE,UNIDENTIFIED TARGET,UNIDENTIFIED TARGETS,49.18,-0.17,A20,,,120.0,22.0,,,22.0,VISUAL
168351,105426.0,1944-07-18,9,FRANCE,UNIDENTIFIED TARGET,UNIDENTIFIED TARGETS,49.18,-0.17,A20,,,120.0,49.0,,,49.0,VISUAL
168643,105470.0,1944-07-18,8,FRANCE,TROOP CONCENTRATION,TROOP CONCENTRATIONS,49.08,-0.25,B24,4.0,24.0,152.0,65.0,,,65.0,VISUAL
168440,105471.0,1944-07-18,8,FRANCE,TROOP CONCENTRATION,TROOP CONCENTRATIONS,49.08,-0.25,B24,4.0,15.0,155.0,6.0,,28.0,34.0,VISUAL
168434,105472.0,1944-07-18,8,FRANCE,TROOP CONCENTRATION,TROOP CONCENTRATIONS,49.08,-0.25,B24,4.0,12.0,160.0,,,28.0,28.0,VISUAL
168431,105473.0,1944-07-18,8,FRANCE,TROOP CONCENTRATION,TROOP CONCENTRATIONS,49.08,-0.25,B24,4.0,19.0,163.0,,,41.0,41.0,VISUAL
168429,105474.0,1944-07-18,8,FRANCE,TROOP CONCENTRATION,TROOP CONCENTRATIONS,49.08,-0.25,B24,4.0,32.0,169.0,,,67.0,67.0,VISUAL
168437,105475.0,1944-07-18,8,FRANCE,TROOP CONCENTRATION,TROOP CONCENTRATIONS,49.08,-0.25,B24,4.0,36.0,160.0,86.0,,,86.0,VISUAL
168652,105476.0,1944-07-18,8,GERMANY,CITY AREA,CITIES TOWNS AND URBAN AREAS,54.15,13.77,B17,2.0,1.0,,3.0,,,3.0,NOT INDICATED
168646,105481.0,1944-07-18,8,GERMANY,CITY AREA,CITIES TOWNS AND URBAN AREAS,54.33,10.15,B17,4.0,3.0,,4.0,,,4.0,NOT INDICATED
168647,105482.0,1944-07-18,8,GERMANY,CITY AREA,CITIES TOWNS AND URBAN AREAS,54.33,10.15,B17,4.0,2.0,,3.0,,,3.0,NOT INDICATED
168129,169013.0,1944-07-18,15,GERMANY,MANZELL DD AC COMP,A/C COMPONENT PLANTS,47.65,9.5,B24,4.0,18.0,223.0,50.0,,,50.0,NOT INDICATED
168133,169014.0,1944-07-18,15,GERMANY,MANZELL DD AC COMP,A/C COMPONENT PLANTS,47.65,9.5,B24,4.0,22.0,220.0,53.0,,,53.0,NOT INDICATED
168134,169015.0,1944-07-18,15,GERMANY,MANZELL DD AC COMP,A/C COMPONENT PLANTS,47.65,9.5,B24,3.0,27.0,220.0,60.0,,,60.0,NOT INDICATED
168376,169017.0,1944-07-18,8,GERMANY,V WEAPON EXPERIMENTAL,V-WEAPON FACTORIES,54.15,13.77,B17,4.0,18.0,256.0,41.0,,,41.0,VISUAL
168377,169018.0,1944-07-18,8,GERMANY,V WEAPON EXPERIMENTAL,V-WEAPON FACTORIES,54.15,13.77,B17,4.0,18.0,256.0,,26.0,,26.0,VISUAL
168392,169019.0,1944-07-18,8,GERMANY,V WEAPON EXPERIMENTAL,V-WEAPON FACTORIES,54.15,13.77,B17,4.0,16.0,250.0,40.0,,,40.0,VISUAL
168416,169020.0,1944-07-18,8,GERMANY,V WEAPON EXPERIMENTAL,V-WEAPON FACTORIES,54.15,13.77,B17,4.0,18.0,240.0,45.0,,,45.0,VISUAL
168387,169021.0,1944-07-18,8,GERMANY,V WEAPON EXPERIMENTAL,V-WEAPON FACTORIES,54.15,13.77,B17,4.0,16.0,251.0,40.0,,,40.0,VISUAL
168426,169022.0,1944-07-18,8,GERMANY,V WEAPON EXPERIMENTAL,V-WEAPON FACTORIES,54.15,13.77,B17,4.0,20.0,233.0,50.0,,,50.0,VISUAL
168393,169023.0,1944-07-18,8,GERMANY,V WEAPON EXPERIMENTAL,V-WEAPON FACTORIES,54.15,13.77,B17,4.0,18.0,250.0,45.0,,,45.0,VISUAL
168417,169024.0,1944-07-18,8,GERMANY,V WEAPON EXPERIMENTAL,V-WEAPON FACTORIES,54.15,13.77,B17,4.0,18.0,240.0,44.0,,,44.0,VISUAL
168365,169025.0,1944-07-18,8,GERMANY,V WEAPON EXPERIMENTAL,V-WEAPON FACTORIES,54.15,13.77,B17,4.0,16.0,268.0,40.0,,,40.0,VISUAL
168394,169026.0,1944-07-18,8,GERMANY,V WEAPON EXPERIMENTAL,V-WEAPON FACTORIES,54.15,13.77,B17,4.0,18.0,250.0,45.0,,,45.0,VISUAL
168423,169027.0,1944-07-18,8,GERMANY,V WEAPON EXPERIMENTAL,V-WEAPON FACTORIES,54.15,13.77,B17,4.0,18.0,236.0,45.0,,,45.0,VISUAL
168404,169028.0,1944-07-18,8,GERMANY,V WEAPON EXPERIMENTAL,V-WEAPON FACTORIES,54.15,13.77,B17,4.0,18.0,247.0,45.0,,,45.0,VISUAL
168405,169029.0,1944-07-18,8,GERMANY,V WEAPON EXPERIMENTAL,V-WEAPON FACTORIES,54.15,13.77,B17,4.0,18.0,247.0,,24.0,,24.0,VISUAL
168406,169030.0,1944-07-18,8,GERMANY,V WEAPON EXPERIMENTAL,V-WEAPON FACTORIES,54.15,13.77,B17,4.0,2.0,247.0,,3.0,,3.0,VISUAL
168383,169031.0,1944-07-18,8,GERMANY,V WEAPON EXPERIMENTAL,V-WEAPON FACTORIES,54.15,13.77,B17,4.0,18.0,255.0,45.0,,,45.0,VISUAL
168384,169032.0,1944-07-18,8,GERMANY,V WEAPON EXPERIMENTAL,V-WEAPON FACTORIES,54.15,13.77,B17,4.0,17.0,255.0,42.0,,,42.0,VISUAL
168411,169033.0,1944-07-18,8,GERMANY,V WEAPON EXPERIMENTAL,V-WEAPON FACTORIES,54.15,13.77,B17,4.0,18.0,245.0,45.0,,,45.0,VISUAL
168399,169034.0,1944-07-18,8,GERMANY,V WEAPON EXPERIMENTAL,V-WEAPON FACTORIES,54.15,13.77,B17,4.0,16.0,248.0,40.0,,,40.0,VISUAL
168418,169035.0,1944-07-18,8,GERMANY,V WEAPON EXPERIMENTAL,V-WEAPON FACTORIES,54.15,13.77,B17,4.0,17.0,240.0,43.0,,,43.0,VISUAL
168370,169036.0,1944-07-18,8,GERMANY,V WEAPON EXPERIMENTAL,V-WEAPON FACTORIES,54.15,13.77,B17,4.0,18.0,260.0,45.0,,,45.0,VISUAL
168371,169037.0,1944-07-18,8,GERMANY,V WEAPON EXPERIMENTAL,V-WEAPON FACTORIES,54.15,13.77,B17,4.0,25.0,260.0,62.0,,,62.0,VISUAL
168352,169041.0,1944-07-18,9,FRANCE,UNIDENTIFIED TARGET,UNIDENTIFIED TARGETS,49.18,-0.17,B26,,,120.0,,,81.0,81.0,VISUAL
168356,169042.0,1944-07-18,9,FRANCE,UNIDENTIFIED TARGET,UNIDENTIFIED TARGETS,49.18,-0.17,B26,,,115.0,,,90.0,90.0,VISUAL
168358,169043.0,1944-07-18,9,FRANCE,UNIDENTIFIED TARGET,UNIDENTIFIED TARGETS,49.18,-0.17,B26,,,110.0,,,43.0,43.0,VISUAL
168360,169044.0,1944-07-18,9,FRANCE,UNIDENTIFIED TARGET,UNIDENTIFIED TARGETS,49.18,-0.17,B26,,,105.0,,,72.0,72.0,VISUAL
168353,169045.0,1944-07-18,9,FRANCE,UNIDENTIFIED TARGET,UNIDENTIFIED TARGETS,49.18,-0.17,A20,,,120.0,22.0,,,22.0,VISUAL
168354,169046.0,1944-07-18,9,FRANCE,UNIDENTIFIED TARGET,UNIDENTIFIED TARGETS,49.18,-0.17,A20,,,120.0,49.0,,,49.0,VISUAL
168648,169047.0,1944-07-18,8,GERMANY,CITY AREA,CITIES TOWNS AND URBAN AREAS,54.33,10.15,B17,4.0,3.0,,4.0,,,4.0,NOT INDICATED
168649,169048.0,1944-07-18,8,GERMANY,CITY AREA,CITIES TOWNS AND URBAN AREAS,54.33,10.15,B17,4.0,2.0,,3.0,,,3.0,NOT INDICATED
168653,169049.0,1944-07-18,8,GERMANY,CITY AREA,CITIES TOWNS AND URBAN AREAS,54.15,13.77,B17,2.0,1.0,,3.0,,,3.0,NOT INDICATED
168650,169054.0,1944-07-18,8,GERMANY,CITY AREA,CITIES TOWNS AND URBAN AREAS,54.33,10.15,B17,4.0,3.0,,4.0,,,4.0,NOT INDICATED
168651,169055.0,1944-07-18,8,GERMANY,CITY AREA,CITIES TOWNS AND URBAN AREAS,54.33,10.15,B17,4.0,2.0,,3.0,,,3.0,NOT INDICATED
168130,169058.0,1944-07-18,15,GERMANY,MANZELL DD AC COMP,A/C COMPONENT PLANTS,47.65,9.5,B24,4.0,18.0,223.0,50.0,,,50.0,NOT INDICATED
168135,169059.0,1944-07-18,15,GERMANY,MANZELL DD AC COMP,A/C COMPONENT PLANTS,47.65,9.5,B24,4.0,22.0,220.0,53.0,,,53.0,NOT INDICATED
168136,169060.0,1944-07-18,15,GERMANY,MANZELL DD AC COMP,A/C COMPONENT PLANTS,47.65,9.5,B24,3.0,27.0,220.0,60.0,,,60.0,NOT INDICATED
168378,169061.0,1944-07-18,8,GERMANY,V WEAPON EXPERIMENTAL,V-WEAPON FACTORIES,54.15,13.77,B17,4.0,18.0,256.0,41.0,,,41.0,VISUAL
168379,169062.0,1944-07-18,8,GERMANY,V WEAPON EXPERIMENTAL,V-WEAPON FACTORIES,54.15,13.77,B17,4.0,18.0,256.0,,26.0,,26.0,VISUAL
168395,169063.0,1944-07-18,8,GERMANY,V WEAPON EXPERIMENTAL,V-WEAPON FACTORIES,54.15,13.77,B17,4.0,16.0,250.0,40.0,,,40.0,VISUAL
168419,169064.0,1944-07-18,8,GERMANY,V WEAPON EXPERIMENTAL,V-WEAPON FACTORIES,54.15,13.77,B17,4.0,18.0,240.0,45.0,,,45.0,VISUAL
168388,169065.0,1944-07-18,8,GERMANY,V WEAPON EXPERIMENTAL,V-WEAPON FACTORIES,54.15,13.77,B17,4.0,16.0,251.0,40.0,,,40.0,VISUAL
168427,169066.0,1944-07-18,8,GERMANY,V WEAPON EXPERIMENTAL,V-WEAPON FACTORIES,54.15,13.77,B17,4.0,20.0,233.0,50.0,,,50.0,VISUAL
168396,169067.0,1944-07-18,8,GERMANY,V WEAPON EXPERIMENTAL,V-WEAPON FACTORIES,54.15,13.77,B17,4.0,18.0,250.0,45.0,,,45.0,VISUAL
168420,169068.0,1944-07-18,8,GERMANY,V WEAPON EXPERIMENTAL,V-WEAPON FACTORIES,54.15,13.77,B17,4.0,18.0,240.0,44.0,,,44.0,VISUAL
168366,169069.0,1944-07-18,8,GERMANY,V WEAPON EXPERIMENTAL,V-WEAPON FACTORIES,54.15,13.77,B17,4.0,17.0,268.0,40.0,,,40.0,VISUAL
168367,169070.0,1944-07-18,8,GERMANY,V WEAPON EXPERIMENTAL,V-WEAPON FACTORIES,54.15,13.77,B17,4.0,16.0,268.0,40.0,,,40.0,VISUAL
168397,169071.0,1944-07-18,8,GERMANY,V WEAPON EXPERIMENTAL,V-WEAPON FACTORIES,54.15,13.77,B17,4.0,18.0,250.0,45.0,,,45.0,VISUAL
168424,169072.0,1944-07-18,8,GERMANY,V WEAPON EXPERIMENTAL,V-WEAPON FACTORIES,54.15,13.77,B17,4.0,18.0,236.0,45.0,,,45.0,VISUAL
168407,169073.0,1944-07-18,8,GERMANY,V WEAPON EXPERIMENTAL,V-WEAPON FACTORIES,54.15,13.77,B17,4.0,18.0,247.0,45.0,,,45.0,VISUAL
168408,169074.0,1944-07-18,8,GERMANY,V WEAPON EXPERIMENTAL,V-WEAPON FACTORIES,54.15,13.77,B17,4.0,18.0,247.0,,24.0,,24.0,VISUAL
168409,169075.0,1944-07-18,8,GERMANY,V WEAPON EXPERIMENTAL,V-WEAPON FACTORIES,54.15,13.77,B17,4.0,2.0,247.0,,3.0,,3.0,VISUAL
168385,169076.0,1944-07-18,8,GERMANY,V WEAPON EXPERIMENTAL,V-WEAPON FACTORIES,54.15,13.77,B17,4.0,18.0,255.0,45.0,,,45.0,VISUAL
168412,169077.0,1944-07-18,8,GERMANY,V WEAPON EXPERIMENTAL,V-WEAPON FACTORIES,54.15,13.77,B17,4.0,18.0,245.0,45.0,,,45.0,VISUAL
168400,169078.0,1944-07-18,8,GERMANY,V WEAPON EXPERIMENTAL,V-WEAPON FACTORIES,54.15,13.77,B17,4.0,16.0,248.0,40.0,,,40.0,VISUAL
168421,169079.0,1944-07-18,8,GERMANY,V WEAPON EXPERIMENTAL,V-WEAPON FACTORIES,54.15,13.77,B17,4.0,17.0,240.0,43.0,,,43.0,VISUAL
168372,169080.0,1944-07-18,8,GERMANY,V WEAPON EXPERIMENTAL,V-WEAPON FACTORIES,54.15,13.77,B17,4.0,18.0,260.0,45.0,,,45.0,VISUAL
168373,169081.0,1944-07-18,8,GERMANY,V WEAPON EXPERIMENTAL,V-WEAPON FACTORIES,54.15,13.77,B17,4.0,25.0,260.0,62.0,,,62.0,VISUAL
168654,169084.0,1944-07-18,8,GERMANY,CITY AREA,CITIES TOWNS AND URBAN AREAS,54.15,13.77,B17,2.0,1.0,,3.0,,,3.0,NOT INDICATED
168361,169091.0,1944-07-18,9,FRANCE,MARSHALLING YARD,"""RR INSTALLATIONS,  TRACKS,  MARSHALLING YARDS,  AND STATIONS""",49.07,-0.05,B24,1.0,13.0,,,,28.0,28.0,NOT INDICATED
168380,192464.0,1944-07-18,8,GERMANY,V WEAPON EXPERIMENTAL,V-WEAPON FACTORIES,54.15,13.77,B17,4.0,17.0,255.0,42.0,,,42.0,VISUAL
168343,208826.0,1944-07-18,9,GERMANY,DOCK AREA,PORTS AND HARBORS,54.33,10.15,B17,4.0,18.0,256.0,45.0,,,45.0,F.F.F.
168344,208827.0,1944-07-18,9,GERMANY,DOCK AREA,PORTS AND HARBORS,54.33,10.15,B17,4.0,16.0,256.0,40.0,,,40.0,F.F.F.
168137,208828.0,1944-07-18,9,GERMANY,DOCK AREA,PORTS AND HARBORS,54.33,10.15,B17,4.0,17.0,277.0,43.0,,,43.0,F.F.F.
168141,208829.0,1944-07-18,9,GERMANY,DOCK AREA,PORTS AND HARBORS,54.33,10.15,B17,4.0,17.0,258.0,,25.0,,25.0,F.F.F.
168139,208830.0,1944-07-18,9,GERMANY,DOCK AREA,PORTS AND HARBORS,54.33,10.15,B17,4.0,17.0,266.0,43.0,,,43.0,F.F.F.
168347,208831.0,1944-07-18,9,GERMANY,DOCK AREA,PORTS AND HARBORS,54.33,10.15,B17,4.0,16.0,250.0,40.0,,,40.0,F.F.F.
168345,208836.0,1944-07-18,9,GERMANY,DOCK AREA,PORTS AND HARBORS,54.33,10.15,B17,4.0,18.0,256.0,45.0,,,45.0,F.F.F.
168346,208837.0,1944-07-18,9,GERMANY,DOCK AREA,PORTS AND HARBORS,54.33,10.15,B17,4.0,16.0,256.0,40.0,,,40.0,F.F.F.
168138,208838.0,1944-07-18,9,GERMANY,DOCK AREA,PORTS AND HARBORS,54.33,10.15,B17,4.0,17.0,277.0,43.0,,,43.0,F.F.F.
168142,208839.0,1944-07-18,9,GERMANY,DOCK AREA,PORTS AND HARBORS,54.33,10.15,B17,4.0,17.0,258.0,,25.0,,25.0,F.F.F.
168140,208840.0,1944-07-18,9,GERMANY,DOCK AREA,PORTS AND HARBORS,54.33,10.15,B17,4.0,17.0,266.0,43.0,,,43.0,F.F.F.
168348,208841.0,1944-07-18,9,GERMANY,DOCK AREA,PORTS AND HARBORS,54.33,10.15,B17,4.0,16.0,250.0,40.0,,,40.0,F.F.F.
168644,208857.0,1944-07-18,8,FRANCE,TROOP CONCENTRATION,TROOP CONCENTRATIONS,49.08,-0.25,B24,4.0,24.0,152.0,65.0,,,65.0,VISUAL
168441,208858.0,1944-07-18,8,FRANCE,TROOP CONCENTRATION,TROOP CONCENTRATIONS,49.08,-0.25,B24,4.0,15.0,155.0,6.0,,28.0,34.0,VISUAL
168435,208859.0,1944-07-18,8,FRANCE,TROOP CONCENTRATION,TROOP CONCENTRATIONS,49.08,-0.25,B24,4.0,12.0,160.0,,,28.0,28.0,VISUAL
168432,208860.0,1944-07-18,8,FRANCE,TROOP CONCENTRATION,TROOP CONCENTRATIONS,49.08,-0.25,B24,4.0,19.0,163.0,,,41.0,41.0,VISUAL
168428,208861.0,1944-07-18,8,FRANCE,TROOP CONCENTRATION,TROOP CONCENTRATIONS,49.08,-0.25,B24,4.0,32.0,169.0,,,67.0,67.0,VISUAL
168436,208862.0,1944-07-18,8,FRANCE,TROOP CONCENTRATION,TROOP CONCENTRATIONS,49.08,-0.25,B24,4.0,36.0,160.0,86.0,,,86.0,VISUAL
168645,208912.0,1944-07-18,8,FRANCE,TROOP CONCENTRATION,TROOP CONCENTRATIONS,49.08,-0.25,B24,4.0,24.0,152.0,65.0,,,65.0,VISUAL
168442,208913.0,1944-07-18,8,FRANCE,TROOP CONCENTRATION,TROOP CONCENTRATIONS,49.08,-0.25,B24,4.0,15.0,155.0,6.0,,28.0,34.0,VISUAL
168438,208914.0,1944-07-18,8,FRANCE,TROOP CONCENTRATION,TROOP CONCENTRATIONS,49.08,-0.25,B24,4.0,12.0,160.0,,,28.0,28.0,VISUAL
168433,208915.0,1944-07-18,8,FRANCE,TROOP CONCENTRATION,TROOP CONCENTRATIONS,49.08,-0.25,B24,4.0,19.0,163.0,,,41.0,41.0,VISUAL
168430,208916.0,1944-07-18,8,FRANCE,TROOP CONCENTRATION,TROOP CONCENTRATIONS,49.08,-0.25,B24,4.0,32.0,169.0,,,67.0,67.0,VISUAL
168439,208917.0,1944-07-18,8,FRANCE,TROOP CONCENTRATION,TROOP CONCENTRATIONS,49.08,-0.25,B24,4.0,36.0,160.0,86.0,,,86.0,VISUAL
169338,105483.0,1944-07-19,12,GERMANY,AC ASSEMBLY PLANTS,AIRCRAFT FACTORIES AND ASSEMBLY PLANTS,48.37,10.88,B17,4.0,12.0,255.0,,17.0,,17.0,VISUAL
169669,105484.0,1944-07-19,12,GERMANY,AC ASSEMBLY PLANTS,AIRCRAFT FACTORIES AND ASSEMBLY PLANTS,48.37,10.88,B17,4.0,2.0,,5.0,,,5.0,NOT INDICATED
169341,105485.0,1944-07-19,12,GERMANY,AC ASSEMBLY PLANTS,AIRCRAFT FACTORIES AND ASSEMBLY PLANTS,48.37,10.88,B17,4.0,9.0,252.0,18.0,,,18.0,VISUAL
169670,105486.0,1944-07-19,12,GERMANY,AC ASSEMBLY PLANTS,AIRCRAFT FACTORIES AND ASSEMBLY PLANTS,48.37,10.88,B17,4.0,1.0,,3.0,,,3.0,NOT INDICATED
169656,105487.0,1944-07-19,12,GERMANY,AC ASSEMBLY PLANTS,AIRCRAFT FACTORIES AND ASSEMBLY PLANTS,48.37,10.88,B17,4.0,12.0,240.0,30.0,,,30.0,VISUAL
169665,105488.0,1944-07-19,12,GERMANY,AC ASSEMBLY PLANTS,AIRCRAFT FACTORIES AND ASSEMBLY PLANTS,48.37,10.88,B17,4.0,12.0,232.0,,16.0,,16.0,VISUAL
169647,105489.0,1944-07-19,12,GERMANY,AC ASSEMBLY PLANTS,AIRCRAFT FACTORIES AND ASSEMBLY PLANTS,48.37,10.88,B17,4.0,12.0,246.0,,17.0,,17.0,VISUAL
169653,105490.0,1944-07-19,12,GERMANY,AC ASSEMBLY PLANTS,AIRCRAFT FACTORIES AND ASSEMBLY PLANTS,48.37,10.88,B17,4.0,9.0,245.0,23.0,,,23.0,VISUAL
169659,105491.0,1944-07-19,12,GERMANY,AC ASSEMBLY PLANTS,AIRCRAFT FACTORIES AND ASSEMBLY PLANTS,48.37,10.88,B17,4.0,11.0,236.0,28.0,,,28.0,VISUAL
169648,105492.0,1944-07-19,12,GERMANY,AC ASSEMBLY PLANTS,AIRCRAFT FACTORIES AND ASSEMBLY PLANTS,48.37,10.88,B17,4.0,12.0,246.0,,16.0,,16.0,VISUAL
169644,105493.0,1944-07-19,12,GERMANY,AC ASSEMBLY PLANTS,AIRCRAFT FACTORIES AND ASSEMBLY PLANTS,48.37,10.88,B17,4.0,10.0,248.0,25.0,,,25.0,VISUAL
169660,105494.0,1944-07-19,12,GERMANY,AC ASSEMBLY PLANTS,AIRCRAFT FACTORIES AND ASSEMBLY PLANTS,48.37,10.88,B17,4.0,11.0,236.0,28.0,,,28.0,VISUAL
169335,105495.0,1944-07-19,12,GERMANY,AC ASSEMBLY PLANTS,AIRCRAFT FACTORIES AND ASSEMBLY PLANTS,48.37,10.88,B17,4.0,13.0,256.0,5.0,14.0,,19.0,VISUAL
169982,105496.0,1944-07-19,8,GERMANY,MESSERSCHMITT AC FACTO,AIRCRAFT FACTORIES AND ASSEMBLY PLANTS,47.72,10.3,B24,4.0,18.0,172.0,45.0,,,45.0,VISUAL
169994,105497.0,1944-07-19,8,GERMANY,MESSERSCHMITT AC FACTO,AIRCRAFT FACTORIES AND ASSEMBLY PLANTS,47.72,10.3,B24,4.0,2.0,,2.0,,,2.0,NOT INDICATED
169977,105498.0,1944-07-19,8,GERMANY,MESSERSCHMITT AC FACTO,AIRCRAFT FACTORIES AND ASSEMBLY PLANTS,47.72,10.3,B24,4.0,19.0,195.0,,33.0,,33.0,VISUAL
169329,105500.0,1944-07-19,15,GERMANY,AC COMPONENT FCTY,A/C COMPONENT PLANTS,48.13,11.52,B24,4.0,24.0,210.0,58.0,,,58.0,NOT INDICATED
169320,105501.0,1944-07-19,15,GERMANY,AC COMPONENT FCTY,A/C COMPONENT PLANTS,48.13,11.52,B24,4.0,25.0,227.0,72.0,,,72.0,NOT INDICATED
169317,105502.0,1944-07-19,15,GERMANY,AC COMPONENT FCTY,A/C COMPONENT PLANTS,48.13,11.52,B24,4.0,20.0,230.0,49.0,,,49.0,NOT INDICATED
169326,105503.0,1944-07-19,15,GERMANY,AC COMPONENT FCTY,A/C COMPONENT PLANTS,48.13,11.52,B24,4.0,26.0,220.0,62.0,,,62.0,NOT INDICATED
169992,105504.0,1944-07-19,8,GERMANY,DAM,"""PUBLIC UTILITIES - ELECTRIC LIGHT AND POWER COMPANIES,  GAS COMPANIES, TELEPHONE COMPANIES,  WATER COMPANIES.  """,48.68,8.35,B24,1.0,14.0,,34.0,,,34.0,NOT INDICATED
169985,105505.0,1944-07-19,8,GERMANY,CHEMICAL PLANT,CHEMICAL PLANTS,49.87,8.65,B17,3.0,1.0,,2.0,,,2.0,NOT INDICATED
169966,105506.0,1944-07-19,8,GERMANY,CHEMICAL PLANT,CHEMICAL PLANTS,49.87,8.65,B17,3.0,14.0,231.0,,20.0,,20.0,VISUAL
169738,105507.0,1944-07-19,8,GERMANY,CHEMICAL WORKS,CHEMICAL PLANTS,48.13,11.58,B17,4.0,9.0,250.0,23.0,,,23.0,VISUAL
169962,105508.0,1944-07-19,8,GERMANY,CHEMICAL WORKS,CHEMICAL PLANTS,48.13,11.58,B17,4.0,13.0,240.0,33.0,,,33.0,VISUAL
169730,105509.0,1944-07-19,8,GERMANY,CHEMICAL WORKS,CHEMICAL PLANTS,48.13,11.58,B17,4.0,12.0,260.0,30.0,,,30.0,VISUAL
169739,105510.0,1944-07-19,8,GERMANY,CHEMICAL WORKS,CHEMICAL PLANTS,48.13,11.58,B17,4.0,9.0,250.0,23.0,,,23.0,VISUAL
169740,105511.0,1944-07-19,8,GERMANY,CHEMICAL WORKS,CHEMICAL PLANTS,48.13,11.58,B17,4.0,14.0,250.0,35.0,,,35.0,VISUAL
169741,105512.0,1944-07-19,8,GERMANY,CHEMICAL WORKS,CHEMICAL PLANTS,48.13,11.58,B17,4.0,12.0,250.0,30.0,,,30.0,VISUAL
169958,105513.0,1944-07-19,8,GERMANY,CHEMICAL WORKS,CHEMICAL PLANTS,48.13,11.58,B17,4.0,12.0,243.0,30.0,,,30.0,VISUAL
169726,105514.0,1944-07-19,8,GERMANY,CHEMICAL WORKS,CHEMICAL PLANTS,48.13,11.58,B17,4.0,11.0,265.0,28.0,,,28.0,VISUAL
169734,105515.0,1944-07-19,8,GERMANY,CHEMICAL WORKS,CHEMICAL PLANTS,48.13,11.58,B17,4.0,9.0,255.0,23.0,,,23.0,VISUAL
169989,105516.0,1944-07-19,8,GERMANY,BB PLT KUGEL FISCHER,BEARINGS MFG. PLANTS,49.98,10.63,B17,4.0,2.0,,2.0,,,2.0,NOT INDICATED
169973,105517.0,1944-07-19,8,GERMANY,BB PLT KUGEL FISCHER,BEARINGS MFG. PLANTS,49.98,10.63,B17,4.0,16.0,226.0,38.0,,,38.0,VISUAL
169975,105518.0,1944-07-19,8,GERMANY,BB PLT KUGEL FISCHER,BEARINGS MFG. PLANTS,49.98,10.63,B17,4.0,18.0,218.0,45.0,,,45.0,VISUAL
169954,105519.0,1944-07-19,8,GERMANY,BB PLT KUGEL FISCHER,BEARINGS MFG. PLANTS,49.98,10.63,B17,4.0,12.0,243.0,30.0,,,30.0,VISUAL
169955,105520.0,1944-07-19,8,GERMANY,BB PLT KUGEL FISCHER,BEARINGS MFG. PLANTS,49.98,10.63,B17,4.0,6.0,243.0,15.0,,,15.0,VISUAL
169701,105531.0,1944-07-19,9,FRANCE,MARSHALLING YARD,"""RR INSTALLATIONS,  TRACKS,  MARSHALLING YARDS,  AND STATIONS""",48.45,-2.03,A20,,,119.0,30.0,,,30.0,VISUAL
169697,105536.0,1944-07-19,9,FRANCE,RR BRIDGE,BRIDGES,47.43,-0.53,B26,,,127.0,66.0,,,66.0,VISUAL
169699,105542.0,1944-07-19,9,FRANCE,FUEL DUMP,SUPPLY DUMPS AND WAREHOUSES,48.03,-1.73,A20,,,120.0,34.0,,,34.0,VISUAL
169970,105543.0,1944-07-19,8,GERMANY,BMW AERO ENG PLANT,ENGINE PLANTS,48.17,11.58,B24,4.0,28.0,226.0,70.0,,,70.0,NOT INDICATED
169291,105546.0,1944-07-19,15,GERMANY,AIRDROME,AIR FIELDS AND AIRDROMES,48.17,10.87,B17,4.0,12.0,250.0,30.0,,,30.0,VISUAL
169297,105547.0,1944-07-19,15,GERMANY,AIRDROME,AIR FIELDS AND AIRDROMES,48.17,10.87,B17,4.0,10.0,245.0,,,20.0,20.0,VISUAL
169285,105548.0,1944-07-19,15,GERMANY,AIRDROME,AIR FIELDS AND AIRDROMES,48.17,10.87,B17,4.0,13.0,255.0,3.0,,24.0,27.0,VISUAL
169294,105549.0,1944-07-19,15,GERMANY,AIRDROME,AIR FIELDS AND AIRDROMES,48.17,10.87,B17,4.0,12.0,248.0,30.0,,,30.0,VISUAL
169300,105550.0,1944-07-19,15,GERMANY,AIRDROME,AIR FIELDS AND AIRDROMES,48.17,10.87,B17,4.0,12.0,243.0,30.0,,,30.0,VISUAL
169288,105551.0,1944-07-19,15,GERMANY,AIRDROME,AIR FIELDS AND AIRDROMES,48.17,10.87,B17,4.0,13.0,253.0,33.0,,,33.0,VISUAL
169303,105552.0,1944-07-19,15,GERMANY,AIRDROME,AIR FIELDS AND AIRDROMES,48.17,10.87,B17,4.0,10.0,240.0,,14.0,,14.0,VISUAL
169308,105553.0,1944-07-19,15,GERMANY,AIRDROME,AIR FIELDS AND AIRDROMES,48.17,10.87,B17,4.0,12.0,233.0,,17.0,,17.0,VISUAL
169332,105554.0,1944-07-19,15,GERMANY,AIRDROME,AIR FIELDS AND AIRDROMES,48.17,10.87,B17,2.0,2.0,,5.0,,,5.0,NOT INDICATED
169686,105560.0,1944-07-19,9,GERMANY,MILBERTSHOVEN ORD DEPO,SUPPLY DUMPS AND WAREHOUSES,48.13,11.58,B17,4.0,26.0,232.0,52.0,,,52.0,NOT INDICATED
169692,105561.0,1944-07-19,9,GERMANY,MILBERTSHOVEN ORD DEPO,SUPPLY DUMPS AND WAREHOUSES,48.13,11.58,B17,4.0,26.0,223.0,65.0,,,65.0,VISUAL
169683,105562.0,1944-07-19,9,GERMANY,MILBERTSHOVEN ORD DEPO,SUPPLY DUMPS AND WAREHOUSES,48.13,11.58,B17,4.0,25.0,233.0,59.0,,,59.0,NOT INDICATED
169680,105563.0,1944-07-19,9,GERMANY,MILBERTSHOVEN ORD DEPO,SUPPLY DUMPS AND WAREHOUSES,48.13,11.58,B17,4.0,25.0,244.0,62.0,,,62.0,F.F.F.
169677,105564.0,1944-07-19,9,GERMANY,MILBERTSHOVEN ORD DEPO,SUPPLY DUMPS AND WAREHOUSES,48.13,11.58,B17,4.0,25.0,250.0,49.0,,,49.0,VISUAL
169311,105566.0,1944-07-19,15,GERMANY,AIRDROME,AIR FIELDS AND AIRDROMES,48.13,11.58,B24,4.0,26.0,230.0,70.0,,,70.0,NOT INDICATED
169312,105567.0,1944-07-19,15,GERMANY,AIRDROME,AIR FIELDS AND AIRDROMES,48.13,11.58,B24,4.0,20.0,230.0,48.0,,,48.0,NOT INDICATED
169323,105568.0,1944-07-19,15,GERMANY,AIRDROME,AIR FIELDS AND AIRDROMES,48.13,11.58,B24,3.0,30.0,220.0,72.0,,,72.0,NOT INDICATED
169986,105572.0,1944-07-19,8,GERMANY,CHEMICAL PLANT,CHEMICAL PLANTS,49.87,8.65,B17,3.0,1.0,,2.0,,,2.0,NOT INDICATED
169967,105573.0,1944-07-19,8,GERMANY,CHEMICAL PLANT,CHEMICAL PLANTS,49.87,8.65,B17,3.0,14.0,231.0,,20.0,,20.0,VISUAL
169742,105574.0,1944-07-19,8,GERMANY,CHEMICAL WORKS,CHEMICAL PLANTS,48.13,11.58,B17,4.0,9.0,250.0,23.0,,,23.0,VISUAL
169963,105575.0,1944-07-19,8,GERMANY,CHEMICAL WORKS,CHEMICAL PLANTS,48.13,11.58,B17,4.0,13.0,240.0,33.0,,,33.0,VISUAL
169731,105576.0,1944-07-19,8,GERMANY,CHEMICAL WORKS,CHEMICAL PLANTS,48.13,11.58,B17,4.0,12.0,260.0,30.0,,,30.0,VISUAL
169943,105577.0,1944-07-19,8,GERMANY,CHEMICAL WORKS,CHEMICAL PLANTS,48.13,11.58,B17,4.0,9.0,250.0,23.0,,,23.0,VISUAL
169944,105578.0,1944-07-19,8,GERMANY,CHEMICAL WORKS,CHEMICAL PLANTS,48.13,11.58,B17,4.0,14.0,250.0,35.0,,,35.0,VISUAL
169945,105579.0,1944-07-19,8,GERMANY,CHEMICAL WORKS,CHEMICAL PLANTS,48.13,11.58,B17,4.0,12.0,250.0,30.0,,,30.0,VISUAL
169959,105580.0,1944-07-19,8,GERMANY,CHEMICAL WORKS,CHEMICAL PLANTS,48.13,11.58,B17,4.0,12.0,243.0,30.0,,,30.0,VISUAL
169727,105581.0,1944-07-19,8,GERMANY,CHEMICAL WORKS,CHEMICAL PLANTS,48.13,11.58,B17,4.0,11.0,265.0,28.0,,,28.0,VISUAL
169735,105582.0,1944-07-19,8,GERMANY,CHEMICAL WORKS,CHEMICAL PLANTS,48.13,11.58,B17,4.0,9.0,255.0,23.0,,,23.0,VISUAL
169704,105585.0,1944-07-19,9,GERMANY,CITY AREA,CITIES TOWNS AND URBAN AREAS,48.75,8.23,B24,1.0,9.0,,23.0,,,23.0,NOT INDICATED
169713,105587.0,1944-07-19,9,GERMANY,UNIDENTIFIED TARGET,UNIDENTIFIED TARGETS,48.13,11.58,B17,4.0,2.0,,4.0,,,4.0,NOT INDICATED
169714,105588.0,1944-07-19,9,GERMANY,UNIDENTIFIED TARGET,UNIDENTIFIED TARGETS,48.13,11.58,B17,4.0,2.0,,5.0,,,5.0,NOT INDICATED
169715,105589.0,1944-07-19,9,GERMANY,UNIDENTIFIED TARGET,UNIDENTIFIED TARGETS,48.13,11.58,B17,4.0,2.0,,5.0,,,5.0,NOT INDICATED
169707,105590.0,1944-07-19,9,GERMANY,CITY AREA,CITIES TOWNS AND URBAN AREAS,50.35,7.6,B24,3.0,1.0,,1.0,,,1.0,NOT INDICATED
169997,105594.0,1944-07-19,8,GERMANY,CITY AREA,CITIES TOWNS AND URBAN AREAS,50.9,6.35,B24,1.0,1.0,,3.0,,,3.0,NOT INDICATED
169674,105595.0,1944-07-19,12,GERMANY,CITY AREA,CITIES TOWNS AND URBAN AREAS,48.17,10.87,B17,4.0,1.0,,,1.0,,1.0,NOT INDICATED
169339,169097.0,1944-07-19,12,GERMANY,AC ASSEMBLY PLANTS,AIRCRAFT FACTORIES AND ASSEMBLY PLANTS,48.37,10.88,B17,4.0,12.0,255.0,,17.0,,17.0,VISUAL
169671,169098.0,1944-07-19,12,GERMANY,AC ASSEMBLY PLANTS,AIRCRAFT FACTORIES AND ASSEMBLY PLANTS,48.37,10.88,B17,4.0,2.0,,5.0,,,5.0,NOT INDICATED
169442,169099.0,1944-07-19,12,GERMANY,AC ASSEMBLY PLANTS,AIRCRAFT FACTORIES AND ASSEMBLY PLANTS,48.37,10.88,B17,4.0,9.0,252.0,18.0,,,18.0,VISUAL
169672,169100.0,1944-07-19,12,GERMANY,AC ASSEMBLY PLANTS,AIRCRAFT FACTORIES AND ASSEMBLY PLANTS,48.37,10.88,B17,4.0,1.0,,3.0,,,3.0,NOT INDICATED
169657,169101.0,1944-07-19,12,GERMANY,AC ASSEMBLY PLANTS,AIRCRAFT FACTORIES AND ASSEMBLY PLANTS,48.37,10.88,B17,4.0,12.0,240.0,30.0,,,30.0,VISUAL
169666,169102.0,1944-07-19,12,GERMANY,AC ASSEMBLY PLANTS,AIRCRAFT FACTORIES AND ASSEMBLY PLANTS,48.37,10.88,B17,4.0,12.0,232.0,,16.0,,16.0,VISUAL
169649,169103.0,1944-07-19,12,GERMANY,AC ASSEMBLY PLANTS,AIRCRAFT FACTORIES AND ASSEMBLY PLANTS,48.37,10.88,B17,4.0,12.0,246.0,,17.0,,17.0,VISUAL
169654,169104.0,1944-07-19,12,GERMANY,AC ASSEMBLY PLANTS,AIRCRAFT FACTORIES AND ASSEMBLY PLANTS,48.37,10.88,B17,4.0,9.0,245.0,23.0,,,23.0,VISUAL
169661,169105.0,1944-07-19,12,GERMANY,AC ASSEMBLY PLANTS,AIRCRAFT FACTORIES AND ASSEMBLY PLANTS,48.37,10.88,B17,4.0,11.0,236.0,28.0,,,28.0,VISUAL
169650,169106.0,1944-07-19,12,GERMANY,AC ASSEMBLY PLANTS,AIRCRAFT FACTORIES AND ASSEMBLY PLANTS,48.37,10.88,B17,4.0,12.0,246.0,,16.0,,16.0,VISUAL
169645,169107.0,1944-07-19,12,GERMANY,AC ASSEMBLY PLANTS,AIRCRAFT FACTORIES AND ASSEMBLY PLANTS,48.37,10.88,B17,4.0,10.0,248.0,25.0,,,25.0,VISUAL
169662,169108.0,1944-07-19,12,GERMANY,AC ASSEMBLY PLANTS,AIRCRAFT FACTORIES AND ASSEMBLY PLANTS,48.37,10.88,B17,4.0,11.0,236.0,28.0,,,28.0,VISUAL
169336,169109.0,1944-07-19,12,GERMANY,AC ASSEMBLY PLANTS,AIRCRAFT FACTORIES AND ASSEMBLY PLANTS,48.37,10.88,B17,4.0,13.0,256.0,5.0,14.0,,19.0,VISUAL
169983,169110.0,1944-07-19,8,GERMANY,MESSERSCHMITT AC FACTO,AIRCRAFT FACTORIES AND ASSEMBLY PLANTS,47.72,10.3,B24,4.0,18.0,172.0,45.0,,,45.0,VISUAL
169995,169111.0,1944-07-19,8,GERMANY,MESSERSCHMITT AC FACTO,AIRCRAFT FACTORIES AND ASSEMBLY PLANTS,47.72,10.3,B24,4.0,2.0,,2.0,,,2.0,NOT INDICATED
169978,169112.0,1944-07-19,8,GERMANY,MESSERSCHMITT AC FACTO,AIRCRAFT FACTORIES AND ASSEMBLY PLANTS,47.72,10.3,B24,4.0,19.0,195.0,,33.0,,33.0,VISUAL
169971,169113.0,1944-07-19,8,GERMANY,BMW AERO ENG PLANT,ENGINE PLANTS,48.17,11.58,B24,4.0,28.0,226.0,70.0,,,70.0,NOT INDICATED
169330,169114.0,1944-07-19,15,GERMANY,AC COMPONENT FCTY,A/C COMPONENT PLANTS,48.13,11.52,B24,4.0,24.0,210.0,58.0,,,58.0,NOT INDICATED
169321,169115.0,1944-07-19,15,GERMANY,AC COMPONENT FCTY,A/C COMPONENT PLANTS,48.13,11.52,B24,4.0,25.0,227.0,72.0,,,72.0,NOT INDICATED
169318,169116.0,1944-07-19,15,GERMANY,AC COMPONENT FCTY,A/C COMPONENT PLANTS,48.13,11.52,B24,4.0,20.0,230.0,49.0,,,49.0,NOT INDICATED
169327,169117.0,1944-07-19,15,GERMANY,AC COMPONENT FCTY,A/C COMPONENT PLANTS,48.13,11.52,B24,4.0,26.0,220.0,62.0,,,62.0,NOT INDICATED
169716,169118.0,1944-07-19,9,GERMANY,UNIDENTIFIED TARGET,UNIDENTIFIED TARGETS,48.13,11.58,B17,4.0,2.0,,4.0,,,4.0,NOT INDICATED
169719,169119.0,1944-07-19,9,GERMANY,UNIDENTIFIED TARGET,UNIDENTIFIED TARGETS,48.13,11.58,B17,4.0,2.0,,5.0,,,5.0,NOT INDICATED
169720,169120.0,1944-07-19,9,GERMANY,UNIDENTIFIED TARGET,UNIDENTIFIED TARGETS,48.13,11.58,B17,4.0,2.0,,5.0,,,5.0,NOT INDICATED
169705,169131.0,1944-07-19,9,GERMANY,CITY AREA,CITIES TOWNS AND URBAN AREAS,48.75,8.23,B24,1.0,9.0,,23.0,,,23.0,NOT INDICATED
169708,169132.0,1944-07-19,9,GERMANY,CITY AREA,CITIES TOWNS AND URBAN AREAS,50.35,7.6,B24,3.0,1.0,,1.0,,,1.0,NOT INDICATED
169998,169136.0,1944-07-19,8,GERMANY,CITY AREA,CITIES TOWNS AND URBAN AREAS,50.9,6.35,B24,1.0,1.0,,3.0,,,3.0,NOT INDICATED
169675,169137.0,1944-07-19,12,GERMANY,CITY AREA,CITIES TOWNS AND URBAN AREAS,48.17,10.87,B17,4.0,1.0,,,1.0,,1.0,NOT INDICATED
169706,169141.0,1944-07-19,9,GERMANY,CITY AREA,CITIES TOWNS AND URBAN AREAS,48.75,8.23,B24,1.0,9.0,,23.0,,,23.0,NOT INDICATED
169709,169142.0,1944-07-19,9,GERMANY,CITY AREA,CITIES TOWNS AND URBAN AREAS,50.35,7.6,B24,3.0,1.0,,1.0,,,1.0,NOT INDICATED
169999,169146.0,1944-07-19,8,GERMANY,CITY AREA,CITIES TOWNS AND URBAN AREAS,50.9,6.35,B24,1.0,1.0,,3.0,,,3.0,NOT INDICATED
169676,169147.0,1944-07-19,12,GERMANY,CITY AREA,CITIES TOWNS AND URBAN AREAS,48.17,10.87,B17,4.0,1.0,,,1.0,,1.0,NOT INDICATED
169991,169148.0,1944-07-19,8,GERMANY,DAM,"""PUBLIC UTILITIES - ELECTRIC LIGHT AND POWER COMPANIES,  GAS COMPANIES, TELEPHONE COMPANIES,  WATER COMPANIES.  """,48.68,8.35,B24,1.0,14.0,,34.0,,,34.0,NOT INDICATED
169993,169149.0,1944-07-19,8,GERMANY,DAM,"""PUBLIC UTILITIES - ELECTRIC LIGHT AND POWER COMPANIES,  GAS COMPANIES, TELEPHONE COMPANIES,  WATER COMPANIES.  """,48.68,8.35,B24,1.0,14.0,,34.0,,,34.0,NOT INDICATED
169987,169150.0,1944-07-19,8,GERMANY,CHEMICAL PLANT,CHEMICAL PLANTS,49.87,8.65,B17,3.0,1.0,,2.0,,,2.0,NOT INDICATED
169968,169151.0,1944-07-19,8,GERMANY,CHEMICAL PLANT,CHEMICAL PLANTS,49.87,8.65,B17,3.0,14.0,231.0,,20.0,,20.0,VISUAL
169946,169152.0,1944-07-19,8,GERMANY,CHEMICAL WORKS,CHEMICAL PLANTS,48.13,11.58,B17,4.0,9.0,250.0,23.0,,,23.0,VISUAL
169964,169153.0,1944-07-19,8,GERMANY,CHEMICAL WORKS,CHEMICAL PLANTS,48.13,11.58,B17,4.0,13.0,240.0,33.0,,,33.0,VISUAL
169732,169154.0,1944-07-19,8,GERMANY,CHEMICAL WORKS,CHEMICAL PLANTS,48.13,11.58,B17,4.0,12.0,260.0,30.0,,,30.0,VISUAL
169947,169155.0,1944-07-19,8,GERMANY,CHEMICAL WORKS,CHEMICAL PLANTS,48.13,11.58,B17,4.0,9.0,250.0,23.0,,,23.0,VISUAL
169948,169156.0,1944-07-19,8,GERMANY,CHEMICAL WORKS,CHEMICAL PLANTS,48.13,11.58,B17,4.0,14.0,250.0,35.0,,,35.0,VISUAL
169949,169157.0,1944-07-19,8,GERMANY,CHEMICAL WORKS,CHEMICAL PLANTS,48.13,11.58,B17,4.0,12.0,250.0,30.0,,,30.0,VISUAL
169960,169158.0,1944-07-19,8,GERMANY,CHEMICAL WORKS,CHEMICAL PLANTS,48.13,11.58,B17,4.0,12.0,243.0,30.0,,,30.0,VISUAL
169728,169159.0,1944-07-19,8,GERMANY,CHEMICAL WORKS,CHEMICAL PLANTS,48.13,11.58,B17,4.0,11.0,265.0,28.0,,,28.0,VISUAL
169736,169160.0,1944-07-19,8,GERMANY,CHEMICAL WORKS,CHEMICAL PLANTS,48.13,11.58,B17,4.0,9.0,255.0,23.0,,,23.0,VISUAL
169721,169162.0,1944-07-19,9,GERMANY,UNIDENTIFIED TARGET,UNIDENTIFIED TARGETS,48.13,11.58,B17,4.0,2.0,,4.0,,,4.0,NOT INDICATED
169722,169163.0,1944-07-19,9,GERMANY,UNIDENTIFIED TARGET,UNIDENTIFIED TARGETS,48.13,11.58,B17,4.0,2.0,,5.0,,,5.0,NOT INDICATED
169723,169164.0,1944-07-19,9,GERMANY,UNIDENTIFIED TARGET,UNIDENTIFIED TARGETS,48.13,11.58,B17,4.0,2.0,,5.0,,,5.0,NOT INDICATED
169972,169173.0,1944-07-19,8,GERMANY,BMW AERO ENG PLANT,ENGINE PLANTS,48.17,11.58,B24,4.0,28.0,226.0,70.0,,,70.0,NOT INDICATED
169340,169174.0,1944-07-19,12,GERMANY,AC ASSEMBLY PLANTS,AIRCRAFT FACTORIES AND ASSEMBLY PLANTS,48.37,10.88,B17,4.0,12.0,255.0,,17.0,,17.0,VISUAL
169643,169175.0,1944-07-19,12,GERMANY,AC ASSEMBLY PLANTS,AIRCRAFT FACTORIES AND ASSEMBLY PLANTS,48.37,10.88,B17,4.0,9.0,252.0,18.0,,,18.0,VISUAL
169673,169176.0,1944-07-19,12,GERMANY,AC ASSEMBLY PLANTS,AIRCRAFT FACTORIES AND ASSEMBLY PLANTS,48.37,10.88,B17,4.0,1.0,,3.0,,,3.0,NOT INDICATED
169658,169177.0,1944-07-19,12,GERMANY,AC ASSEMBLY PLANTS,AIRCRAFT FACTORIES AND ASSEMBLY PLANTS,48.37,10.88,B17,4.0,12.0,240.0,30.0,,,30.0,VISUAL
169667,169178.0,1944-07-19,12,GERMANY,AC ASSEMBLY PLANTS,AIRCRAFT FACTORIES AND ASSEMBLY PLANTS,48.37,10.88,B17,4.0,12.0,232.0,,16.0,,16.0,VISUAL
169651,169179.0,1944-07-19,12,GERMANY,AC ASSEMBLY PLANTS,AIRCRAFT FACTORIES AND ASSEMBLY PLANTS,48.37,10.88,B17,4.0,12.0,246.0,,17.0,,17.0,VISUAL
169655,169180.0,1944-07-19,12,GERMANY,AC ASSEMBLY PLANTS,AIRCRAFT FACTORIES AND ASSEMBLY PLANTS,48.37,10.88,B17,4.0,9.0,245.0,23.0,,,23.0,VISUAL
169663,169181.0,1944-07-19,12,GERMANY,AC ASSEMBLY PLANTS,AIRCRAFT FACTORIES AND ASSEMBLY PLANTS,48.37,10.88,B17,4.0,11.0,236.0,28.0,,,28.0,VISUAL
169652,169182.0,1944-07-19,12,GERMANY,AC ASSEMBLY PLANTS,AIRCRAFT FACTORIES AND ASSEMBLY PLANTS,48.37,10.88,B17,4.0,12.0,246.0,,16.0,,16.0,VISUAL
169646,169183.0,1944-07-19,12,GERMANY,AC ASSEMBLY PLANTS,AIRCRAFT FACTORIES AND ASSEMBLY PLANTS,48.37,10.88,B17,4.0,10.0,248.0,25.0,,,25.0,VISUAL
169664,169184.0,1944-07-19,12,GERMANY,AC ASSEMBLY PLANTS,AIRCRAFT FACTORIES AND ASSEMBLY PLANTS,48.37,10.88,B17,4.0,11.0,236.0,28.0,,,28.0,VISUAL
169337,169185.0,1944-07-19,12,GERMANY,AC ASSEMBLY PLANTS,AIRCRAFT FACTORIES AND ASSEMBLY PLANTS,48.37,10.88,B17,4.0,13.0,256.0,5.0,14.0,,19.0,VISUAL
169984,169186.0,1944-07-19,8,GERMANY,MESSERSCHMITT AC FACTO,AIRCRAFT FACTORIES AND ASSEMBLY PLANTS,47.72,10.3,B24,4.0,18.0,172.0,45.0,,,45.0,VISUAL
169996,169187.0,1944-07-19,8,GERMANY,MESSERSCHMITT AC FACTO,AIRCRAFT FACTORIES AND ASSEMBLY PLANTS,47.72,10.3,B24,4.0,2.0,,2.0,,,2.0,NOT INDICATED
169979,169188.0,1944-07-19,8,GERMANY,MESSERSCHMITT AC FACTO,AIRCRAFT FACTORIES AND ASSEMBLY PLANTS,47.72,10.3,B24,4.0,19.0,195.0,,33.0,,33.0,VISUAL
169981,169189.0,1944-07-19,8,GERMANY,MESSERSCHMITT AC FACTO,AIRCRAFT FACTORIES AND ASSEMBLY PLANTS,47.72,10.3,B24,4.0,23.0,175.0,58.0,,,58.0,VISUAL
169306,169190.0,1944-07-19,15,GERMANY,BMW ENGINE WORKS,ENGINE PLANTS,48.13,11.58,B24,4.0,12.0,240.0,30.0,,,30.0,NOT INDICATED
169331,169191.0,1944-07-19,15,GERMANY,AC COMPONENT FCTY,A/C COMPONENT PLANTS,48.13,11.52,B24,4.0,24.0,210.0,58.0,,,58.0,NOT INDICATED
169322,169192.0,1944-07-19,15,GERMANY,AC COMPONENT FCTY,A/C COMPONENT PLANTS,48.13,11.52,B24,4.0,25.0,227.0,72.0,,,72.0,NOT INDICATED
169319,169193.0,1944-07-19,15,GERMANY,AC COMPONENT FCTY,A/C COMPONENT PLANTS,48.13,11.52,B24,4.0,20.0,230.0,49.0,,,49.0,NOT INDICATED
169328,169194.0,1944-07-19,15,GERMANY,AC COMPONENT FCTY,A/C COMPONENT PLANTS,48.13,11.52,B24,4.0,26.0,220.0,62.0,,,62.0,NOT INDICATED
169990,169198.0,1944-07-19,8,GERMANY,BB PLT KUGEL FISCHER,BEARINGS MFG. PLANTS,49.98,10.63,B17,4.0,2.0,,2.0,,,2.0,NOT INDICATED
169974,169199.0,1944-07-19,8,GERMANY,BB PLT KUGEL FISCHER,BEARINGS MFG. PLANTS,49.98,10.63,B17,4.0,16.0,226.0,38.0,,,38.0,VISUAL
169976,169200.0,1944-07-19,8,GERMANY,BB PLT KUGEL FISCHER,BEARINGS MFG. PLANTS,49.98,10.63,B17,4.0,18.0,218.0,45.0,,,45.0,VISUAL
169956,169201.0,1944-07-19,8,GERMANY,BB PLT KUGEL FISCHER,BEARINGS MFG. PLANTS,49.98,10.63,B17,4.0,12.0,243.0,30.0,,,30.0,VISUAL
169957,169202.0,1944-07-19,8,GERMANY,BB PLT KUGEL FISCHER,BEARINGS MFG. PLANTS,49.98,10.63,B17,4.0,6.0,243.0,15.0,,,15.0,VISUAL
169988,169213.0,1944-07-19,8,GERMANY,CHEMICAL PLANT,CHEMICAL PLANTS,49.87,8.65,B17,3.0,1.0,,2.0,,,2.0,NOT INDICATED
169969,169214.0,1944-07-19,8,GERMANY,CHEMICAL PLANT,CHEMICAL PLANTS,49.87,8.65,B17,3.0,14.0,231.0,,20.0,,20.0,VISUAL
169950,169215.0,1944-07-19,8,GERMANY,CHEMICAL WORKS,CHEMICAL PLANTS,48.13,11.58,B17,4.0,9.0,250.0,23.0,,,23.0,VISUAL
169965,169216.0,1944-07-19,8,GERMANY,CHEMICAL WORKS,CHEMICAL PLANTS,48.13,11.58,B17,4.0,13.0,240.0,33.0,,,33.0,VISUAL
169733,169217.0,1944-07-19,8,GERMANY,CHEMICAL WORKS,CHEMICAL PLANTS,48.13,11.58,B17,4.0,12.0,260.0,30.0,,,30.0,VISUAL
169951,169218.0,1944-07-19,8,GERMANY,CHEMICAL WORKS,CHEMICAL PLANTS,48.13,11.58,B17,4.0,9.0,250.0,23.0,,,23.0,VISUAL
169952,169219.0,1944-07-19,8,GERMANY,CHEMICAL WORKS,CHEMICAL PLANTS,48.13,11.58,B17,4.0,14.0,250.0,35.0,,,35.0,VISUAL
169953,169220.0,1944-07-19,8,GERMANY,CHEMICAL WORKS,CHEMICAL PLANTS,48.13,11.58,B17,4.0,12.0,250.0,30.0,,,30.0,VISUAL
169961,169221.0,1944-07-19,8,GERMANY,CHEMICAL WORKS,CHEMICAL PLANTS,48.13,11.58,B17,4.0,12.0,243.0,30.0,,,30.0,VISUAL
169729,169222.0,1944-07-19,8,GERMANY,CHEMICAL WORKS,CHEMICAL PLANTS,48.13,11.58,B17,4.0,11.0,265.0,28.0,,,28.0,VISUAL
169737,169223.0,1944-07-19,8,GERMANY,CHEMICAL WORKS,CHEMICAL PLANTS,48.13,11.58,B17,4.0,9.0,255.0,23.0,,,23.0,VISUAL
169710,169231.0,1944-07-19,9,GERMANY,MARSHALLING YARD,"""RR INSTALLATIONS,  TRACKS,  MARSHALLING YARDS,  AND STATIONS""",50.35,7.6,B24,3.0,2.0,,2.0,,,2.0,NOT INDICATED
169695,169232.0,1944-07-19,9,GERMANY,MARSHALLING YARD,"""RR INSTALLATIONS,  TRACKS,  MARSHALLING YARDS,  AND STATIONS""",50.35,7.6,B24,3.0,39.0,222.0,81.0,22.0,,103.0,F.F.F.
169711,169233.0,1944-07-19,9,GERMANY,MARSHALLING YARD,"""RR INSTALLATIONS,  TRACKS,  MARSHALLING YARDS,  AND STATIONS""",50.35,7.6,B24,3.0,11.0,,3.0,,,33.0,NOT INDICATED
169696,169234.0,1944-07-19,9,GERMANY,MARSHALLING YARD,"""RR INSTALLATIONS,  TRACKS,  MARSHALLING YARDS,  AND STATIONS""",50.35,7.6,B24,3.0,9.0,220.0,18.0,4.0,,22.0,F.F.F.
169690,169235.0,1944-07-19,9,GERMANY,MARSHALLING YARD,"""RR INSTALLATIONS,  TRACKS,  MARSHALLING YARDS,  AND STATIONS""",50.35,7.6,B24,3.0,27.0,225.0,54.0,13.0,,67.0,F.F.F.
169712,169236.0,1944-07-19,9,GERMANY,MARSHALLING YARD,"""RR INSTALLATIONS,  TRACKS,  MARSHALLING YARDS,  AND STATIONS""",50.35,7.6,B24,1.0,1.0,,,2.0,,2.0,NOT INDICATED
169717,169239.0,1944-07-19,9,GERMANY,MARSHALLING YARD,"""RR INSTALLATIONS,  TRACKS,  MARSHALLING YARDS,  AND STATIONS""",48.13,11.58,B24,3.0,12.0,,30.0,,,30.0,NOT INDICATED
169691,169240.0,1944-07-19,9,GERMANY,MARSHALLING YARD,"""RR INSTALLATIONS,  TRACKS,  MARSHALLING YARDS,  AND STATIONS""",48.13,11.58,B24,2.0,28.0,225.0,70.0,,,70.0,NOT INDICATED
169718,169241.0,1944-07-19,9,GERMANY,MARSHALLING YARD,"""RR INSTALLATIONS,  TRACKS,  MARSHALLING YARDS,  AND STATIONS""",48.13,11.58,B24,2.0,13.0,,33.0,,,33.0,NOT INDICATED
169689,169242.0,1944-07-19,9,GERMANY,MARSHALLING YARD,"""RR INSTALLATIONS,  TRACKS,  MARSHALLING YARDS,  AND STATIONS""",48.13,11.58,B24,2.0,17.0,228.0,42.0,,,42.0,NOT INDICATED
169980,169251.0,1944-07-19,8,GERMANY,MESSERSCHMITT AC FACTO,AIRCRAFT FACTORIES AND ASSEMBLY PLANTS,47.72,10.3,B24,4.0,23.0,175.0,58.0,,,58.0,VISUAL
169668,192465.0,1944-07-19,12,GERMANY,AC ASSEMBLY PLANTS,AIRCRAFT FACTORIES AND ASSEMBLY PLANTS,48.37,10.88,B17,4.0,2.0,,5.0,,,5.0,NOT INDICATED
169687,201494.0,1944-07-19,9,GERMANY,MILBERTSHOVEN ORD DEPO,SUPPLY DUMPS AND WAREHOUSES,48.13,11.58,B17,4.0,26.0,232.0,52.0,,,52.0,NOT INDICATED
169693,201495.0,1944-07-19,9,GERMANY,MILBERTSHOVEN ORD DEPO,SUPPLY DUMPS AND WAREHOUSES,48.13,11.58,B17,4.0,26.0,223.0,65.0,,,65.0,VISUAL
169684,201496.0,1944-07-19,9,GERMANY,MILBERTSHOVEN ORD DEPO,SUPPLY DUMPS AND WAREHOUSES,48.13,11.58,B17,4.0,25.0,233.0,59.0,,,59.0,NOT INDICATED
169681,201497.0,1944-07-19,9,GERMANY,MILBERTSHOVEN ORD DEPO,SUPPLY DUMPS AND WAREHOUSES,48.13,11.58,B17,4.0,25.0,244.0,62.0,,,62.0,F.F.F.
169678,201498.0,1944-07-19,9,GERMANY,MILBERTSHOVEN ORD DEPO,SUPPLY DUMPS AND WAREHOUSES,48.13,11.58,B17,4.0,25.0,250.0,49.0,,,49.0,VISUAL
169702,208925.0,1944-07-19,9,FRANCE,MARSHALLING YARD,"""RR INSTALLATIONS,  TRACKS,  MARSHALLING YARDS,  AND STATIONS""",48.45,-2.03,A20,,,119.0,30.0,,,30.0,VISUAL
169698,208927.0,1944-07-19,9,FRANCE,RR BRIDGE,BRIDGES,47.43,-0.53,B26,,,127.0,66.0,,,66.0,VISUAL
169292,208938.0,1944-07-19,15,GERMANY,AIRDROME,AIR FIELDS AND AIRDROMES,48.17,10.87,B17,4.0,12.0,250.0,30.0,,,30.0,VISUAL
169298,208939.0,1944-07-19,15,GERMANY,AIRDROME,AIR FIELDS AND AIRDROMES,48.17,10.87,B17,4.0,10.0,245.0,,,20.0,20.0,VISUAL
169286,208940.0,1944-07-19,15,GERMANY,AIRDROME,AIR FIELDS AND AIRDROMES,48.17,10.87,B17,4.0,13.0,255.0,3.0,,24.0,27.0,VISUAL
169295,208941.0,1944-07-19,15,GERMANY,AIRDROME,AIR FIELDS AND AIRDROMES,48.17,10.87,B17,4.0,12.0,248.0,30.0,,,30.0,VISUAL
169301,208942.0,1944-07-19,15,GERMANY,AIRDROME,AIR FIELDS AND AIRDROMES,48.17,10.87,B17,4.0,12.0,243.0,30.0,,,30.0,VISUAL
169289,208943.0,1944-07-19,15,GERMANY,AIRDROME,AIR FIELDS AND AIRDROMES,48.17,10.87,B17,4.0,13.0,253.0,33.0,,,33.0,VISUAL
169304,208944.0,1944-07-19,15,GERMANY,AIRDROME,AIR FIELDS AND AIRDROMES,48.17,10.87,B17,4.0,10.0,240.0,,14.0,,14.0,VISUAL
169309,208945.0,1944-07-19,15,GERMANY,AIRDROME,AIR FIELDS AND AIRDROMES,48.17,10.87,B17,4.0,12.0,233.0,,17.0,,17.0,VISUAL
169333,208946.0,1944-07-19,15,GERMANY,AIRDROME,AIR FIELDS AND AIRDROMES,48.17,10.87,B17,2.0,2.0,,5.0,,,5.0,NOT INDICATED
169313,208952.0,1944-07-19,15,GERMANY,AIRDROME,AIR FIELDS AND AIRDROMES,48.13,11.58,B24,4.0,26.0,230.0,70.0,,,70.0,NOT INDICATED
169314,208953.0,1944-07-19,15,GERMANY,AIRDROME,AIR FIELDS AND AIRDROMES,48.13,11.58,B24,4.0,20.0,230.0,48.0,,,48.0,NOT INDICATED
169324,208954.0,1944-07-19,15,GERMANY,AIRDROME,AIR FIELDS AND AIRDROMES,48.13,11.58,B24,3.0,30.0,220.0,72.0,,,72.0,NOT INDICATED
169703,208961.0,1944-07-19,9,FRANCE,FUEL DUMP,SUPPLY DUMPS AND WAREHOUSES,48.03,-1.73,A20,,,12.0,34.0,,,34.0,VISUAL
169700,208962.0,1944-07-19,9,FRANCE,FUEL DUMP,SUPPLY DUMPS AND WAREHOUSES,48.03,-1.73,A20,,,120.0,34.0,,,34.0,VISUAL
169688,208963.0,1944-07-19,9,GERMANY,MILBERTSHOVEN ORD DEPO,SUPPLY DUMPS AND WAREHOUSES,48.13,11.58,B17,4.0,26.0,232.0,52.0,,,52.0,NOT INDICATED
169694,208964.0,1944-07-19,9,GERMANY,MILBERTSHOVEN ORD DEPO,SUPPLY DUMPS AND WAREHOUSES,48.13,11.58,B17,4.0,26.0,223.0,65.0,,,65.0,VISUAL
169685,208965.0,1944-07-19,9,GERMANY,MILBERTSHOVEN ORD DEPO,SUPPLY DUMPS AND WAREHOUSES,48.13,11.58,B17,4.0,25.0,233.0,59.0,,,59.0,NOT INDICATED
169682,208966.0,1944-07-19,9,GERMANY,MILBERTSHOVEN ORD DEPO,SUPPLY DUMPS AND WAREHOUSES,48.13,11.58,B17,4.0,25.0,244.0,62.0,,,62.0,F.F.F.
169679,208967.0,1944-07-19,9,GERMANY,MILBERTSHOVEN ORD DEPO,SUPPLY DUMPS AND WAREHOUSES,48.13,11.58,B17,4.0,25.0,250.0,49.0,,,49.0,VISUAL
169293,208971.0,1944-07-19,15,GERMANY,AIRDROME,AIR FIELDS AND AIRDROMES,48.17,10.87,B17,4.0,12.0,250.0,30.0,,,30.0,VISUAL
169299,208972.0,1944-07-19,15,GERMANY,AIRDROME,AIR FIELDS AND AIRDROMES,48.17,10.87,B17,4.0,10.0,245.0,,,20.0,20.0,VISUAL
169287,208973.0,1944-07-19,15,GERMANY,AIRDROME,AIR FIELDS AND AIRDROMES,48.17,10.87,B17,4.0,13.0,255.0,3.0,,24.0,27.0,VISUAL
169296,208974.0,1944-07-19,15,GERMANY,AIRDROME,AIR FIELDS AND AIRDROMES,48.17,10.87,B17,4.0,12.0,248.0,30.0,,,30.0,VISUAL
169302,208975.0,1944-07-19,15,GERMANY,AIRDROME,AIR FIELDS AND AIRDROMES,48.17,10.87,B17,4.0,12.0,243.0,30.0,,,30.0,VISUAL
169290,208976.0,1944-07-19,15,GERMANY,AIRDROME,AIR FIELDS AND AIRDROMES,48.17,10.87,B17,4.0,13.0,253.0,33.0,,,33.0,VISUAL
169305,208977.0,1944-07-19,15,GERMANY,AIRDROME,AIR FIELDS AND AIRDROMES,48.17,10.87,B17,4.0,10.0,240.0,,14.0,,14.0,VISUAL
169310,208978.0,1944-07-19,15,GERMANY,AIRDROME,AIR FIELDS AND AIRDROMES,48.17,10.87,B17,4.0,12.0,233.0,,17.0,,17.0,VISUAL
169334,208979.0,1944-07-19,15,GERMANY,AIRDROME,AIR FIELDS AND AIRDROMES,48.17,10.87,B17,2.0,2.0,,5.0,,,5.0,NOT INDICATED
169315,208983.0,1944-07-19,15,GERMANY,AIRDROME,AIR FIELDS AND AIRDROMES,48.13,11.58,B24,4.0,26.0,230.0,70.0,,,70.0,NOT INDICATED
169316,208984.0,1944-07-19,15,GERMANY,AIRDROME,AIR FIELDS AND AIRDROMES,48.13,11.58,B24,4.0,20.0,230.0,48.0,,,48.0,NOT INDICATED
169325,208985.0,1944-07-19,15,GERMANY,AIRDROME,AIR FIELDS AND AIRDROMES,48.13,11.58,B24,3.0,30.0,220.0,72.0,,,72.0,NOT INDICATED
169307,300049.0,1944-07-19,15,GERMANY,BMW ENGINE WORKS,ENGINE PLANTS,48.13,11.58,B24,4.0,12.0,240.0,30.0,,,30.0,NOT INDICATED
170914,105606.0,1944-07-20,8,GERMANY,JUNKERS AERO ENGINE,ENGINE PLANTS,51.75,11.88,B17,4.0,10.0,250.0,25.0,,,25.0,VISUAL
170926,105607.0,1944-07-20,8,GERMANY,JUNKERS AERO ENGINE,ENGINE PLANTS,51.75,11.88,B17,4.0,10.0,240.0,25.0,,,25.0,VISUAL
170905,105608.0,1944-07-20,8,GERMANY,JUNKERS AERO ENGINE,ENGINE PLANTS,51.75,11.88,B17,4.0,12.0,261.0,30.0,,,30.0,VISUAL
170908,105609.0,1944-07-20,8,GERMANY,JUNKERS AERO ENGINE,ENGINE PLANTS,51.75,11.88,B17,4.0,2.0,254.0,5.0,,,5.0,VISUAL
170909,105610.0,1944-07-20,8,GERMANY,JUNKERS AERO ENGINE,ENGINE PLANTS,51.75,11.88,B17,4.0,12.0,254.0,30.0,,,30.0,VISUAL
170920,105611.0,1944-07-20,8,GERMANY,JUNKERS AERO ENGINE,ENGINE PLANTS,51.75,11.88,B17,4.0,13.0,244.0,33.0,,,33.0,VISUAL
170899,105612.0,1944-07-20,8,GERMANY,JUNKERS AERO ENGINE,ENGINE PLANTS,51.75,11.88,B17,4.0,9.0,264.0,22.0,,,22.0,VISUAL
170929,105613.0,1944-07-20,8,GERMANY,JUNKERS AERO ENGINE,ENGINE PLANTS,51.75,11.88,B17,4.0,12.0,238.0,,17.0,,17.0,VISUAL
171157,105614.0,1944-07-20,8,GERMANY,AC FACTORY,AIRCRAFT FACTORIES AND ASSEMBLY PLANTS,50.97,10.33,B24,4.0,21.0,205.0,33.0,17.0,,50.0,VISUAL
170597,105615.0,1944-07-20,15,GERMANY,AC FACTORY,AIRCRAFT FACTORIES AND ASSEMBLY PLANTS,47.65,9.5,B24,4.0,29.0,215.0,72.0,,,72.0,NOT INDICATED
170594,105616.0,1944-07-20,15,GERMANY,AC FACTORY,AIRCRAFT FACTORIES AND ASSEMBLY PLANTS,47.65,9.5,B24,4.0,23.0,230.0,57.0,,,57.0,NOT INDICATED
170591,105617.0,1944-07-20,15,GERMANY,AC FACTORY,AIRCRAFT FACTORIES AND ASSEMBLY PLANTS,47.65,9.5,B24,4.0,32.0,238.0,80.0,,,80.0,NOT INDICATED
170619,105634.0,1944-07-20,9,GERMANY,WINTERSHALL SYN OIL,OIL REFINERIES,51.3,11.85,B17,4.0,17.0,254.0,40.0,,,40.0,VISUAL
170605,105635.0,1944-07-20,9,GERMANY,WINTERSHALL SYN OIL,OIL REFINERIES,51.3,11.85,B17,4.0,13.0,265.0,33.0,,,33.0,VISUAL
170630,105636.0,1944-07-20,9,GERMANY,WINTERSHALL SYN OIL,OIL REFINERIES,51.3,11.85,B17,4.0,17.0,244.0,43.0,,,43.0,VISUAL
170894,105637.0,1944-07-20,9,GERMANY,WINTERSHALL SYN OIL,OIL REFINERIES,51.3,11.85,B17,4.0,5.0,,13.0,,,13.0,NOT INDICATED
170895,105638.0,1944-07-20,9,GERMANY,WINTERSHALL SYN OIL,OIL REFINERIES,51.3,11.85,B17,2.0,1.0,,3.0,,,3.0,NOT INDICATED
170851,105656.0,1944-07-20,9,GERMANY,AIRDROME,AIR FIELDS AND AIRDROMES,50.6,8.68,B17,2.0,12.0,210.0,3.0,15.0,,18.0,VISUAL
170600,105660.0,1944-07-20,15,GERMANY,AIRDROME,AIR FIELDS AND AIRDROMES,47.88,10.62,B17,2.0,1.0,,3.0,,,3.0,NOT INDICATED
170902,105661.0,1944-07-20,8,GERMANY,AIRDROME,AIR FIELDS AND AIRDROMES,51.2,11.27,B17,3.0,12.0,261.0,30.0,,,30.0,VISUAL
170923,105662.0,1944-07-20,8,GERMANY,AIRDROME,AIR FIELDS AND AIRDROMES,51.2,11.27,B17,3.0,11.0,240.0,28.0,,,28.0,VISUAL
170876,105674.0,1944-07-20,9,GERMANY,AIR FIELD,AIR FIELDS AND AIRDROMES,50.97,11.03,B24,1.0,9.0,,27.0,,,27.0,NOT INDICATED
170936,105675.0,1944-07-20,8,GERMANY,AIRDROME,AIR FIELDS AND AIRDROMES,47.65,9.5,B24,4.0,27.0,223.0,64.0,,,64.0,NOT INDICATED
171160,105676.0,1944-07-20,8,GERMANY,AIRDROME,AIR FIELDS AND AIRDROMES,47.65,9.5,B24,4.0,28.0,200.0,68.0,,,68.0,NOT INDICATED
170932,105677.0,1944-07-20,8,GERMANY,AIRDROME,AIR FIELDS AND AIRDROMES,47.65,9.5,B24,4.0,26.0,230.0,63.0,,,63.0,NOT INDICATED
171143,105678.0,1944-07-20,8,GERMANY,AIRDROME,AIR FIELDS AND AIRDROMES,47.65,9.5,B24,4.0,25.0,220.0,60.0,,,60.0,VISUAL
170638,105679.0,1944-07-20,9,GERMANY,AIR FIELD,AIR FIELDS AND AIRDROMES,50.97,11.03,B24,4.0,2.0,226.0,2.0,,,2.0,VISUAL
170877,105680.0,1944-07-20,9,GERMANY,AIR FIELD,AIR FIELDS AND AIRDROMES,50.97,11.03,B24,4.0,12.0,,,22.0,,22.0,NOT INDICATED
170639,105681.0,1944-07-20,9,GERMANY,AIR FIELD,AIR FIELDS AND AIRDROMES,50.97,11.03,B24,4.0,12.0,226.0,36.0,,,36.0,VISUAL
170848,105682.0,1944-07-20,9,GERMANY,AIR FIELD,AIR FIELDS AND AIRDROMES,50.97,11.03,B24,4.0,23.0,210.0,36.0,21.0,,57.0,VISUAL
170854,105683.0,1944-07-20,9,GERMANY,AIR FIELD,AIR FIELDS AND AIRDROMES,50.97,11.03,B24,4.0,37.0,205.0,9.0,,80.0,89.0,VISUAL
170855,105684.0,1944-07-20,9,GERMANY,AIR FIELD,AIR FIELDS AND AIRDROMES,50.97,11.03,B24,4.0,29.0,205.0,49.0,,26.0,75.0,VISUAL
170844,105685.0,1944-07-20,9,GERMANY,AIR FIELD,AIR FIELDS AND AIRDROMES,50.97,11.03,B24,4.0,9.0,225.0,27.0,,,27.0,VISUAL
170917,105686.0,1944-07-20,8,GERMANY,CITY AREA,CITIES TOWNS AND URBAN AREAS,50.72,15.35,B17,2.0,11.0,247.0,,16.0,,16.0,VISUAL
170935,105693.0,1944-07-20,8,GERMANY,MAYBACH ENGINE WKS,TANK FACTORIES,47.65,9.5,B24,4.0,30.0,223.0,72.0,,,72.0,NOT INDICATED
170942,105694.0,1944-07-20,8,GERMANY,MAYBACH ENGINE WKS,TANK FACTORIES,47.65,9.5,B24,4.0,34.0,220.0,82.0,,,82.0,NOT INDICATED
171149,105695.0,1944-07-20,8,GERMANY,MAYBACH ENGINE WKS,TANK FACTORIES,47.65,9.5,B24,4.0,27.0,210.0,,65.0,,65.0,NOT INDICATED
171153,105696.0,1944-07-20,8,GERMANY,MAYBACH ENGINE WKS,TANK FACTORIES,47.65,9.5,B24,4.0,32.0,209.0,76.0,,,76.0,NOT INDICATED
170937,105697.0,1944-07-20,8,GERMANY,MAYBACH ENGINE WKS,TANK FACTORIES,47.65,9.5,B24,4.0,30.0,223.0,72.0,,,72.0,NOT INDICATED
171144,105698.0,1944-07-20,8,GERMANY,MAYBACH ENGINE WKS,TANK FACTORIES,47.65,9.5,B24,4.0,34.0,220.0,82.0,,,82.0,NOT INDICATED
171150,105699.0,1944-07-20,8,GERMANY,MAYBACH ENGINE WKS,TANK FACTORIES,47.65,9.5,B24,4.0,27.0,210.0,,65.0,,65.0,NOT INDICATED
171154,105700.0,1944-07-20,8,GERMANY,MAYBACH ENGINE WKS,TANK FACTORIES,47.65,9.5,B24,4.0,32.0,209.0,76.0,,,76.0,NOT INDICATED
170865,105724.0,1944-07-20,9,GERMANY,TOWN,CITIES TOWNS AND URBAN AREAS,50.22,7.6,B24,1.0,6.0,,18.0,,,18.0,NOT INDICATED
170870,105727.0,1944-07-20,9,GERMANY,CITY AREA,CITIES TOWNS AND URBAN AREAS,50.27,10.97,B24,1.0,1.0,,3.0,,,3.0,NOT INDICATED
170873,105728.0,1944-07-20,9,GERMANY,CITY AREA,CITIES TOWNS AND URBAN AREAS,51.37,13.0,B17,2.0,1.0,,,,2.0,2.0,NOT INDICATED
170885,105731.0,1944-07-20,9,GERMANY,CITY AREA,CITIES TOWNS AND URBAN AREAS,50.1,11.47,B17,2.0,1.0,,3.0,,,3.0,NOT INDICATED
170613,105732.0,1944-07-20,9,GERMANY,CITY AREA,CITIES TOWNS AND URBAN AREAS,51.33,12.38,B17,4.0,11.0,254.0,28.0,,,28.0,F.F.F.
170632,105733.0,1944-07-20,9,GERMANY,CITY AREA,CITIES TOWNS AND URBAN AREAS,51.33,12.38,B17,4.0,7.0,240.0,15.0,,,15.0,F.F.F.
170610,105734.0,1944-07-20,9,GERMANY,CITY AREA,CITIES TOWNS AND URBAN AREAS,51.33,12.38,B17,4.0,12.0,260.0,,,27.0,27.0,F.F.F.
170888,105735.0,1944-07-20,9,GERMANY,CITY AREA,CITIES TOWNS AND URBAN AREAS,51.33,12.38,B17,4.0,1.0,,2.0,,,2.0,NOT INDICATED
170607,105736.0,1944-07-20,9,GERMANY,CITY AREA,CITIES TOWNS AND URBAN AREAS,51.33,12.38,B17,4.0,12.0,261.0,,17.0,,17.0,F.F.F.
170621,105737.0,1944-07-20,9,GERMANY,CITY AREA,CITIES TOWNS AND URBAN AREAS,51.33,12.38,B17,4.0,10.0,250.0,25.0,,,25.0,VISUAL
170633,105738.0,1944-07-20,9,GERMANY,CITY AREA,CITIES TOWNS AND URBAN AREAS,51.33,12.38,B17,4.0,12.0,240.0,30.0,,,30.0,VISUAL
170622,105739.0,1944-07-20,9,GERMANY,CITY AREA,CITIES TOWNS AND URBAN AREAS,51.33,12.38,B17,4.0,10.0,250.0,25.0,,,25.0,NOT INDICATED
170614,105740.0,1944-07-20,9,GERMANY,CITY AREA,CITIES TOWNS AND URBAN AREAS,51.33,12.38,B17,4.0,11.0,254.0,28.0,,,28.0,F.F.F.
170627,105741.0,1944-07-20,9,GERMANY,CITY AREA,CITIES TOWNS AND URBAN AREAS,51.33,12.38,B17,4.0,12.0,247.0,,17.0,,17.0,F.F.F.
170889,105742.0,1944-07-20,9,GERMANY,CITY AREA,CITIES TOWNS AND URBAN AREAS,51.33,12.38,B17,2.0,2.0,,5.0,,,5.0,NOT INDICATED
171158,169252.0,1944-07-20,8,GERMANY,AC FACTORY,AIRCRAFT FACTORIES AND ASSEMBLY PLANTS,50.97,10.33,B24,4.0,21.0,205.0,33.0,17.0,,50.0,VISUAL
170598,169253.0,1944-07-20,15,GERMANY,AC FACTORY,AIRCRAFT FACTORIES AND ASSEMBLY PLANTS,47.65,9.5,B24,4.0,29.0,215.0,72.0,,,72.0,NOT INDICATED
170595,169254.0,1944-07-20,15,GERMANY,AC FACTORY,AIRCRAFT FACTORIES AND ASSEMBLY PLANTS,47.65,9.5,B24,4.0,23.0,230.0,57.0,,,57.0,NOT INDICATED
170592,169255.0,1944-07-20,15,GERMANY,AC FACTORY,AIRCRAFT FACTORIES AND ASSEMBLY PLANTS,47.65,9.5,B24,4.0,32.0,238.0,80.0,,,80.0,NOT INDICATED
170915,169269.0,1944-07-20,8,GERMANY,JUNKERS AERO ENGINE,ENGINE PLANTS,51.75,11.88,B17,4.0,10.0,250.0,25.0,,,25.0,VISUAL
170927,169270.0,1944-07-20,8,GERMANY,JUNKERS AERO ENGINE,ENGINE PLANTS,51.75,11.88,B17,4.0,10.0,240.0,25.0,,,25.0,VISUAL
170906,169271.0,1944-07-20,8,GERMANY,JUNKERS AERO ENGINE,ENGINE PLANTS,51.75,11.88,B17,4.0,12.0,261.0,30.0,,,30.0,VISUAL
170910,169272.0,1944-07-20,8,GERMANY,JUNKERS AERO ENGINE,ENGINE PLANTS,51.75,11.88,B17,4.0,2.0,254.0,5.0,,,5.0,VISUAL
170911,169273.0,1944-07-20,8,GERMANY,JUNKERS AERO ENGINE,ENGINE PLANTS,51.75,11.88,B17,4.0,12.0,254.0,30.0,,,30.0,VISUAL
170921,169274.0,1944-07-20,8,GERMANY,JUNKERS AERO ENGINE,ENGINE PLANTS,51.75,11.88,B17,4.0,13.0,244.0,33.0,,,33.0,VISUAL
170900,169275.0,1944-07-20,8,GERMANY,JUNKERS AERO ENGINE,ENGINE PLANTS,51.75,11.88,B17,4.0,9.0,264.0,22.0,,,22.0,VISUAL
170930,169276.0,1944-07-20,8,GERMANY,JUNKERS AERO ENGINE,ENGINE PLANTS,51.75,11.88,B17,4.0,12.0,238.0,,17.0,,17.0,VISUAL
170866,169286.0,1944-07-20,9,GERMANY,TOWN,CITIES TOWNS AND URBAN AREAS,50.22,7.6,B24,1.0,6.0,,18.0,,,18.0,NOT INDICATED
170871,169287.0,1944-07-20,9,GERMANY,CITY AREA,CITIES TOWNS AND URBAN AREAS,50.27,10.97,B24,1.0,1.0,,3.0,,,3.0,NOT INDICATED
170874,169288.0,1944-07-20,9,GERMANY,CITY AREA,CITIES TOWNS AND URBAN AREAS,51.37,13.0,B17,2.0,1.0,,,,2.0,2.0,NOT INDICATED
170886,169291.0,1944-07-20,9,GERMANY,CITY AREA,CITIES TOWNS AND URBAN AREAS,50.1,11.47,B17,2.0,1.0,,3.0,,,3.0,NOT INDICATED
170615,169292.0,1944-07-20,9,GERMANY,CITY AREA,CITIES TOWNS AND URBAN AREAS,51.33,12.38,B17,4.0,11.0,254.0,28.0,,,28.0,F.F.F.
170634,169293.0,1944-07-20,9,GERMANY,CITY AREA,CITIES TOWNS AND URBAN AREAS,51.33,12.38,B17,4.0,7.0,240.0,15.0,,,15.0,F.F.F.
170611,169294.0,1944-07-20,9,GERMANY,CITY AREA,CITIES TOWNS AND URBAN AREAS,51.33,12.38,B17,4.0,12.0,260.0,,,27.0,27.0,F.F.F.
170890,169295.0,1944-07-20,9,GERMANY,CITY AREA,CITIES TOWNS AND URBAN AREAS,51.33,12.38,B17,4.0,1.0,,2.0,,,2.0,NOT INDICATED
170608,169296.0,1944-07-20,9,GERMANY,CITY AREA,CITIES TOWNS AND URBAN AREAS,51.33,12.38,B17,4.0,12.0,261.0,,17.0,,17.0,F.F.F.
170623,169297.0,1944-07-20,9,GERMANY,CITY AREA,CITIES TOWNS AND URBAN AREAS,51.33,12.38,B17,4.0,10.0,250.0,25.0,,,25.0,VISUAL
170635,169298.0,1944-07-20,9,GERMANY,CITY AREA,CITIES TOWNS AND URBAN AREAS,51.33,12.38,B17,4.0,12.0,240.0,30.0,,,30.0,VISUAL
170624,169299.0,1944-07-20,9,GERMANY,CITY AREA,CITIES TOWNS AND URBAN AREAS,51.33,12.38,B17,4.0,10.0,250.0,25.0,,,25.0,NOT INDICATED
170616,169300.0,1944-07-20,9,GERMANY,CITY AREA,CITIES TOWNS AND URBAN AREAS,51.33,12.38,B17,4.0,11.0,254.0,28.0,,,28.0,F.F.F.
170628,169301.0,1944-07-20,9,GERMANY,CITY AREA,CITIES TOWNS AND URBAN AREAS,51.33,12.38,B17,4.0,12.0,247.0,,17.0,,17.0,F.F.F.
170891,169302.0,1944-07-20,9,GERMANY,CITY AREA,CITIES TOWNS AND URBAN AREAS,51.33,12.38,B17,2.0,2.0,,5.0,,,5.0,NOT INDICATED
170918,169305.0,1944-07-20,8,GERMANY,CITY AREA,CITIES TOWNS AND URBAN AREAS,50.72,15.35,B17,2.0,11.0,247.0,,16.0,,16.0,VISUAL
170867,169316.0,1944-07-20,9,GERMANY,TOWN,CITIES TOWNS AND URBAN AREAS,50.22,7.6,B24,1.0,6.0,,18.0,,,18.0,NOT INDICATED
170872,169317.0,1944-07-20,9,GERMANY,CITY AREA,CITIES TOWNS AND URBAN AREAS,50.27,10.97,B24,1.0,1.0,,3.0,,,3.0,NOT INDICATED
170875,169318.0,1944-07-20,9,GERMANY,CITY AREA,CITIES TOWNS AND URBAN AREAS,51.37,13.0,B17,2.0,1.0,,,,2.0,2.0,NOT INDICATED
170887,169321.0,1944-07-20,9,GERMANY,CITY AREA,CITIES TOWNS AND URBAN AREAS,50.1,11.47,B17,2.0,1.0,,3.0,,,3.0,NOT INDICATED
170617,169322.0,1944-07-20,9,GERMANY,CITY AREA,CITIES TOWNS AND URBAN AREAS,51.33,12.38,B17,4.0,11.0,254.0,28.0,,,28.0,F.F.F.
170636,169323.0,1944-07-20,9,GERMANY,CITY AREA,CITIES TOWNS AND URBAN AREAS,51.33,12.38,B17,4.0,7.0,240.0,15.0,,,15.0,F.F.F.
170612,169324.0,1944-07-20,9,GERMANY,CITY AREA,CITIES TOWNS AND URBAN AREAS,51.33,12.38,B17,4.0,12.0,260.0,,,27.0,27.0,F.F.F.
170892,169325.0,1944-07-20,9,GERMANY,CITY AREA,CITIES TOWNS AND URBAN AREAS,51.33,12.38,B17,4.0,1.0,,2.0,,,2.0,NOT INDICATED
170609,169326.0,1944-07-20,9,GERMANY,CITY AREA,CITIES TOWNS AND URBAN AREAS,51.33,12.38,B17,4.0,12.0,261.0,,17.0,,17.0,F.F.F.
170625,169327.0,1944-07-20,9,GERMANY,CITY AREA,CITIES TOWNS AND URBAN AREAS,51.33,12.38,B17,4.0,10.0,250.0,25.0,,,25.0,VISUAL
170637,169328.0,1944-07-20,9,GERMANY,CITY AREA,CITIES TOWNS AND URBAN AREAS,51.33,12.38,B17,4.0,12.0,240.0,30.0,,,30.0,VISUAL
170626,169329.0,1944-07-20,9,GERMANY,CITY AREA,CITIES TOWNS AND URBAN AREAS,51.33,12.38,B17,4.0,10.0,250.0,25.0,,,25.0,NOT INDICATED
170618,169330.0,1944-07-20,9,GERMANY,CITY AREA,CITIES TOWNS AND URBAN AREAS,51.33,12.38,B17,4.0,11.0,254.0,28.0,,,28.0,F.F.F.
170629,169331.0,1944-07-20,9,GERMANY,CITY AREA,CITIES TOWNS AND URBAN AREAS,51.33,12.38,B17,4.0,12.0,247.0,,17.0,,17.0,F.F.F.
170893,169332.0,1944-07-20,9,GERMANY,CITY AREA,CITIES TOWNS AND URBAN AREAS,51.33,12.38,B17,2.0,2.0,,5.0,,,5.0,NOT INDICATED
171159,169351.0,1944-07-20,8,GERMANY,AC FACTORY,AIRCRAFT FACTORIES AND ASSEMBLY PLANTS,50.97,10.33,B24,4.0,21.0,205.0,33.0,17.0,,50.0,VISUAL
170599,169352.0,1944-07-20,15,GERMANY,AC FACTORY,AIRCRAFT FACTORIES AND ASSEMBLY PLANTS,47.65,9.5,B24,4.0,29.0,215.0,72.0,,,72.0,NOT INDICATED
170596,169353.0,1944-07-20,15,GERMANY,AC FACTORY,AIRCRAFT FACTORIES AND ASSEMBLY PLANTS,47.65,9.5,B24,4.0,23.0,230.0,57.0,,,57.0,NOT INDICATED
170593,169354.0,1944-07-20,15,GERMANY,AC FACTORY,AIRCRAFT FACTORIES AND ASSEMBLY PLANTS,47.65,9.5,B24,4.0,32.0,238.0,80.0,,,80.0,NOT INDICATED
170916,169358.0,1944-07-20,8,GERMANY,JUNKERS AERO ENGINE,ENGINE PLANTS,51.75,11.88,B17,4.0,10.0,250.0,25.0,,,25.0,VISUAL
170928,169359.0,1944-07-20,8,GERMANY,JUNKERS AERO ENGINE,ENGINE PLANTS,51.75,11.88,B17,4.0,10.0,240.0,25.0,,,25.0,VISUAL
170907,169360.0,1944-07-20,8,GERMANY,JUNKERS AERO ENGINE,ENGINE PLANTS,51.75,11.88,B17,4.0,12.0,261.0,30.0,,,30.0,VISUAL
170912,169361.0,1944-07-20,8,GERMANY,JUNKERS AERO ENGINE,ENGINE PLANTS,51.75,11.88,B17,4.0,2.0,254.0,5.0,,,5.0,VISUAL
170913,169362.0,1944-07-20,8,GERMANY,JUNKERS AERO ENGINE,ENGINE PLANTS,51.75,11.88,B17,4.0,12.0,254.0,30.0,,,30.0,VISUAL
170922,169363.0,1944-07-20,8,GERMANY,JUNKERS AERO ENGINE,ENGINE PLANTS,51.75,11.88,B17,4.0,13.0,244.0,33.0,,,33.0,VISUAL
170901,169364.0,1944-07-20,8,GERMANY,JUNKERS AERO ENGINE,ENGINE PLANTS,51.75,11.88,B17,4.0,9.0,264.0,22.0,,,22.0,VISUAL
170931,169365.0,1944-07-20,8,GERMANY,JUNKERS AERO ENGINE,ENGINE PLANTS,51.75,11.88,B17,4.0,12.0,238.0,,17.0,,17.0,VISUAL
170919,169366.0,1944-07-20,8,GERMANY,CITY AREA,CITIES TOWNS AND URBAN AREAS,50.72,15.35,B17,2.0,11.0,247.0,,16.0,,16.0,VISUAL
170939,169384.0,1944-07-20,8,GERMANY,MAYBACH ENGINE WKS,TANK FACTORIES,47.65,9.5,B24,4.0,30.0,223.0,72.0,,,72.0,NOT INDICATED
171146,169385.0,1944-07-20,8,GERMANY,MAYBACH ENGINE WKS,TANK FACTORIES,47.65,9.5,B24,4.0,34.0,220.0,82.0,,,82.0,NOT INDICATED
171152,169386.0,1944-07-20,8,GERMANY,MAYBACH ENGINE WKS,TANK FACTORIES,47.65,9.5,B24,4.0,27.0,210.0,,65.0,,65.0,NOT INDICATED
171156,169387.0,1944-07-20,8,GERMANY,MAYBACH ENGINE WKS,TANK FACTORIES,47.65,9.5,B24,4.0,32.0,209.0,76.0,,,76.0,NOT INDICATED
170620,169404.0,1944-07-20,9,GERMANY,WINTERSHALL SYN OIL,OIL REFINERIES,51.3,11.85,B17,4.0,17.0,254.0,40.0,,,40.0,VISUAL
170606,169405.0,1944-07-20,9,GERMANY,WINTERSHALL SYN OIL,OIL REFINERIES,51.3,11.85,B17,4.0,13.0,265.0,33.0,,,33.0,VISUAL
170631,169406.0,1944-07-20,9,GERMANY,WINTERSHALL SYN OIL,OIL REFINERIES,51.3,11.85,B17,4.0,17.0,244.0,43.0,,,43.0,VISUAL
170896,169407.0,1944-07-20,9,GERMANY,WINTERSHALL SYN OIL,OIL REFINERIES,51.3,11.85,B17,4.0,5.0,,13.0,,,13.0,NOT INDICATED
170897,169408.0,1944-07-20,9,GERMANY,WINTERSHALL SYN OIL,OIL REFINERIES,51.3,11.85,B17,2.0,1.0,,3.0,,,3.0,NOT INDICATED
171164,169422.0,1944-07-20,8,GERMANY,MARSHALLING YARD,"""RR INSTALLATIONS,  TRACKS,  MARSHALLING YARDS,  AND STATIONS""",50.37,8.72,B24,1.0,6.0,,,11.0,,11.0,NOT INDICATED
171165,169423.0,1944-07-20,8,GERMANY,MARSHALLING YARD,"""RR INSTALLATIONS,  TRACKS,  MARSHALLING YARDS,  AND STATIONS""",50.37,8.72,B24,1.0,6.0,,,11.0,,11.0,NOT INDICATED
171166,169424.0,1944-07-20,8,GERMANY,MARSHALLING YARD,"""RR INSTALLATIONS,  TRACKS,  MARSHALLING YARDS,  AND STATIONS""",51.08,11.62,B24,1.0,1.0,,2.0,,,2.0,NOT INDICATED
171167,169425.0,1944-07-20,8,GERMANY,MARSHALLING YARD,"""RR INSTALLATIONS,  TRACKS,  MARSHALLING YARDS,  AND STATIONS""",51.08,11.62,B24,1.0,9.0,,27.0,,,27.0,NOT INDICATED
171168,169426.0,1944-07-20,8,GERMANY,MARSHALLING YARD,"""RR INSTALLATIONS,  TRACKS,  MARSHALLING YARDS,  AND STATIONS""",50.95,10.07,B24,1.0,10.0,,30.0,,,30.0,NOT INDICATED
170868,169427.0,1944-07-20,9,GERMANY,MARSHALLING YARD,"""RR INSTALLATIONS,  TRACKS,  MARSHALLING YARDS,  AND STATIONS""",50.35,7.6,B24,1.0,6.0,,18.0,,,18.0,NOT INDICATED
170869,169428.0,1944-07-20,9,GERMANY,MARSHALLING YARD,"""RR INSTALLATIONS,  TRACKS,  MARSHALLING YARDS,  AND STATIONS""",50.35,7.6,B24,1.0,2.0,,2.0,,,2.0,NOT INDICATED
170882,169429.0,1944-07-20,9,GERMANY,MARSHALLING YARD,"""RR INSTALLATIONS,  TRACKS,  MARSHALLING YARDS,  AND STATIONS""",50.33,8.75,B24,1.0,2.0,,1.0,,,1.0,NOT INDICATED
170860,169430.0,1944-07-20,9,GERMANY,MARSHALLING YARD,"""RR INSTALLATIONS,  TRACKS,  MARSHALLING YARDS,  AND STATIONS""",50.33,8.75,B24,1.0,21.0,186.0,59.0,,,59.0,VISUAL
170861,169431.0,1944-07-20,9,GERMANY,MARSHALLING YARD,"""RR INSTALLATIONS,  TRACKS,  MARSHALLING YARDS,  AND STATIONS""",50.55,9.67,B24,3.0,8.0,186.0,24.0,,,24.0,VISUAL
170847,169432.0,1944-07-20,9,GERMANY,MARSHALLING YARD,"""RR INSTALLATIONS,  TRACKS,  MARSHALLING YARDS,  AND STATIONS""",50.55,9.67,B24,1.0,10.0,220.0,,18.0,,18.0,VISUAL
171163,169433.0,1944-07-20,8,GERMANY,MARSHALLING YARD,"""RR INSTALLATIONS,  TRACKS,  MARSHALLING YARDS,  AND STATIONS""",51.02,10.18,B24,1.0,9.0,199.0,27.0,,,27.0,VISUAL
170938,169441.0,1944-07-20,8,GERMANY,MAYBACH ENGINE WKS,TANK FACTORIES,47.65,9.5,B24,4.0,30.0,223.0,72.0,,,72.0,NOT INDICATED
171145,169442.0,1944-07-20,8,GERMANY,MAYBACH ENGINE WKS,TANK FACTORIES,47.65,9.5,B24,4.0,34.0,220.0,82.0,,,82.0,NOT INDICATED
171151,169443.0,1944-07-20,8,GERMANY,MAYBACH ENGINE WKS,TANK FACTORIES,47.65,9.5,B24,4.0,27.0,210.0,,65.0,,65.0,NOT INDICATED
171155,169444.0,1944-07-20,8,GERMANY,MAYBACH ENGINE WKS,TANK FACTORIES,47.65,9.5,B24,4.0,32.0,209.0,76.0,,,76.0,NOT INDICATED
170852,208999.0,1944-07-20,9,GERMANY,AIRDROME,AIR FIELDS AND AIRDROMES,50.6,8.68,B17,2.0,12.0,210.0,3.0,15.0,,18.0,VISUAL
170601,209002.0,1944-07-20,15,GERMANY,AIRDROME,AIR FIELDS AND AIRDROMES,47.88,10.62,B17,2.0,1.0,,3.0,,,3.0,NOT INDICATED
170903,209003.0,1944-07-20,8,GERMANY,AIRDROME,AIR FIELDS AND AIRDROMES,51.2,11.27,B17,3.0,12.0,261.0,30.0,,,30.0,VISUAL
170924,209004.0,1944-07-20,8,GERMANY,AIRDROME,AIR FIELDS AND AIRDROMES,51.2,11.27,B17,3.0,11.0,240.0,28.0,,,28.0,VISUAL
170878,209016.0,1944-07-20,9,GERMANY,AIR FIELD,AIR FIELDS AND AIRDROMES,50.97,11.03,B24,1.0,9.0,,27.0,,,27.0,NOT INDICATED
170940,209017.0,1944-07-20,8,GERMANY,AIRDROME,AIR FIELDS AND AIRDROMES,47.65,9.5,B24,4.0,27.0,223.0,64.0,,,64.0,NOT INDICATED
171161,209018.0,1944-07-20,8,GERMANY,AIRDROME,AIR FIELDS AND AIRDROMES,47.65,9.5,B24,4.0,28.0,200.0,68.0,,,68.0,NOT INDICATED
170933,209019.0,1944-07-20,8,GERMANY,AIRDROME,AIR FIELDS AND AIRDROMES,47.65,9.5,B24,4.0,26.0,230.0,63.0,,,63.0,NOT INDICATED
171147,209020.0,1944-07-20,8,GERMANY,AIRDROME,AIR FIELDS AND AIRDROMES,47.65,9.5,B24,4.0,25.0,220.0,60.0,,,60.0,VISUAL
170640,209021.0,1944-07-20,9,GERMANY,AIR FIELD,AIR FIELDS AND AIRDROMES,50.97,11.03,B24,4.0,2.0,226.0,2.0,,,2.0,VISUAL
170879,209022.0,1944-07-20,9,GERMANY,AIR FIELD,AIR FIELDS AND AIRDROMES,50.97,11.03,B24,4.0,12.0,,,22.0,,22.0,NOT INDICATED
170641,209023.0,1944-07-20,9,GERMANY,AIR FIELD,AIR FIELDS AND AIRDROMES,50.97,11.03,B24,4.0,12.0,226.0,36.0,,,36.0,VISUAL
170849,209024.0,1944-07-20,9,GERMANY,AIR FIELD,AIR FIELDS AND AIRDROMES,50.97,11.03,B24,4.0,23.0,210.0,36.0,21.0,,57.0,VISUAL
170856,209025.0,1944-07-20,9,GERMANY,AIR FIELD,AIR FIELDS AND AIRDROMES,50.97,11.03,B24,4.0,37.0,205.0,9.0,,80.0,89.0,VISUAL
170857,209026.0,1944-07-20,9,GERMANY,AIR FIELD,AIR FIELDS AND AIRDROMES,50.97,11.03,B24,4.0,29.0,205.0,49.0,,26.0,75.0,VISUAL
170845,209027.0,1944-07-20,9,GERMANY,AIR FIELD,AIR FIELDS AND AIRDROMES,50.97,11.03,B24,4.0,9.0,225.0,27.0,,,27.0,VISUAL
170880,209030.0,1944-07-20,9,GERMANY,AIR FIELD,AIR FIELDS AND AIRDROMES,50.97,11.03,B24,1.0,9.0,,27.0,,,27.0,NOT INDICATED
170642,209031.0,1944-07-20,9,GERMANY,AIR FIELD,AIR FIELDS AND AIRDROMES,50.97,11.03,B24,4.0,2.0,226.0,2.0,,,2.0,VISUAL
170881,209032.0,1944-07-20,9,GERMANY,AIR FIELD,AIR FIELDS AND AIRDROMES,50.97,11.03,B24,4.0,12.0,,,22.0,,22.0,NOT INDICATED
170843,209033.0,1944-07-20,9,GERMANY,AIR FIELD,AIR FIELDS AND AIRDROMES,50.97,11.03,B24,4.0,12.0,226.0,36.0,,,36.0,VISUAL
170850,209034.0,1944-07-20,9,GERMANY,AIR FIELD,AIR FIELDS AND AIRDROMES,50.97,11.03,B24,4.0,23.0,210.0,36.0,21.0,,57.0,VISUAL
170858,209035.0,1944-07-20,9,GERMANY,AIR FIELD,AIR FIELDS AND AIRDROMES,50.97,11.03,B24,4.0,37.0,205.0,9.0,,80.0,89.0,VISUAL
170859,209036.0,1944-07-20,9,GERMANY,AIR FIELD,AIR FIELDS AND AIRDROMES,50.97,11.03,B24,4.0,29.0,205.0,49.0,,26.0,75.0,VISUAL
170846,209037.0,1944-07-20,9,GERMANY,AIR FIELD,AIR FIELDS AND AIRDROMES,50.97,11.03,B24,4.0,9.0,225.0,27.0,,,27.0,VISUAL
170941,209038.0,1944-07-20,8,GERMANY,AIRDROME,AIR FIELDS AND AIRDROMES,47.65,9.5,B24,4.0,27.0,223.0,64.0,,,64.0,NOT INDICATED
171162,209039.0,1944-07-20,8,GERMANY,AIRDROME,AIR FIELDS AND AIRDROMES,47.65,9.5,B24,4.0,28.0,200.0,68.0,,,68.0,NOT INDICATED
170934,209040.0,1944-07-20,8,GERMANY,AIRDROME,AIR FIELDS AND AIRDROMES,47.65,9.5,B24,4.0,26.0,230.0,63.0,,,63.0,NOT INDICATED
171148,209041.0,1944-07-20,8,GERMANY,AIRDROME,AIR FIELDS AND AIRDROMES,47.65,9.5,B24,4.0,25.0,220.0,60.0,,,60.0,VISUAL
170853,209042.0,1944-07-20,9,GERMANY,AIRDROME,AIR FIELDS AND AIRDROMES,50.6,8.68,B17,2.0,12.0,210.0,3.0,15.0,,18.0,VISUAL
170602,209045.0,1944-07-20,15,GERMANY,AIRDROME,AIR FIELDS AND AIRDROMES,47.88,10.62,B17,2.0,1.0,,3.0,,,3.0,NOT INDICATED
170904,209046.0,1944-07-20,8,GERMANY,AIRDROME,AIR FIELDS AND AIRDROMES,51.2,11.27,B17,3.0,12.0,261.0,30.0,,,30.0,VISUAL
170925,209047.0,1944-07-20,8,GERMANY,AIRDROME,AIR FIELDS AND AIRDROMES,51.2,11.27,B17,3.0,11.0,240.0,28.0,,,28.0,VISUAL
172139,105744.0,1944-07-21,12,GERMANY,AC ASSEMBLY PLANTS,AIRCRAFT FACTORIES AND ASSEMBLY PLANTS,48.37,10.88,B24,1.0,3.0,,3.0,6.0,,9.0,NOT INDICATED
172126,105753.0,1944-07-21,15,AUSTRIA,UNIDENTIFIED TARGET,UNIDENTIFIED TARGETS,48.3,14.3,B17,3.0,1.0,,3.0,,,3.0,NOT INDICATED
172136,105754.0,1944-07-21,15,AUSTRIA,UNIDENTIFIED TARGET,UNIDENTIFIED TARGETS,48.22,13.5,B17,2.0,1.0,,2.0,,,2.0,NOT INDICATED
172113,105755.0,1944-07-21,15,CZECHOSLOVAKIA,BERGIUS SYN OR,SYNTHETIC OIL REFINERIES,50.52,13.63,B17,4.0,19.0,219.0,47.0,,,47.0,F.F.F.
172099,105756.0,1944-07-21,15,CZECHOSLOVAKIA,BERGIUS SYN OR,SYNTHETIC OIL REFINERIES,50.52,13.63,B17,4.0,22.0,244.0,55.0,,,55.0,VISUAL
172103,105757.0,1944-07-21,15,CZECHOSLOVAKIA,BERGIUS SYN OR,SYNTHETIC OIL REFINERIES,50.52,13.63,B17,4.0,19.0,230.0,45.0,,,45.0,F.F.F.
172105,105758.0,1944-07-21,15,CZECHOSLOVAKIA,BERGIUS SYN OR,SYNTHETIC OIL REFINERIES,50.52,13.63,B17,4.0,24.0,226.0,59.0,,,59.0,F.F.F.
172111,105759.0,1944-07-21,15,CZECHOSLOVAKIA,BERGIUS SYN OR,SYNTHETIC OIL REFINERIES,50.52,13.63,B17,4.0,26.0,220.0,52.0,,,52.0,F.F.F.
172097,105760.0,1944-07-21,15,CZECHOSLOVAKIA,BERGIUS SYN OR,SYNTHETIC OIL REFINERIES,50.52,13.63,B17,4.0,26.0,255.0,64.0,,,64.0,VISUAL
172115,105761.0,1944-07-21,15,CZECHOSLOVAKIA,BERGIUS SYN OR,SYNTHETIC OIL REFINERIES,50.52,13.63,B24,4.0,23.0,215.0,56.0,,,56.0,NOT INDICATED
172107,105762.0,1944-07-21,15,CZECHOSLOVAKIA,BERGIUS SYN OR,SYNTHETIC OIL REFINERIES,50.52,13.63,B24,4.0,27.0,221.0,,66.0,,66.0,NOT INDICATED
172121,105763.0,1944-07-21,15,CZECHOSLOVAKIA,BERGIUS SYN OR,SYNTHETIC OIL REFINERIES,50.52,13.63,B24,4.0,31.0,195.0,89.0,,,89.0,F.F.F.
172117,105764.0,1944-07-21,15,CZECHOSLOVAKIA,BERGIUS SYN OR,SYNTHETIC OIL REFINERIES,50.52,13.63,B24,4.0,25.0,210.0,86.0,,,86.0,NOT INDICATED
172119,105765.0,1944-07-21,15,CZECHOSLOVAKIA,BERGIUS SYN OR,SYNTHETIC OIL REFINERIES,50.52,13.63,B24,4.0,35.0,200.0,,81.0,,81.0,F.F.F.
172101,105766.0,1944-07-21,15,CZECHOSLOVAKIA,BERGIUS SYN OR,SYNTHETIC OIL REFINERIES,50.52,13.63,B24,4.0,22.0,242.0,41.0,,,41.0,F.F.F.
172109,105767.0,1944-07-21,15,CZECHOSLOVAKIA,BERGIUS SYN OR,SYNTHETIC OIL REFINERIES,50.52,13.63,B24,4.0,29.0,220.0,56.0,,,56.0,NOT INDICATED
172401,105769.0,1944-07-21,8,GERMANY,BMW AERO ENG PLANT,ENGINE PLANTS,48.17,11.58,B24,4.0,2.0,,1.0,,,1.0,NOT INDICATED
172392,105770.0,1944-07-21,8,GERMANY,BMW AERO ENG PLANT,ENGINE PLANTS,48.17,11.58,B24,4.0,33.0,224.0,53.0,30.0,,83.0,F.F.F.
172129,105771.0,1944-07-21,15,GERMANY,AIRDROME,AIR FIELDS AND AIRDROMES,48.13,11.58,B24,1.0,1.0,,,2.0,,2.0,NOT INDICATED
172133,105821.0,1944-07-21,15,CZECHOSLOVAKIA,CITY AREA,CITIES TOWNS AND URBAN AREAS,49.68,14.02,B17,2.0,1.0,,2.0,,,2.0,NOT INDICATED
172351,105824.0,1944-07-21,9,GERMANY,CITY AREA,CITIES TOWNS AND URBAN AREAS,49.85,7.87,B17,2.0,1.0,,,1.0,,1.0,NOT INDICATED
172404,105829.0,1944-07-21,8,GERMANY,UNIDENTIFIED TARGET,UNIDENTIFIED TARGETS,49.55,8.97,B17,2.0,5.0,,,7.0,,7.0,NOT INDICATED
172355,105833.0,1944-07-21,9,GERMANY,CITY AREA,CITIES TOWNS AND URBAN AREAS,49.87,8.65,B24,2.0,2.0,,5.0,,,5.0,NOT INDICATED
172389,105835.0,1944-07-21,8,GERMANY,CITY AREA,CITIES TOWNS AND URBAN AREAS,49.98,10.63,B17,4.0,12.0,231.0,30.0,,,30.0,VISUAL
172395,105836.0,1944-07-21,8,GERMANY,CITY AREA,CITIES TOWNS AND URBAN AREAS,49.98,10.63,B17,4.0,12.0,208.0,30.0,,,30.0,VISUAL
172386,105837.0,1944-07-21,8,GERMANY,CITY AREA,CITIES TOWNS AND URBAN AREAS,49.98,10.63,B17,4.0,12.0,242.0,30.0,,,30.0,VISUAL
172407,105838.0,1944-07-21,8,GERMANY,CITY AREA,CITIES TOWNS AND URBAN AREAS,49.98,10.63,B17,4.0,1.0,,3.0,,,3.0,NOT INDICATED
172398,105839.0,1944-07-21,8,GERMANY,CITY AREA,CITIES TOWNS AND URBAN AREAS,49.98,10.63,B17,4.0,11.0,184.0,28.0,,,28.0,VISUAL
172380,105840.0,1944-07-21,8,GERMANY,CITY AREA,CITIES TOWNS AND URBAN AREAS,49.98,10.63,B17,4.0,11.0,256.0,,16.0,,16.0,VISUAL
172383,105841.0,1944-07-21,8,GERMANY,CITY AREA,CITIES TOWNS AND URBAN AREAS,49.98,10.63,B17,4.0,12.0,245.0,,17.0,,17.0,VISUAL
172377,105842.0,1944-07-21,8,GERMANY,CITY AREA,CITIES TOWNS AND URBAN AREAS,49.98,10.63,B17,4.0,11.0,268.0,,15.0,,15.0,VISUAL
172358,105847.0,1944-07-21,9,GERMANY,CITY AREA,CITIES TOWNS AND URBAN AREAS,53.55,10.0,B17,2.0,1.0,,3.0,,,3.0,NOT INDICATED
172123,105848.0,1944-07-21,15,GERMANY,CITY AREA,CITIES TOWNS AND URBAN AREAS,48.45,12.17,B24,1.0,1.0,,3.0,,,3.0,NOT INDICATED
172140,169445.0,1944-07-21,12,GERMANY,AC ASSEMBLY PLANTS,AIRCRAFT FACTORIES AND ASSEMBLY PLANTS,48.37,10.88,B24,1.0,3.0,,3.0,6.0,,9.0,NOT INDICATED
172402,169454.0,1944-07-21,8,GERMANY,BMW AERO ENG PLANT,ENGINE PLANTS,48.17,11.58,B24,4.0,2.0,,1.0,,,1.0,NOT INDICATED
172393,169455.0,1944-07-21,8,GERMANY,BMW AERO ENG PLANT,ENGINE PLANTS,48.17,11.58,B24,4.0,33.0,224.0,53.0,30.0,,83.0,F.F.F.
172127,169456.0,1944-07-21,15,AUSTRIA,UNIDENTIFIED TARGET,UNIDENTIFIED TARGETS,48.3,14.3,B17,3.0,1.0,,3.0,,,3.0,NOT INDICATED
172137,169457.0,1944-07-21,15,AUSTRIA,UNIDENTIFIED TARGET,UNIDENTIFIED TARGETS,48.22,13.5,B17,2.0,1.0,,2.0,,,2.0,NOT INDICATED
172405,169460.0,1944-07-21,8,GERMANY,UNIDENTIFIED TARGET,UNIDENTIFIED TARGETS,49.55,8.97,B17,2.0,5.0,,,7.0,,7.0,NOT INDICATED
172349,169495.0,1944-07-21,9,GERMANY,UNIDENTIFIED TARGET,UNIDENTIFIED TARGETS,48.7,8.07,B24,2.0,3.0,196.0,8.0,,,8.0,VISUAL
172134,169506.0,1944-07-21,15,CZECHOSLOVAKIA,CITY AREA,CITIES TOWNS AND URBAN AREAS,49.68,14.02,B17,2.0,1.0,,2.0,,,2.0,NOT INDICATED
172352,169509.0,1944-07-21,9,GERMANY,CITY AREA,CITIES TOWNS AND URBAN AREAS,49.85,7.87,B17,2.0,1.0,,,1.0,,1.0,NOT INDICATED
172356,169511.0,1944-07-21,9,GERMANY,CITY AREA,CITIES TOWNS AND URBAN AREAS,49.87,8.65,B24,2.0,2.0,,5.0,,,5.0,NOT INDICATED
172390,169513.0,1944-07-21,8,GERMANY,CITY AREA,CITIES TOWNS AND URBAN AREAS,49.98,10.63,B17,4.0,12.0,231.0,30.0,,,30.0,VISUAL
172396,169514.0,1944-07-21,8,GERMANY,CITY AREA,CITIES TOWNS AND URBAN AREAS,49.98,10.63,B17,4.0,12.0,208.0,30.0,,,30.0,VISUAL
172387,169515.0,1944-07-21,8,GERMANY,CITY AREA,CITIES TOWNS AND URBAN AREAS,49.98,10.63,B17,4.0,12.0,242.0,30.0,,,30.0,VISUAL
172408,169516.0,1944-07-21,8,GERMANY,CITY AREA,CITIES TOWNS AND URBAN AREAS,49.98,10.63,B17,4.0,1.0,,3.0,,,3.0,NOT INDICATED
172399,169517.0,1944-07-21,8,GERMANY,CITY AREA,CITIES TOWNS AND URBAN AREAS,49.98,10.63,B17,4.0,11.0,184.0,28.0,,,28.0,VISUAL
172381,169518.0,1944-07-21,8,GERMANY,CITY AREA,CITIES TOWNS AND URBAN AREAS,49.98,10.63,B17,4.0,11.0,256.0,,16.0,,16.0,VISUAL
172384,169519.0,1944-07-21,8,GERMANY,CITY AREA,CITIES TOWNS AND URBAN AREAS,49.98,10.63,B17,4.0,12.0,245.0,,17.0,,17.0,VISUAL
172378,169520.0,1944-07-21,8,GERMANY,CITY AREA,CITIES TOWNS AND URBAN AREAS,49.98,10.63,B17,4.0,11.0,268.0,,15.0,,15.0,VISUAL
172359,169525.0,1944-07-21,9,GERMANY,CITY AREA,CITIES TOWNS AND URBAN AREAS,53.55,10.0,B17,2.0,1.0,,3.0,,,3.0,NOT INDICATED
172124,169526.0,1944-07-21,15,GERMANY,CITY AREA,CITIES TOWNS AND URBAN AREAS,48.45,12.17,B24,1.0,1.0,,3.0,,,3.0,NOT INDICATED
172361,169535.0,1944-07-21,9,GERMANY,CITY AREA,CITIES TOWNS AND URBAN AREAS,48.13,11.58,B24,2.0,1.0,,3.0,,,3.0,NOT INDICATED
172345,169536.0,1944-07-21,9,GERMANY,CITY AREA,CITIES TOWNS AND URBAN AREAS,48.13,11.58,B24,1.0,31.0,230.0,53.0,25.0,,78.0,F.F.F.
172343,169537.0,1944-07-21,9,GERMANY,CITY AREA,CITIES TOWNS AND URBAN AREAS,48.13,11.58,B24,1.0,22.0,240.0,33.0,16.0,,49.0,F.F.F.
172347,169538.0,1944-07-21,9,GERMANY,CITY AREA,CITIES TOWNS AND URBAN AREAS,48.13,11.58,B24,1.0,25.0,200.0,33.0,21.0,,54.0,F.F.F.
172135,169582.0,1944-07-21,15,CZECHOSLOVAKIA,CITY AREA,CITIES TOWNS AND URBAN AREAS,49.68,14.02,B17,2.0,1.0,,2.0,,,2.0,NOT INDICATED
172353,169585.0,1944-07-21,9,GERMANY,CITY AREA,CITIES TOWNS AND URBAN AREAS,49.85,7.87,B17,2.0,1.0,,,1.0,,1.0,NOT INDICATED
172357,169587.0,1944-07-21,9,GERMANY,CITY AREA,CITIES TOWNS AND URBAN AREAS,49.87,8.65,B24,2.0,2.0,,5.0,,,5.0,NOT INDICATED
172391,169589.0,1944-07-21,8,GERMANY,CITY AREA,CITIES TOWNS AND URBAN AREAS,49.98,10.63,B17,4.0,12.0,231.0,30.0,,,30.0,VISUAL
172397,169590.0,1944-07-21,8,GERMANY,CITY AREA,CITIES TOWNS AND URBAN AREAS,49.98,10.63,B17,4.0,12.0,208.0,30.0,,,30.0,VISUAL
172388,169591.0,1944-07-21,8,GERMANY,CITY AREA,CITIES TOWNS AND URBAN AREAS,49.98,10.63,B17,4.0,12.0,242.0,30.0,,,30.0,VISUAL
172409,169592.0,1944-07-21,8,GERMANY,CITY AREA,CITIES TOWNS AND URBAN AREAS,49.98,10.63,B17,4.0,1.0,,3.0,,,3.0,NOT INDICATED
172400,169593.0,1944-07-21,8,GERMANY,CITY AREA,CITIES TOWNS AND URBAN AREAS,49.98,10.63,B17,4.0,11.0,184.0,28.0,,,28.0,VISUAL
172382,169594.0,1944-07-21,8,GERMANY,CITY AREA,CITIES TOWNS AND URBAN AREAS,49.98,10.63,B17,4.0,11.0,256.0,,16.0,,16.0,VISUAL
172385,169595.0,1944-07-21,8,GERMANY,CITY AREA,CITIES TOWNS AND URBAN AREAS,49.98,10.63,B17,4.0,12.0,245.0,,17.0,,17.0,VISUAL
172379,169596.0,1944-07-21,8,GERMANY,CITY AREA,CITIES TOWNS AND URBAN AREAS,49.98,10.63,B17,4.0,11.0,268.0,,15.0,,15.0,VISUAL
172360,169601.0,1944-07-21,9,GERMANY,CITY AREA,CITIES TOWNS AND URBAN AREAS,53.55,10.0,B17,2.0,1.0,,3.0,,,3.0,NOT INDICATED
172125,169602.0,1944-07-21,15,GERMANY,CITY AREA,CITIES TOWNS AND URBAN AREAS,48.45,12.17,B24,1.0,1.0,,3.0,,,3.0,NOT INDICATED
172362,169611.0,1944-07-21,9,GERMANY,CITY AREA,CITIES TOWNS AND URBAN AREAS,48.13,11.58,B24,2.0,1.0,,3.0,,,3.0,NOT INDICATED
172346,169612.0,1944-07-21,9,GERMANY,CITY AREA,CITIES TOWNS AND URBAN AREAS,48.13,11.58,B24,1.0,31.0,230.0,53.0,25.0,,78.0,F.F.F.
172344,169613.0,1944-07-21,9,GERMANY,CITY AREA,CITIES TOWNS AND URBAN AREAS,48.13,11.58,B24,1.0,22.0,240.0,33.0,16.0,,49.0,F.F.F.
172348,169614.0,1944-07-21,9,GERMANY,CITY AREA,CITIES TOWNS AND URBAN AREAS,48.13,11.58,B24,1.0,25.0,200.0,33.0,21.0,,54.0,F.F.F.
172128,169615.0,1944-07-21,15,AUSTRIA,UNIDENTIFIED TARGET,UNIDENTIFIED TARGETS,48.3,14.3,B17,3.0,1.0,,3.0,,,3.0,NOT INDICATED
172138,169616.0,1944-07-21,15,AUSTRIA,UNIDENTIFIED TARGET,UNIDENTIFIED TARGETS,48.22,13.5,B17,2.0,1.0,,2.0,,,2.0,NOT INDICATED
172406,169619.0,1944-07-21,8,GERMANY,UNIDENTIFIED TARGET,UNIDENTIFIED TARGETS,49.55,8.97,B17,2.0,5.0,,,7.0,,7.0,NOT INDICATED
172350,169655.0,1944-07-21,9,GERMANY,UNIDENTIFIED TARGET,UNIDENTIFIED TARGETS,48.7,8.07,B24,2.0,3.0,196.0,8.0,,,8.0,VISUAL
172403,169665.0,1944-07-21,8,GERMANY,BMW AERO ENG PLANT,ENGINE PLANTS,48.17,11.58,B24,4.0,2.0,,1.0,,,1.0,NOT INDICATED
172394,169666.0,1944-07-21,8,GERMANY,BMW AERO ENG PLANT,ENGINE PLANTS,48.17,11.58,B24,4.0,33.0,224.0,53.0,30.0,,83.0,F.F.F.
172141,169667.0,1944-07-21,12,GERMANY,AC ASSEMBLY PLANTS,AIRCRAFT FACTORIES AND ASSEMBLY PLANTS,48.37,10.88,B24,1.0,3.0,,3.0,6.0,,9.0,NOT INDICATED
172114,169721.0,1944-07-21,15,CZECHOSLOVAKIA,BERGIUS SYN OR,SYNTHETIC OIL REFINERIES,50.52,13.63,B17,4.0,19.0,219.0,47.0,,,47.0,F.F.F.
172100,169722.0,1944-07-21,15,CZECHOSLOVAKIA,BERGIUS SYN OR,SYNTHETIC OIL REFINERIES,50.52,13.63,B17,4.0,22.0,244.0,55.0,,,55.0,VISUAL
172104,169723.0,1944-07-21,15,CZECHOSLOVAKIA,BERGIUS SYN OR,SYNTHETIC OIL REFINERIES,50.52,13.63,B17,4.0,19.0,230.0,45.0,,,45.0,F.F.F.
172106,169724.0,1944-07-21,15,CZECHOSLOVAKIA,BERGIUS SYN OR,SYNTHETIC OIL REFINERIES,50.52,13.63,B17,4.0,24.0,226.0,59.0,,,59.0,F.F.F.
172112,169725.0,1944-07-21,15,CZECHOSLOVAKIA,BERGIUS SYN OR,SYNTHETIC OIL REFINERIES,50.52,13.63,B17,4.0,26.0,220.0,52.0,,,52.0,F.F.F.
172098,169726.0,1944-07-21,15,CZECHOSLOVAKIA,BERGIUS SYN OR,SYNTHETIC OIL REFINERIES,50.52,13.63,B17,4.0,26.0,255.0,64.0,,,64.0,VISUAL
172116,169727.0,1944-07-21,15,CZECHOSLOVAKIA,BERGIUS SYN OR,SYNTHETIC OIL REFINERIES,50.52,13.63,B24,4.0,23.0,215.0,56.0,,,56.0,NOT INDICATED
172108,169728.0,1944-07-21,15,CZECHOSLOVAKIA,BERGIUS SYN OR,SYNTHETIC OIL REFINERIES,50.52,13.63,B24,4.0,27.0,221.0,,66.0,,66.0,NOT INDICATED
172122,169729.0,1944-07-21,15,CZECHOSLOVAKIA,BERGIUS SYN OR,SYNTHETIC OIL REFINERIES,50.52,13.63,B24,4.0,31.0,195.0,89.0,,,89.0,F.F.F.
172118,169730.0,1944-07-21,15,CZECHOSLOVAKIA,BERGIUS SYN OR,SYNTHETIC OIL REFINERIES,50.52,13.63,B24,4.0,25.0,210.0,86.0,,,86.0,NOT INDICATED
172120,169731.0,1944-07-21,15,CZECHOSLOVAKIA,BERGIUS SYN OR,SYNTHETIC OIL REFINERIES,50.52,13.63,B24,4.0,35.0,200.0,,81.0,,81.0,F.F.F.
172102,169732.0,1944-07-21,15,CZECHOSLOVAKIA,BERGIUS SYN OR,SYNTHETIC OIL REFINERIES,50.52,13.63,B24,4.0,22.0,242.0,41.0,,,41.0,F.F.F.
172110,169733.0,1944-07-21,15,CZECHOSLOVAKIA,BERGIUS SYN OR,SYNTHETIC OIL REFINERIES,50.52,13.63,B24,4.0,29.0,220.0,56.0,,,56.0,NOT INDICATED
172354,169734.0,1944-07-21,9,GERMANY,BRIDGE,BRIDGES,50.05,7.13,B24,1.0,13.0,,24.0,15.0,,39.0,F.F.F.
172130,169737.0,1944-07-21,15,GERMANY,BRIDGE,BRIDGES,48.13,11.58,B24,1.0,1.0,,3.0,,,3.0,NOT INDICATED
172131,209063.0,1944-07-21,15,GERMANY,AIRDROME,AIR FIELDS AND AIRDROMES,48.13,11.58,B24,1.0,1.0,,,2.0,,2.0,NOT INDICATED
172132,209072.0,1944-07-21,15,GERMANY,AIRDROME,AIR FIELDS AND AIRDROMES,48.13,11.58,B24,1.0,1.0,,,2.0,,2.0,NOT INDICATED
173585,105850.0,1944-07-22,9,FRANCE,UNIDENTIFIED TARGET,UNIDENTIFIED TARGETS,48.75,-0.57,B26,,,125.0,2.0,,,2.0,F.F.F.
173587,105873.0,1944-07-22,9,FRANCE,FUEL DUMP,SUPPLY DUMPS AND WAREHOUSES,48.75,-0.57,B26,,,120.0,56.0,,,56.0,NOT INDICATED
173586,169753.0,1944-07-22,9,FRANCE,UNIDENTIFIED TARGET,UNIDENTIFIED TARGETS,48.75,-0.57,B26,,,125.0,2.0,,,2.0,F.F.F.
173589,209079.0,1944-07-22,9,FRANCE,FUEL DUMP,SUPPLY DUMPS AND WAREHOUSES,48.75,-0.57,B26,,,12.0,56.0,,,56.0,NOT INDICATED
173588,209082.0,1944-07-22,9,FRANCE,FUEL DUMP,SUPPLY DUMPS AND WAREHOUSES,48.75,-0.57,B26,,,120.0,56.0,,,56.0,NOT INDICATED
174147,105879.0,1944-07-23,15,ALBANIA,OIL REFINERY,OIL REFINERIES,40.72,19.95,B24,4.0,28.0,197.0,84.0,,,84.0,NOT INDICATED
174145,105880.0,1944-07-23,15,ALBANIA,OIL REFINERY,OIL REFINERIES,40.72,19.95,B24,4.0,14.0,200.0,35.0,,,35.0,VISUAL
174149,105881.0,1944-07-23,9,FRANCE,RR BRIDGE,BRIDGES,48.4,-0.63,B26,,,123.0,1.0,,,1.0,F.F.F.
174157,105882.0,1944-07-23,9,FRANCE,RR BRIDGE,BRIDGES,48.4,-0.63,B26,,,,1.0,,,1.0,F.F.F.
174151,105883.0,1944-07-23,9,FRANCE,RR BRIDGE,BRIDGES,48.4,-0.63,B26,,,120.0,54.0,,,54.0,NOT INDICATED
174155,105884.0,1944-07-23,9,FRANCE,BRIDGES,BRIDGES,48.73,-0.02,B26,,,115.0,2.0,,,2.0,F.F.F.
174153,105885.0,1944-07-23,9,FRANCE,BRIDGES,BRIDGES,48.73,-0.02,B26,,,120.0,57.0,,,57.0,NOT INDICATED
174148,169787.0,1944-07-23,15,ALBANIA,OIL REFINERY,OIL REFINERIES,40.72,19.95,B24,4.0,28.0,197.0,84.0,,,84.0,NOT INDICATED
174146,169788.0,1944-07-23,15,ALBANIA,OIL REFINERY,OIL REFINERIES,40.72,19.95,B24,4.0,14.0,200.0,35.0,,,35.0,VISUAL
174150,209089.0,1944-07-23,9,FRANCE,RR BRIDGE,BRIDGES,48.4,-0.63,B26,,,123.0,1.0,,,1.0,F.F.F.
174158,209090.0,1944-07-23,9,FRANCE,RR BRIDGE,BRIDGES,48.4,-0.63,B26,,,,1.0,,,1.0,F.F.F.
174152,209091.0,1944-07-23,9,FRANCE,RR BRIDGE,BRIDGES,48.4,-0.63,B26,,,120.0,54.0,,,54.0,NOT INDICATED
174156,209092.0,1944-07-23,9,FRANCE,BRIDGES,BRIDGES,48.73,-0.02,B26,,,115.0,2.0,,,2.0,F.F.F.
174154,209093.0,1944-07-23,9,FRANCE,BRIDGES,BRIDGES,48.73,-0.02,B26,,,120.0,57.0,,,57.0,NOT INDICATED
175047,105923.0,1944-07-24,9,FRANCE,UNIDENTIFIED TARGET,UNIDENTIFIED TARGETS,48.4,-0.63,B26,,,118.0,2.0,,,2.0,F.F.F.
174841,105924.0,1944-07-24,9,FRANCE,UNIDENTIFIED TARGET,UNIDENTIFIED TARGETS,48.58,-0.47,B26,,,125.0,2.0,,,2.0,F.F.F.
175045,105925.0,1944-07-24,9,FRANCE,UNIDENTIFIED TARGET,UNIDENTIFIED TARGETS,48.58,-0.47,A20,,,120.0,35.0,,,35.0,NOT INDICATED
175043,105928.0,1944-07-24,9,FRANCE,RR BRIDGE,BRIDGES,48.4,-0.63,B26,,,120.0,58.0,,,58.0,NOT INDICATED
175049,105929.0,1944-07-24,9,FRANCE,BRIDGE,BRIDGES,48.02,-1.48,B26,,,115.0,72.0,,,72.0,VISUAL
175053,105931.0,1944-07-24,9,FRANCE,RR BRIDGE,BRIDGES,43.17,-0.27,B26,,,111.0,68.0,,,68.0,VISUAL
175051,105932.0,1944-07-24,9,FRANCE,RR BRIDGE,BRIDGES,47.85,-0.33,B26,,,115.0,67.0,,,67.0,VISUAL
175072,105942.0,1944-07-24,8,FRANCE,TACTICAL TARGET,TACTICAL TARGETS: (UNIDENTIFIED OR NOT LISTED BELOW),48.73,-1.52,B17,3.0,14.0,143.0,,,31.0,31.0,VISUAL
175069,105943.0,1944-07-24,8,FRANCE,TACTICAL TARGET,TACTICAL TARGETS: (UNIDENTIFIED OR NOT LISTED BELOW),49.17,-1.17,B17,2.0,12.0,150.0,24.0,,,24.0,VISUAL
174786,105945.0,1944-07-24,9,FRANCE,TACTICAL TARGETS,TACTICAL TARGETS: (UNIDENTIFIED OR NOT LISTED BELOW),49.12,-1.08,B17,4.0,12.0,163.0,23.0,,,23.0,VISUAL
174753,105946.0,1944-07-24,9,FRANCE,TACTICAL TARGETS,TACTICAL TARGETS: (UNIDENTIFIED OR NOT LISTED BELOW),49.12,-1.08,B17,4.0,11.0,174.0,21.0,,,21.0,VISUAL
174810,105947.0,1944-07-24,9,FRANCE,TACTICAL TARGETS,TACTICAL TARGETS: (UNIDENTIFIED OR NOT LISTED BELOW),49.12,-1.08,B17,4.0,11.0,155.0,21.0,,,21.0,VISUAL
174747,105948.0,1944-07-24,9,FRANCE,TACTICAL TARGETS,TACTICAL TARGETS: (UNIDENTIFIED OR NOT LISTED BELOW),49.12,-1.08,B17,4.0,11.0,176.0,21.0,,,21.0,VISUAL
174771,105949.0,1944-07-24,9,FRANCE,TACTICAL TARGETS,TACTICAL TARGETS: (UNIDENTIFIED OR NOT LISTED BELOW),49.12,-1.08,B17,4.0,12.0,165.0,23.0,,,23.0,VISUAL
174811,105950.0,1944-07-24,9,FRANCE,TACTICAL TARGETS,TACTICAL TARGETS: (UNIDENTIFIED OR NOT LISTED BELOW),49.12,-1.08,B17,4.0,12.0,155.0,23.0,,,23.0,VISUAL
175057,105951.0,1944-07-24,9,FRANCE,TACTICAL TARGETS,TACTICAL TARGETS: (UNIDENTIFIED OR NOT LISTED BELOW),49.12,-1.08,B17,4.0,6.0,,10.0,,,10.0,NOT INDICATED
174825,105952.0,1944-07-24,9,FRANCE,TACTICAL TARGETS,TACTICAL TARGETS: (UNIDENTIFIED OR NOT LISTED BELOW),49.12,-1.08,B17,4.0,12.0,154.0,23.0,,,23.0,VISUAL
174807,105953.0,1944-07-24,9,FRANCE,TACTICAL TARGETS,TACTICAL TARGETS: (UNIDENTIFIED OR NOT LISTED BELOW),49.12,-1.08,B17,4.0,13.0,157.0,24.0,,,24.0,VISUAL
174762,105954.0,1944-07-24,9,FRANCE,TACTICAL TARGETS,TACTICAL TARGETS: (UNIDENTIFIED OR NOT LISTED BELOW),49.12,-1.08,B17,4.0,12.0,172.0,23.0,,,23.0,VISUAL
174792,105955.0,1944-07-24,9,FRANCE,TACTICAL TARGETS,TACTICAL TARGETS: (UNIDENTIFIED OR NOT LISTED BELOW),49.12,-1.08,B17,4.0,12.0,162.0,22.0,,,22.0,VISUAL
174793,105956.0,1944-07-24,9,FRANCE,TACTICAL TARGETS,TACTICAL TARGETS: (UNIDENTIFIED OR NOT LISTED BELOW),49.12,-1.08,B17,4.0,11.0,162.0,21.0,,,21.0,VISUAL
174812,105957.0,1944-07-24,9,FRANCE,TACTICAL TARGETS,TACTICAL TARGETS: (UNIDENTIFIED OR NOT LISTED BELOW),49.12,-1.08,B17,4.0,12.0,155.0,23.0,,,23.0,VISUAL
174831,105958.0,1944-07-24,9,FRANCE,TACTICAL TARGETS,TACTICAL TARGETS: (UNIDENTIFIED OR NOT LISTED BELOW),49.12,-1.08,B17,4.0,12.0,152.0,23.0,,,23.0,VISUAL
174772,105959.0,1944-07-24,9,FRANCE,TACTICAL TARGETS,TACTICAL TARGETS: (UNIDENTIFIED OR NOT LISTED BELOW),49.12,-1.08,B17,4.0,12.0,165.0,23.0,,,23.0,VISUAL
174813,105960.0,1944-07-24,9,FRANCE,TACTICAL TARGETS,TACTICAL TARGETS: (UNIDENTIFIED OR NOT LISTED BELOW),49.12,-1.08,B17,4.0,6.0,155.0,11.0,,,11.0,VISUAL
174759,105961.0,1944-07-24,9,FRANCE,TACTICAL TARGETS,TACTICAL TARGETS: (UNIDENTIFIED OR NOT LISTED BELOW),49.12,-1.08,B17,4.0,13.0,173.0,,,29.0,29.0,VISUAL
174801,105962.0,1944-07-24,9,FRANCE,TACTICAL TARGETS,TACTICAL TARGETS: (UNIDENTIFIED OR NOT LISTED BELOW),49.12,-1.08,B17,4.0,14.0,160.0,27.0,,,27.0,VISUAL
174794,105963.0,1944-07-24,9,FRANCE,TACTICAL TARGETS,TACTICAL TARGETS: (UNIDENTIFIED OR NOT LISTED BELOW),49.12,-1.08,B17,4.0,13.0,162.0,24.0,,,24.0,VISUAL
174765,105964.0,1944-07-24,9,FRANCE,TACTICAL TARGETS,TACTICAL TARGETS: (UNIDENTIFIED OR NOT LISTED BELOW),49.12,-1.08,B17,4.0,13.0,170.0,24.0,,,24.0,VISUAL
174777,105965.0,1944-07-24,9,FRANCE,TACTICAL TARGETS,TACTICAL TARGETS: (UNIDENTIFIED OR NOT LISTED BELOW),49.12,-1.08,B17,4.0,13.0,164.0,25.0,,,25.0,VISUAL
174835,105966.0,1944-07-24,9,FRANCE,TACTICAL TARGETS,TACTICAL TARGETS: (UNIDENTIFIED OR NOT LISTED BELOW),49.12,-1.08,B17,4.0,12.0,150.0,23.0,,,23.0,VISUAL
174778,105967.0,1944-07-24,9,FRANCE,TACTICAL TARGETS,TACTICAL TARGETS: (UNIDENTIFIED OR NOT LISTED BELOW),49.12,-1.08,B17,4.0,11.0,164.0,21.0,,,21.0,VISUAL
174754,105968.0,1944-07-24,9,FRANCE,TACTICAL TARGETS,TACTICAL TARGETS: (UNIDENTIFIED OR NOT LISTED BELOW),49.12,-1.08,B17,4.0,12.0,174.0,21.0,,,21.0,VISUAL
174826,105969.0,1944-07-24,9,FRANCE,TACTICAL TARGETS,TACTICAL TARGETS: (UNIDENTIFIED OR NOT LISTED BELOW),49.12,-1.08,B17,4.0,12.0,154.0,,,25.0,25.0,VISUAL
174766,105970.0,1944-07-24,9,FRANCE,TACTICAL TARGETS,TACTICAL TARGETS: (UNIDENTIFIED OR NOT LISTED BELOW),49.12,-1.08,B17,4.0,13.0,170.0,25.0,,,25.0,VISUAL
174804,105971.0,1944-07-24,9,FRANCE,TACTICAL TARGETS,TACTICAL TARGETS: (UNIDENTIFIED OR NOT LISTED BELOW),49.12,-1.08,B17,4.0,13.0,159.0,25.0,,,25.0,VISUAL
175058,105972.0,1944-07-24,9,FRANCE,TACTICAL TARGETS,TACTICAL TARGETS: (UNIDENTIFIED OR NOT LISTED BELOW),49.12,-1.08,B17,4.0,1.0,,1.0,,,1.0,NOT INDICATED
174787,105973.0,1944-07-24,9,FRANCE,TACTICAL TARGETS,TACTICAL TARGETS: (UNIDENTIFIED OR NOT LISTED BELOW),49.12,-1.08,B17,4.0,16.0,163.0,,,36.0,36.0,VISUAL
174814,105974.0,1944-07-24,9,FRANCE,TACTICAL TARGETS,TACTICAL TARGETS: (UNIDENTIFIED OR NOT LISTED BELOW),49.12,-1.08,B17,4.0,12.0,155.0,,,27.0,27.0,VISUAL
174750,105975.0,1944-07-24,9,FRANCE,TACTICAL TARGETS,TACTICAL TARGETS: (UNIDENTIFIED OR NOT LISTED BELOW),49.12,-1.08,B17,4.0,7.0,175.0,,,16.0,16.0,VISUAL
174779,105976.0,1944-07-24,9,FRANCE,TACTICAL TARGETS,TACTICAL TARGETS: (UNIDENTIFIED OR NOT LISTED BELOW),49.12,-1.08,B17,2.0,13.0,164.0,,,29.0,29.0,VISUAL
175064,105977.0,1944-07-24,9,FRANCE,TACTICAL TARGETS,TACTICAL TARGETS: (UNIDENTIFIED OR NOT LISTED BELOW),49.12,-1.08,B24,1.0,1.0,,,,5.0,5.0,NOT INDICATED
174839,105978.0,1944-07-24,9,FRANCE,TACTICAL TARGETS,TACTICAL TARGETS: (UNIDENTIFIED OR NOT LISTED BELOW),49.12,-1.08,B24,1.0,1.0,150.0,3.0,,,3.0,VISUAL
175066,105991.0,1944-07-24,8,FRANCE,UNIDENTIFIED TARGET,UNIDENTIFIED TARGETS,49.1,-1.2,B17,2.0,12.0,160.0,,,26.0,26.0,VISUAL
175067,169790.0,1944-07-24,8,FRANCE,UNIDENTIFIED TARGET,UNIDENTIFIED TARGETS,49.1,-1.2,B17,2.0,12.0,160.0,,,26.0,26.0,VISUAL
175048,169791.0,1944-07-24,9,FRANCE,UNIDENTIFIED TARGET,UNIDENTIFIED TARGETS,48.4,-0.63,B26,,,118.0,2.0,,,2.0,F.F.F.
174842,169792.0,1944-07-24,9,FRANCE,UNIDENTIFIED TARGET,UNIDENTIFIED TARGETS,48.58,-0.47,B26,,,125.0,2.0,,,2.0,F.F.F.
175046,169793.0,1944-07-24,9,FRANCE,UNIDENTIFIED TARGET,UNIDENTIFIED TARGETS,48.58,-0.47,A20,,,120.0,35.0,,,35.0,NOT INDICATED
175068,169802.0,1944-07-24,8,FRANCE,UNIDENTIFIED TARGET,UNIDENTIFIED TARGETS,49.1,-1.2,B17,2.0,12.0,160.0,,,26.0,26.0,VISUAL
174834,169806.0,1944-07-24,9,FRANCE,MARSHALLING YARD,"""RR INSTALLATIONS,  TRACKS,  MARSHALLING YARDS,  AND STATIONS""",48.83,-1.58,B24,1.0,35.0,150.0,68.0,,,68.0,VISUAL
175075,169807.0,1944-07-24,8,FRANCE,DECIMOMANNO AD,"""RR INSTALLATIONS,  TRACKS,  MARSHALLING YARDS,  AND STATIONS""",47.9,4.37,B17,3.0,12.0,143.0,22.0,,,22.0,VISUAL
175044,209151.0,1944-07-24,9,FRANCE,RR BRIDGE,BRIDGES,48.4,-0.63,B26,,,120.0,58.0,,,58.0,NOT INDICATED
175050,209152.0,1944-07-24,9,FRANCE,BRIDGE,BRIDGES,48.02,-1.48,B26,,,115.0,72.0,,,72.0,VISUAL
175054,209153.0,1944-07-24,9,FRANCE,RR BRIDGE,BRIDGES,43.17,-0.27,B26,,,111.0,68.0,,,68.0,VISUAL
175052,209154.0,1944-07-24,9,FRANCE,RR BRIDGE,BRIDGES,47.85,-0.33,B26,,,115.0,67.0,,,67.0,VISUAL
175073,209168.0,1944-07-24,8,FRANCE,TACTICAL TARGET,TACTICAL TARGETS: (UNIDENTIFIED OR NOT LISTED BELOW),48.73,-1.52,B17,3.0,14.0,143.0,,,31.0,31.0,VISUAL
175070,209169.0,1944-07-24,8,FRANCE,TACTICAL TARGET,TACTICAL TARGETS: (UNIDENTIFIED OR NOT LISTED BELOW),49.17,-1.17,B17,,12.0,150.0,24.0,,,24.0,VISUAL
174788,209171.0,1944-07-24,9,FRANCE,TACTICAL TARGETS,TACTICAL TARGETS: (UNIDENTIFIED OR NOT LISTED BELOW),49.12,-1.08,B17,4.0,12.0,163.0,23.0,,,23.0,VISUAL
174755,209172.0,1944-07-24,9,FRANCE,TACTICAL TARGETS,TACTICAL TARGETS: (UNIDENTIFIED OR NOT LISTED BELOW),49.12,-1.08,B17,4.0,11.0,174.0,21.0,,,21.0,VISUAL
174815,209173.0,1944-07-24,9,FRANCE,TACTICAL TARGETS,TACTICAL TARGETS: (UNIDENTIFIED OR NOT LISTED BELOW),49.12,-1.08,B17,4.0,11.0,155.0,21.0,,,21.0,VISUAL
174748,209174.0,1944-07-24,9,FRANCE,TACTICAL TARGETS,TACTICAL TARGETS: (UNIDENTIFIED OR NOT LISTED BELOW),49.12,-1.08,B17,4.0,11.0,176.0,21.0,,,21.0,VISUAL
174773,209175.0,1944-07-24,9,FRANCE,TACTICAL TARGETS,TACTICAL TARGETS: (UNIDENTIFIED OR NOT LISTED BELOW),49.12,-1.08,B17,4.0,12.0,165.0,23.0,,,23.0,VISUAL
174816,209176.0,1944-07-24,9,FRANCE,TACTICAL TARGETS,TACTICAL TARGETS: (UNIDENTIFIED OR NOT LISTED BELOW),49.12,-1.08,B17,4.0,12.0,155.0,23.0,,,23.0,VISUAL
175059,209177.0,1944-07-24,9,FRANCE,TACTICAL TARGETS,TACTICAL TARGETS: (UNIDENTIFIED OR NOT LISTED BELOW),49.12,-1.08,B17,4.0,6.0,,10.0,,,10.0,NOT INDICATED
174827,209178.0,1944-07-24,9,FRANCE,TACTICAL TARGETS,TACTICAL TARGETS: (UNIDENTIFIED OR NOT LISTED BELOW),49.12,-1.08,B17,4.0,12.0,154.0,23.0,,,23.0,VISUAL
174808,209179.0,1944-07-24,9,FRANCE,TACTICAL TARGETS,TACTICAL TARGETS: (UNIDENTIFIED OR NOT LISTED BELOW),49.12,-1.08,B17,4.0,13.0,157.0,24.0,,,24.0,VISUAL
174763,209180.0,1944-07-24,9,FRANCE,TACTICAL TARGETS,TACTICAL TARGETS: (UNIDENTIFIED OR NOT LISTED BELOW),49.12,-1.08,B17,4.0,12.0,172.0,23.0,,,23.0,VISUAL
174795,209181.0,1944-07-24,9,FRANCE,TACTICAL TARGETS,TACTICAL TARGETS: (UNIDENTIFIED OR NOT LISTED BELOW),49.12,-1.08,B17,4.0,12.0,162.0,22.0,,,22.0,VISUAL
174796,209182.0,1944-07-24,9,FRANCE,TACTICAL TARGETS,TACTICAL TARGETS: (UNIDENTIFIED OR NOT LISTED BELOW),49.12,-1.08,B17,4.0,11.0,162.0,21.0,,,21.0,VISUAL
174817,209183.0,1944-07-24,9,FRANCE,TACTICAL TARGETS,TACTICAL TARGETS: (UNIDENTIFIED OR NOT LISTED BELOW),49.12,-1.08,B17,4.0,12.0,155.0,23.0,,,23.0,VISUAL
174832,209184.0,1944-07-24,9,FRANCE,TACTICAL TARGETS,TACTICAL TARGETS: (UNIDENTIFIED OR NOT LISTED BELOW),49.12,-1.08,B17,4.0,12.0,152.0,23.0,,,23.0,VISUAL
174774,209185.0,1944-07-24,9,FRANCE,TACTICAL TARGETS,TACTICAL TARGETS: (UNIDENTIFIED OR NOT LISTED BELOW),49.12,-1.08,B17,4.0,12.0,165.0,23.0,,,23.0,VISUAL
174818,209186.0,1944-07-24,9,FRANCE,TACTICAL TARGETS,TACTICAL TARGETS: (UNIDENTIFIED OR NOT LISTED BELOW),49.12,-1.08,B17,4.0,6.0,155.0,11.0,,,11.0,VISUAL
174760,209187.0,1944-07-24,9,FRANCE,TACTICAL TARGETS,TACTICAL TARGETS: (UNIDENTIFIED OR NOT LISTED BELOW),49.12,-1.08,B17,4.0,13.0,173.0,,,29.0,29.0,VISUAL
174802,209188.0,1944-07-24,9,FRANCE,TACTICAL TARGETS,TACTICAL TARGETS: (UNIDENTIFIED OR NOT LISTED BELOW),49.12,-1.08,B17,4.0,14.0,160.0,27.0,,,27.0,VISUAL
174797,209189.0,1944-07-24,9,FRANCE,TACTICAL TARGETS,TACTICAL TARGETS: (UNIDENTIFIED OR NOT LISTED BELOW),49.12,-1.08,B17,4.0,13.0,162.0,24.0,,,24.0,VISUAL
174767,209190.0,1944-07-24,9,FRANCE,TACTICAL TARGETS,TACTICAL TARGETS: (UNIDENTIFIED OR NOT LISTED BELOW),49.12,-1.08,B17,4.0,13.0,170.0,24.0,,,24.0,VISUAL
174780,209191.0,1944-07-24,9,FRANCE,TACTICAL TARGETS,TACTICAL TARGETS: (UNIDENTIFIED OR NOT LISTED BELOW),49.12,-1.08,B17,4.0,13.0,164.0,25.0,,,25.0,VISUAL
174836,209192.0,1944-07-24,9,FRANCE,TACTICAL TARGETS,TACTICAL TARGETS: (UNIDENTIFIED OR NOT LISTED BELOW),49.12,-1.08,B17,4.0,12.0,150.0,23.0,,,23.0,VISUAL
174781,209193.0,1944-07-24,9,FRANCE,TACTICAL TARGETS,TACTICAL TARGETS: (UNIDENTIFIED OR NOT LISTED BELOW),49.12,-1.08,B17,4.0,11.0,164.0,21.0,,,21.0,VISUAL
174756,209194.0,1944-07-24,9,FRANCE,TACTICAL TARGETS,TACTICAL TARGETS: (UNIDENTIFIED OR NOT LISTED BELOW),49.12,-1.08,B17,4.0,12.0,174.0,21.0,,,21.0,VISUAL
174828,209195.0,1944-07-24,9,FRANCE,TACTICAL TARGETS,TACTICAL TARGETS: (UNIDENTIFIED OR NOT LISTED BELOW),49.12,-1.08,B17,4.0,12.0,154.0,,,25.0,25.0,VISUAL
174768,209196.0,1944-07-24,9,FRANCE,TACTICAL TARGETS,TACTICAL TARGETS: (UNIDENTIFIED OR NOT LISTED BELOW),49.12,-1.08,B17,4.0,13.0,170.0,25.0,,,25.0,VISUAL
174805,209197.0,1944-07-24,9,FRANCE,TACTICAL TARGETS,TACTICAL TARGETS: (UNIDENTIFIED OR NOT LISTED BELOW),49.12,-1.08,B17,4.0,13.0,159.0,25.0,,,25.0,VISUAL
175060,209198.0,1944-07-24,9,FRANCE,TACTICAL TARGETS,TACTICAL TARGETS: (UNIDENTIFIED OR NOT LISTED BELOW),49.12,-1.08,B17,4.0,1.0,,1.0,,,1.0,NOT INDICATED
174789,209199.0,1944-07-24,9,FRANCE,TACTICAL TARGETS,TACTICAL TARGETS: (UNIDENTIFIED OR NOT LISTED BELOW),49.12,-1.08,B17,4.0,16.0,163.0,,,36.0,36.0,VISUAL
174819,209200.0,1944-07-24,9,FRANCE,TACTICAL TARGETS,TACTICAL TARGETS: (UNIDENTIFIED OR NOT LISTED BELOW),49.12,-1.08,B17,4.0,12.0,155.0,,,27.0,27.0,VISUAL
174751,209201.0,1944-07-24,9,FRANCE,TACTICAL TARGETS,TACTICAL TARGETS: (UNIDENTIFIED OR NOT LISTED BELOW),49.12,-1.08,B17,4.0,7.0,175.0,,,16.0,16.0,VISUAL
174782,209202.0,1944-07-24,9,FRANCE,TACTICAL TARGETS,TACTICAL TARGETS: (UNIDENTIFIED OR NOT LISTED BELOW),49.12,-1.08,B17,2.0,13.0,164.0,,,29.0,29.0,VISUAL
175061,209203.0,1944-07-24,9,FRANCE,TACTICAL TARGETS,TACTICAL TARGETS: (UNIDENTIFIED OR NOT LISTED BELOW),49.12,-1.08,B24,1.0,1.0,,,,5.0,5.0,NOT INDICATED
174837,209204.0,1944-07-24,9,FRANCE,TACTICAL TARGETS,TACTICAL TARGETS: (UNIDENTIFIED OR NOT LISTED BELOW),49.12,-1.08,B24,1.0,1.0,150.0,3.0,,,3.0,VISUAL
175074,209216.0,1944-07-24,8,FRANCE,TACTICAL TARGET,TACTICAL TARGETS: (UNIDENTIFIED OR NOT LISTED BELOW),48.73,-1.52,B17,3.0,14.0,143.0,,,31.0,31.0,VISUAL
175071,209217.0,1944-07-24,8,FRANCE,TACTICAL TARGET,TACTICAL TARGETS: (UNIDENTIFIED OR NOT LISTED BELOW),49.17,-1.17,B17,2.0,12.0,150.0,24.0,,,24.0,VISUAL
174790,209219.0,1944-07-24,9,FRANCE,TACTICAL TARGETS,TACTICAL TARGETS: (UNIDENTIFIED OR NOT LISTED BELOW),49.12,-1.08,B17,4.0,12.0,163.0,23.0,,,23.0,VISUAL
174757,209220.0,1944-07-24,9,FRANCE,TACTICAL TARGETS,TACTICAL TARGETS: (UNIDENTIFIED OR NOT LISTED BELOW),49.12,-1.08,B17,4.0,11.0,174.0,21.0,,,21.0,VISUAL
174820,209221.0,1944-07-24,9,FRANCE,TACTICAL TARGETS,TACTICAL TARGETS: (UNIDENTIFIED OR NOT LISTED BELOW),49.12,-1.08,B17,4.0,11.0,155.0,21.0,,,21.0,VISUAL
174749,209222.0,1944-07-24,9,FRANCE,TACTICAL TARGETS,TACTICAL TARGETS: (UNIDENTIFIED OR NOT LISTED BELOW),49.12,-1.08,B17,4.0,11.0,176.0,21.0,,,21.0,VISUAL
174775,209223.0,1944-07-24,9,FRANCE,TACTICAL TARGETS,TACTICAL TARGETS: (UNIDENTIFIED OR NOT LISTED BELOW),49.12,-1.08,B17,4.0,12.0,165.0,23.0,,,23.0,VISUAL
174821,209224.0,1944-07-24,9,FRANCE,TACTICAL TARGETS,TACTICAL TARGETS: (UNIDENTIFIED OR NOT LISTED BELOW),49.12,-1.08,B17,4.0,12.0,155.0,23.0,,,23.0,VISUAL
175062,209225.0,1944-07-24,9,FRANCE,TACTICAL TARGETS,TACTICAL TARGETS: (UNIDENTIFIED OR NOT LISTED BELOW),49.12,-1.08,B17,4.0,6.0,,10.0,,,10.0,NOT INDICATED
174829,209226.0,1944-07-24,9,FRANCE,TACTICAL TARGETS,TACTICAL TARGETS: (UNIDENTIFIED OR NOT LISTED BELOW),49.12,-1.08,B17,4.0,12.0,154.0,23.0,,,23.0,VISUAL
174809,209227.0,1944-07-24,9,FRANCE,TACTICAL TARGETS,TACTICAL TARGETS: (UNIDENTIFIED OR NOT LISTED BELOW),49.12,-1.08,B17,4.0,13.0,157.0,24.0,,,24.0,VISUAL
174764,209228.0,1944-07-24,9,FRANCE,TACTICAL TARGETS,TACTICAL TARGETS: (UNIDENTIFIED OR NOT LISTED BELOW),49.12,-1.08,B17,4.0,12.0,172.0,23.0,,,23.0,VISUAL
174798,209229.0,1944-07-24,9,FRANCE,TACTICAL TARGETS,TACTICAL TARGETS: (UNIDENTIFIED OR NOT LISTED BELOW),49.12,-1.08,B17,4.0,12.0,162.0,22.0,,,22.0,VISUAL
174799,209230.0,1944-07-24,9,FRANCE,TACTICAL TARGETS,TACTICAL TARGETS: (UNIDENTIFIED OR NOT LISTED BELOW),49.12,-1.08,B17,4.0,11.0,162.0,21.0,,,21.0,VISUAL
174822,209231.0,1944-07-24,9,FRANCE,TACTICAL TARGETS,TACTICAL TARGETS: (UNIDENTIFIED OR NOT LISTED BELOW),49.12,-1.08,B17,4.0,12.0,155.0,23.0,,,23.0,VISUAL
174833,209232.0,1944-07-24,9,FRANCE,TACTICAL TARGETS,TACTICAL TARGETS: (UNIDENTIFIED OR NOT LISTED BELOW),49.12,-1.08,B17,4.0,12.0,152.0,23.0,,,23.0,VISUAL
174776,209233.0,1944-07-24,9,FRANCE,TACTICAL TARGETS,TACTICAL TARGETS: (UNIDENTIFIED OR NOT LISTED BELOW),49.12,-1.08,B17,4.0,12.0,165.0,23.0,,,23.0,VISUAL
174823,209234.0,1944-07-24,9,FRANCE,TACTICAL TARGETS,TACTICAL TARGETS: (UNIDENTIFIED OR NOT LISTED BELOW),49.12,-1.08,B17,4.0,6.0,155.0,11.0,,,11.0,VISUAL
174761,209235.0,1944-07-24,9,FRANCE,TACTICAL TARGETS,TACTICAL TARGETS: (UNIDENTIFIED OR NOT LISTED BELOW),49.12,-1.08,B17,4.0,13.0,173.0,,,29.0,29.0,VISUAL
174803,209236.0,1944-07-24,9,FRANCE,TACTICAL TARGETS,TACTICAL TARGETS: (UNIDENTIFIED OR NOT LISTED BELOW),49.12,-1.08,B17,4.0,14.0,160.0,27.0,,,27.0,VISUAL
174800,209237.0,1944-07-24,9,FRANCE,TACTICAL TARGETS,TACTICAL TARGETS: (UNIDENTIFIED OR NOT LISTED BELOW),49.12,-1.08,B17,4.0,13.0,162.0,24.0,,,24.0,VISUAL
174769,209238.0,1944-07-24,9,FRANCE,TACTICAL TARGETS,TACTICAL TARGETS: (UNIDENTIFIED OR NOT LISTED BELOW),49.12,-1.08,B17,4.0,13.0,170.0,24.0,,,24.0,VISUAL
174783,209239.0,1944-07-24,9,FRANCE,TACTICAL TARGETS,TACTICAL TARGETS: (UNIDENTIFIED OR NOT LISTED BELOW),49.12,-1.08,B17,4.0,13.0,164.0,25.0,,,25.0,VISUAL
174838,209240.0,1944-07-24,9,FRANCE,TACTICAL TARGETS,TACTICAL TARGETS: (UNIDENTIFIED OR NOT LISTED BELOW),49.12,-1.08,B17,4.0,12.0,150.0,23.0,,,23.0,VISUAL
174784,209241.0,1944-07-24,9,FRANCE,TACTICAL TARGETS,TACTICAL TARGETS: (UNIDENTIFIED OR NOT LISTED BELOW),49.12,-1.08,B17,4.0,11.0,164.0,21.0,,,21.0,VISUAL
174758,209242.0,1944-07-24,9,FRANCE,TACTICAL TARGETS,TACTICAL TARGETS: (UNIDENTIFIED OR NOT LISTED BELOW),49.12,-1.08,B17,4.0,12.0,174.0,21.0,,,21.0,VISUAL
174830,209243.0,1944-07-24,9,FRANCE,TACTICAL TARGETS,TACTICAL TARGETS: (UNIDENTIFIED OR NOT LISTED BELOW),49.12,-1.08,B17,4.0,12.0,154.0,,,25.0,25.0,VISUAL
174770,209244.0,1944-07-24,9,FRANCE,TACTICAL TARGETS,TACTICAL TARGETS: (UNIDENTIFIED OR NOT LISTED BELOW),49.12,-1.08,B17,4.0,13.0,170.0,25.0,,,25.0,VISUAL
174806,209245.0,1944-07-24,9,FRANCE,TACTICAL TARGETS,TACTICAL TARGETS: (UNIDENTIFIED OR NOT LISTED BELOW),49.12,-1.08,B17,4.0,13.0,159.0,25.0,,,25.0,VISUAL
175063,209246.0,1944-07-24,9,FRANCE,TACTICAL TARGETS,TACTICAL TARGETS: (UNIDENTIFIED OR NOT LISTED BELOW),49.12,-1.08,B17,4.0,1.0,,1.0,,,1.0,NOT INDICATED
174791,209247.0,1944-07-24,9,FRANCE,TACTICAL TARGETS,TACTICAL TARGETS: (UNIDENTIFIED OR NOT LISTED BELOW),49.12,-1.08,B17,4.0,16.0,163.0,,,36.0,36.0,VISUAL
174824,209248.0,1944-07-24,9,FRANCE,TACTICAL TARGETS,TACTICAL TARGETS: (UNIDENTIFIED OR NOT LISTED BELOW),49.12,-1.08,B17,4.0,12.0,155.0,,,27.0,27.0,VISUAL
174752,209249.0,1944-07-24,9,FRANCE,TACTICAL TARGETS,TACTICAL TARGETS: (UNIDENTIFIED OR NOT LISTED BELOW),49.12,-1.08,B17,4.0,7.0,175.0,,,16.0,16.0,VISUAL
174785,209250.0,1944-07-24,9,FRANCE,TACTICAL TARGETS,TACTICAL TARGETS: (UNIDENTIFIED OR NOT LISTED BELOW),49.12,-1.08,B17,2.0,13.0,164.0,,,29.0,29.0,VISUAL
175065,209251.0,1944-07-24,9,FRANCE,TACTICAL TARGETS,TACTICAL TARGETS: (UNIDENTIFIED OR NOT LISTED BELOW),49.12,-1.08,B24,1.0,1.0,,,,5.0,5.0,NOT INDICATED
174840,209252.0,1944-07-24,9,FRANCE,TACTICAL TARGETS,TACTICAL TARGETS: (UNIDENTIFIED OR NOT LISTED BELOW),49.12,-1.08,B24,1.0,1.0,150.0,3.0,,,3.0,VISUAL
175644,105994.0,1944-07-25,15,AUSTRIA,H GOERING STEEL WORKS,"""IRON AND STEEL PRODUCTION FACILITIES,  BLAST FURNACES,  BOILER SHOPS,  FORGES,  FOUNDRIES, STEEL WORKS,  ROLLING-MILLS """,48.3,14.3,B24,4.0,21.0,230.0,50.0,,,50.0,VISUAL
175650,105995.0,1944-07-25,15,AUSTRIA,H GOERING STEEL WORKS,"""IRON AND STEEL PRODUCTION FACILITIES,  BLAST FURNACES,  BOILER SHOPS,  FORGES,  FOUNDRIES, STEEL WORKS,  ROLLING-MILLS """,48.3,14.3,B24,4.0,33.0,220.0,82.0,,,82.0,NOT INDICATED
175676,106001.0,1944-07-25,12,FRANCE,BRIDGE,BRIDGES,46.0,11.0,B26,,,,10.0,,,10.0,VISUAL
176299,106008.0,1944-07-25,9,FRANCE,TACTICAL TARGETS,TACTICAL TARGETS: (UNIDENTIFIED OR NOT LISTED BELOW),49.12,-1.08,B26,,,85.0,,,84.0,84.0,VISUAL
176287,106009.0,1944-07-25,9,FRANCE,TROOP CONCENTRATION,TROOP CONCENTRATIONS,49.12,-1.08,B26,,,110.0,,,56.0,56.0,VISUAL
176339,106021.0,1944-07-25,8,FRANCE,STRONG POINT,TACTICAL TARGETS: (UNIDENTIFIED OR NOT LISTED BELOW),49.1,-1.23,B17,2.0,13.0,133.0,25.0,,,25.0,VISUAL
175980,106035.0,1944-07-25,9,FRANCE,TACTICAL TARGETS,TACTICAL TARGETS: (UNIDENTIFIED OR NOT LISTED BELOW),49.12,-1.08,B17,4.0,13.0,123.0,24.0,,,24.0,VISUAL
175971,106036.0,1944-07-25,9,FRANCE,TACTICAL TARGETS,TACTICAL TARGETS: (UNIDENTIFIED OR NOT LISTED BELOW),49.12,-1.08,B17,4.0,14.0,125.0,27.0,,,27.0,VISUAL
176251,106037.0,1944-07-25,9,FRANCE,TACTICAL TARGETS,TACTICAL TARGETS: (UNIDENTIFIED OR NOT LISTED BELOW),49.12,-1.08,B17,4.0,14.0,120.0,,,30.0,30.0,VISUAL
175992,106038.0,1944-07-25,9,FRANCE,TACTICAL TARGETS,TACTICAL TARGETS: (UNIDENTIFIED OR NOT LISTED BELOW),49.12,-1.08,B17,4.0,13.0,122.0,,,29.0,29.0,VISUAL
176278,106039.0,1944-07-25,9,FRANCE,TACTICAL TARGETS,TACTICAL TARGETS: (UNIDENTIFIED OR NOT LISTED BELOW),49.12,-1.08,B17,4.0,12.0,113.0,,,27.0,27.0,VISUAL
175708,106040.0,1944-07-25,9,FRANCE,TACTICAL TARGETS,TACTICAL TARGETS: (UNIDENTIFIED OR NOT LISTED BELOW),49.12,-1.08,B17,4.0,12.0,133.0,,,27.0,27.0,VISUAL
175981,106041.0,1944-07-25,9,FRANCE,TACTICAL TARGETS,TACTICAL TARGETS: (UNIDENTIFIED OR NOT LISTED BELOW),49.12,-1.08,B17,4.0,11.0,123.0,,,24.0,24.0,VISUAL
176022,106042.0,1944-07-25,9,FRANCE,TACTICAL TARGETS,TACTICAL TARGETS: (UNIDENTIFIED OR NOT LISTED BELOW),49.12,-1.08,B17,4.0,12.0,121.0,23.0,,,23.0,VISUAL
176023,106043.0,1944-07-25,9,FRANCE,TACTICAL TARGETS,TACTICAL TARGETS: (UNIDENTIFIED OR NOT LISTED BELOW),49.12,-1.08,B17,4.0,13.0,121.0,24.0,,,24.0,VISUAL
176024,106044.0,1944-07-25,9,FRANCE,TACTICAL TARGETS,TACTICAL TARGETS: (UNIDENTIFIED OR NOT LISTED BELOW),49.12,-1.08,B17,4.0,12.0,121.0,23.0,,,23.0,VISUAL
176025,106045.0,1944-07-25,9,FRANCE,TACTICAL TARGETS,TACTICAL TARGETS: (UNIDENTIFIED OR NOT LISTED BELOW),49.12,-1.08,B17,4.0,12.0,121.0,23.0,,,23.0,VISUAL
175709,106046.0,1944-07-25,9,FRANCE,TACTICAL TARGETS,TACTICAL TARGETS: (UNIDENTIFIED OR NOT LISTED BELOW),49.12,-1.08,B17,4.0,12.0,133.0,23.0,,,23.0,VISUAL
176026,106047.0,1944-07-25,9,FRANCE,TACTICAL TARGETS,TACTICAL TARGETS: (UNIDENTIFIED OR NOT LISTED BELOW),49.12,-1.08,B17,4.0,12.0,121.0,23.0,,,23.0,VISUAL
175696,106048.0,1944-07-25,9,FRANCE,TACTICAL TARGETS,TACTICAL TARGETS: (UNIDENTIFIED OR NOT LISTED BELOW),49.12,-1.08,B17,4.0,12.0,136.0,23.0,,,23.0,VISUAL
176311,106049.0,1944-07-25,9,FRANCE,TACTICAL TARGETS,TACTICAL TARGETS: (UNIDENTIFIED OR NOT LISTED BELOW),49.12,-1.08,B17,4.0,3.0,,6.0,,,6.0,NOT INDICATED
175956,106050.0,1944-07-25,9,FRANCE,TACTICAL TARGETS,TACTICAL TARGETS: (UNIDENTIFIED OR NOT LISTED BELOW),49.12,-1.08,B17,4.0,12.0,126.0,,,23.0,23.0,VISUAL
176027,106051.0,1944-07-25,9,FRANCE,TACTICAL TARGETS,TACTICAL TARGETS: (UNIDENTIFIED OR NOT LISTED BELOW),49.12,-1.08,B17,4.0,14.0,121.0,27.0,,,27.0,VISUAL
175710,106052.0,1944-07-25,9,FRANCE,TACTICAL TARGETS,TACTICAL TARGETS: (UNIDENTIFIED OR NOT LISTED BELOW),49.12,-1.08,B17,4.0,10.0,133.0,18.0,,,18.0,VISUAL
175723,106053.0,1944-07-25,9,FRANCE,TACTICAL TARGETS,TACTICAL TARGETS: (UNIDENTIFIED OR NOT LISTED BELOW),49.12,-1.08,B17,4.0,8.0,132.0,14.0,,,14.0,VISUAL
175697,106054.0,1944-07-25,9,FRANCE,TACTICAL TARGETS,TACTICAL TARGETS: (UNIDENTIFIED OR NOT LISTED BELOW),49.12,-1.08,B17,4.0,14.0,136.0,,,31.0,31.0,VISUAL
175972,106055.0,1944-07-25,9,FRANCE,TACTICAL TARGETS,TACTICAL TARGETS: (UNIDENTIFIED OR NOT LISTED BELOW),49.12,-1.08,B17,4.0,14.0,125.0,25.0,,,25.0,VISUAL
175729,106056.0,1944-07-25,9,FRANCE,TACTICAL TARGETS,TACTICAL TARGETS: (UNIDENTIFIED OR NOT LISTED BELOW),49.12,-1.08,B17,4.0,13.0,131.0,23.0,,,23.0,VISUAL
175684,106057.0,1944-07-25,9,FRANCE,TACTICAL TARGETS,TACTICAL TARGETS: (UNIDENTIFIED OR NOT LISTED BELOW),49.12,-1.08,B17,4.0,14.0,140.0,26.0,,,26.0,VISUAL
176028,106058.0,1944-07-25,9,FRANCE,TACTICAL TARGETS,TACTICAL TARGETS: (UNIDENTIFIED OR NOT LISTED BELOW),49.12,-1.08,B17,4.0,14.0,121.0,,,31.0,31.0,VISUAL
175993,106059.0,1944-07-25,9,FRANCE,TACTICAL TARGETS,TACTICAL TARGETS: (UNIDENTIFIED OR NOT LISTED BELOW),49.12,-1.08,B17,4.0,14.0,122.0,26.0,,,26.0,VISUAL
175994,106060.0,1944-07-25,9,FRANCE,TACTICAL TARGETS,TACTICAL TARGETS: (UNIDENTIFIED OR NOT LISTED BELOW),49.12,-1.08,B17,4.0,14.0,122.0,,,29.0,29.0,VISUAL
175995,106061.0,1944-07-25,9,FRANCE,TACTICAL TARGETS,TACTICAL TARGETS: (UNIDENTIFIED OR NOT LISTED BELOW),49.12,-1.08,B17,4.0,14.0,122.0,26.0,,,26.0,VISUAL
175693,106062.0,1944-07-25,9,FRANCE,TACTICAL TARGETS,TACTICAL TARGETS: (UNIDENTIFIED OR NOT LISTED BELOW),49.12,-1.08,B17,4.0,13.0,137.0,,,29.0,29.0,VISUAL
176312,106063.0,1944-07-25,9,FRANCE,TACTICAL TARGETS,TACTICAL TARGETS: (UNIDENTIFIED OR NOT LISTED BELOW),49.12,-1.08,B17,4.0,1.0,,,,2.0,2.0,NOT INDICATED
175681,106064.0,1944-07-25,9,FRANCE,TACTICAL TARGETS,TACTICAL TARGETS: (UNIDENTIFIED OR NOT LISTED BELOW),49.12,-1.08,B17,4.0,13.0,144.0,,,29.0,29.0,VISUAL
175730,106065.0,1944-07-25,9,FRANCE,TACTICAL TARGETS,TACTICAL TARGETS: (UNIDENTIFIED OR NOT LISTED BELOW),49.12,-1.08,B17,4.0,12.0,131.0,23.0,,,23.0,VISUAL
175996,106066.0,1944-07-25,9,FRANCE,TACTICAL TARGETS,TACTICAL TARGETS: (UNIDENTIFIED OR NOT LISTED BELOW),49.12,-1.08,B17,4.0,12.0,122.0,22.0,,,22.0,VISUAL
176252,106067.0,1944-07-25,9,FRANCE,TACTICAL TARGETS,TACTICAL TARGETS: (UNIDENTIFIED OR NOT LISTED BELOW),49.12,-1.08,B17,4.0,12.0,120.0,23.0,,,23.0,VISUAL
176313,106068.0,1944-07-25,9,FRANCE,TACTICAL TARGETS,TACTICAL TARGETS: (UNIDENTIFIED OR NOT LISTED BELOW),49.12,-1.08,B17,4.0,3.0,,6.0,,,6.0,NOT INDICATED
175982,106069.0,1944-07-25,9,FRANCE,TACTICAL TARGETS,TACTICAL TARGETS: (UNIDENTIFIED OR NOT LISTED BELOW),49.12,-1.08,B17,4.0,12.0,123.0,23.0,,,23.0,VISUAL
175997,106070.0,1944-07-25,9,FRANCE,TACTICAL TARGETS,TACTICAL TARGETS: (UNIDENTIFIED OR NOT LISTED BELOW),49.12,-1.08,B17,4.0,12.0,122.0,23.0,,,23.0,VISUAL
175957,106071.0,1944-07-25,9,FRANCE,TACTICAL TARGETS,TACTICAL TARGETS: (UNIDENTIFIED OR NOT LISTED BELOW),49.12,-1.08,B17,4.0,12.0,126.0,23.0,,,23.0,VISUAL
175944,106072.0,1944-07-25,9,FRANCE,TACTICAL TARGETS,TACTICAL TARGETS: (UNIDENTIFIED OR NOT LISTED BELOW),49.12,-1.08,B17,4.0,12.0,128.0,23.0,,,23.0,VISUAL
175958,106073.0,1944-07-25,9,FRANCE,TACTICAL TARGETS,TACTICAL TARGETS: (UNIDENTIFIED OR NOT LISTED BELOW),49.12,-1.08,B17,4.0,6.0,126.0,11.0,,,11.0,VISUAL
175959,106074.0,1944-07-25,9,FRANCE,TACTICAL TARGETS,TACTICAL TARGETS: (UNIDENTIFIED OR NOT LISTED BELOW),49.12,-1.08,B17,4.0,13.0,126.0,,,29.0,29.0,VISUAL
175998,106075.0,1944-07-25,9,FRANCE,TACTICAL TARGETS,TACTICAL TARGETS: (UNIDENTIFIED OR NOT LISTED BELOW),49.12,-1.08,B17,4.0,13.0,122.0,,,29.0,29.0,VISUAL
176279,106076.0,1944-07-25,9,FRANCE,TACTICAL TARGETS,TACTICAL TARGETS: (UNIDENTIFIED OR NOT LISTED BELOW),49.12,-1.08,B17,4.0,13.0,113.0,,,29.0,29.0,VISUAL
175702,106077.0,1944-07-25,9,FRANCE,TACTICAL TARGETS,TACTICAL TARGETS: (UNIDENTIFIED OR NOT LISTED BELOW),49.12,-1.08,B17,4.0,13.0,134.0,25.0,,,25.0,VISUAL
175687,106078.0,1944-07-25,9,FRANCE,TACTICAL TARGETS,TACTICAL TARGETS: (UNIDENTIFIED OR NOT LISTED BELOW),49.12,-1.08,B17,4.0,13.0,138.0,25.0,,,25.0,VISUAL
175703,106079.0,1944-07-25,9,FRANCE,TACTICAL TARGETS,TACTICAL TARGETS: (UNIDENTIFIED OR NOT LISTED BELOW),49.12,-1.08,B17,4.0,13.0,134.0,25.0,,,25.0,VISUAL
176266,106080.0,1944-07-25,9,FRANCE,TACTICAL TARGETS,TACTICAL TARGETS: (UNIDENTIFIED OR NOT LISTED BELOW),49.12,-1.08,B17,4.0,14.0,117.0,,,31.0,31.0,VISUAL
176294,106081.0,1944-07-25,9,FRANCE,TACTICAL TARGETS,TACTICAL TARGETS: (UNIDENTIFIED OR NOT LISTED BELOW),49.12,-1.08,B17,4.0,14.0,103.0,26.0,,,26.0,VISUAL
175983,106082.0,1944-07-25,9,FRANCE,TACTICAL TARGETS,TACTICAL TARGETS: (UNIDENTIFIED OR NOT LISTED BELOW),49.12,-1.08,B17,4.0,14.0,123.0,27.0,,,27.0,VISUAL
175711,106083.0,1944-07-25,9,FRANCE,TACTICAL TARGETS,TACTICAL TARGETS: (UNIDENTIFIED OR NOT LISTED BELOW),49.12,-1.08,B17,4.0,12.0,133.0,23.0,,,23.0,VISUAL
175688,106084.0,1944-07-25,9,FRANCE,TACTICAL TARGETS,TACTICAL TARGETS: (UNIDENTIFIED OR NOT LISTED BELOW),49.12,-1.08,B17,4.0,12.0,138.0,23.0,,,23.0,VISUAL
175735,106085.0,1944-07-25,9,FRANCE,TACTICAL TARGETS,TACTICAL TARGETS: (UNIDENTIFIED OR NOT LISTED BELOW),49.12,-1.08,B17,4.0,12.0,130.0,,,27.0,27.0,VISUAL
175999,106086.0,1944-07-25,9,FRANCE,TACTICAL TARGETS,TACTICAL TARGETS: (UNIDENTIFIED OR NOT LISTED BELOW),49.12,-1.08,B17,4.0,14.0,122.0,27.0,,,27.0,VISUAL
176029,106087.0,1944-07-25,9,FRANCE,TACTICAL TARGETS,TACTICAL TARGETS: (UNIDENTIFIED OR NOT LISTED BELOW),49.12,-1.08,B17,4.0,14.0,121.0,,,31.0,31.0,VISUAL
176030,106088.0,1944-07-25,9,FRANCE,TACTICAL TARGETS,TACTICAL TARGETS: (UNIDENTIFIED OR NOT LISTED BELOW),49.12,-1.08,B17,4.0,14.0,121.0,27.0,,,27.0,VISUAL
175724,106089.0,1944-07-25,9,FRANCE,TACTICAL TARGETS,TACTICAL TARGETS: (UNIDENTIFIED OR NOT LISTED BELOW),49.12,-1.08,B17,4.0,6.0,132.0,11.0,,,11.0,VISUAL
175736,106090.0,1944-07-25,9,FRANCE,TACTICAL TARGETS,TACTICAL TARGETS: (UNIDENTIFIED OR NOT LISTED BELOW),49.12,-1.08,B17,4.0,13.0,130.0,25.0,,,25.0,VISUAL
176253,106091.0,1944-07-25,9,FRANCE,TACTICAL TARGETS,TACTICAL TARGETS: (UNIDENTIFIED OR NOT LISTED BELOW),49.12,-1.08,B17,4.0,13.0,120.0,25.0,,,25.0,VISUAL
176288,106092.0,1944-07-25,9,FRANCE,TACTICAL TARGETS,TACTICAL TARGETS: (UNIDENTIFIED OR NOT LISTED BELOW),49.12,-1.08,B17,4.0,13.0,110.0,25.0,,,25.0,VISUAL
175945,106093.0,1944-07-25,9,FRANCE,TACTICAL TARGETS,TACTICAL TARGETS: (UNIDENTIFIED OR NOT LISTED BELOW),49.12,-1.08,B17,4.0,13.0,128.0,25.0,,,25.0,VISUAL
176284,106094.0,1944-07-25,9,FRANCE,TACTICAL TARGETS,TACTICAL TARGETS: (UNIDENTIFIED OR NOT LISTED BELOW),49.12,-1.08,B17,4.0,13.0,112.0,,,27.0,27.0,VISUAL
175953,106095.0,1944-07-25,9,FRANCE,TACTICAL TARGETS,TACTICAL TARGETS: (UNIDENTIFIED OR NOT LISTED BELOW),49.12,-1.08,B17,4.0,13.0,127.0,,,29.0,29.0,VISUAL
175737,106096.0,1944-07-25,9,FRANCE,TACTICAL TARGETS,TACTICAL TARGETS: (UNIDENTIFIED OR NOT LISTED BELOW),49.12,-1.08,B17,4.0,14.0,130.0,,,31.0,31.0,VISUAL
175678,106097.0,1944-07-25,9,FRANCE,TACTICAL TARGETS,TACTICAL TARGETS: (UNIDENTIFIED OR NOT LISTED BELOW),49.12,-1.08,B17,4.0,13.0,152.0,23.0,,,23.0,VISUAL
175946,106098.0,1944-07-25,9,FRANCE,TACTICAL TARGETS,TACTICAL TARGETS: (UNIDENTIFIED OR NOT LISTED BELOW),49.12,-1.08,B17,4.0,14.0,128.0,26.0,,,26.0,VISUAL
175712,106099.0,1944-07-25,9,FRANCE,TACTICAL TARGETS,TACTICAL TARGETS: (UNIDENTIFIED OR NOT LISTED BELOW),49.12,-1.08,B17,4.0,4.0,133.0,8.0,,,8.0,VISUAL
176314,106100.0,1944-07-25,9,FRANCE,TACTICAL TARGETS,TACTICAL TARGETS: (UNIDENTIFIED OR NOT LISTED BELOW),49.12,-1.08,B24,0.0,,,29.0,,,29.0,NOT INDICATED
176000,106101.0,1944-07-25,9,FRANCE,TACTICAL TARGETS,TACTICAL TARGETS: (UNIDENTIFIED OR NOT LISTED BELOW),49.12,-1.08,B24,4.0,12.0,122.0,2.0,,,2.0,VISUAL
175977,106102.0,1944-07-25,9,FRANCE,TACTICAL TARGETS,TACTICAL TARGETS: (UNIDENTIFIED OR NOT LISTED BELOW),49.12,-1.08,B24,4.0,12.0,124.0,2.0,,34.0,36.0,VISUAL
176315,106103.0,1944-07-25,9,FRANCE,TACTICAL TARGETS,TACTICAL TARGETS: (UNIDENTIFIED OR NOT LISTED BELOW),49.12,-1.08,B24,0.0,,,28.0,,,28.0,NOT INDICATED
176254,106104.0,1944-07-25,9,FRANCE,TACTICAL TARGETS,TACTICAL TARGETS: (UNIDENTIFIED OR NOT LISTED BELOW),49.12,-1.08,B24,4.0,12.0,120.0,2.0,,,2.0,VISUAL
176316,106105.0,1944-07-25,9,FRANCE,TACTICAL TARGETS,TACTICAL TARGETS: (UNIDENTIFIED OR NOT LISTED BELOW),49.12,-1.08,B24,0.0,,,29.0,,,29.0,NOT INDICATED
176001,106106.0,1944-07-25,9,FRANCE,TACTICAL TARGETS,TACTICAL TARGETS: (UNIDENTIFIED OR NOT LISTED BELOW),49.12,-1.08,B24,4.0,12.0,122.0,2.0,,,2.0,VISUAL
176267,106107.0,1944-07-25,9,FRANCE,TACTICAL TARGETS,TACTICAL TARGETS: (UNIDENTIFIED OR NOT LISTED BELOW),49.12,-1.08,B24,4.0,12.0,117.0,2.0,,34.0,36.0,VISUAL
176317,106108.0,1944-07-25,9,FRANCE,TACTICAL TARGETS,TACTICAL TARGETS: (UNIDENTIFIED OR NOT LISTED BELOW),49.12,-1.08,B24,0.0,,,29.0,,,29.0,NOT INDICATED
176275,106109.0,1944-07-25,9,FRANCE,TACTICAL TARGETS,TACTICAL TARGETS: (UNIDENTIFIED OR NOT LISTED BELOW),49.12,-1.08,B24,4.0,12.0,114.0,2.0,,,2.0,VISUAL
176318,106110.0,1944-07-25,9,FRANCE,TACTICAL TARGETS,TACTICAL TARGETS: (UNIDENTIFIED OR NOT LISTED BELOW),49.12,-1.08,B24,0.0,,,29.0,,,29.0,NOT INDICATED
176255,106111.0,1944-07-25,9,FRANCE,TACTICAL TARGETS,TACTICAL TARGETS: (UNIDENTIFIED OR NOT LISTED BELOW),49.12,-1.08,B24,4.0,12.0,120.0,2.0,,,2.0,VISUAL
175960,106112.0,1944-07-25,9,FRANCE,TACTICAL TARGETS,TACTICAL TARGETS: (UNIDENTIFIED OR NOT LISTED BELOW),49.12,-1.08,B24,4.0,12.0,126.0,2.0,,34.0,36.0,VISUAL
176331,106113.0,1944-07-25,9,FRANCE,TACTICAL TARGETS,TACTICAL TARGETS: (UNIDENTIFIED OR NOT LISTED BELOW),49.12,-1.08,B24,0.0,,,2.0,,,2.0,NOT INDICATED
176273,106114.0,1944-07-25,9,FRANCE,TACTICAL TARGETS,TACTICAL TARGETS: (UNIDENTIFIED OR NOT LISTED BELOW),49.12,-1.08,B24,4.0,12.0,116.0,29.0,,,29.0,VISUAL
175672,106115.0,1944-07-25,15,AUSTRIA,H GOERING TANK WORKS,TANK FACTORIES,48.4,14.42,B17,4.0,27.0,214.0,81.0,,,81.0,NOT INDICATED
175660,106116.0,1944-07-25,15,AUSTRIA,H GOERING TANK WORKS,TANK FACTORIES,48.4,14.42,B17,4.0,27.0,218.0,81.0,,,81.0,VISUAL
175420,106117.0,1944-07-25,15,AUSTRIA,H GOERING TANK WORKS,TANK FACTORIES,48.4,14.42,B17,4.0,27.0,250.0,81.0,,,81.0,NOT INDICATED
175440,106118.0,1944-07-25,15,AUSTRIA,H GOERING TANK WORKS,TANK FACTORIES,48.4,14.42,B17,4.0,26.0,231.0,78.0,,,78.0,NOT INDICATED
175424,106119.0,1944-07-25,15,AUSTRIA,H GOERING TANK WORKS,TANK FACTORIES,48.4,14.42,B17,4.0,27.0,245.0,81.0,,,81.0,VISUAL
175416,106120.0,1944-07-25,15,AUSTRIA,H GOERING TANK WORKS,TANK FACTORIES,48.4,14.42,B17,4.0,28.0,255.0,84.0,,,84.0,VISUAL
175436,106121.0,1944-07-25,15,AUSTRIA,H GOERING TANK WORKS,TANK FACTORIES,48.4,14.42,B24,4.0,20.0,233.0,56.0,,,56.0,NOT INDICATED
175664,106122.0,1944-07-25,15,AUSTRIA,H GOERING TANK WORKS,TANK FACTORIES,48.4,14.42,B24,4.0,28.0,215.0,83.0,,,83.0,NOT INDICATED
175665,106123.0,1944-07-25,15,AUSTRIA,H GOERING TANK WORKS,TANK FACTORIES,48.4,14.42,B24,4.0,25.0,215.0,71.0,,,71.0,VISUAL
175432,106124.0,1944-07-25,15,AUSTRIA,H GOERING TANK WORKS,TANK FACTORIES,48.4,14.42,B24,4.0,28.0,235.0,81.0,,,81.0,NOT INDICATED
175652,106125.0,1944-07-25,15,AUSTRIA,H GOERING TANK WORKS,TANK FACTORIES,48.4,14.42,B24,4.0,27.0,220.0,79.0,,,79.0,VISUAL
175646,106126.0,1944-07-25,15,AUSTRIA,H GOERING TANK WORKS,TANK FACTORIES,48.4,14.42,B24,4.0,24.0,228.0,59.0,,,59.0,NOT INDICATED
175653,106127.0,1944-07-25,15,AUSTRIA,H GOERING TANK WORKS,TANK FACTORIES,48.4,14.42,B24,4.0,26.0,220.0,65.0,,,65.0,NOT INDICATED
175428,106128.0,1944-07-25,15,AUSTRIA,H GOERING TANK WORKS,TANK FACTORIES,48.4,14.42,B24,4.0,32.0,240.0,80.0,,,80.0,NOT INDICATED
175673,106129.0,1944-07-25,15,AUSTRIA,H GOERING TANK WORKS,TANK FACTORIES,48.4,14.42,B17,4.0,27.0,214.0,81.0,,,81.0,NOT INDICATED
175661,106130.0,1944-07-25,15,AUSTRIA,H GOERING TANK WORKS,TANK FACTORIES,48.4,14.42,B17,4.0,27.0,218.0,81.0,,,81.0,VISUAL
175421,106131.0,1944-07-25,15,AUSTRIA,H GOERING TANK WORKS,TANK FACTORIES,48.4,14.42,B17,4.0,27.0,250.0,81.0,,,81.0,NOT INDICATED
175441,106132.0,1944-07-25,15,AUSTRIA,H GOERING TANK WORKS,TANK FACTORIES,48.4,14.42,B17,4.0,26.0,231.0,78.0,,,78.0,NOT INDICATED
175425,106133.0,1944-07-25,15,AUSTRIA,H GOERING TANK WORKS,TANK FACTORIES,48.4,14.42,B17,4.0,27.0,245.0,81.0,,,81.0,VISUAL
175417,106134.0,1944-07-25,15,AUSTRIA,H GOERING TANK WORKS,TANK FACTORIES,48.4,14.42,B17,4.0,28.0,255.0,84.0,,,84.0,VISUAL
175437,106135.0,1944-07-25,15,AUSTRIA,H GOERING TANK WORKS,TANK FACTORIES,48.4,14.42,B24,4.0,20.0,233.0,56.0,,,56.0,NOT INDICATED
175666,106136.0,1944-07-25,15,AUSTRIA,H GOERING TANK WORKS,TANK FACTORIES,48.4,14.42,B24,4.0,28.0,215.0,83.0,,,83.0,NOT INDICATED
175667,106137.0,1944-07-25,15,AUSTRIA,H GOERING TANK WORKS,TANK FACTORIES,48.4,14.42,B24,4.0,25.0,215.0,71.0,,,71.0,VISUAL
175433,106138.0,1944-07-25,15,AUSTRIA,H GOERING TANK WORKS,TANK FACTORIES,48.4,14.42,B24,4.0,28.0,235.0,81.0,,,81.0,NOT INDICATED
175654,106139.0,1944-07-25,15,AUSTRIA,H GOERING TANK WORKS,TANK FACTORIES,48.4,14.42,B24,4.0,27.0,220.0,79.0,,,79.0,VISUAL
175647,106140.0,1944-07-25,15,AUSTRIA,H GOERING TANK WORKS,TANK FACTORIES,48.4,14.42,B24,4.0,24.0,228.0,59.0,,,59.0,NOT INDICATED
175655,106141.0,1944-07-25,15,AUSTRIA,H GOERING TANK WORKS,TANK FACTORIES,48.4,14.42,B24,4.0,26.0,220.0,65.0,,,65.0,NOT INDICATED
175429,106142.0,1944-07-25,15,AUSTRIA,H GOERING TANK WORKS,TANK FACTORIES,48.4,14.42,B24,4.0,32.0,240.0,80.0,,,80.0,NOT INDICATED
176249,106146.0,1944-07-25,9,FRANCE,UNIDENTIFIED TARGET,UNIDENTIFIED TARGETS,46.42,5.49,B26,,,120.0,,,66.0,66.0,VISUAL
176297,106147.0,1944-07-25,9,FRANCE,UNIDENTIFIED TARGET,UNIDENTIFIED TARGETS,43.68,-4.43,A20,,,98.0,46.0,,,46.0,VISUAL
176302,106148.0,1944-07-25,9,FRANCE,UNIDENTIFIED TARGET,UNIDENTIFIED TARGETS,43.68,-4.43,A20,,,80.0,48.0,,,48.0,VISUAL
176309,106149.0,1944-07-25,9,FRANCE,UNIDENTIFIED TARGET,UNIDENTIFIED TARGETS,43.68,-4.43,A20,,,,42.0,,,42.0,VISUAL
176289,106150.0,1944-07-25,9,FRANCE,UNIDENTIFIED TARGET,UNIDENTIFIED TARGETS,49.12,-1.08,B26,,,110.0,,,88.0,88.0,VISUAL
175674,169809.0,1944-07-25,15,AUSTRIA,H GOERING TANK WORKS,TANK FACTORIES,48.4,14.42,B17,4.0,27.0,214.0,81.0,,,81.0,NOT INDICATED
175662,169810.0,1944-07-25,15,AUSTRIA,H GOERING TANK WORKS,TANK FACTORIES,48.4,14.42,B17,4.0,27.0,218.0,81.0,,,81.0,VISUAL
175422,169811.0,1944-07-25,15,AUSTRIA,H GOERING TANK WORKS,TANK FACTORIES,48.4,14.42,B17,4.0,27.0,250.0,81.0,,,81.0,NOT INDICATED
175442,169812.0,1944-07-25,15,AUSTRIA,H GOERING TANK WORKS,TANK FACTORIES,48.4,14.42,B17,4.0,26.0,231.0,78.0,,,78.0,NOT INDICATED
175426,169813.0,1944-07-25,15,AUSTRIA,H GOERING TANK WORKS,TANK FACTORIES,48.4,14.42,B17,4.0,27.0,245.0,81.0,,,81.0,VISUAL
175418,169814.0,1944-07-25,15,AUSTRIA,H GOERING TANK WORKS,TANK FACTORIES,48.4,14.42,B17,4.0,28.0,255.0,84.0,,,84.0,VISUAL
176250,169817.0,1944-07-25,9,FRANCE,UNIDENTIFIED TARGET,UNIDENTIFIED TARGETS,46.42,5.49,B26,,,120.0,,,66.0,66.0,VISUAL
176298,169818.0,1944-07-25,9,FRANCE,UNIDENTIFIED TARGET,UNIDENTIFIED TARGETS,43.68,-4.43,A20,,,98.0,46.0,,,46.0,VISUAL
176303,169819.0,1944-07-25,9,FRANCE,UNIDENTIFIED TARGET,UNIDENTIFIED TARGETS,43.68,-4.43,A20,,,80.0,48.0,,,48.0,VISUAL
176310,169820.0,1944-07-25,9,FRANCE,UNIDENTIFIED TARGET,UNIDENTIFIED TARGETS,43.68,-4.43,A20,,,,42.0,,,42.0,VISUAL
176290,169821.0,1944-07-25,9,FRANCE,UNIDENTIFIED TARGET,UNIDENTIFIED TARGETS,49.12,-1.08,B26,,,110.0,,,88.0,88.0,VISUAL
175675,169824.0,1944-07-25,15,AUSTRIA,H GOERING TANK WORKS,TANK FACTORIES,48.4,14.42,B17,4.0,27.0,214.0,81.0,,,81.0,NOT INDICATED
175663,169825.0,1944-07-25,15,AUSTRIA,H GOERING TANK WORKS,TANK FACTORIES,48.4,14.42,B17,4.0,27.0,218.0,81.0,,,81.0,VISUAL
175423,169826.0,1944-07-25,15,AUSTRIA,H GOERING TANK WORKS,TANK FACTORIES,48.4,14.42,B17,4.0,27.0,250.0,81.0,,,81.0,NOT INDICATED
175643,169827.0,1944-07-25,15,AUSTRIA,H GOERING TANK WORKS,TANK FACTORIES,48.4,14.42,B17,4.0,26.0,231.0,78.0,,,78.0,NOT INDICATED
175427,169828.0,1944-07-25,15,AUSTRIA,H GOERING TANK WORKS,TANK FACTORIES,48.4,14.42,B17,4.0,27.0,245.0,81.0,,,81.0,VISUAL
175419,169829.0,1944-07-25,15,AUSTRIA,H GOERING TANK WORKS,TANK FACTORIES,48.4,14.42,B17,4.0,28.0,255.0,84.0,,,84.0,VISUAL
175438,169830.0,1944-07-25,15,AUSTRIA,H GOERING TANK WORKS,TANK FACTORIES,48.4,14.42,B24,4.0,20.0,233.0,56.0,,,56.0,NOT INDICATED
175668,169831.0,1944-07-25,15,AUSTRIA,H GOERING TANK WORKS,TANK FACTORIES,48.4,14.42,B24,4.0,28.0,215.0,83.0,,,83.0,NOT INDICATED
175669,169832.0,1944-07-25,15,AUSTRIA,H GOERING TANK WORKS,TANK FACTORIES,48.4,14.42,B24,4.0,25.0,215.0,71.0,,,71.0,VISUAL
175434,169833.0,1944-07-25,15,AUSTRIA,H GOERING TANK WORKS,TANK FACTORIES,48.4,14.42,B24,4.0,28.0,235.0,81.0,,,81.0,NOT INDICATED
175656,169834.0,1944-07-25,15,AUSTRIA,H GOERING TANK WORKS,TANK FACTORIES,48.4,14.42,B24,4.0,27.0,220.0,79.0,,,79.0,VISUAL
175648,169835.0,1944-07-25,15,AUSTRIA,H GOERING TANK WORKS,TANK FACTORIES,48.4,14.42,B24,4.0,24.0,228.0,59.0,,,59.0,NOT INDICATED
175659,169836.0,1944-07-25,15,AUSTRIA,H GOERING TANK WORKS,TANK FACTORIES,48.4,14.42,B24,4.0,26.0,220.0,65.0,,,65.0,NOT INDICATED
175431,169837.0,1944-07-25,15,AUSTRIA,H GOERING TANK WORKS,TANK FACTORIES,48.4,14.42,B24,4.0,32.0,240.0,80.0,,,80.0,NOT INDICATED
175645,169838.0,1944-07-25,15,AUSTRIA,H GOERING STEEL WORKS,"""IRON AND STEEL PRODUCTION FACILITIES,  BLAST FURNACES,  BOILER SHOPS,  FORGES,  FOUNDRIES, STEEL WORKS,  ROLLING-MILLS """,48.3,14.3,B24,4.0,21.0,230.0,50.0,,,50.0,VISUAL
175651,169839.0,1944-07-25,15,AUSTRIA,H GOERING STEEL WORKS,"""IRON AND STEEL PRODUCTION FACILITIES,  BLAST FURNACES,  BOILER SHOPS,  FORGES,  FOUNDRIES, STEEL WORKS,  ROLLING-MILLS """,48.3,14.3,B24,4.0,33.0,220.0,82.0,,,82.0,NOT INDICATED
175439,169841.0,1944-07-25,15,AUSTRIA,H GOERING TANK WORKS,TANK FACTORIES,48.4,14.42,B24,4.0,20.0,233.0,56.0,,,56.0,NOT INDICATED
175670,169842.0,1944-07-25,15,AUSTRIA,H GOERING TANK WORKS,TANK FACTORIES,48.4,14.42,B24,4.0,28.0,215.0,83.0,,,83.0,NOT INDICATED
175671,169843.0,1944-07-25,15,AUSTRIA,H GOERING TANK WORKS,TANK FACTORIES,48.4,14.42,B24,4.0,25.0,215.0,71.0,,,71.0,VISUAL
175435,169844.0,1944-07-25,15,AUSTRIA,H GOERING TANK WORKS,TANK FACTORIES,48.4,14.42,B24,4.0,28.0,235.0,81.0,,,81.0,NOT INDICATED
175657,169845.0,1944-07-25,15,AUSTRIA,H GOERING TANK WORKS,TANK FACTORIES,48.4,14.42,B24,4.0,27.0,220.0,79.0,,,79.0,VISUAL
175649,169846.0,1944-07-25,15,AUSTRIA,H GOERING TANK WORKS,TANK FACTORIES,48.4,14.42,B24,4.0,24.0,228.0,59.0,,,59.0,NOT INDICATED
175658,169847.0,1944-07-25,15,AUSTRIA,H GOERING TANK WORKS,TANK FACTORIES,48.4,14.42,B24,4.0,26.0,220.0,65.0,,,65.0,NOT INDICATED
175430,169848.0,1944-07-25,15,AUSTRIA,H GOERING TANK WORKS,TANK FACTORIES,48.4,14.42,B24,4.0,32.0,240.0,80.0,,,80.0,NOT INDICATED
175677,209272.0,1944-07-25,12,FRANCE,BRIDGE,BRIDGES,46.0,11.0,B26,,,,10.0,,,10.0,VISUAL
176340,209286.0,1944-07-25,8,FRANCE,STRONG POINT,TACTICAL TARGETS: (UNIDENTIFIED OR NOT LISTED BELOW),49.1,-1.23,B17,2.0,13.0,133.0,25.0,,,25.0,VISUAL
175984,209290.0,1944-07-25,9,FRANCE,TACTICAL TARGETS,TACTICAL TARGETS: (UNIDENTIFIED OR NOT LISTED BELOW),49.12,-1.08,B17,4.0,13.0,123.0,24.0,,,24.0,VISUAL
175973,209291.0,1944-07-25,9,FRANCE,TACTICAL TARGETS,TACTICAL TARGETS: (UNIDENTIFIED OR NOT LISTED BELOW),49.12,-1.08,B17,4.0,14.0,125.0,27.0,,,27.0,VISUAL
176256,209292.0,1944-07-25,9,FRANCE,TACTICAL TARGETS,TACTICAL TARGETS: (UNIDENTIFIED OR NOT LISTED BELOW),49.12,-1.08,B17,4.0,14.0,120.0,,,30.0,30.0,VISUAL
176002,209293.0,1944-07-25,9,FRANCE,TACTICAL TARGETS,TACTICAL TARGETS: (UNIDENTIFIED OR NOT LISTED BELOW),49.12,-1.08,B17,4.0,13.0,122.0,,,29.0,29.0,VISUAL
176280,209294.0,1944-07-25,9,FRANCE,TACTICAL TARGETS,TACTICAL TARGETS: (UNIDENTIFIED OR NOT LISTED BELOW),49.12,-1.08,B17,4.0,12.0,113.0,,,27.0,27.0,VISUAL
175713,209295.0,1944-07-25,9,FRANCE,TACTICAL TARGETS,TACTICAL TARGETS: (UNIDENTIFIED OR NOT LISTED BELOW),49.12,-1.08,B17,4.0,12.0,133.0,,,27.0,27.0,VISUAL
175985,209296.0,1944-07-25,9,FRANCE,TACTICAL TARGETS,TACTICAL TARGETS: (UNIDENTIFIED OR NOT LISTED BELOW),49.12,-1.08,B17,4.0,11.0,123.0,,,24.0,24.0,VISUAL
176031,209297.0,1944-07-25,9,FRANCE,TACTICAL TARGETS,TACTICAL TARGETS: (UNIDENTIFIED OR NOT LISTED BELOW),49.12,-1.08,B17,4.0,12.0,121.0,23.0,,,23.0,VISUAL
176032,209298.0,1944-07-25,9,FRANCE,TACTICAL TARGETS,TACTICAL TARGETS: (UNIDENTIFIED OR NOT LISTED BELOW),49.12,-1.08,B17,4.0,13.0,121.0,24.0,,,24.0,VISUAL
176033,209299.0,1944-07-25,9,FRANCE,TACTICAL TARGETS,TACTICAL TARGETS: (UNIDENTIFIED OR NOT LISTED BELOW),49.12,-1.08,B17,4.0,12.0,121.0,23.0,,,23.0,VISUAL
176034,209300.0,1944-07-25,9,FRANCE,TACTICAL TARGETS,TACTICAL TARGETS: (UNIDENTIFIED OR NOT LISTED BELOW),49.12,-1.08,B17,4.0,12.0,121.0,23.0,,,23.0,VISUAL
175714,209301.0,1944-07-25,9,FRANCE,TACTICAL TARGETS,TACTICAL TARGETS: (UNIDENTIFIED OR NOT LISTED BELOW),49.12,-1.08,B17,4.0,12.0,133.0,23.0,,,23.0,VISUAL
176035,209302.0,1944-07-25,9,FRANCE,TACTICAL TARGETS,TACTICAL TARGETS: (UNIDENTIFIED OR NOT LISTED BELOW),49.12,-1.08,B17,4.0,12.0,121.0,23.0,,,23.0,VISUAL
175698,209303.0,1944-07-25,9,FRANCE,TACTICAL TARGETS,TACTICAL TARGETS: (UNIDENTIFIED OR NOT LISTED BELOW),49.12,-1.08,B17,4.0,12.0,136.0,23.0,,,23.0,VISUAL
176319,209304.0,1944-07-25,9,FRANCE,TACTICAL TARGETS,TACTICAL TARGETS: (UNIDENTIFIED OR NOT LISTED BELOW),49.12,-1.08,B17,4.0,3.0,,6.0,,,6.0,NOT INDICATED
175961,209305.0,1944-07-25,9,FRANCE,TACTICAL TARGETS,TACTICAL TARGETS: (UNIDENTIFIED OR NOT LISTED BELOW),49.12,-1.08,B17,4.0,12.0,126.0,,,23.0,23.0,VISUAL
176036,209306.0,1944-07-25,9,FRANCE,TACTICAL TARGETS,TACTICAL TARGETS: (UNIDENTIFIED OR NOT LISTED BELOW),49.12,-1.08,B17,4.0,14.0,121.0,27.0,,,27.0,VISUAL
175715,209307.0,1944-07-25,9,FRANCE,TACTICAL TARGETS,TACTICAL TARGETS: (UNIDENTIFIED OR NOT LISTED BELOW),49.12,-1.08,B17,4.0,10.0,133.0,18.0,,,18.0,VISUAL
175725,209308.0,1944-07-25,9,FRANCE,TACTICAL TARGETS,TACTICAL TARGETS: (UNIDENTIFIED OR NOT LISTED BELOW),49.12,-1.08,B17,4.0,8.0,132.0,14.0,,,14.0,VISUAL
175699,209309.0,1944-07-25,9,FRANCE,TACTICAL TARGETS,TACTICAL TARGETS: (UNIDENTIFIED OR NOT LISTED BELOW),49.12,-1.08,B17,4.0,14.0,136.0,,,31.0,31.0,VISUAL
175974,209310.0,1944-07-25,9,FRANCE,TACTICAL TARGETS,TACTICAL TARGETS: (UNIDENTIFIED OR NOT LISTED BELOW),49.12,-1.08,B17,4.0,14.0,125.0,25.0,,,25.0,VISUAL
175731,209311.0,1944-07-25,9,FRANCE,TACTICAL TARGETS,TACTICAL TARGETS: (UNIDENTIFIED OR NOT LISTED BELOW),49.12,-1.08,B17,4.0,13.0,131.0,23.0,,,23.0,VISUAL
175685,209312.0,1944-07-25,9,FRANCE,TACTICAL TARGETS,TACTICAL TARGETS: (UNIDENTIFIED OR NOT LISTED BELOW),49.12,-1.08,B17,4.0,14.0,140.0,26.0,,,26.0,VISUAL
176037,209313.0,1944-07-25,9,FRANCE,TACTICAL TARGETS,TACTICAL TARGETS: (UNIDENTIFIED OR NOT LISTED BELOW),49.12,-1.08,B17,4.0,14.0,121.0,,,31.0,31.0,VISUAL
176003,209314.0,1944-07-25,9,FRANCE,TACTICAL TARGETS,TACTICAL TARGETS: (UNIDENTIFIED OR NOT LISTED BELOW),49.12,-1.08,B17,4.0,14.0,122.0,26.0,,,26.0,VISUAL
176004,209315.0,1944-07-25,9,FRANCE,TACTICAL TARGETS,TACTICAL TARGETS: (UNIDENTIFIED OR NOT LISTED BELOW),49.12,-1.08,B17,4.0,14.0,122.0,,,29.0,29.0,VISUAL
176005,209316.0,1944-07-25,9,FRANCE,TACTICAL TARGETS,TACTICAL TARGETS: (UNIDENTIFIED OR NOT LISTED BELOW),49.12,-1.08,B17,4.0,14.0,122.0,26.0,,,26.0,VISUAL
175694,209317.0,1944-07-25,9,FRANCE,TACTICAL TARGETS,TACTICAL TARGETS: (UNIDENTIFIED OR NOT LISTED BELOW),49.12,-1.08,B17,4.0,13.0,137.0,,,29.0,29.0,VISUAL
176320,209318.0,1944-07-25,9,FRANCE,TACTICAL TARGETS,TACTICAL TARGETS: (UNIDENTIFIED OR NOT LISTED BELOW),49.12,-1.08,B17,4.0,1.0,,,,2.0,2.0,NOT INDICATED
175682,209319.0,1944-07-25,9,FRANCE,TACTICAL TARGETS,TACTICAL TARGETS: (UNIDENTIFIED OR NOT LISTED BELOW),49.12,-1.08,B17,4.0,13.0,144.0,,,29.0,29.0,VISUAL
175732,209320.0,1944-07-25,9,FRANCE,TACTICAL TARGETS,TACTICAL TARGETS: (UNIDENTIFIED OR NOT LISTED BELOW),49.12,-1.08,B17,4.0,12.0,131.0,23.0,,,23.0,VISUAL
176006,209321.0,1944-07-25,9,FRANCE,TACTICAL TARGETS,TACTICAL TARGETS: (UNIDENTIFIED OR NOT LISTED BELOW),49.12,-1.08,B17,4.0,12.0,122.0,22.0,,,22.0,VISUAL
176257,209322.0,1944-07-25,9,FRANCE,TACTICAL TARGETS,TACTICAL TARGETS: (UNIDENTIFIED OR NOT LISTED BELOW),49.12,-1.08,B17,4.0,12.0,120.0,23.0,,,23.0,VISUAL
176321,209323.0,1944-07-25,9,FRANCE,TACTICAL TARGETS,TACTICAL TARGETS: (UNIDENTIFIED OR NOT LISTED BELOW),49.12,-1.08,B17,4.0,3.0,,6.0,,,6.0,NOT INDICATED
175986,209324.0,1944-07-25,9,FRANCE,TACTICAL TARGETS,TACTICAL TARGETS: (UNIDENTIFIED OR NOT LISTED BELOW),49.12,-1.08,B17,4.0,12.0,123.0,23.0,,,23.0,VISUAL
176007,209325.0,1944-07-25,9,FRANCE,TACTICAL TARGETS,TACTICAL TARGETS: (UNIDENTIFIED OR NOT LISTED BELOW),49.12,-1.08,B17,4.0,12.0,122.0,23.0,,,23.0,VISUAL
175962,209326.0,1944-07-25,9,FRANCE,TACTICAL TARGETS,TACTICAL TARGETS: (UNIDENTIFIED OR NOT LISTED BELOW),49.12,-1.08,B17,4.0,12.0,126.0,23.0,,,23.0,VISUAL
175947,209327.0,1944-07-25,9,FRANCE,TACTICAL TARGETS,TACTICAL TARGETS: (UNIDENTIFIED OR NOT LISTED BELOW),49.12,-1.08,B17,4.0,12.0,128.0,23.0,,,23.0,VISUAL
175963,209328.0,1944-07-25,9,FRANCE,TACTICAL TARGETS,TACTICAL TARGETS: (UNIDENTIFIED OR NOT LISTED BELOW),49.12,-1.08,B17,4.0,6.0,126.0,11.0,,,11.0,VISUAL
175964,209329.0,1944-07-25,9,FRANCE,TACTICAL TARGETS,TACTICAL TARGETS: (UNIDENTIFIED OR NOT LISTED BELOW),49.12,-1.08,B17,4.0,13.0,126.0,,,29.0,29.0,VISUAL
176008,209330.0,1944-07-25,9,FRANCE,TACTICAL TARGETS,TACTICAL TARGETS: (UNIDENTIFIED OR NOT LISTED BELOW),49.12,-1.08,B17,4.0,13.0,122.0,,,29.0,29.0,VISUAL
176281,209331.0,1944-07-25,9,FRANCE,TACTICAL TARGETS,TACTICAL TARGETS: (UNIDENTIFIED OR NOT LISTED BELOW),49.12,-1.08,B17,4.0,13.0,113.0,,,29.0,29.0,VISUAL
175704,209332.0,1944-07-25,9,FRANCE,TACTICAL TARGETS,TACTICAL TARGETS: (UNIDENTIFIED OR NOT LISTED BELOW),49.12,-1.08,B17,4.0,13.0,134.0,25.0,,,25.0,VISUAL
175689,209333.0,1944-07-25,9,FRANCE,TACTICAL TARGETS,TACTICAL TARGETS: (UNIDENTIFIED OR NOT LISTED BELOW),49.12,-1.08,B17,4.0,13.0,138.0,25.0,,,25.0,VISUAL
175705,209334.0,1944-07-25,9,FRANCE,TACTICAL TARGETS,TACTICAL TARGETS: (UNIDENTIFIED OR NOT LISTED BELOW),49.12,-1.08,B17,4.0,13.0,134.0,25.0,,,25.0,VISUAL
176268,209335.0,1944-07-25,9,FRANCE,TACTICAL TARGETS,TACTICAL TARGETS: (UNIDENTIFIED OR NOT LISTED BELOW),49.12,-1.08,B17,4.0,14.0,117.0,,,31.0,31.0,VISUAL
176295,209336.0,1944-07-25,9,FRANCE,TACTICAL TARGETS,TACTICAL TARGETS: (UNIDENTIFIED OR NOT LISTED BELOW),49.12,-1.08,B17,4.0,14.0,103.0,26.0,,,26.0,VISUAL
175987,209337.0,1944-07-25,9,FRANCE,TACTICAL TARGETS,TACTICAL TARGETS: (UNIDENTIFIED OR NOT LISTED BELOW),49.12,-1.08,B17,4.0,14.0,123.0,27.0,,,27.0,VISUAL
175716,209338.0,1944-07-25,9,FRANCE,TACTICAL TARGETS,TACTICAL TARGETS: (UNIDENTIFIED OR NOT LISTED BELOW),49.12,-1.08,B17,4.0,12.0,133.0,23.0,,,23.0,VISUAL
175690,209339.0,1944-07-25,9,FRANCE,TACTICAL TARGETS,TACTICAL TARGETS: (UNIDENTIFIED OR NOT LISTED BELOW),49.12,-1.08,B17,4.0,12.0,138.0,23.0,,,23.0,VISUAL
175738,209340.0,1944-07-25,9,FRANCE,TACTICAL TARGETS,TACTICAL TARGETS: (UNIDENTIFIED OR NOT LISTED BELOW),49.12,-1.08,B17,4.0,12.0,130.0,,,27.0,27.0,VISUAL
176009,209341.0,1944-07-25,9,FRANCE,TACTICAL TARGETS,TACTICAL TARGETS: (UNIDENTIFIED OR NOT LISTED BELOW),49.12,-1.08,B17,4.0,14.0,122.0,27.0,,,27.0,VISUAL
176038,209342.0,1944-07-25,9,FRANCE,TACTICAL TARGETS,TACTICAL TARGETS: (UNIDENTIFIED OR NOT LISTED BELOW),49.12,-1.08,B17,4.0,14.0,121.0,,,31.0,31.0,VISUAL
176039,209343.0,1944-07-25,9,FRANCE,TACTICAL TARGETS,TACTICAL TARGETS: (UNIDENTIFIED OR NOT LISTED BELOW),49.12,-1.08,B17,4.0,14.0,121.0,27.0,,,27.0,VISUAL
175726,209344.0,1944-07-25,9,FRANCE,TACTICAL TARGETS,TACTICAL TARGETS: (UNIDENTIFIED OR NOT LISTED BELOW),49.12,-1.08,B17,4.0,6.0,132.0,11.0,,,11.0,VISUAL
175739,209345.0,1944-07-25,9,FRANCE,TACTICAL TARGETS,TACTICAL TARGETS: (UNIDENTIFIED OR NOT LISTED BELOW),49.12,-1.08,B17,4.0,13.0,130.0,25.0,,,25.0,VISUAL
176258,209346.0,1944-07-25,9,FRANCE,TACTICAL TARGETS,TACTICAL TARGETS: (UNIDENTIFIED OR NOT LISTED BELOW),49.12,-1.08,B17,4.0,13.0,120.0,25.0,,,25.0,VISUAL
176291,209347.0,1944-07-25,9,FRANCE,TACTICAL TARGETS,TACTICAL TARGETS: (UNIDENTIFIED OR NOT LISTED BELOW),49.12,-1.08,B17,4.0,13.0,110.0,25.0,,,25.0,VISUAL
175948,209348.0,1944-07-25,9,FRANCE,TACTICAL TARGETS,TACTICAL TARGETS: (UNIDENTIFIED OR NOT LISTED BELOW),49.12,-1.08,B17,4.0,13.0,128.0,25.0,,,25.0,VISUAL
176285,209349.0,1944-07-25,9,FRANCE,TACTICAL TARGETS,TACTICAL TARGETS: (UNIDENTIFIED OR NOT LISTED BELOW),49.12,-1.08,B17,4.0,13.0,112.0,,,27.0,27.0,VISUAL
175954,209350.0,1944-07-25,9,FRANCE,TACTICAL TARGETS,TACTICAL TARGETS: (UNIDENTIFIED OR NOT LISTED BELOW),49.12,-1.08,B17,4.0,13.0,127.0,,,29.0,29.0,VISUAL
175740,209351.0,1944-07-25,9,FRANCE,TACTICAL TARGETS,TACTICAL TARGETS: (UNIDENTIFIED OR NOT LISTED BELOW),49.12,-1.08,B17,4.0,14.0,130.0,,,31.0,31.0,VISUAL
175679,209352.0,1944-07-25,9,FRANCE,TACTICAL TARGETS,TACTICAL TARGETS: (UNIDENTIFIED OR NOT LISTED BELOW),49.12,-1.08,B17,4.0,13.0,152.0,23.0,,,23.0,VISUAL
175949,209353.0,1944-07-25,9,FRANCE,TACTICAL TARGETS,TACTICAL TARGETS: (UNIDENTIFIED OR NOT LISTED BELOW),49.12,-1.08,B17,4.0,14.0,128.0,26.0,,,26.0,VISUAL
175717,209354.0,1944-07-25,9,FRANCE,TACTICAL TARGETS,TACTICAL TARGETS: (UNIDENTIFIED OR NOT LISTED BELOW),49.12,-1.08,B17,4.0,4.0,133.0,8.0,,,8.0,VISUAL
176322,209355.0,1944-07-25,9,FRANCE,TACTICAL TARGETS,TACTICAL TARGETS: (UNIDENTIFIED OR NOT LISTED BELOW),49.12,-1.08,B24,0.0,,,29.0,,,29.0,NOT INDICATED
176010,209356.0,1944-07-25,9,FRANCE,TACTICAL TARGETS,TACTICAL TARGETS: (UNIDENTIFIED OR NOT LISTED BELOW),49.12,-1.08,B24,4.0,12.0,122.0,2.0,,,2.0,VISUAL
175978,209357.0,1944-07-25,9,FRANCE,TACTICAL TARGETS,TACTICAL TARGETS: (UNIDENTIFIED OR NOT LISTED BELOW),49.12,-1.08,B24,4.0,12.0,124.0,2.0,,34.0,36.0,VISUAL
176323,209358.0,1944-07-25,9,FRANCE,TACTICAL TARGETS,TACTICAL TARGETS: (UNIDENTIFIED OR NOT LISTED BELOW),49.12,-1.08,B24,0.0,,,28.0,,,28.0,NOT INDICATED
176259,209359.0,1944-07-25,9,FRANCE,TACTICAL TARGETS,TACTICAL TARGETS: (UNIDENTIFIED OR NOT LISTED BELOW),49.12,-1.08,B24,4.0,12.0,120.0,2.0,,,2.0,VISUAL
176324,209360.0,1944-07-25,9,FRANCE,TACTICAL TARGETS,TACTICAL TARGETS: (UNIDENTIFIED OR NOT LISTED BELOW),49.12,-1.08,B24,0.0,,,29.0,,,29.0,NOT INDICATED
176011,209361.0,1944-07-25,9,FRANCE,TACTICAL TARGETS,TACTICAL TARGETS: (UNIDENTIFIED OR NOT LISTED BELOW),49.12,-1.08,B24,4.0,12.0,122.0,2.0,,,2.0,VISUAL
176269,209362.0,1944-07-25,9,FRANCE,TACTICAL TARGETS,TACTICAL TARGETS: (UNIDENTIFIED OR NOT LISTED BELOW),49.12,-1.08,B24,4.0,12.0,117.0,2.0,,34.0,36.0,VISUAL
176325,209363.0,1944-07-25,9,FRANCE,TACTICAL TARGETS,TACTICAL TARGETS: (UNIDENTIFIED OR NOT LISTED BELOW),49.12,-1.08,B24,0.0,,,29.0,,,29.0,NOT INDICATED
176276,209364.0,1944-07-25,9,FRANCE,TACTICAL TARGETS,TACTICAL TARGETS: (UNIDENTIFIED OR NOT LISTED BELOW),49.12,-1.08,B24,4.0,12.0,114.0,2.0,,,2.0,VISUAL
176326,209365.0,1944-07-25,9,FRANCE,TACTICAL TARGETS,TACTICAL TARGETS: (UNIDENTIFIED OR NOT LISTED BELOW),49.12,-1.08,B24,0.0,,,29.0,,,29.0,NOT INDICATED
176260,209366.0,1944-07-25,9,FRANCE,TACTICAL TARGETS,TACTICAL TARGETS: (UNIDENTIFIED OR NOT LISTED BELOW),49.12,-1.08,B24,4.0,12.0,120.0,2.0,,,2.0,VISUAL
175965,209367.0,1944-07-25,9,FRANCE,TACTICAL TARGETS,TACTICAL TARGETS: (UNIDENTIFIED OR NOT LISTED BELOW),49.12,-1.08,B24,4.0,12.0,126.0,2.0,,34.0,36.0,VISUAL
176327,209368.0,1944-07-25,9,FRANCE,TACTICAL TARGETS,TACTICAL TARGETS: (UNIDENTIFIED OR NOT LISTED BELOW),49.12,-1.08,B24,0.0,,,2.0,,,2.0,NOT INDICATED
176272,209369.0,1944-07-25,9,FRANCE,TACTICAL TARGETS,TACTICAL TARGETS: (UNIDENTIFIED OR NOT LISTED BELOW),49.12,-1.08,B24,4.0,12.0,116.0,29.0,,,29.0,VISUAL
176300,209383.0,1944-07-25,9,FRANCE,TACTICAL TARGETS,TACTICAL TARGETS: (UNIDENTIFIED OR NOT LISTED BELOW),49.12,-1.08,B26,,,85.0,,,84.0,84.0,VISUAL
176304,209384.0,1944-07-25,9,FRANCE,TROOP CONCENTRATION,TROOP CONCENTRATIONS,49.12,-1.08,B26,,,11.0,,,56.0,56.0,VISUAL
176301,209387.0,1944-07-25,9,FRANCE,TACTICAL TARGETS,TACTICAL TARGETS: (UNIDENTIFIED OR NOT LISTED BELOW),49.12,-1.08,B26,,,85.0,,,84.0,84.0,VISUAL
176292,209388.0,1944-07-25,9,FRANCE,TROOP CONCENTRATION,TROOP CONCENTRATIONS,49.12,-1.08,B26,,,110.0,,,56.0,56.0,VISUAL
176341,209402.0,1944-07-25,8,FRANCE,STRONG POINT,TACTICAL TARGETS: (UNIDENTIFIED OR NOT LISTED BELOW),49.1,-1.23,B17,2.0,13.0,133.0,25.0,,,25.0,VISUAL
175988,209414.0,1944-07-25,9,FRANCE,TACTICAL TARGETS,TACTICAL TARGETS: (UNIDENTIFIED OR NOT LISTED BELOW),49.12,-1.08,B17,4.0,13.0,123.0,24.0,,,24.0,VISUAL
175975,209415.0,1944-07-25,9,FRANCE,TACTICAL TARGETS,TACTICAL TARGETS: (UNIDENTIFIED OR NOT LISTED BELOW),49.12,-1.08,B17,4.0,14.0,125.0,27.0,,,27.0,VISUAL
176261,209416.0,1944-07-25,9,FRANCE,TACTICAL TARGETS,TACTICAL TARGETS: (UNIDENTIFIED OR NOT LISTED BELOW),49.12,-1.08,B17,4.0,14.0,120.0,,,30.0,30.0,VISUAL
176012,209417.0,1944-07-25,9,FRANCE,TACTICAL TARGETS,TACTICAL TARGETS: (UNIDENTIFIED OR NOT LISTED BELOW),49.12,-1.08,B17,4.0,13.0,122.0,,,29.0,29.0,VISUAL
176282,209418.0,1944-07-25,9,FRANCE,TACTICAL TARGETS,TACTICAL TARGETS: (UNIDENTIFIED OR NOT LISTED BELOW),49.12,-1.08,B17,4.0,12.0,113.0,,,27.0,27.0,VISUAL
175718,209419.0,1944-07-25,9,FRANCE,TACTICAL TARGETS,TACTICAL TARGETS: (UNIDENTIFIED OR NOT LISTED BELOW),49.12,-1.08,B17,4.0,12.0,133.0,,,27.0,27.0,VISUAL
175989,209420.0,1944-07-25,9,FRANCE,TACTICAL TARGETS,TACTICAL TARGETS: (UNIDENTIFIED OR NOT LISTED BELOW),49.12,-1.08,B17,4.0,11.0,123.0,,,24.0,24.0,VISUAL
176040,209421.0,1944-07-25,9,FRANCE,TACTICAL TARGETS,TACTICAL TARGETS: (UNIDENTIFIED OR NOT LISTED BELOW),49.12,-1.08,B17,4.0,12.0,121.0,23.0,,,23.0,VISUAL
176041,209422.0,1944-07-25,9,FRANCE,TACTICAL TARGETS,TACTICAL TARGETS: (UNIDENTIFIED OR NOT LISTED BELOW),49.12,-1.08,B17,4.0,13.0,121.0,24.0,,,24.0,VISUAL
176042,209423.0,1944-07-25,9,FRANCE,TACTICAL TARGETS,TACTICAL TARGETS: (UNIDENTIFIED OR NOT LISTED BELOW),49.12,-1.08,B17,4.0,12.0,121.0,23.0,,,23.0,VISUAL
176243,209424.0,1944-07-25,9,FRANCE,TACTICAL TARGETS,TACTICAL TARGETS: (UNIDENTIFIED OR NOT LISTED BELOW),49.12,-1.08,B17,4.0,12.0,121.0,23.0,,,23.0,VISUAL
175719,209425.0,1944-07-25,9,FRANCE,TACTICAL TARGETS,TACTICAL TARGETS: (UNIDENTIFIED OR NOT LISTED BELOW),49.12,-1.08,B17,4.0,12.0,133.0,23.0,,,23.0,VISUAL
176244,209426.0,1944-07-25,9,FRANCE,TACTICAL TARGETS,TACTICAL TARGETS: (UNIDENTIFIED OR NOT LISTED BELOW),49.12,-1.08,B17,4.0,12.0,121.0,23.0,,,23.0,VISUAL
175700,209427.0,1944-07-25,9,FRANCE,TACTICAL TARGETS,TACTICAL TARGETS: (UNIDENTIFIED OR NOT LISTED BELOW),49.12,-1.08,B17,4.0,12.0,136.0,23.0,,,23.0,VISUAL
176328,209428.0,1944-07-25,9,FRANCE,TACTICAL TARGETS,TACTICAL TARGETS: (UNIDENTIFIED OR NOT LISTED BELOW),49.12,-1.08,B17,4.0,3.0,,6.0,,,6.0,NOT INDICATED
175966,209429.0,1944-07-25,9,FRANCE,TACTICAL TARGETS,TACTICAL TARGETS: (UNIDENTIFIED OR NOT LISTED BELOW),49.12,-1.08,B17,4.0,12.0,126.0,,,23.0,23.0,VISUAL
176245,209430.0,1944-07-25,9,FRANCE,TACTICAL TARGETS,TACTICAL TARGETS: (UNIDENTIFIED OR NOT LISTED BELOW),49.12,-1.08,B17,4.0,14.0,121.0,27.0,,,27.0,VISUAL
175720,209431.0,1944-07-25,9,FRANCE,TACTICAL TARGETS,TACTICAL TARGETS: (UNIDENTIFIED OR NOT LISTED BELOW),49.12,-1.08,B17,4.0,10.0,133.0,18.0,,,18.0,VISUAL
175727,209432.0,1944-07-25,9,FRANCE,TACTICAL TARGETS,TACTICAL TARGETS: (UNIDENTIFIED OR NOT LISTED BELOW),49.12,-1.08,B17,4.0,8.0,132.0,14.0,,,14.0,VISUAL
175701,209433.0,1944-07-25,9,FRANCE,TACTICAL TARGETS,TACTICAL TARGETS: (UNIDENTIFIED OR NOT LISTED BELOW),49.12,-1.08,B17,4.0,14.0,136.0,,,31.0,31.0,VISUAL
175976,209434.0,1944-07-25,9,FRANCE,TACTICAL TARGETS,TACTICAL TARGETS: (UNIDENTIFIED OR NOT LISTED BELOW),49.12,-1.08,B17,4.0,14.0,125.0,25.0,,,25.0,VISUAL
175733,209435.0,1944-07-25,9,FRANCE,TACTICAL TARGETS,TACTICAL TARGETS: (UNIDENTIFIED OR NOT LISTED BELOW),49.12,-1.08,B17,4.0,13.0,131.0,23.0,,,23.0,VISUAL
175686,209436.0,1944-07-25,9,FRANCE,TACTICAL TARGETS,TACTICAL TARGETS: (UNIDENTIFIED OR NOT LISTED BELOW),49.12,-1.08,B17,4.0,14.0,140.0,26.0,,,26.0,VISUAL
176246,209437.0,1944-07-25,9,FRANCE,TACTICAL TARGETS,TACTICAL TARGETS: (UNIDENTIFIED OR NOT LISTED BELOW),49.12,-1.08,B17,4.0,14.0,121.0,,,31.0,31.0,VISUAL
176013,209438.0,1944-07-25,9,FRANCE,TACTICAL TARGETS,TACTICAL TARGETS: (UNIDENTIFIED OR NOT LISTED BELOW),49.12,-1.08,B17,4.0,14.0,122.0,26.0,,,26.0,VISUAL
176014,209439.0,1944-07-25,9,FRANCE,TACTICAL TARGETS,TACTICAL TARGETS: (UNIDENTIFIED OR NOT LISTED BELOW),49.12,-1.08,B17,4.0,14.0,122.0,,,29.0,29.0,VISUAL
176015,209440.0,1944-07-25,9,FRANCE,TACTICAL TARGETS,TACTICAL TARGETS: (UNIDENTIFIED OR NOT LISTED BELOW),49.12,-1.08,B17,4.0,14.0,122.0,26.0,,,26.0,VISUAL
175695,209441.0,1944-07-25,9,FRANCE,TACTICAL TARGETS,TACTICAL TARGETS: (UNIDENTIFIED OR NOT LISTED BELOW),49.12,-1.08,B17,4.0,13.0,137.0,,,29.0,29.0,VISUAL
176329,209442.0,1944-07-25,9,FRANCE,TACTICAL TARGETS,TACTICAL TARGETS: (UNIDENTIFIED OR NOT LISTED BELOW),49.12,-1.08,B17,4.0,1.0,,,,2.0,2.0,NOT INDICATED
175683,209443.0,1944-07-25,9,FRANCE,TACTICAL TARGETS,TACTICAL TARGETS: (UNIDENTIFIED OR NOT LISTED BELOW),49.12,-1.08,B17,4.0,13.0,144.0,,,29.0,29.0,VISUAL
175734,209444.0,1944-07-25,9,FRANCE,TACTICAL TARGETS,TACTICAL TARGETS: (UNIDENTIFIED OR NOT LISTED BELOW),49.12,-1.08,B17,4.0,12.0,131.0,23.0,,,23.0,VISUAL
176016,209445.0,1944-07-25,9,FRANCE,TACTICAL TARGETS,TACTICAL TARGETS: (UNIDENTIFIED OR NOT LISTED BELOW),49.12,-1.08,B17,4.0,12.0,122.0,22.0,,,22.0,VISUAL
176262,209446.0,1944-07-25,9,FRANCE,TACTICAL TARGETS,TACTICAL TARGETS: (UNIDENTIFIED OR NOT LISTED BELOW),49.12,-1.08,B17,4.0,12.0,120.0,23.0,,,23.0,VISUAL
176330,209447.0,1944-07-25,9,FRANCE,TACTICAL TARGETS,TACTICAL TARGETS: (UNIDENTIFIED OR NOT LISTED BELOW),49.12,-1.08,B17,4.0,3.0,,6.0,,,6.0,NOT INDICATED
175990,209448.0,1944-07-25,9,FRANCE,TACTICAL TARGETS,TACTICAL TARGETS: (UNIDENTIFIED OR NOT LISTED BELOW),49.12,-1.08,B17,4.0,12.0,123.0,23.0,,,23.0,VISUAL
176017,209449.0,1944-07-25,9,FRANCE,TACTICAL TARGETS,TACTICAL TARGETS: (UNIDENTIFIED OR NOT LISTED BELOW),49.12,-1.08,B17,4.0,12.0,122.0,23.0,,,23.0,VISUAL
175967,209450.0,1944-07-25,9,FRANCE,TACTICAL TARGETS,TACTICAL TARGETS: (UNIDENTIFIED OR NOT LISTED BELOW),49.12,-1.08,B17,4.0,12.0,126.0,23.0,,,23.0,VISUAL
175950,209451.0,1944-07-25,9,FRANCE,TACTICAL TARGETS,TACTICAL TARGETS: (UNIDENTIFIED OR NOT LISTED BELOW),49.12,-1.08,B17,4.0,12.0,128.0,23.0,,,23.0,VISUAL
175968,209452.0,1944-07-25,9,FRANCE,TACTICAL TARGETS,TACTICAL TARGETS: (UNIDENTIFIED OR NOT LISTED BELOW),49.12,-1.08,B17,4.0,6.0,126.0,11.0,,,11.0,VISUAL
175969,209453.0,1944-07-25,9,FRANCE,TACTICAL TARGETS,TACTICAL TARGETS: (UNIDENTIFIED OR NOT LISTED BELOW),49.12,-1.08,B17,4.0,13.0,126.0,,,29.0,29.0,VISUAL
176018,209454.0,1944-07-25,9,FRANCE,TACTICAL TARGETS,TACTICAL TARGETS: (UNIDENTIFIED OR NOT LISTED BELOW),49.12,-1.08,B17,4.0,13.0,122.0,,,29.0,29.0,VISUAL
176283,209455.0,1944-07-25,9,FRANCE,TACTICAL TARGETS,TACTICAL TARGETS: (UNIDENTIFIED OR NOT LISTED BELOW),49.12,-1.08,B17,4.0,13.0,113.0,,,29.0,29.0,VISUAL
175706,209456.0,1944-07-25,9,FRANCE,TACTICAL TARGETS,TACTICAL TARGETS: (UNIDENTIFIED OR NOT LISTED BELOW),49.12,-1.08,B17,4.0,13.0,134.0,25.0,,,25.0,VISUAL
175691,209457.0,1944-07-25,9,FRANCE,TACTICAL TARGETS,TACTICAL TARGETS: (UNIDENTIFIED OR NOT LISTED BELOW),49.12,-1.08,B17,4.0,13.0,138.0,25.0,,,25.0,VISUAL
175707,209458.0,1944-07-25,9,FRANCE,TACTICAL TARGETS,TACTICAL TARGETS: (UNIDENTIFIED OR NOT LISTED BELOW),49.12,-1.08,B17,4.0,13.0,134.0,25.0,,,25.0,VISUAL
176270,209459.0,1944-07-25,9,FRANCE,TACTICAL TARGETS,TACTICAL TARGETS: (UNIDENTIFIED OR NOT LISTED BELOW),49.12,-1.08,B17,4.0,14.0,117.0,,,31.0,31.0,VISUAL
176296,209460.0,1944-07-25,9,FRANCE,TACTICAL TARGETS,TACTICAL TARGETS: (UNIDENTIFIED OR NOT LISTED BELOW),49.12,-1.08,B17,4.0,14.0,103.0,26.0,,,26.0,VISUAL
175991,209461.0,1944-07-25,9,FRANCE,TACTICAL TARGETS,TACTICAL TARGETS: (UNIDENTIFIED OR NOT LISTED BELOW),49.12,-1.08,B17,4.0,14.0,123.0,27.0,,,27.0,VISUAL
175721,209462.0,1944-07-25,9,FRANCE,TACTICAL TARGETS,TACTICAL TARGETS: (UNIDENTIFIED OR NOT LISTED BELOW),49.12,-1.08,B17,4.0,12.0,133.0,23.0,,,23.0,VISUAL
175692,209463.0,1944-07-25,9,FRANCE,TACTICAL TARGETS,TACTICAL TARGETS: (UNIDENTIFIED OR NOT LISTED BELOW),49.12,-1.08,B17,4.0,12.0,138.0,23.0,,,23.0,VISUAL
175741,209464.0,1944-07-25,9,FRANCE,TACTICAL TARGETS,TACTICAL TARGETS: (UNIDENTIFIED OR NOT LISTED BELOW),49.12,-1.08,B17,4.0,12.0,130.0,,,27.0,27.0,VISUAL
176019,209465.0,1944-07-25,9,FRANCE,TACTICAL TARGETS,TACTICAL TARGETS: (UNIDENTIFIED OR NOT LISTED BELOW),49.12,-1.08,B17,4.0,14.0,122.0,27.0,,,27.0,VISUAL
176247,209466.0,1944-07-25,9,FRANCE,TACTICAL TARGETS,TACTICAL TARGETS: (UNIDENTIFIED OR NOT LISTED BELOW),49.12,-1.08,B17,4.0,14.0,121.0,,,31.0,31.0,VISUAL
176248,209467.0,1944-07-25,9,FRANCE,TACTICAL TARGETS,TACTICAL TARGETS: (UNIDENTIFIED OR NOT LISTED BELOW),49.12,-1.08,B17,4.0,14.0,121.0,27.0,,,27.0,VISUAL
175728,209468.0,1944-07-25,9,FRANCE,TACTICAL TARGETS,TACTICAL TARGETS: (UNIDENTIFIED OR NOT LISTED BELOW),49.12,-1.08,B17,4.0,6.0,132.0,11.0,,,11.0,VISUAL
175742,209469.0,1944-07-25,9,FRANCE,TACTICAL TARGETS,TACTICAL TARGETS: (UNIDENTIFIED OR NOT LISTED BELOW),49.12,-1.08,B17,4.0,13.0,130.0,25.0,,,25.0,VISUAL
176263,209470.0,1944-07-25,9,FRANCE,TACTICAL TARGETS,TACTICAL TARGETS: (UNIDENTIFIED OR NOT LISTED BELOW),49.12,-1.08,B17,4.0,13.0,120.0,25.0,,,25.0,VISUAL
176293,209471.0,1944-07-25,9,FRANCE,TACTICAL TARGETS,TACTICAL TARGETS: (UNIDENTIFIED OR NOT LISTED BELOW),49.12,-1.08,B17,4.0,13.0,110.0,25.0,,,25.0,VISUAL
175951,209472.0,1944-07-25,9,FRANCE,TACTICAL TARGETS,TACTICAL TARGETS: (UNIDENTIFIED OR NOT LISTED BELOW),49.12,-1.08,B17,4.0,13.0,128.0,25.0,,,25.0,VISUAL
176286,209473.0,1944-07-25,9,FRANCE,TACTICAL TARGETS,TACTICAL TARGETS: (UNIDENTIFIED OR NOT LISTED BELOW),49.12,-1.08,B17,4.0,13.0,112.0,,,27.0,27.0,VISUAL
175955,209474.0,1944-07-25,9,FRANCE,TACTICAL TARGETS,TACTICAL TARGETS: (UNIDENTIFIED OR NOT LISTED BELOW),49.12,-1.08,B17,4.0,13.0,127.0,,,29.0,29.0,VISUAL
175943,209475.0,1944-07-25,9,FRANCE,TACTICAL TARGETS,TACTICAL TARGETS: (UNIDENTIFIED OR NOT LISTED BELOW),49.12,-1.08,B17,4.0,14.0,130.0,,,31.0,31.0,VISUAL
175680,209476.0,1944-07-25,9,FRANCE,TACTICAL TARGETS,TACTICAL TARGETS: (UNIDENTIFIED OR NOT LISTED BELOW),49.12,-1.08,B17,4.0,13.0,152.0,23.0,,,23.0,VISUAL
175952,209477.0,1944-07-25,9,FRANCE,TACTICAL TARGETS,TACTICAL TARGETS: (UNIDENTIFIED OR NOT LISTED BELOW),49.12,-1.08,B17,4.0,14.0,128.0,26.0,,,26.0,VISUAL
175722,209478.0,1944-07-25,9,FRANCE,TACTICAL TARGETS,TACTICAL TARGETS: (UNIDENTIFIED OR NOT LISTED BELOW),49.12,-1.08,B17,4.0,4.0,133.0,8.0,,,8.0,VISUAL
176332,209479.0,1944-07-25,9,FRANCE,TACTICAL TARGETS,TACTICAL TARGETS: (UNIDENTIFIED OR NOT LISTED BELOW),49.12,-1.08,B24,0.0,,,29.0,,,29.0,NOT INDICATED
176020,209480.0,1944-07-25,9,FRANCE,TACTICAL TARGETS,TACTICAL TARGETS: (UNIDENTIFIED OR NOT LISTED BELOW),49.12,-1.08,B24,4.0,12.0,122.0,2.0,,,2.0,VISUAL
175979,209481.0,1944-07-25,9,FRANCE,TACTICAL TARGETS,TACTICAL TARGETS: (UNIDENTIFIED OR NOT LISTED BELOW),49.12,-1.08,B24,4.0,12.0,124.0,2.0,,34.0,36.0,VISUAL
176333,209482.0,1944-07-25,9,FRANCE,TACTICAL TARGETS,TACTICAL TARGETS: (UNIDENTIFIED OR NOT LISTED BELOW),49.12,-1.08,B24,0.0,,,28.0,,,28.0,NOT INDICATED
176264,209483.0,1944-07-25,9,FRANCE,TACTICAL TARGETS,TACTICAL TARGETS: (UNIDENTIFIED OR NOT LISTED BELOW),49.12,-1.08,B24,4.0,12.0,120.0,2.0,,,2.0,VISUAL
176334,209484.0,1944-07-25,9,FRANCE,TACTICAL TARGETS,TACTICAL TARGETS: (UNIDENTIFIED OR NOT LISTED BELOW),49.12,-1.08,B24,0.0,,,29.0,,,29.0,NOT INDICATED
176021,209485.0,1944-07-25,9,FRANCE,TACTICAL TARGETS,TACTICAL TARGETS: (UNIDENTIFIED OR NOT LISTED BELOW),49.12,-1.08,B24,4.0,12.0,122.0,2.0,,,2.0,VISUAL
176271,209486.0,1944-07-25,9,FRANCE,TACTICAL TARGETS,TACTICAL TARGETS: (UNIDENTIFIED OR NOT LISTED BELOW),49.12,-1.08,B24,4.0,12.0,117.0,2.0,,34.0,36.0,VISUAL
176335,209487.0,1944-07-25,9,FRANCE,TACTICAL TARGETS,TACTICAL TARGETS: (UNIDENTIFIED OR NOT LISTED BELOW),49.12,-1.08,B24,0.0,,,29.0,,,29.0,NOT INDICATED
176277,209488.0,1944-07-25,9,FRANCE,TACTICAL TARGETS,TACTICAL TARGETS: (UNIDENTIFIED OR NOT LISTED BELOW),49.12,-1.08,B24,4.0,12.0,114.0,2.0,,,2.0,VISUAL
176336,209489.0,1944-07-25,9,FRANCE,TACTICAL TARGETS,TACTICAL TARGETS: (UNIDENTIFIED OR NOT LISTED BELOW),49.12,-1.08,B24,0.0,,,29.0,,,29.0,NOT INDICATED
176265,209490.0,1944-07-25,9,FRANCE,TACTICAL TARGETS,TACTICAL TARGETS: (UNIDENTIFIED OR NOT LISTED BELOW),49.12,-1.08,B24,4.0,12.0,120.0,2.0,,,2.0,VISUAL
175970,209491.0,1944-07-25,9,FRANCE,TACTICAL TARGETS,TACTICAL TARGETS: (UNIDENTIFIED OR NOT LISTED BELOW),49.12,-1.08,B24,4.0,12.0,126.0,2.0,,34.0,36.0,VISUAL
176337,209492.0,1944-07-25,9,FRANCE,TACTICAL TARGETS,TACTICAL TARGETS: (UNIDENTIFIED OR NOT LISTED BELOW),49.12,-1.08,B24,0.0,,,2.0,,,2.0,NOT INDICATED
176274,209493.0,1944-07-25,9,FRANCE,TACTICAL TARGETS,TACTICAL TARGETS: (UNIDENTIFIED OR NOT LISTED BELOW),49.12,-1.08,B24,4.0,12.0,116.0,29.0,,,29.0,VISUAL
176338,209494.0,1944-07-25,8,GERMANY,AIRDROME,AIR FIELDS AND AIRDROMES,53.55,13.28,B17,4.0,12.0,210.0,,30.0,,30.0,VISUAL
177171,106152.0,1944-07-26,15,ALBANIA,OIL REFINERY,OIL REFINERIES,40.72,19.95,B24,4.0,22.0,185.0,66.0,,,66.0,NOT INDICATED
177165,106158.0,1944-07-26,15,AUSTRIA,AIRDROME,AIR FIELDS AND AIRDROMES,47.95,16.18,B24,3.0,25.0,195.0,,,303.0,303.0,NOT INDICATED
177176,106159.0,1944-07-26,15,AUSTRIA,AIRDROME,AIR FIELDS AND AIRDROMES,48.22,15.63,B24,4.0,27.0,180.0,67.0,,,67.0,NOT INDICATED
177162,106168.0,1944-07-26,15,AUSTRIA,AC ENG PLANT,ENGINE PLANTS,48.2,16.37,B17,4.0,27.0,223.0,81.0,,,81.0,NOT INDICATED
177159,106169.0,1944-07-26,15,AUSTRIA,AC ENG PLANT,ENGINE PLANTS,48.2,16.37,B17,4.0,10.0,245.0,30.0,,,30.0,NOT INDICATED
177179,106170.0,1944-07-26,15,AUSTRIA,AC ENG PLANT,ENGINE PLANTS,48.2,16.37,B17,4.0,22.0,24.0,66.0,,,66.0,VISUAL
177156,106171.0,1944-07-26,15,AUSTRIA,ATZGERSDORF AC COMP PL,A/C COMPONENT PLANTS,48.2,16.37,B17,4.0,24.0,257.0,47.0,,,47.0,NOT INDICATED
177173,106177.0,1944-07-26,15,AUSTRIA,THELERHOF AD,AIR FIELDS AND AIRDROMES,47.07,15.43,B24,3.0,28.0,180.0,,,54.0,54.0,NOT INDICATED
177168,106178.0,1944-07-26,15,AUSTRIA,NEU LENG BACH AD,AIR FIELDS AND AIRDROMES,48.2,15.92,B24,4.0,14.0,190.0,,,33.0,33.0,VISUAL
177188,106179.0,1944-07-26,9,FRANCE,CITY AREA,CITIES TOWNS AND URBAN AREAS,49.1,-1.23,B26,,,,49.0,,,49.0,VISUAL
177183,106180.0,1944-07-26,15,AUSTRIA,TOWN,CITIES TOWNS AND URBAN AREAS,48.0,16.33,B17,2.0,1.0,,3.0,,,3.0,NOT INDICATED
177189,106182.0,1944-07-26,9,FRANCE,CITY AREA,CITIES TOWNS AND URBAN AREAS,49.1,-1.23,B26,,,,49.0,,,49.0,VISUAL
177163,169850.0,1944-07-26,15,AUSTRIA,AC ENG PLANT,ENGINE PLANTS,48.2,16.37,B17,4.0,27.0,223.0,81.0,,,81.0,NOT INDICATED
177160,169851.0,1944-07-26,15,AUSTRIA,AC ENG PLANT,ENGINE PLANTS,48.2,16.37,B17,4.0,10.0,245.0,30.0,,,30.0,NOT INDICATED
177180,169852.0,1944-07-26,15,AUSTRIA,AC ENG PLANT,ENGINE PLANTS,48.2,16.37,B17,4.0,22.0,24.0,66.0,,,66.0,VISUAL
177157,169853.0,1944-07-26,15,AUSTRIA,ATZGERSDORF AC COMP PL,A/C COMPONENT PLANTS,48.2,16.37,B17,4.0,24.0,257.0,47.0,,,47.0,NOT INDICATED
177184,169856.0,1944-07-26,15,AUSTRIA,TOWN,CITIES TOWNS AND URBAN AREAS,48.0,16.33,B17,2.0,1.0,,3.0,,,3.0,NOT INDICATED
177190,169857.0,1944-07-26,9,FRANCE,CITY AREA,CITIES TOWNS AND URBAN AREAS,49.1,-1.23,B26,,,,49.0,,,49.0,VISUAL
177191,169858.0,1944-07-26,9,FRANCE,CITY AREA,CITIES TOWNS AND URBAN AREAS,49.1,-1.23,B26,,,,49.0,,,49.0,VISUAL
177185,169859.0,1944-07-26,15,AUSTRIA,TOWN,CITIES TOWNS AND URBAN AREAS,48.0,16.33,B17,2.0,1.0,,3.0,,,3.0,NOT INDICATED
177164,169861.0,1944-07-26,15,AUSTRIA,AC ENG PLANT,ENGINE PLANTS,48.2,16.37,B17,4.0,27.0,223.0,81.0,,,81.0,NOT INDICATED
177161,169862.0,1944-07-26,15,AUSTRIA,AC ENG PLANT,ENGINE PLANTS,48.2,16.37,B17,4.0,10.0,245.0,30.0,,,30.0,NOT INDICATED
177181,169863.0,1944-07-26,15,AUSTRIA,AC ENG PLANT,ENGINE PLANTS,48.2,16.37,B17,4.0,22.0,24.0,66.0,,,66.0,VISUAL
177158,169864.0,1944-07-26,15,AUSTRIA,ATZGERSDORF AC COMP PL,A/C COMPONENT PLANTS,48.2,16.37,B17,4.0,24.0,257.0,47.0,,,47.0,NOT INDICATED
177172,169866.0,1944-07-26,15,ALBANIA,OIL REFINERY,OIL REFINERIES,40.72,19.95,B24,4.0,22.0,185.0,66.0,,,66.0,NOT INDICATED
177182,169867.0,1944-07-26,15,AUSTRIA,MARSHALLING YARDS,"""RR INSTALLATIONS,  TRACKS,  MARSHALLING YARDS,  AND STATIONS""",47.18,15.3,B24,2.0,13.0,,33.0,,,33.0,VISUAL
177166,209504.0,1944-07-26,15,AUSTRIA,AIRDROME,AIR FIELDS AND AIRDROMES,47.95,16.18,B24,3.0,25.0,195.0,,,303.0,303.0,NOT INDICATED
177177,209505.0,1944-07-26,15,AUSTRIA,AIRDROME,AIR FIELDS AND AIRDROMES,48.22,15.63,B24,4.0,27.0,180.0,67.0,,,67.0,NOT INDICATED
177174,209511.0,1944-07-26,15,AUSTRIA,THELERHOF AD,AIR FIELDS AND AIRDROMES,47.07,15.43,B24,3.0,28.0,180.0,,,54.0,54.0,NOT INDICATED
177169,209512.0,1944-07-26,15,AUSTRIA,NEU LENG BACH AD,AIR FIELDS AND AIRDROMES,48.2,15.92,B24,4.0,14.0,190.0,,,33.0,33.0,VISUAL
177167,209523.0,1944-07-26,15,AUSTRIA,AIRDROME,AIR FIELDS AND AIRDROMES,47.95,16.18,B24,3.0,25.0,195.0,,,303.0,303.0,NOT INDICATED
177175,209524.0,1944-07-26,15,AUSTRIA,THELERHOF AD,AIR FIELDS AND AIRDROMES,47.07,15.43,B24,3.0,28.0,180.0,,,54.0,54.0,NOT INDICATED
177170,209525.0,1944-07-26,15,AUSTRIA,NEU LENG BACH AD,AIR FIELDS AND AIRDROMES,48.2,15.92,B24,4.0,14.0,190.0,,,33.0,33.0,VISUAL
177178,209526.0,1944-07-26,15,AUSTRIA,AIRDROME,AIR FIELDS AND AIRDROMES,48.22,15.63,B24,4.0,27.0,180.0,67.0,,,67.0,NOT INDICATED
178119,106236.0,1944-07-28,9,FRANCE,RR BRIDGE,BRIDGES,48.72,-0.13,B26,,,120.0,2.0,,,2.0,F.F.F.
178123,106237.0,1944-07-28,9,FRANCE,RR BRIDGE,BRIDGES,48.72,-0.13,B26,,,115.0,60.0,,,60.0,NOT INDICATED
178117,106239.0,1944-07-28,9,FRANCE,RR BRIDGE,BRIDGES,48.6,-1.9,A20,,,125.0,32.0,,,32.0,NOT INDICATED
178134,106315.0,1944-07-28,8,GERMANY,ERLA MOTOR WORKS,ENGINE PLANTS,51.33,12.38,B17,2.0,11.0,261.0,28.0,,,28.0,VISUAL
178137,106316.0,1944-07-28,8,GERMANY,ERLA MOTOR WORKS,ENGINE PLANTS,51.33,12.38,B17,2.0,12.0,250.0,30.0,,,30.0,VISUAL
178131,106317.0,1944-07-28,8,GERMANY,ERLA MOTOR WORKS,ENGINE PLANTS,51.33,12.38,B17,2.0,13.0,265.0,33.0,,,33.0,VISUAL
178121,106323.0,1944-07-28,9,FRANCE,UNIDENTIFIED TARGET,UNIDENTIFIED TARGETS,48.6,-1.9,B26,,,120.0,2.0,,,2.0,F.F.F.
178112,106324.0,1944-07-28,15,BULGARIA,CITY AREA,CITIES TOWNS AND URBAN AREAS,43.63,22.88,B24,2.0,1.0,,3.0,,,3.0,NOT INDICATED
178135,169911.0,1944-07-28,8,GERMANY,ERLA MOTOR WORKS,ENGINE PLANTS,51.33,12.38,B17,2.0,11.0,261.0,28.0,,,28.0,VISUAL
178138,169912.0,1944-07-28,8,GERMANY,ERLA MOTOR WORKS,ENGINE PLANTS,51.33,12.38,B17,2.0,12.0,250.0,30.0,,,30.0,VISUAL
178132,169913.0,1944-07-28,8,GERMANY,ERLA MOTOR WORKS,ENGINE PLANTS,51.33,12.38,B17,2.0,13.0,265.0,33.0,,,33.0,VISUAL
178122,169919.0,1944-07-28,9,FRANCE,UNIDENTIFIED TARGET,UNIDENTIFIED TARGETS,48.6,-1.9,B26,,,120.0,2.0,,,2.0,F.F.F.
178113,169920.0,1944-07-28,15,BULGARIA,CITY AREA,CITIES TOWNS AND URBAN AREAS,43.63,22.88,B24,2.0,1.0,,3.0,,,3.0,NOT INDICATED
178114,169921.0,1944-07-28,15,BULGARIA,CITY AREA,CITIES TOWNS AND URBAN AREAS,43.63,22.88,B24,2.0,1.0,,3.0,,,3.0,NOT INDICATED
178136,169924.0,1944-07-28,8,GERMANY,ERLA MOTOR WORKS,ENGINE PLANTS,51.33,12.38,B17,2.0,11.0,261.0,28.0,,,28.0,VISUAL
178139,169925.0,1944-07-28,8,GERMANY,ERLA MOTOR WORKS,ENGINE PLANTS,51.33,12.38,B17,2.0,12.0,250.0,30.0,,,30.0,VISUAL
178133,169926.0,1944-07-28,8,GERMANY,ERLA MOTOR WORKS,ENGINE PLANTS,51.33,12.38,B17,2.0,13.0,265.0,33.0,,,33.0,VISUAL
178120,209558.0,1944-07-28,9,FRANCE,RR BRIDGE,BRIDGES,48.72,-0.13,B26,,,120.0,2.0,,,2.0,F.F.F.
178124,209559.0,1944-07-28,9,FRANCE,RR BRIDGE,BRIDGES,48.72,-0.13,B26,,,115.0,60.0,,,60.0,NOT INDICATED
178118,209561.0,1944-07-28,9,FRANCE,RR BRIDGE,BRIDGES,48.6,-1.9,A20,,,125.0,32.0,,,32.0,NOT INDICATED
194,106405.0,1944-07-29,8,GERMANY,UNIDENTIFIED TARGET,UNIDENTIFIED TARGETS,51.08,11.62,B17,2.0,1.0,,1.0,,,1.0,NOT INDICATED
189,106406.0,1944-07-29,9,GERMANY,UNIDENTIFIED TARGET,UNIDENTIFIED TARGETS,53.88,8.7,B24,1.0,1.0,,3.0,,,3.0,NOT INDICATED
195,169998.0,1944-07-29,8,GERMANY,UNIDENTIFIED TARGET,UNIDENTIFIED TARGETS,51.08,11.62,B17,2.0,1.0,,1.0,,,1.0,NOT INDICATED
190,169999.0,1944-07-29,9,GERMANY,UNIDENTIFIED TARGET,UNIDENTIFIED TARGETS,53.88,8.7,B24,1.0,1.0,,3.0,,,3.0,NOT INDICATED
196,170006.0,1944-07-29,8,GERMANY,UNIDENTIFIED TARGET,UNIDENTIFIED TARGETS,51.08,11.62,B17,2.0,1.0,,1.0,,,1.0,NOT INDICATED
188,170007.0,1944-07-29,9,GERMANY,UNIDENTIFIED TARGET,UNIDENTIFIED TARGETS,53.88,8.7,B24,1.0,1.0,,3.0,,,3.0,NOT INDICATED
191,170081.0,1944-07-29,9,GERMANY,MARSHALLING YARD,"""RR INSTALLATIONS,  TRACKS,  MARSHALLING YARDS,  AND STATIONS""",52.15,9.97,B17,3.0,3.0,,5.0,,,5.0,NOT INDICATED
184,170082.0,1944-07-29,9,GERMANY,MARSHALLING YARD,"""RR INSTALLATIONS,  TRACKS,  MARSHALLING YARDS,  AND STATIONS""",52.15,9.97,B17,3.0,17.0,265.0,42.0,,,42.0,VISUAL
185,170083.0,1944-07-29,9,GERMANY,MARSHALLING YARD,"""RR INSTALLATIONS,  TRACKS,  MARSHALLING YARDS,  AND STATIONS""",52.15,9.97,B17,3.0,8.0,253.0,20.0,,,20.0,VISUAL
1057,106446.0,1944-07-30,9,FRANCE,CITY AREA,CITIES TOWNS AND URBAN AREAS,48.71,0.91,B26,,,115.0,,,38.0,38.0,NOT INDICATED
1055,106447.0,1944-07-30,9,FRANCE,UNIDENTIFIED TARGET,UNIDENTIFIED TARGETS,48.71,0.91,B26,,,130.0,1.0,,,1.0,NOT INDICATED
1058,106452.0,1944-07-30,9,FRANCE,CITY AREA,CITIES TOWNS AND URBAN AREAS,48.71,0.91,B26,,,115.0,,,38.0,38.0,NOT INDICATED
1056,170095.0,1944-07-30,9,FRANCE,UNIDENTIFIED TARGET,UNIDENTIFIED TARGETS,48.71,0.91,B26,,,130.0,1.0,,,1.0,NOT INDICATED
1059,170100.0,1944-07-30,9,FRANCE,CITY AREA,CITIES TOWNS AND URBAN AREAS,48.71,0.91,B26,,,115.0,,,38.0,38.0,NOT INDICATED
1060,170101.0,1944-07-30,9,FRANCE,CITY AREA,CITIES TOWNS AND URBAN AREAS,48.71,0.91,B26,,,115.0,,,38.0,38.0,NOT INDICATED
1647,106453.0,1944-07-31,15,GERMANY,BMW ENGINE WORKS,ENGINE PLANTS,48.13,11.58,B17,4.0,12.0,248.0,30.0,,,30.0,VISUAL
1653,106454.0,1944-07-31,15,GERMANY,BMW ENGINE WORKS,ENGINE PLANTS,48.13,11.58,B17,4.0,11.0,243.0,28.0,,,28.0,VISUAL
1635,106455.0,1944-07-31,15,GERMANY,BMW ENGINE WORKS,ENGINE PLANTS,48.13,11.58,B17,4.0,13.0,253.0,33.0,,,33.0,VISUAL
1997,106479.0,1944-07-31,9,FRANCE,UNIDENTIFIED TARGET,UNIDENTIFIED TARGETS,47.88,-1.23,B26,,,,25.0,,,25.0,NOT INDICATED
1994,106480.0,1944-07-31,9,FRANCE,UNIDENTIFIED TARGET,UNIDENTIFIED TARGETS,47.88,-1.23,B26,,,115.0,25.0,,,25.0,VISUAL
1982,106481.0,1944-07-31,9,FRANCE,RR BRIDGE,BRIDGES,48.4,-0.63,B26,,,125.0,1.0,,,1.0,F.F.F.
1983,106482.0,1944-07-31,9,FRANCE,RR BRIDGE,BRIDGES,48.4,-0.63,B26,,,125.0,30.0,,,30.0,NOT INDICATED
1992,106489.0,1944-07-31,9,FRANCE,RR BRIDGE,BRIDGES,47.43,-0.53,B26,,,118.0,48.0,,,48.0,VISUAL
1999,106492.0,1944-07-31,9,FRANCE,RR BRIDGE,BRIDGES,48.3,-0.62,B26,,,,2.0,,,2.0,F.F.F.
1990,106493.0,1944-07-31,9,FRANCE,RR BRIDGE,BRIDGES,48.3,-0.62,B26,,,120.0,60.0,,,60.0,NOT INDICATED
1986,106494.0,1944-07-31,9,FRANCE,BRIDGE,BRIDGES,47.22,-1.53,B26,,,125.0,71.0,,,71.0,VISUAL
1988,106520.0,1944-07-31,9,FRANCE,FUEL DUMP,SUPPLY DUMPS AND WAREHOUSES,47.88,-1.23,A20,,,120.0,35.0,,,35.0,VISUAL
1641,106525.0,1944-07-31,15,GERMANY,AIRDROME,AIR FIELDS AND AIRDROMES,48.13,11.58,B17,4.0,9.0,249.0,23.0,,,23.0,F.F.F.
1650,106526.0,1944-07-31,15,GERMANY,AIRDROME,AIR FIELDS AND AIRDROMES,48.13,11.58,B17,4.0,10.0,246.0,25.0,,,25.0,F.F.F.
1638,106527.0,1944-07-31,15,GERMANY,AIRDROME,AIR FIELDS AND AIRDROMES,48.13,11.58,B17,4.0,12.0,252.0,30.0,,,30.0,F.F.F.
1656,106528.0,1944-07-31,15,GERMANY,AIRDROME,AIR FIELDS AND AIRDROMES,48.13,11.58,B17,4.0,2.0,,5.0,,,5.0,NOT INDICATED
1642,106529.0,1944-07-31,15,GERMANY,AIRDROME,AIR FIELDS AND AIRDROMES,48.13,11.58,B17,4.0,12.0,249.0,,30.0,,30.0,VISUAL
1902,106530.0,1944-07-31,9,GERMANY,CITY AREA,CITIES TOWNS AND URBAN AREAS,48.13,11.58,B17,4.0,11.0,254.0,28.0,,,28.0,F.F.F.
1913,106531.0,1944-07-31,9,GERMANY,CITY AREA,CITIES TOWNS AND URBAN AREAS,48.13,11.58,B17,4.0,15.0,252.0,6.0,30.0,,36.0,F.F.F.
1949,106532.0,1944-07-31,9,GERMANY,CITY AREA,CITIES TOWNS AND URBAN AREAS,48.13,11.58,B17,4.0,17.0,243.0,47.0,,,47.0,F.F.F.
1974,106533.0,1944-07-31,9,GERMANY,CITY AREA,CITIES TOWNS AND URBAN AREAS,48.13,11.58,B17,4.0,7.0,231.0,3.0,17.0,,20.0,F.F.F.
1662,106534.0,1944-07-31,9,GERMANY,CITY AREA,CITIES TOWNS AND URBAN AREAS,48.13,11.58,B17,4.0,11.0,269.0,,28.0,,28.0,F.F.F.
1693,106535.0,1944-07-31,9,GERMANY,CITY AREA,CITIES TOWNS AND URBAN AREAS,48.13,11.58,B17,4.0,13.0,255.0,,33.0,,33.0,F.F.F.
1659,106536.0,1944-07-31,9,GERMANY,CITY AREA,CITIES TOWNS AND URBAN AREAS,48.13,11.58,B17,4.0,12.0,277.0,,30.0,,30.0,F.F.F.
2201,106537.0,1944-07-31,9,GERMANY,CITY AREA,CITIES TOWNS AND URBAN AREAS,48.13,11.58,B17,4.0,1.0,,,2.0,,2.0,NOT INDICATED
2202,106538.0,1944-07-31,9,GERMANY,CITY AREA,CITIES TOWNS AND URBAN AREAS,48.13,11.58,B17,4.0,1.0,,,2.0,,2.0,NOT INDICATED
2203,106539.0,1944-07-31,9,GERMANY,CITY AREA,CITIES TOWNS AND URBAN AREAS,48.13,11.58,B17,4.0,2.0,,,5.0,,5.0,NOT INDICATED
1934,106540.0,1944-07-31,9,GERMANY,CITY AREA,CITIES TOWNS AND URBAN AREAS,48.13,11.58,B17,4.0,13.0,248.0,5.0,28.0,,33.0,F.F.F.
1979,106541.0,1944-07-31,9,GERMANY,CITY AREA,CITIES TOWNS AND URBAN AREAS,48.13,11.58,B17,4.0,12.0,227.0,,30.0,,30.0,F.F.F.
1905,106542.0,1944-07-31,9,GERMANY,CITY AREA,CITIES TOWNS AND URBAN AREAS,48.13,11.58,B17,4.0,10.0,253.0,20.0,,,20.0,F.F.F.
1968,106543.0,1944-07-31,9,GERMANY,CITY AREA,CITIES TOWNS AND URBAN AREAS,48.13,11.58,B17,4.0,12.0,235.0,30.0,,,30.0,F.F.F.
1687,106544.0,1944-07-31,9,GERMANY,CITY AREA,CITIES TOWNS AND URBAN AREAS,48.13,11.58,B17,4.0,12.0,259.0,30.0,,,30.0,F.F.F.
2204,106545.0,1944-07-31,9,GERMANY,CITY AREA,CITIES TOWNS AND URBAN AREAS,48.13,11.58,B17,4.0,2.0,,,5.0,,5.0,NOT INDICATED
1957,106546.0,1944-07-31,9,GERMANY,CITY AREA,CITIES TOWNS AND URBAN AREAS,48.13,11.58,B17,4.0,14.0,240.0,35.0,,,35.0,F.F.F.
1971,106547.0,1944-07-31,9,GERMANY,CITY AREA,CITIES TOWNS AND URBAN AREAS,48.13,11.58,B17,4.0,12.0,234.0,30.0,,,30.0,F.F.F.
1937,106548.0,1944-07-31,9,GERMANY,CITY AREA,CITIES TOWNS AND URBAN AREAS,48.13,11.58,B17,4.0,12.0,246.0,30.0,,,30.0,F.F.F.
1916,106549.0,1944-07-31,9,GERMANY,CITY AREA,CITIES TOWNS AND URBAN AREAS,48.13,11.58,B17,4.0,11.0,250.0,,28.0,,28.0,F.F.F.
1958,106550.0,1944-07-31,9,GERMANY,CITY AREA,CITIES TOWNS AND URBAN AREAS,48.13,11.58,B17,4.0,13.0,240.0,,33.0,,33.0,F.F.F.
1917,106551.0,1944-07-31,9,GERMANY,CITY AREA,CITIES TOWNS AND URBAN AREAS,48.13,11.58,B17,4.0,12.0,250.0,,30.0,,30.0,F.F.F.
1918,106552.0,1944-07-31,9,GERMANY,CITY AREA,CITIES TOWNS AND URBAN AREAS,48.13,11.58,B17,4.0,10.0,250.0,,25.0,,25.0,F.F.F.
1940,106553.0,1944-07-31,9,GERMANY,CITY AREA,CITIES TOWNS AND URBAN AREAS,48.13,11.58,B17,4.0,12.0,245.0,,30.0,,30.0,F.F.F.
1694,106554.0,1944-07-31,9,GERMANY,CITY AREA,CITIES TOWNS AND URBAN AREAS,48.13,11.58,B17,4.0,12.0,255.0,,29.0,,29.0,F.F.F.
1965,106555.0,1944-07-31,9,GERMANY,CITY AREA,CITIES TOWNS AND URBAN AREAS,48.13,11.58,B17,4.0,19.0,236.0,48.0,,,48.0,F.F.F.
1919,106556.0,1944-07-31,9,GERMANY,CITY AREA,CITIES TOWNS AND URBAN AREAS,48.13,11.58,B17,4.0,16.0,250.0,40.0,,,40.0,F.F.F.
1920,106557.0,1944-07-31,9,GERMANY,CITY AREA,CITIES TOWNS AND URBAN AREAS,48.13,11.58,B17,4.0,16.0,250.0,44.0,,,44.0,F.F.F.
1941,106558.0,1944-07-31,9,GERMANY,CITY AREA,CITIES TOWNS AND URBAN AREAS,48.13,11.58,B17,4.0,12.0,245.0,33.0,,,33.0,F.F.F.
1952,106559.0,1944-07-31,9,GERMANY,CITY AREA,CITIES TOWNS AND URBAN AREAS,48.13,11.58,B17,4.0,18.0,242.0,50.0,,,50.0,F.F.F.
1921,106560.0,1944-07-31,9,GERMANY,CITY AREA,CITIES TOWNS AND URBAN AREAS,48.13,11.58,B17,4.0,17.0,250.0,47.0,,,47.0,F.F.F.
1670,106561.0,1944-07-31,9,GERMANY,CITY AREA,CITIES TOWNS AND URBAN AREAS,48.13,11.58,B17,4.0,12.0,265.0,29.0,,,29.0,F.F.F.
1695,106562.0,1944-07-31,9,GERMANY,CITY AREA,CITIES TOWNS AND URBAN AREAS,48.13,11.58,B17,4.0,12.0,255.0,29.0,,,29.0,F.F.F.
1681,106563.0,1944-07-31,9,GERMANY,CITY AREA,CITIES TOWNS AND URBAN AREAS,48.13,11.58,B17,4.0,12.0,260.0,28.0,,,28.0,F.F.F.
1682,106564.0,1944-07-31,9,GERMANY,CITY AREA,CITIES TOWNS AND URBAN AREAS,48.13,11.58,B17,4.0,10.0,260.0,25.0,,,25.0,F.F.F.
1671,106565.0,1944-07-31,9,GERMANY,CITY AREA,CITIES TOWNS AND URBAN AREAS,48.13,11.58,B17,4.0,11.0,265.0,28.0,,,28.0,F.F.F.
1906,106566.0,1944-07-31,9,GERMANY,CITY AREA,CITIES TOWNS AND URBAN AREAS,48.13,11.58,B17,4.0,17.0,253.0,47.0,,,47.0,F.F.F.
1942,106567.0,1944-07-31,9,GERMANY,CITY AREA,CITIES TOWNS AND URBAN AREAS,48.13,11.58,B17,4.0,7.0,245.0,19.0,,,19.0,F.F.F.
1665,106568.0,1944-07-31,9,GERMANY,CITY AREA,CITIES TOWNS AND URBAN AREAS,48.13,11.58,B17,4.0,10.0,268.0,,25.0,,25.0,F.F.F.
1690,106569.0,1944-07-31,9,GERMANY,CITY AREA,CITIES TOWNS AND URBAN AREAS,48.13,11.58,B17,4.0,11.0,258.0,,28.0,,28.0,F.F.F.
1676,106570.0,1944-07-31,9,GERMANY,CITY AREA,CITIES TOWNS AND URBAN AREAS,48.13,11.58,B17,4.0,11.0,263.0,,28.0,,28.0,F.F.F.
2225,106571.0,1944-07-31,8,FRANCE,UNIDENTIFIED TARGET,UNIDENTIFIED TARGETS,48.25,8.0,B17,2.0,1.0,,3.0,,,3.0,NOT INDICATED
1648,170115.0,1944-07-31,15,GERMANY,BMW ENGINE WORKS,ENGINE PLANTS,48.13,11.58,B17,4.0,12.0,248.0,30.0,,,30.0,VISUAL
1654,170116.0,1944-07-31,15,GERMANY,BMW ENGINE WORKS,ENGINE PLANTS,48.13,11.58,B17,4.0,11.0,243.0,28.0,,,28.0,VISUAL
1636,170117.0,1944-07-31,15,GERMANY,BMW ENGINE WORKS,ENGINE PLANTS,48.13,11.58,B17,4.0,13.0,253.0,33.0,,,33.0,VISUAL
2226,170118.0,1944-07-31,8,FRANCE,UNIDENTIFIED TARGET,UNIDENTIFIED TARGETS,48.25,8.0,B17,2.0,1.0,,3.0,,,3.0,NOT INDICATED
1998,170124.0,1944-07-31,9,FRANCE,UNIDENTIFIED TARGET,UNIDENTIFIED TARGETS,47.88,-1.23,B26,,,,25.0,,,25.0,NOT INDICATED
1995,170125.0,1944-07-31,9,FRANCE,UNIDENTIFIED TARGET,UNIDENTIFIED TARGETS,47.88,-1.23,B26,,,115.0,25.0,,,25.0,VISUAL
1679,170126.0,1944-07-31,9,GERMANY,CITY AREA,CITIES TOWNS AND URBAN AREAS,48.13,11.58,B17,4.0,12.0,262.0,,28.0,,28.0,F.F.F.
1907,170127.0,1944-07-31,9,GERMANY,CITY AREA,CITIES TOWNS AND URBAN AREAS,48.13,11.58,B17,4.0,12.0,253.0,,30.0,,30.0,F.F.F.
1668,170128.0,1944-07-31,9,GERMANY,CITY AREA,CITIES TOWNS AND URBAN AREAS,48.13,11.58,B17,4.0,13.0,267.0,,30.0,,30.0,F.F.F.
2205,170129.0,1944-07-31,9,GERMANY,CITY AREA,CITIES TOWNS AND URBAN AREAS,48.13,11.58,B17,4.0,4.0,,4.0,,,4.0,NOT INDICATED
1959,170130.0,1944-07-31,9,GERMANY,CITY AREA,CITIES TOWNS AND URBAN AREAS,48.13,11.58,B17,4.0,18.0,240.0,45.0,,,45.0,F.F.F.
1955,170131.0,1944-07-31,9,GERMANY,CITY AREA,CITIES TOWNS AND URBAN AREAS,48.13,11.58,B17,4.0,24.0,241.0,8.0,52.0,,60.0,F.F.F.
1975,170132.0,1944-07-31,9,GERMANY,CITY AREA,CITIES TOWNS AND URBAN AREAS,48.13,11.58,B17,4.0,12.0,231.0,,33.0,,33.0,F.F.F.
1914,170133.0,1944-07-31,9,GERMANY,CITY AREA,CITIES TOWNS AND URBAN AREAS,48.13,11.58,B17,4.0,15.0,252.0,6.0,30.0,,36.0,F.F.F.
1950,170134.0,1944-07-31,9,GERMANY,CITY AREA,CITIES TOWNS AND URBAN AREAS,48.13,11.58,B17,4.0,17.0,243.0,47.0,,,47.0,F.F.F.
1976,170135.0,1944-07-31,9,GERMANY,CITY AREA,CITIES TOWNS AND URBAN AREAS,48.13,11.58,B17,4.0,7.0,231.0,3.0,17.0,,20.0,F.F.F.
1663,170136.0,1944-07-31,9,GERMANY,CITY AREA,CITIES TOWNS AND URBAN AREAS,48.13,11.58,B17,4.0,11.0,269.0,,28.0,,28.0,F.F.F.
1696,170137.0,1944-07-31,9,GERMANY,CITY AREA,CITIES TOWNS AND URBAN AREAS,48.13,11.58,B17,4.0,13.0,255.0,,33.0,,33.0,F.F.F.
1660,170138.0,1944-07-31,9,GERMANY,CITY AREA,CITIES TOWNS AND URBAN AREAS,48.13,11.58,B17,4.0,12.0,277.0,,30.0,,30.0,F.F.F.
2206,170139.0,1944-07-31,9,GERMANY,CITY AREA,CITIES TOWNS AND URBAN AREAS,48.13,11.58,B17,4.0,1.0,,,2.0,,2.0,NOT INDICATED
2207,170140.0,1944-07-31,9,GERMANY,CITY AREA,CITIES TOWNS AND URBAN AREAS,48.13,11.58,B17,4.0,1.0,,,2.0,,2.0,NOT INDICATED
2208,170141.0,1944-07-31,9,GERMANY,CITY AREA,CITIES TOWNS AND URBAN AREAS,48.13,11.58,B17,4.0,2.0,,,5.0,,5.0,NOT INDICATED
1935,170142.0,1944-07-31,9,GERMANY,CITY AREA,CITIES TOWNS AND URBAN AREAS,48.13,11.58,B17,4.0,13.0,248.0,5.0,28.0,,33.0,F.F.F.
1980,170143.0,1944-07-31,9,GERMANY,CITY AREA,CITIES TOWNS AND URBAN AREAS,48.13,11.58,B17,4.0,12.0,227.0,,30.0,,30.0,F.F.F.
1908,170144.0,1944-07-31,9,GERMANY,CITY AREA,CITIES TOWNS AND URBAN AREAS,48.13,11.58,B17,4.0,10.0,253.0,20.0,,,20.0,F.F.F.
1969,170145.0,1944-07-31,9,GERMANY,CITY AREA,CITIES TOWNS AND URBAN AREAS,48.13,11.58,B17,4.0,12.0,235.0,30.0,,,30.0,F.F.F.
1688,170146.0,1944-07-31,9,GERMANY,CITY AREA,CITIES TOWNS AND URBAN AREAS,48.13,11.58,B17,4.0,12.0,259.0,30.0,,,30.0,F.F.F.
2209,170147.0,1944-07-31,9,GERMANY,CITY AREA,CITIES TOWNS AND URBAN AREAS,48.13,11.58,B17,4.0,2.0,,,5.0,,5.0,NOT INDICATED
1960,170148.0,1944-07-31,9,GERMANY,CITY AREA,CITIES TOWNS AND URBAN AREAS,48.13,11.58,B17,4.0,14.0,240.0,35.0,,,35.0,F.F.F.
1972,170149.0,1944-07-31,9,GERMANY,CITY AREA,CITIES TOWNS AND URBAN AREAS,48.13,11.58,B17,4.0,12.0,234.0,30.0,,,30.0,F.F.F.
1938,170150.0,1944-07-31,9,GERMANY,CITY AREA,CITIES TOWNS AND URBAN AREAS,48.13,11.58,B17,4.0,12.0,246.0,30.0,,,30.0,F.F.F.
1922,170151.0,1944-07-31,9,GERMANY,CITY AREA,CITIES TOWNS AND URBAN AREAS,48.13,11.58,B17,4.0,11.0,250.0,,28.0,,28.0,F.F.F.
1961,170152.0,1944-07-31,9,GERMANY,CITY AREA,CITIES TOWNS AND URBAN AREAS,48.13,11.58,B17,4.0,13.0,240.0,,33.0,,33.0,F.F.F.
1923,170153.0,1944-07-31,9,GERMANY,CITY AREA,CITIES TOWNS AND URBAN AREAS,48.13,11.58,B17,4.0,12.0,250.0,,30.0,,30.0,F.F.F.
1924,170154.0,1944-07-31,9,GERMANY,CITY AREA,CITIES TOWNS AND URBAN AREAS,48.13,11.58,B17,4.0,10.0,250.0,,25.0,,25.0,F.F.F.
1943,170155.0,1944-07-31,9,GERMANY,CITY AREA,CITIES TOWNS AND URBAN AREAS,48.13,11.58,B17,4.0,12.0,245.0,,30.0,,30.0,F.F.F.
1697,170156.0,1944-07-31,9,GERMANY,CITY AREA,CITIES TOWNS AND URBAN AREAS,48.13,11.58,B17,4.0,12.0,255.0,,29.0,,29.0,F.F.F.
1966,170157.0,1944-07-31,9,GERMANY,CITY AREA,CITIES TOWNS AND URBAN AREAS,48.13,11.58,B17,4.0,19.0,236.0,48.0,,,48.0,F.F.F.
1925,170158.0,1944-07-31,9,GERMANY,CITY AREA,CITIES TOWNS AND URBAN AREAS,48.13,11.58,B17,4.0,16.0,250.0,40.0,,,40.0,F.F.F.
1926,170159.0,1944-07-31,9,GERMANY,CITY AREA,CITIES TOWNS AND URBAN AREAS,48.13,11.58,B17,4.0,16.0,250.0,44.0,,,44.0,F.F.F.
1944,170160.0,1944-07-31,9,GERMANY,CITY AREA,CITIES TOWNS AND URBAN AREAS,48.13,11.58,B17,4.0,12.0,245.0,33.0,,,33.0,F.F.F.
1953,170161.0,1944-07-31,9,GERMANY,CITY AREA,CITIES TOWNS AND URBAN AREAS,48.13,11.58,B17,4.0,18.0,242.0,50.0,,,50.0,F.F.F.
1927,170162.0,1944-07-31,9,GERMANY,CITY AREA,CITIES TOWNS AND URBAN AREAS,48.13,11.58,B17,4.0,17.0,250.0,47.0,,,47.0,F.F.F.
1672,170163.0,1944-07-31,9,GERMANY,CITY AREA,CITIES TOWNS AND URBAN AREAS,48.13,11.58,B17,4.0,12.0,265.0,29.0,,,29.0,F.F.F.
1698,170164.0,1944-07-31,9,GERMANY,CITY AREA,CITIES TOWNS AND URBAN AREAS,48.13,11.58,B17,4.0,12.0,255.0,29.0,,,29.0,F.F.F.
1683,170165.0,1944-07-31,9,GERMANY,CITY AREA,CITIES TOWNS AND URBAN AREAS,48.13,11.58,B17,4.0,12.0,260.0,28.0,,,28.0,F.F.F.
1684,170166.0,1944-07-31,9,GERMANY,CITY AREA,CITIES TOWNS AND URBAN AREAS,48.13,11.58,B17,4.0,10.0,260.0,25.0,,,25.0,F.F.F.
1903,170167.0,1944-07-31,9,GERMANY,CITY AREA,CITIES TOWNS AND URBAN AREAS,48.13,11.58,B17,4.0,11.0,254.0,28.0,,,28.0,F.F.F.
1673,170168.0,1944-07-31,9,GERMANY,CITY AREA,CITIES TOWNS AND URBAN AREAS,48.13,11.58,B17,4.0,11.0,265.0,28.0,,,28.0,F.F.F.
1909,170169.0,1944-07-31,9,GERMANY,CITY AREA,CITIES TOWNS AND URBAN AREAS,48.13,11.58,B17,4.0,17.0,253.0,47.0,,,47.0,F.F.F.
1945,170170.0,1944-07-31,9,GERMANY,CITY AREA,CITIES TOWNS AND URBAN AREAS,48.13,11.58,B17,4.0,7.0,245.0,19.0,,,19.0,F.F.F.
1666,170171.0,1944-07-31,9,GERMANY,CITY AREA,CITIES TOWNS AND URBAN AREAS,48.13,11.58,B17,4.0,10.0,268.0,,25.0,,25.0,F.F.F.
1691,170172.0,1944-07-31,9,GERMANY,CITY AREA,CITIES TOWNS AND URBAN AREAS,48.13,11.58,B17,4.0,11.0,258.0,,28.0,,28.0,F.F.F.
1677,170173.0,1944-07-31,9,GERMANY,CITY AREA,CITIES TOWNS AND URBAN AREAS,48.13,11.58,B17,4.0,11.0,263.0,,28.0,,28.0,F.F.F.
1680,170174.0,1944-07-31,9,GERMANY,CITY AREA,CITIES TOWNS AND URBAN AREAS,48.13,11.58,B17,4.0,12.0,262.0,,28.0,,28.0,F.F.F.
1910,170175.0,1944-07-31,9,GERMANY,CITY AREA,CITIES TOWNS AND URBAN AREAS,48.13,11.58,B17,4.0,12.0,253.0,,30.0,,30.0,F.F.F.
1669,170176.0,1944-07-31,9,GERMANY,CITY AREA,CITIES TOWNS AND URBAN AREAS,48.13,11.58,B17,4.0,13.0,267.0,,30.0,,30.0,F.F.F.
2210,170177.0,1944-07-31,9,GERMANY,CITY AREA,CITIES TOWNS AND URBAN AREAS,48.13,11.58,B17,4.0,4.0,,4.0,,,4.0,NOT INDICATED
1962,170178.0,1944-07-31,9,GERMANY,CITY AREA,CITIES TOWNS AND URBAN AREAS,48.13,11.58,B17,4.0,18.0,240.0,45.0,,,45.0,F.F.F.
1956,170179.0,1944-07-31,9,GERMANY,CITY AREA,CITIES TOWNS AND URBAN AREAS,48.13,11.58,B17,4.0,24.0,241.0,8.0,52.0,,60.0,F.F.F.
1977,170180.0,1944-07-31,9,GERMANY,CITY AREA,CITIES TOWNS AND URBAN AREAS,48.13,11.58,B17,4.0,12.0,231.0,,33.0,,33.0,F.F.F.
2227,170204.0,1944-07-31,8,FRANCE,UNIDENTIFIED TARGET,UNIDENTIFIED TARGETS,48.25,8.0,B17,2.0,1.0,,3.0,,,3.0,NOT INDICATED
1649,170210.0,1944-07-31,15,GERMANY,BMW ENGINE WORKS,ENGINE PLANTS,48.13,11.58,B17,4.0,12.0,248.0,30.0,,,30.0,VISUAL
1655,170211.0,1944-07-31,15,GERMANY,BMW ENGINE WORKS,ENGINE PLANTS,48.13,11.58,B17,4.0,11.0,243.0,28.0,,,28.0,VISUAL
1637,170212.0,1944-07-31,15,GERMANY,BMW ENGINE WORKS,ENGINE PLANTS,48.13,11.58,B17,4.0,13.0,253.0,33.0,,,33.0,VISUAL
1904,170213.0,1944-07-31,9,GERMANY,CITY AREA,CITIES TOWNS AND URBAN AREAS,48.13,11.58,B17,4.0,11.0,254.0,28.0,,,28.0,F.F.F.
1915,170214.0,1944-07-31,9,GERMANY,CITY AREA,CITIES TOWNS AND URBAN AREAS,48.13,11.58,B17,4.0,15.0,252.0,6.0,30.0,,36.0,F.F.F.
1951,170215.0,1944-07-31,9,GERMANY,CITY AREA,CITIES TOWNS AND URBAN AREAS,48.13,11.58,B17,4.0,17.0,243.0,47.0,,,47.0,F.F.F.
1978,170216.0,1944-07-31,9,GERMANY,CITY AREA,CITIES TOWNS AND URBAN AREAS,48.13,11.58,B17,4.0,7.0,231.0,3.0,17.0,,20.0,F.F.F.
1664,170217.0,1944-07-31,9,GERMANY,CITY AREA,CITIES TOWNS AND URBAN AREAS,48.13,11.58,B17,4.0,11.0,269.0,,28.0,,28.0,F.F.F.
1699,170218.0,1944-07-31,9,GERMANY,CITY AREA,CITIES TOWNS AND URBAN AREAS,48.13,11.58,B17,4.0,13.0,255.0,,33.0,,33.0,F.F.F.
1661,170219.0,1944-07-31,9,GERMANY,CITY AREA,CITIES TOWNS AND URBAN AREAS,48.13,11.58,B17,4.0,12.0,277.0,,30.0,,30.0,F.F.F.
2211,170220.0,1944-07-31,9,GERMANY,CITY AREA,CITIES TOWNS AND URBAN AREAS,48.13,11.58,B17,4.0,1.0,,,2.0,,2.0,NOT INDICATED
2212,170221.0,1944-07-31,9,GERMANY,CITY AREA,CITIES TOWNS AND URBAN AREAS,48.13,11.58,B17,4.0,1.0,,,2.0,,2.0,NOT INDICATED
2213,170222.0,1944-07-31,9,GERMANY,CITY AREA,CITIES TOWNS AND URBAN AREAS,48.13,11.58,B17,4.0,2.0,,,5.0,,5.0,NOT INDICATED
1936,170223.0,1944-07-31,9,GERMANY,CITY AREA,CITIES TOWNS AND URBAN AREAS,48.13,11.58,B17,4.0,13.0,248.0,5.0,28.0,,33.0,F.F.F.
1981,170224.0,1944-07-31,9,GERMANY,CITY AREA,CITIES TOWNS AND URBAN AREAS,48.13,11.58,B17,4.0,12.0,227.0,,30.0,,30.0,F.F.F.
1911,170225.0,1944-07-31,9,GERMANY,CITY AREA,CITIES TOWNS AND URBAN AREAS,48.13,11.58,B17,4.0,10.0,253.0,20.0,,,20.0,F.F.F.
1970,170226.0,1944-07-31,9,GERMANY,CITY AREA,CITIES TOWNS AND URBAN AREAS,48.13,11.58,B17,4.0,12.0,235.0,30.0,,,30.0,F.F.F.
1689,170227.0,1944-07-31,9,GERMANY,CITY AREA,CITIES TOWNS AND URBAN AREAS,48.13,11.58,B17,4.0,12.0,259.0,30.0,,,30.0,F.F.F.
2214,170228.0,1944-07-31,9,GERMANY,CITY AREA,CITIES TOWNS AND URBAN AREAS,48.13,11.58,B17,4.0,2.0,,,5.0,,5.0,NOT INDICATED
1963,170229.0,1944-07-31,9,GERMANY,CITY AREA,CITIES TOWNS AND URBAN AREAS,48.13,11.58,B17,4.0,14.0,240.0,35.0,,,35.0,F.F.F.
1973,170230.0,1944-07-31,9,GERMANY,CITY AREA,CITIES TOWNS AND URBAN AREAS,48.13,11.58,B17,4.0,12.0,234.0,30.0,,,30.0,F.F.F.
1939,170231.0,1944-07-31,9,GERMANY,CITY AREA,CITIES TOWNS AND URBAN AREAS,48.13,11.58,B17,4.0,12.0,246.0,30.0,,,30.0,F.F.F.
1928,170232.0,1944-07-31,9,GERMANY,CITY AREA,CITIES TOWNS AND URBAN AREAS,48.13,11.58,B17,4.0,11.0,250.0,,28.0,,28.0,F.F.F.
1964,170233.0,1944-07-31,9,GERMANY,CITY AREA,CITIES TOWNS AND URBAN AREAS,48.13,11.58,B17,4.0,13.0,240.0,,33.0,,33.0,F.F.F.
1929,170234.0,1944-07-31,9,GERMANY,CITY AREA,CITIES TOWNS AND URBAN AREAS,48.13,11.58,B17,4.0,12.0,250.0,,30.0,,30.0,F.F.F.
1930,170235.0,1944-07-31,9,GERMANY,CITY AREA,CITIES TOWNS AND URBAN AREAS,48.13,11.58,B17,4.0,10.0,250.0,,25.0,,25.0,F.F.F.
1946,170236.0,1944-07-31,9,GERMANY,CITY AREA,CITIES TOWNS AND URBAN AREAS,48.13,11.58,B17,4.0,12.0,245.0,,30.0,,30.0,F.F.F.
1700,170237.0,1944-07-31,9,GERMANY,CITY AREA,CITIES TOWNS AND URBAN AREAS,48.13,11.58,B17,4.0,12.0,255.0,,29.0,,29.0,F.F.F.
1967,170238.0,1944-07-31,9,GERMANY,CITY AREA,CITIES TOWNS AND URBAN AREAS,48.13,11.58,B17,4.0,19.0,236.0,48.0,,,48.0,F.F.F.
1931,170239.0,1944-07-31,9,GERMANY,CITY AREA,CITIES TOWNS AND URBAN AREAS,48.13,11.58,B17,4.0,16.0,250.0,40.0,,,40.0,F.F.F.
1932,170240.0,1944-07-31,9,GERMANY,CITY AREA,CITIES TOWNS AND URBAN AREAS,48.13,11.58,B17,4.0,16.0,250.0,44.0,,,44.0,F.F.F.
1947,170241.0,1944-07-31,9,GERMANY,CITY AREA,CITIES TOWNS AND URBAN AREAS,48.13,11.58,B17,4.0,12.0,245.0,33.0,,,33.0,F.F.F.
1954,170242.0,1944-07-31,9,GERMANY,CITY AREA,CITIES TOWNS AND URBAN AREAS,48.13,11.58,B17,4.0,18.0,242.0,50.0,,,50.0,F.F.F.
1933,170243.0,1944-07-31,9,GERMANY,CITY AREA,CITIES TOWNS AND URBAN AREAS,48.13,11.58,B17,4.0,17.0,250.0,47.0,,,47.0,F.F.F.
1674,170244.0,1944-07-31,9,GERMANY,CITY AREA,CITIES TOWNS AND URBAN AREAS,48.13,11.58,B17,4.0,12.0,265.0,29.0,,,29.0,F.F.F.
1901,170245.0,1944-07-31,9,GERMANY,CITY AREA,CITIES TOWNS AND URBAN AREAS,48.13,11.58,B17,4.0,12.0,255.0,29.0,,,29.0,F.F.F.
1685,170246.0,1944-07-31,9,GERMANY,CITY AREA,CITIES TOWNS AND URBAN AREAS,48.13,11.58,B17,4.0,12.0,260.0,28.0,,,28.0,F.F.F.
1686,170247.0,1944-07-31,9,GERMANY,CITY AREA,CITIES TOWNS AND URBAN AREAS,48.13,11.58,B17,4.0,10.0,260.0,25.0,,,25.0,F.F.F.
1675,170248.0,1944-07-31,9,GERMANY,CITY AREA,CITIES TOWNS AND URBAN AREAS,48.13,11.58,B17,4.0,11.0,265.0,28.0,,,28.0,F.F.F.
1912,170249.0,1944-07-31,9,GERMANY,CITY AREA,CITIES TOWNS AND URBAN AREAS,48.13,11.58,B17,4.0,17.0,253.0,47.0,,,47.0,F.F.F.
1948,170250.0,1944-07-31,9,GERMANY,CITY AREA,CITIES TOWNS AND URBAN AREAS,48.13,11.58,B17,4.0,7.0,245.0,19.0,,,19.0,F.F.F.
1667,170251.0,1944-07-31,9,GERMANY,CITY AREA,CITIES TOWNS AND URBAN AREAS,48.13,11.58,B17,4.0,10.0,268.0,,25.0,,25.0,F.F.F.
1692,170252.0,1944-07-31,9,GERMANY,CITY AREA,CITIES TOWNS AND URBAN AREAS,48.13,11.58,B17,4.0,11.0,258.0,,28.0,,28.0,F.F.F.
1678,170253.0,1944-07-31,9,GERMANY,CITY AREA,CITIES TOWNS AND URBAN AREAS,48.13,11.58,B17,4.0,11.0,263.0,,28.0,,28.0,F.F.F.
1984,209643.0,1944-07-31,9,FRANCE,RR BRIDGE,BRIDGES,48.4,-0.63,B26,,,125.0,1.0,,,1.0,F.F.F.
1985,209644.0,1944-07-31,9,FRANCE,RR BRIDGE,BRIDGES,48.4,-0.63,B26,,,125.0,30.0,,,30.0,NOT INDICATED
1993,209651.0,1944-07-31,9,FRANCE,RR BRIDGE,BRIDGES,47.43,-0.53,B26,,,118.0,48.0,,,48.0,VISUAL
2000,209654.0,1944-07-31,9,FRANCE,RR BRIDGE,BRIDGES,48.3,-0.62,B26,,,,2.0,,,2.0,F.F.F.
1991,209655.0,1944-07-31,9,FRANCE,RR BRIDGE,BRIDGES,48.3,-0.62,B26,,,120.0,60.0,,,60.0,NOT INDICATED
1987,209656.0,1944-07-31,9,FRANCE,BRIDGE,BRIDGES,47.22,-1.53,B26,,,125.0,71.0,,,71.0,VISUAL
1643,209671.0,1944-07-31,15,GERMANY,AIRDROME,AIR FIELDS AND AIRDROMES,48.13,11.58,B17,4.0,9.0,249.0,23.0,,,23.0,F.F.F.
1651,209672.0,1944-07-31,15,GERMANY,AIRDROME,AIR FIELDS AND AIRDROMES,48.13,11.58,B17,4.0,10.0,246.0,25.0,,,25.0,F.F.F.
1639,209673.0,1944-07-31,15,GERMANY,AIRDROME,AIR FIELDS AND AIRDROMES,48.13,11.58,B17,4.0,12.0,252.0,30.0,,,30.0,F.F.F.
1657,209674.0,1944-07-31,15,GERMANY,AIRDROME,AIR FIELDS AND AIRDROMES,48.13,11.58,B17,4.0,2.0,,5.0,,,5.0,NOT INDICATED
1644,209675.0,1944-07-31,15,GERMANY,AIRDROME,AIR FIELDS AND AIRDROMES,48.13,11.58,B17,4.0,12.0,249.0,,30.0,,30.0,VISUAL
1996,209676.0,1944-07-31,9,FRANCE,FUEL DUMP,SUPPLY DUMPS AND WAREHOUSES,47.88,-1.23,A20,,,12.0,35.0,,,35.0,VISUAL
1989,209677.0,1944-07-31,9,FRANCE,FUEL DUMP,SUPPLY DUMPS AND WAREHOUSES,47.88,-1.23,A20,,,120.0,35.0,,,35.0,VISUAL
1645,209687.0,1944-07-31,15,GERMANY,AIRDROME,AIR FIELDS AND AIRDROMES,48.13,11.58,B17,4.0,9.0,249.0,23.0,,,23.0,F.F.F.
1652,209688.0,1944-07-31,15,GERMANY,AIRDROME,AIR FIELDS AND AIRDROMES,48.13,11.58,B17,4.0,10.0,246.0,25.0,,,25.0,F.F.F.
1640,209689.0,1944-07-31,15,GERMANY,AIRDROME,AIR FIELDS AND AIRDROMES,48.13,11.58,B17,4.0,12.0,252.0,30.0,,,30.0,F.F.F.
1658,209690.0,1944-07-31,15,GERMANY,AIRDROME,AIR FIELDS AND AIRDROMES,48.13,11.58,B17,4.0,2.0,,5.0,,,5.0,NOT INDICATED
1646,209691.0,1944-07-31,15,GERMANY,AIRDROME,AIR FIELDS AND AIRDROMES,48.13,11.58,B17,4.0,12.0,249.0,,30.0,,30.0,VISUAL
2842,106572.0,1944-08-01,9,FRANCE,BRIDGE,BRIDGES,47.43,-0.6,B26,,,116.0,72.0,,,72.0,VISUAL
2844,106581.0,1944-08-01,9,FRANCE,RR BRIDGE,BRIDGES,47.43,-0.53,B26,,,108.0,65.0,,,65.0,VISUAL
2854,106613.0,1944-08-01,8,FRANCE,ST OUEN V WEAPON SITE,V - WEAPON LAUNCHING SITES,49.77,0.58,B24,0.0,,,2.0,,,2.0,NOT INDICATED
2851,106614.0,1944-08-01,8,FRANCE,ST OUEN V WEAPON SITE,V - WEAPON LAUNCHING SITES,49.77,0.58,B24,4.0,13.0,205.0,28.0,,,28.0,VISUAL
2846,170321.0,1944-08-01,9,FRANCE,BRIDGE,BRIDGES,48.49,3.5,B24,4.0,1.0,,1.0,,,1.0,NOT INDICATED
2841,170322.0,1944-08-01,9,FRANCE,BRIDGE,BRIDGES,48.49,3.5,B24,4.0,33.0,186.0,112.0,,,112.0,VISUAL
2843,209692.0,1944-08-01,9,FRANCE,BRIDGE,BRIDGES,47.43,-0.6,B26,,,116.0,72.0,,,72.0,VISUAL
2845,209698.0,1944-08-01,9,FRANCE,RR BRIDGE,BRIDGES,47.43,-0.53,B26,,,108.0,65.0,,,65.0,VISUAL
2853,209750.0,1944-08-01,8,FRANCE,ST OUEN V WEAPON SITE,V - WEAPON LAUNCHING SITES,49.77,0.58,B24,0.0,,,2.0,,,2.0,NOT INDICATED
2850,209751.0,1944-08-01,8,FRANCE,ST OUEN V WEAPON SITE,V - WEAPON LAUNCHING SITES,49.77,0.58,B24,4.0,13.0,205.0,28.0,,,28.0,VISUAL
2855,209752.0,1944-08-01,8,FRANCE,ST OUEN V WEAPON SITE,V - WEAPON LAUNCHING SITES,49.77,0.58,B24,0.0,,,2.0,,,2.0,NOT INDICATED
2852,209753.0,1944-08-01,8,FRANCE,ST OUEN V WEAPON SITE,V - WEAPON LAUNCHING SITES,49.77,0.58,B24,4.0,13.0,205.0,28.0,,,28.0,VISUAL
3767,106657.0,1944-08-02,9,FRANCE,MARSHALLING YARD,"""RR INSTALLATIONS,  TRACKS,  MARSHALLING YARDS,  AND STATIONS""",48.15,-0.4,B26,,,,8.0,,,8.0,VISUAL
3763,106662.0,1944-08-02,9,FRANCE,RR BRIDGE,BRIDGES,48.3,2.28,A20,,,125.0,31.0,,,31.0,VISUAL
3765,106663.0,1944-08-02,9,FRANCE,BRIDGE,BRIDGES,47.22,-1.53,B26,,,125.0,62.0,,,62.0,VISUAL
3769,106664.0,1944-08-02,9,FRANCE,BRIDGE,BRIDGES,48.45,3.35,B26,,,,8.0,,,8.0,VISUAL
3774,106699.0,1944-08-02,8,FRANCE,UNIDENTIFED TARGET,UNIDENTIFIED TARGETS,50.55,2.06,B17,4.0,13.0,240.0,31.0,,,31.0,VISUAL
3771,106700.0,1944-08-02,8,FRANCE,UNIDENTIFED TARGET,UNIDENTIFIED TARGETS,50.55,2.06,B17,4.0,13.0,244.0,30.0,,,30.0,VISUAL
3794,106712.0,1944-08-02,8,FRANCE,UNIDENTIFIED TARGET,UNIDENTIFIED TARGETS,48.25,8.0,B24,1.0,5.0,,19.0,,,19.0,NOT INDICATED
3775,170330.0,1944-08-02,8,FRANCE,UNIDENTIFED TARGET,UNIDENTIFIED TARGETS,50.55,2.06,B17,4.0,13.0,240.0,31.0,,,31.0,VISUAL
3772,170331.0,1944-08-02,8,FRANCE,UNIDENTIFED TARGET,UNIDENTIFIED TARGETS,50.55,2.06,B17,4.0,13.0,244.0,30.0,,,30.0,VISUAL
3795,170345.0,1944-08-02,8,FRANCE,UNIDENTIFIED TARGET,UNIDENTIFIED TARGETS,48.25,8.0,B24,1.0,5.0,,19.0,,,19.0,NOT INDICATED
3776,170354.0,1944-08-02,8,FRANCE,UNIDENTIFED TARGET,UNIDENTIFIED TARGETS,50.55,2.06,B17,4.0,13.0,240.0,31.0,,,31.0,VISUAL
3773,170355.0,1944-08-02,8,FRANCE,UNIDENTIFED TARGET,UNIDENTIFIED TARGETS,50.55,2.06,B17,4.0,13.0,244.0,30.0,,,30.0,VISUAL
3796,170369.0,1944-08-02,8,FRANCE,UNIDENTIFIED TARGET,UNIDENTIFIED TARGETS,48.25,8.0,B24,1.0,5.0,,19.0,,,19.0,NOT INDICATED
3789,170388.0,1944-08-02,8,FRANCE,CANAL,WATERWAYS AND BOATS,48.83,0.33,B24,1.0,9.0,,27.0,,,27.0,NOT INDICATED
3761,170395.0,1944-08-02,9,FRANCE,BRIDGE,BRIDGES,48.49,3.5,B24,4.0,23.0,175.0,78.0,,,78.0,VISUAL
3760,170396.0,1944-08-02,9,FRANCE,BRIDGE,BRIDGES,48.49,3.5,B24,4.0,8.0,187.0,28.0,,,28.0,VISUAL
3768,209801.0,1944-08-02,9,FRANCE,MARSHALLING YARD,"""RR INSTALLATIONS,  TRACKS,  MARSHALLING YARDS,  AND STATIONS""",48.15,-0.4,B26,,,,8.0,,,8.0,VISUAL
3764,209804.0,1944-08-02,9,FRANCE,RR BRIDGE,BRIDGES,48.3,2.28,A20,,,125.0,31.0,,,31.0,VISUAL
3766,209805.0,1944-08-02,9,FRANCE,BRIDGE,BRIDGES,47.22,-1.53,B26,,,125.0,62.0,,,62.0,VISUAL
3770,209806.0,1944-08-02,9,FRANCE,BRIDGE,BRIDGES,48.45,3.35,B26,,,,8.0,,,8.0,VISUAL
4678,106713.0,1944-08-03,15,GERMANY,MANZELL DD AC COMP,A/C COMPONENT PLANTS,47.65,9.5,B17,4.0,28.0,252.0,84.0,,,84.0,NOT INDICATED
4696,106714.0,1944-08-03,15,GERMANY,MANZELL DD AC COMP,A/C COMPONENT PLANTS,47.65,9.5,B24,4.0,23.0,220.0,55.0,,,55.0,NOT INDICATED
4697,106715.0,1944-08-03,15,GERMANY,MANZELL DD AC COMP,A/C COMPONENT PLANTS,47.65,9.5,B24,4.0,39.0,220.0,96.0,,,96.0,NOT INDICATED
4698,106716.0,1944-08-03,15,GERMANY,MANZELL DD AC COMP,A/C COMPONENT PLANTS,47.65,9.5,B24,4.0,28.0,220.0,70.0,,,70.0,NOT INDICATED
4681,106717.0,1944-08-03,15,GERMANY,MANZELL DD AC COMP,A/C COMPONENT PLANTS,47.65,9.5,B24,4.0,30.0,238.0,75.0,,,75.0,VISUAL
4684,106721.0,1944-08-03,15,GERMANY,ZAHNRAD FABRIK,MACHINERY & EQUIPMENT MFG. PLANTS,47.65,9.5,B24,4.0,24.0,235.0,54.0,,,54.0,F.F.F.
4688,106722.0,1944-08-03,15,GERMANY,ZAHNRAD FABRIK,MACHINERY & EQUIPMENT MFG. PLANTS,47.65,9.5,B24,4.0,7.0,230.0,18.0,,,18.0,F.F.F.
4685,106723.0,1944-08-03,15,GERMANY,ZAHNRAD FABRIK,MACHINERY & EQUIPMENT MFG. PLANTS,47.65,9.5,B24,3.0,29.0,235.0,69.0,,,69.0,NOT INDICATED
4699,106724.0,1944-08-03,15,GERMANY,ZAHNRAD FABRIK,MACHINERY & EQUIPMENT MFG. PLANTS,47.65,9.5,B24,3.0,21.0,220.0,41.0,,,41.0,F.F.F.
4907,106725.0,1944-08-03,15,GERMANY,ZAHNRAD FABRIK,MACHINERY & EQUIPMENT MFG. PLANTS,47.65,9.5,B24,3.0,20.0,200.0,43.0,,,43.0,F.F.F.
4692,106726.0,1944-08-03,15,GERMANY,ZAHNRAD FABRIK,MACHINERY & EQUIPMENT MFG. PLANTS,47.65,9.5,B24,3.0,31.0,224.0,75.0,,,75.0,NOT INDICATED
4689,106727.0,1944-08-03,15,GERMANY,ZAHNRAD FABRIK,MACHINERY & EQUIPMENT MFG. PLANTS,47.65,9.5,B24,3.0,27.0,230.0,63.0,,,63.0,F.F.F.
4951,106732.0,1944-08-03,8,FRANCE,OIL REFINER,OIL REFINERIES,53.52,13.77,B17,4.0,11.0,201.0,27.0,,,27.0,VISUAL
4957,106733.0,1944-08-03,8,FRANCE,OIL REFINER,OIL REFINERIES,53.52,13.77,B17,4.0,12.0,197.0,30.0,,,30.0,VISUAL
4947,106734.0,1944-08-03,8,FRANCE,OIL REFINER,OIL REFINERIES,53.52,13.77,B17,4.0,12.0,210.0,29.0,,,29.0,VISUAL
4953,106735.0,1944-08-03,8,FRANCE,OIL REFINER,OIL REFINERIES,53.52,13.77,B17,4.0,11.0,200.0,27.0,,,27.0,VISUAL
4961,106736.0,1944-08-03,8,FRANCE,OIL REFINER,OIL REFINERIES,53.52,13.77,B17,4.0,12.0,189.0,30.0,,,30.0,VISUAL
4945,106737.0,1944-08-03,8,FRANCE,OIL REFINER,OIL REFINERIES,53.52,13.77,B17,4.0,12.0,211.0,30.0,,,30.0,VISUAL
4954,106738.0,1944-08-03,8,FRANCE,OIL REFINER,OIL REFINERIES,53.52,13.77,B17,4.0,12.0,200.0,29.0,,,29.0,VISUAL
4959,106740.0,1944-08-03,8,FRANCE,OIL REFINER,OIL REFINERIES,53.52,13.77,B17,4.0,12.0,190.0,30.0,,,30.0,VISUAL
4949,106741.0,1944-08-03,8,FRANCE,OIL REFINER,OIL REFINERIES,53.52,13.77,B17,4.0,12.0,207.0,30.0,,,30.0,VISUAL
4917,106743.0,1944-08-03,9,FRANCE,RR BRIDGE,"""RR INSTALLATIONS,  TRACKS,  MARSHALLING YARDS,  AND STATIONS""",47.47,-1.63,B26,,,110.0,70.0,,,70.0,VISUAL
4914,106754.0,1944-08-03,9,FRANCE,V WEAPON,V - WEAPON LAUNCHING SITES,48.75,-0.57,B17,4.0,13.0,265.0,33.0,,,33.0,VISUAL
4930,106755.0,1944-08-03,8,FRANCE,V WEAPON SITE,V - WEAPON LAUNCHING SITES,48.83,-1.25,B17,4.0,13.0,255.0,31.0,,,31.0,VISUAL
4943,106759.0,1944-08-03,8,FRANCE,V WEAPON SITE,V - WEAPON LAUNCHING SITES,46.0,1.38,B24,4.0,11.0,230.0,30.0,,,30.0,VISUAL
4936,106763.0,1944-08-03,8,GERMANY,V WEAPONS,V - WEAPON LAUNCHING SITES,47.68,10.71,B17,4.0,13.0,243.0,30.0,,,30.0,VISUAL
4927,106767.0,1944-08-03,8,GERMANY,AIRDROME,AIR FIELDS AND AIRDROMES,47.65,9.5,B17,4.0,24.0,280.0,71.0,,,71.0,NOT INDICATED
4909,106774.0,1944-08-03,15,AUSTRIA,AREA,CITIES TOWNS AND URBAN AREAS,47.27,11.38,B24,2.0,1.0,,1.0,,,1.0,NOT INDICATED
4933,106782.0,1944-08-03,8,FRANCE,UNIDENTIFIED TARGET,UNIDENTIFIED TARGETS,48.25,8.0,B24,1.0,1.0,245.0,4.0,,,4.0,VISUAL
4679,170402.0,1944-08-03,15,GERMANY,MANZELL DD AC COMP,A/C COMPONENT PLANTS,47.65,9.5,B17,4.0,28.0,252.0,84.0,,,84.0,NOT INDICATED
4700,170403.0,1944-08-03,15,GERMANY,MANZELL DD AC COMP,A/C COMPONENT PLANTS,47.65,9.5,B24,4.0,23.0,220.0,55.0,,,55.0,NOT INDICATED
4901,170404.0,1944-08-03,15,GERMANY,MANZELL DD AC COMP,A/C COMPONENT PLANTS,47.65,9.5,B24,4.0,39.0,220.0,96.0,,,96.0,NOT INDICATED
4902,170405.0,1944-08-03,15,GERMANY,MANZELL DD AC COMP,A/C COMPONENT PLANTS,47.65,9.5,B24,4.0,28.0,220.0,70.0,,,70.0,NOT INDICATED
4682,170406.0,1944-08-03,15,GERMANY,MANZELL DD AC COMP,A/C COMPONENT PLANTS,47.65,9.5,B24,4.0,30.0,238.0,75.0,,,75.0,VISUAL
4934,170422.0,1944-08-03,8,FRANCE,UNIDENTIFIED TARGET,UNIDENTIFIED TARGETS,48.25,8.0,B24,1.0,1.0,245.0,4.0,,,4.0,VISUAL
4910,170431.0,1944-08-03,15,AUSTRIA,AREA,CITIES TOWNS AND URBAN AREAS,47.27,11.38,B24,2.0,1.0,,1.0,,,1.0,NOT INDICATED
4911,170432.0,1944-08-03,15,AUSTRIA,AREA,CITIES TOWNS AND URBAN AREAS,47.27,11.38,B24,2.0,1.0,,1.0,,,1.0,NOT INDICATED
4935,170445.0,1944-08-03,8,FRANCE,UNIDENTIFIED TARGET,UNIDENTIFIED TARGETS,48.25,8.0,B24,1.0,1.0,245.0,4.0,,,4.0,VISUAL
4680,170452.0,1944-08-03,15,GERMANY,MANZELL DD AC COMP,A/C COMPONENT PLANTS,47.65,9.5,B17,4.0,28.0,252.0,84.0,,,84.0,NOT INDICATED
4903,170453.0,1944-08-03,15,GERMANY,MANZELL DD AC COMP,A/C COMPONENT PLANTS,47.65,9.5,B24,4.0,23.0,220.0,55.0,,,55.0,NOT INDICATED
4904,170454.0,1944-08-03,15,GERMANY,MANZELL DD AC COMP,A/C COMPONENT PLANTS,47.65,9.5,B24,4.0,39.0,220.0,96.0,,,96.0,NOT INDICATED
4905,170455.0,1944-08-03,15,GERMANY,MANZELL DD AC COMP,A/C COMPONENT PLANTS,47.65,9.5,B24,4.0,28.0,220.0,70.0,,,70.0,NOT INDICATED
4683,170456.0,1944-08-03,15,GERMANY,MANZELL DD AC COMP,A/C COMPONENT PLANTS,47.65,9.5,B24,4.0,30.0,238.0,75.0,,,75.0,VISUAL
4686,170460.0,1944-08-03,15,GERMANY,ZAHNRAD FABRIK,MACHINERY & EQUIPMENT MFG. PLANTS,47.65,9.5,B24,4.0,24.0,235.0,54.0,,,54.0,F.F.F.
4690,170461.0,1944-08-03,15,GERMANY,ZAHNRAD FABRIK,MACHINERY & EQUIPMENT MFG. PLANTS,47.65,9.5,B24,4.0,7.0,230.0,18.0,,,18.0,F.F.F.
4687,170462.0,1944-08-03,15,GERMANY,ZAHNRAD FABRIK,MACHINERY & EQUIPMENT MFG. PLANTS,47.65,9.5,B24,3.0,29.0,235.0,69.0,,,69.0,NOT INDICATED
4906,170463.0,1944-08-03,15,GERMANY,ZAHNRAD FABRIK,MACHINERY & EQUIPMENT MFG. PLANTS,47.65,9.5,B24,3.0,21.0,220.0,41.0,,,41.0,F.F.F.
4908,170464.0,1944-08-03,15,GERMANY,ZAHNRAD FABRIK,MACHINERY & EQUIPMENT MFG. PLANTS,47.65,9.5,B24,3.0,20.0,200.0,43.0,,,43.0,F.F.F.
4693,170465.0,1944-08-03,15,GERMANY,ZAHNRAD FABRIK,MACHINERY & EQUIPMENT MFG. PLANTS,47.65,9.5,B24,3.0,31.0,224.0,75.0,,,75.0,NOT INDICATED
4691,170466.0,1944-08-03,15,GERMANY,ZAHNRAD FABRIK,MACHINERY & EQUIPMENT MFG. PLANTS,47.65,9.5,B24,3.0,27.0,230.0,63.0,,,63.0,F.F.F.
4952,170471.0,1944-08-03,8,FRANCE,OIL REFINER,OIL REFINERIES,53.52,13.77,B17,4.0,11.0,201.0,27.0,,,27.0,VISUAL
4958,170472.0,1944-08-03,8,FRANCE,OIL REFINER,OIL REFINERIES,53.52,13.77,B17,4.0,12.0,197.0,30.0,,,30.0,VISUAL
4948,170473.0,1944-08-03,8,FRANCE,OIL REFINER,OIL REFINERIES,53.52,13.77,B17,4.0,12.0,210.0,29.0,,,29.0,VISUAL
4955,170474.0,1944-08-03,8,FRANCE,OIL REFINER,OIL REFINERIES,53.52,13.77,B17,4.0,11.0,200.0,27.0,,,27.0,VISUAL
4962,170475.0,1944-08-03,8,FRANCE,OIL REFINER,OIL REFINERIES,53.52,13.77,B17,4.0,12.0,189.0,30.0,,,30.0,VISUAL
4946,170476.0,1944-08-03,8,FRANCE,OIL REFINER,OIL REFINERIES,53.52,13.77,B17,4.0,12.0,211.0,30.0,,,30.0,VISUAL
4956,170477.0,1944-08-03,8,FRANCE,OIL REFINER,OIL REFINERIES,53.52,13.77,B17,4.0,12.0,200.0,29.0,,,29.0,VISUAL
4960,170478.0,1944-08-03,8,FRANCE,OIL REFINER,OIL REFINERIES,53.52,13.77,B17,4.0,12.0,190.0,30.0,,,30.0,VISUAL
4950,170479.0,1944-08-03,8,FRANCE,OIL REFINER,OIL REFINERIES,53.52,13.77,B17,4.0,12.0,207.0,30.0,,,30.0,VISUAL
4912,170481.0,1944-08-03,15,AUSTRIA,MARSHALLING YARDS,"""RR INSTALLATIONS,  TRACKS,  MARSHALLING YARDS,  AND STATIONS""",47.27,11.38,B24,2.0,2.0,,4.0,,,4.0,NOT INDICATED
4677,170517.0,1944-08-03,15,GERMANY,MARSHALLING YARDS,"""RR INSTALLATIONS,  TRACKS,  MARSHALLING YARDS,  AND STATIONS""",47.72,10.3,B17,3.0,28.0,257.0,84.0,,,84.0,NOT INDICATED
4918,209867.0,1944-08-03,9,FRANCE,RR BRIDGE,"""RR INSTALLATIONS,  TRACKS,  MARSHALLING YARDS,  AND STATIONS""",47.47,-1.63,B26,,,110.0,70.0,,,70.0,VISUAL
4928,209880.0,1944-08-03,8,GERMANY,AIRDROME,AIR FIELDS AND AIRDROMES,47.65,9.5,B17,4.0,24.0,280.0,71.0,,,71.0,NOT INDICATED
4915,209882.0,1944-08-03,9,FRANCE,V WEAPON,V - WEAPON LAUNCHING SITES,48.75,-0.57,B17,4.0,13.0,265.0,33.0,,,33.0,VISUAL
4931,209883.0,1944-08-03,8,FRANCE,V WEAPON SITE,V - WEAPON LAUNCHING SITES,48.83,-1.25,B17,4.0,13.0,255.0,31.0,,,31.0,VISUAL
4942,209887.0,1944-08-03,8,FRANCE,V WEAPON SITE,V - WEAPON LAUNCHING SITES,46.0,1.38,B24,4.0,11.0,230.0,30.0,,,30.0,VISUAL
4937,209890.0,1944-08-03,8,GERMANY,V WEAPONS,V - WEAPON LAUNCHING SITES,47.68,10.71,B17,4.0,13.0,243.0,30.0,,,30.0,VISUAL
4916,209894.0,1944-08-03,9,FRANCE,V WEAPON,V - WEAPON LAUNCHING SITES,48.75,-0.57,B17,4.0,13.0,265.0,33.0,,,33.0,VISUAL
4932,209895.0,1944-08-03,8,FRANCE,V WEAPON SITE,V - WEAPON LAUNCHING SITES,48.83,-1.25,B17,4.0,13.0,255.0,31.0,,,31.0,VISUAL
4944,209899.0,1944-08-03,8,FRANCE,V WEAPON SITE,V - WEAPON LAUNCHING SITES,46.0,1.38,B24,4.0,11.0,230.0,30.0,,,30.0,VISUAL
4938,209902.0,1944-08-03,8,GERMANY,V WEAPONS,V - WEAPON LAUNCHING SITES,47.68,10.71,B17,4.0,13.0,243.0,30.0,,,30.0,VISUAL
4929,209909.0,1944-08-03,8,GERMANY,AIRDROME,AIR FIELDS AND AIRDROMES,47.65,9.5,B17,4.0,24.0,280.0,71.0,,,71.0,NOT INDICATED
5831,106786.0,1944-08-04,8,GERMANY,AC FACTORY,AIRCRAFT FACTORIES AND ASSEMBLY PLANTS,53.53,8.53,B17,3.0,10.0,267.0,24.0,,,24.0,VISUAL
6207,106801.0,1944-08-04,8,GERMANY,ARADO AC COMP PLANT,A/C COMPONENT PLANTS,53.87,13.7,B17,4.0,12.0,185.0,29.0,,,29.0,VISUAL
6213,106802.0,1944-08-04,8,GERMANY,ARADO AC COMP PLANT,A/C COMPONENT PLANTS,53.87,13.7,B17,4.0,12.0,181.0,,30.0,,30.0,VISUAL
5889,106803.0,1944-08-04,8,GERMANY,ARADO AC COMP PLANT,A/C COMPONENT PLANTS,53.87,13.7,B17,4.0,10.0,200.0,,25.0,,25.0,VISUAL
6216,106804.0,1944-08-04,8,GERMANY,ARADO AC COMP PLANT,A/C COMPONENT PLANTS,53.87,13.7,B17,4.0,12.0,180.0,30.0,,,30.0,VISUAL
6224,106805.0,1944-08-04,8,GERMANY,ARADO AC COMP PLANT,A/C COMPONENT PLANTS,53.87,13.7,B17,4.0,12.0,175.0,30.0,,,30.0,VISUAL
5892,106806.0,1944-08-04,8,GERMANY,ARADO AC COMP PLANT,A/C COMPONENT PLANTS,53.87,13.7,B17,4.0,12.0,197.0,30.0,,,30.0,VISUAL
5865,106807.0,1944-08-04,8,GERMANY,V WEAPON EXPERIMENTAL,V-WEAPON FACTORIES,54.15,13.77,B17,4.0,12.0,227.0,,17.0,,17.0,VISUAL
5871,106808.0,1944-08-04,8,GERMANY,V WEAPON EXPERIMENTAL,V-WEAPON FACTORIES,54.15,13.77,B17,4.0,12.0,222.0,,17.0,,17.0,VISUAL
5853,106809.0,1944-08-04,8,GERMANY,V WEAPON EXPERIMENTAL,V-WEAPON FACTORIES,54.15,13.77,B17,4.0,13.0,232.0,,17.0,,17.0,VISUAL
5868,106810.0,1944-08-04,8,GERMANY,V WEAPON EXPERIMENTAL,V-WEAPON FACTORIES,54.15,13.77,B17,4.0,13.0,224.0,33.0,,,33.0,VISUAL
5880,106811.0,1944-08-04,8,GERMANY,V WEAPON EXPERIMENTAL,V-WEAPON FACTORIES,54.15,13.77,B17,4.0,13.0,217.0,30.0,,,30.0,VISUAL
5845,106812.0,1944-08-04,8,GERMANY,V WEAPON EXPERIMENTAL,V-WEAPON FACTORIES,54.15,13.77,B17,4.0,13.0,238.0,33.0,,,33.0,VISUAL
5877,106813.0,1944-08-04,8,GERMANY,V WEAPON EXPERIMENTAL,V-WEAPON FACTORIES,54.15,13.77,B17,4.0,11.0,220.0,27.0,,,27.0,VISUAL
5883,106814.0,1944-08-04,8,GERMANY,V WEAPON EXPERIMENTAL,V-WEAPON FACTORIES,54.15,13.77,B17,4.0,14.0,211.0,35.0,,,35.0,VISUAL
5859,106815.0,1944-08-04,8,GERMANY,V WEAPON EXPERIMENTAL,V-WEAPON FACTORIES,54.15,13.77,B17,4.0,12.0,230.0,30.0,,,30.0,VISUAL
5848,106817.0,1944-08-04,8,GERMANY,V WEAPON EXPERIMENTAL,V-WEAPON FACTORIES,54.15,13.77,B17,4.0,12.0,237.0,30.0,,,30.0,VISUAL
5842,106818.0,1944-08-04,8,GERMANY,V WEAPON EXPERIMENTAL,V-WEAPON FACTORIES,54.15,13.77,B17,4.0,13.0,239.0,33.0,,,33.0,VISUAL
5886,106819.0,1944-08-04,8,GERMANY,V WEAPON EXPERIMENTAL,V-WEAPON FACTORIES,54.15,13.77,B17,4.0,12.0,207.0,30.0,,,30.0,VISUAL
5874,106820.0,1944-08-04,8,GERMANY,V WEAPON EXPERIMENTAL,V-WEAPON FACTORIES,54.15,13.77,B17,4.0,12.0,221.0,30.0,,,30.0,VISUAL
5854,106821.0,1944-08-04,8,GERMANY,V WEAPON EXPERIMENTAL,V-WEAPON FACTORIES,54.15,13.77,B17,4.0,12.0,232.0,30.0,,,30.0,VISUAL
5839,106822.0,1944-08-04,8,GERMANY,V WEAPON EXPERIMENTAL,V-WEAPON FACTORIES,54.15,13.77,B17,4.0,11.0,240.0,28.0,,,28.0,VISUAL
5860,106823.0,1944-08-04,8,GERMANY,V WEAPON EXPERIMENTAL,V-WEAPON FACTORIES,54.15,13.77,B17,4.0,12.0,230.0,30.0,,,30.0,VISUAL
5836,106824.0,1944-08-04,8,GERMANY,V WEAPON EXPERIMENTAL,V-WEAPON FACTORIES,54.15,13.77,B17,4.0,13.0,245.0,32.0,,,32.0,VISUAL
6231,106854.0,1944-08-04,8,GERMANY,AIR FIELD,AIR FIELDS AND AIRDROMES,53.87,13.7,B17,,12.0,75.0,,17.0,,17.0,NOT INDICATED
6208,106855.0,1944-08-04,8,GERMANY,AIR FIELD,AIR FIELDS AND AIRDROMES,53.87,13.7,B17,4.0,12.0,185.0,30.0,,,30.0,VISUAL
5895,106856.0,1944-08-04,8,GERMANY,AIR FIELD,AIR FIELDS AND AIRDROMES,53.87,13.7,B17,4.0,12.0,196.0,,15.0,,15.0,VISUAL
6204,106857.0,1944-08-04,8,GERMANY,AIR FIELD,AIR FIELDS AND AIRDROMES,53.87,13.7,B17,4.0,12.0,186.0,30.0,,,30.0,VISUAL
6217,106858.0,1944-08-04,8,GERMANY,AIR FIELD,AIR FIELDS AND AIRDROMES,53.87,13.7,B17,4.0,12.0,180.0,30.0,,,30.0,VISUAL
6218,106859.0,1944-08-04,8,GERMANY,AIR FIELD,AIR FIELDS AND AIRDROMES,53.87,13.7,B17,4.0,10.0,180.0,25.0,,,25.0,VISUAL
6225,106860.0,1944-08-04,8,GERMANY,AIR FIELD,AIR FIELDS AND AIRDROMES,53.87,13.7,B17,4.0,12.0,175.0,30.0,,,30.0,VISUAL
6201,106861.0,1944-08-04,8,GERMANY,AIR FIELD,AIR FIELDS AND AIRDROMES,53.87,13.7,B17,4.0,12.0,187.0,,17.0,,17.0,VISUAL
5898,106862.0,1944-08-04,8,GERMANY,AIR FIELD,AIR FIELDS AND AIRDROMES,53.87,13.7,B17,4.0,14.0,189.0,35.0,,,35.0,VISUAL
6235,106886.0,1944-08-04,8,GERMANY,UNIDENTIFIED TARGET,UNIDENTIFIED TARGETS,53.63,8.83,B17,2.0,1.0,,3.0,,,3.0,NOT INDICATED
5820,106887.0,1944-08-04,9,GERMANY,CITY AREA,CITIES TOWNS AND URBAN AREAS,53.55,10.0,B17,2.0,2.0,,6.0,,,6.0,NOT INDICATED
5851,170537.0,1944-08-04,8,GERMANY,V WEAPON EXPERIMENTAL,V-WEAPON FACTORIES,54.15,13.77,B17,4.0,11.0,233.0,28.0,,,28.0,VISUAL
5832,170538.0,1944-08-04,8,GERMANY,AC FACTORY,AIRCRAFT FACTORIES AND ASSEMBLY PLANTS,53.53,8.53,B17,3.0,10.0,267.0,24.0,,,24.0,VISUAL
6209,170553.0,1944-08-04,8,GERMANY,ARADO AC COMP PLANT,A/C COMPONENT PLANTS,53.87,13.7,B17,4.0,12.0,185.0,29.0,,,29.0,VISUAL
6214,170554.0,1944-08-04,8,GERMANY,ARADO AC COMP PLANT,A/C COMPONENT PLANTS,53.87,13.7,B17,4.0,12.0,181.0,,30.0,,30.0,VISUAL
5890,170555.0,1944-08-04,8,GERMANY,ARADO AC COMP PLANT,A/C COMPONENT PLANTS,53.87,13.7,B17,4.0,10.0,200.0,,25.0,,25.0,VISUAL
6219,170556.0,1944-08-04,8,GERMANY,ARADO AC COMP PLANT,A/C COMPONENT PLANTS,53.87,13.7,B17,4.0,12.0,180.0,30.0,,,30.0,VISUAL
6226,170557.0,1944-08-04,8,GERMANY,ARADO AC COMP PLANT,A/C COMPONENT PLANTS,53.87,13.7,B17,4.0,12.0,175.0,30.0,,,30.0,VISUAL
5893,170558.0,1944-08-04,8,GERMANY,ARADO AC COMP PLANT,A/C COMPONENT PLANTS,53.87,13.7,B17,4.0,12.0,197.0,30.0,,,30.0,VISUAL
5866,170559.0,1944-08-04,8,GERMANY,V WEAPON EXPERIMENTAL,V-WEAPON FACTORIES,54.15,13.77,B17,4.0,12.0,227.0,,17.0,,17.0,VISUAL
5872,170560.0,1944-08-04,8,GERMANY,V WEAPON EXPERIMENTAL,V-WEAPON FACTORIES,54.15,13.77,B17,4.0,12.0,222.0,,17.0,,17.0,VISUAL
5855,170561.0,1944-08-04,8,GERMANY,V WEAPON EXPERIMENTAL,V-WEAPON FACTORIES,54.15,13.77,B17,4.0,13.0,232.0,,17.0,,17.0,VISUAL
5869,170562.0,1944-08-04,8,GERMANY,V WEAPON EXPERIMENTAL,V-WEAPON FACTORIES,54.15,13.77,B17,4.0,13.0,224.0,33.0,,,33.0,VISUAL
5881,170563.0,1944-08-04,8,GERMANY,V WEAPON EXPERIMENTAL,V-WEAPON FACTORIES,54.15,13.77,B17,4.0,13.0,217.0,30.0,,,30.0,VISUAL
5846,170564.0,1944-08-04,8,GERMANY,V WEAPON EXPERIMENTAL,V-WEAPON FACTORIES,54.15,13.77,B17,4.0,13.0,238.0,33.0,,,33.0,VISUAL
5878,170565.0,1944-08-04,8,GERMANY,V WEAPON EXPERIMENTAL,V-WEAPON FACTORIES,54.15,13.77,B17,4.0,11.0,220.0,27.0,,,27.0,VISUAL
5884,170566.0,1944-08-04,8,GERMANY,V WEAPON EXPERIMENTAL,V-WEAPON FACTORIES,54.15,13.77,B17,4.0,14.0,211.0,35.0,,,35.0,VISUAL
5861,170567.0,1944-08-04,8,GERMANY,V WEAPON EXPERIMENTAL,V-WEAPON FACTORIES,54.15,13.77,B17,4.0,12.0,230.0,30.0,,,30.0,VISUAL
5849,170568.0,1944-08-04,8,GERMANY,V WEAPON EXPERIMENTAL,V-WEAPON FACTORIES,54.15,13.77,B17,4.0,12.0,237.0,30.0,,,30.0,VISUAL
5843,170569.0,1944-08-04,8,GERMANY,V WEAPON EXPERIMENTAL,V-WEAPON FACTORIES,54.15,13.77,B17,4.0,13.0,239.0,33.0,,,33.0,VISUAL
5887,170570.0,1944-08-04,8,GERMANY,V WEAPON EXPERIMENTAL,V-WEAPON FACTORIES,54.15,13.77,B17,4.0,12.0,207.0,30.0,,,30.0,VISUAL
5875,170571.0,1944-08-04,8,GERMANY,V WEAPON EXPERIMENTAL,V-WEAPON FACTORIES,54.15,13.77,B17,4.0,12.0,221.0,30.0,,,30.0,VISUAL
5856,170572.0,1944-08-04,8,GERMANY,V WEAPON EXPERIMENTAL,V-WEAPON FACTORIES,54.15,13.77,B17,4.0,12.0,232.0,30.0,,,30.0,VISUAL
5840,170573.0,1944-08-04,8,GERMANY,V WEAPON EXPERIMENTAL,V-WEAPON FACTORIES,54.15,13.77,B17,4.0,11.0,240.0,28.0,,,28.0,VISUAL
5862,170574.0,1944-08-04,8,GERMANY,V WEAPON EXPERIMENTAL,V-WEAPON FACTORIES,54.15,13.77,B17,4.0,12.0,230.0,30.0,,,30.0,VISUAL
5837,170575.0,1944-08-04,8,GERMANY,V WEAPON EXPERIMENTAL,V-WEAPON FACTORIES,54.15,13.77,B17,4.0,13.0,245.0,32.0,,,32.0,VISUAL
6236,170577.0,1944-08-04,8,GERMANY,UNIDENTIFIED TARGET,UNIDENTIFIED TARGETS,53.63,8.83,B17,2.0,1.0,,3.0,,,3.0,NOT INDICATED
5821,170585.0,1944-08-04,9,GERMANY,CITY AREA,CITIES TOWNS AND URBAN AREAS,53.55,10.0,B17,2.0,2.0,,6.0,,,6.0,NOT INDICATED
5822,170587.0,1944-08-04,9,GERMANY,CITY AREA,CITIES TOWNS AND URBAN AREAS,53.55,10.0,B17,2.0,2.0,,6.0,,,6.0,NOT INDICATED
6237,170589.0,1944-08-04,8,GERMANY,UNIDENTIFIED TARGET,UNIDENTIFIED TARGETS,53.63,8.83,B17,2.0,1.0,,3.0,,,3.0,NOT INDICATED
6210,170595.0,1944-08-04,8,GERMANY,ARADO AC COMP PLANT,A/C COMPONENT PLANTS,53.87,13.7,B17,4.0,12.0,185.0,29.0,,,29.0,VISUAL
6215,170596.0,1944-08-04,8,GERMANY,ARADO AC COMP PLANT,A/C COMPONENT PLANTS,53.87,13.7,B17,4.0,12.0,181.0,,30.0,,30.0,VISUAL
5891,170597.0,1944-08-04,8,GERMANY,ARADO AC COMP PLANT,A/C COMPONENT PLANTS,53.87,13.7,B17,4.0,10.0,200.0,,25.0,,25.0,VISUAL
6220,170598.0,1944-08-04,8,GERMANY,ARADO AC COMP PLANT,A/C COMPONENT PLANTS,53.87,13.7,B17,4.0,12.0,180.0,30.0,,,30.0,VISUAL
6227,170599.0,1944-08-04,8,GERMANY,ARADO AC COMP PLANT,A/C COMPONENT PLANTS,53.87,13.7,B17,4.0,12.0,175.0,30.0,,,30.0,VISUAL
5894,170600.0,1944-08-04,8,GERMANY,ARADO AC COMP PLANT,A/C COMPONENT PLANTS,53.87,13.7,B17,4.0,12.0,197.0,30.0,,,30.0,VISUAL
5833,170601.0,1944-08-04,8,GERMANY,AC FACTORY,AIRCRAFT FACTORIES AND ASSEMBLY PLANTS,53.53,8.53,B17,3.0,10.0,267.0,24.0,,,24.0,VISUAL
5867,170602.0,1944-08-04,8,GERMANY,V WEAPON EXPERIMENTAL,V-WEAPON FACTORIES,54.15,13.77,B17,4.0,12.0,227.0,,17.0,,17.0,VISUAL
5873,170603.0,1944-08-04,8,GERMANY,V WEAPON EXPERIMENTAL,V-WEAPON FACTORIES,54.15,13.77,B17,4.0,12.0,222.0,,17.0,,17.0,VISUAL
5857,170604.0,1944-08-04,8,GERMANY,V WEAPON EXPERIMENTAL,V-WEAPON FACTORIES,54.15,13.77,B17,4.0,13.0,232.0,,17.0,,17.0,VISUAL
5870,170605.0,1944-08-04,8,GERMANY,V WEAPON EXPERIMENTAL,V-WEAPON FACTORIES,54.15,13.77,B17,4.0,13.0,224.0,33.0,,,33.0,VISUAL
5882,170606.0,1944-08-04,8,GERMANY,V WEAPON EXPERIMENTAL,V-WEAPON FACTORIES,54.15,13.77,B17,4.0,13.0,217.0,30.0,,,30.0,VISUAL
5847,170607.0,1944-08-04,8,GERMANY,V WEAPON EXPERIMENTAL,V-WEAPON FACTORIES,54.15,13.77,B17,4.0,13.0,238.0,33.0,,,33.0,VISUAL
5879,170608.0,1944-08-04,8,GERMANY,V WEAPON EXPERIMENTAL,V-WEAPON FACTORIES,54.15,13.77,B17,4.0,11.0,220.0,27.0,,,27.0,VISUAL
5885,170609.0,1944-08-04,8,GERMANY,V WEAPON EXPERIMENTAL,V-WEAPON FACTORIES,54.15,13.77,B17,4.0,14.0,211.0,35.0,,,35.0,VISUAL
5863,170610.0,1944-08-04,8,GERMANY,V WEAPON EXPERIMENTAL,V-WEAPON FACTORIES,54.15,13.77,B17,4.0,12.0,230.0,30.0,,,30.0,VISUAL
5852,170611.0,1944-08-04,8,GERMANY,V WEAPON EXPERIMENTAL,V-WEAPON FACTORIES,54.15,13.77,B17,4.0,11.0,233.0,28.0,,,28.0,VISUAL
5850,170612.0,1944-08-04,8,GERMANY,V WEAPON EXPERIMENTAL,V-WEAPON FACTORIES,54.15,13.77,B17,4.0,12.0,237.0,30.0,,,30.0,VISUAL
5844,170613.0,1944-08-04,8,GERMANY,V WEAPON EXPERIMENTAL,V-WEAPON FACTORIES,54.15,13.77,B17,4.0,13.0,239.0,33.0,,,33.0,VISUAL
5876,170614.0,1944-08-04,8,GERMANY,V WEAPON EXPERIMENTAL,V-WEAPON FACTORIES,54.15,13.77,B17,4.0,12.0,221.0,30.0,,,30.0,VISUAL
5858,170615.0,1944-08-04,8,GERMANY,V WEAPON EXPERIMENTAL,V-WEAPON FACTORIES,54.15,13.77,B17,4.0,12.0,232.0,30.0,,,30.0,VISUAL
5841,170616.0,1944-08-04,8,GERMANY,V WEAPON EXPERIMENTAL,V-WEAPON FACTORIES,54.15,13.77,B17,4.0,11.0,240.0,28.0,,,28.0,VISUAL
5888,170617.0,1944-08-04,8,GERMANY,V WEAPON EXPERIMENTAL,V-WEAPON FACTORIES,54.15,13.77,B17,4.0,12.0,207.0,30.0,,,30.0,VISUAL
5864,170618.0,1944-08-04,8,GERMANY,V WEAPON EXPERIMENTAL,V-WEAPON FACTORIES,54.15,13.77,B17,4.0,12.0,230.0,30.0,,,30.0,VISUAL
5838,170619.0,1944-08-04,8,GERMANY,V WEAPON EXPERIMENTAL,V-WEAPON FACTORIES,54.15,13.77,B17,4.0,13.0,245.0,32.0,,,32.0,VISUAL
6234,170669.0,1944-08-04,8,GERMANY,ROAD JUNCTION N W,HIGHWAYS AND VEHICLES,53.87,13.7,B17,2.0,1.0,,,3.0,,3.0,NOT INDICATED
6238,170670.0,1944-08-04,8,GERMANY,RR YARDS,"""RR INSTALLATIONS,  TRACKS,  MARSHALLING YARDS,  AND STATIONS""",49.68,7.57,B24,1.0,1.0,,3.0,,,3.0,NOT INDICATED
6232,209930.0,1944-08-04,8,GERMANY,AIR FIELD,AIR FIELDS AND AIRDROMES,53.87,13.7,B17,,12.0,75.0,,17.0,,17.0,NOT INDICATED
6211,209931.0,1944-08-04,8,GERMANY,AIR FIELD,AIR FIELDS AND AIRDROMES,53.87,13.7,B17,4.0,12.0,185.0,30.0,,,30.0,VISUAL
5896,209932.0,1944-08-04,8,GERMANY,AIR FIELD,AIR FIELDS AND AIRDROMES,53.87,13.7,B17,4.0,12.0,196.0,,15.0,,15.0,VISUAL
6205,209933.0,1944-08-04,8,GERMANY,AIR FIELD,AIR FIELDS AND AIRDROMES,53.87,13.7,B17,4.0,12.0,186.0,30.0,,,30.0,VISUAL
6221,209934.0,1944-08-04,8,GERMANY,AIR FIELD,AIR FIELDS AND AIRDROMES,53.87,13.7,B17,4.0,12.0,180.0,30.0,,,30.0,VISUAL
6222,209935.0,1944-08-04,8,GERMANY,AIR FIELD,AIR FIELDS AND AIRDROMES,53.87,13.7,B17,4.0,10.0,180.0,25.0,,,25.0,VISUAL
6228,209936.0,1944-08-04,8,GERMANY,AIR FIELD,AIR FIELDS AND AIRDROMES,53.87,13.7,B17,4.0,12.0,175.0,30.0,,,30.0,VISUAL
6202,209937.0,1944-08-04,8,GERMANY,AIR FIELD,AIR FIELDS AND AIRDROMES,53.87,13.7,B17,4.0,12.0,187.0,,17.0,,17.0,VISUAL
5999,209938.0,1944-08-04,8,GERMANY,AIR FIELD,AIR FIELDS AND AIRDROMES,53.87,13.7,B17,4.0,14.0,189.0,35.0,,,35.0,VISUAL
6233,209960.0,1944-08-04,8,GERMANY,AIR FIELD,AIR FIELDS AND AIRDROMES,53.87,13.7,B17,,12.0,75.0,,17.0,,17.0,NOT INDICATED
6212,209961.0,1944-08-04,8,GERMANY,AIR FIELD,AIR FIELDS AND AIRDROMES,53.87,13.7,B17,4.0,12.0,185.0,30.0,,,30.0,VISUAL
5897,209962.0,1944-08-04,8,GERMANY,AIR FIELD,AIR FIELDS AND AIRDROMES,53.87,13.7,B17,4.0,12.0,196.0,,15.0,,15.0,VISUAL
6206,209963.0,1944-08-04,8,GERMANY,AIR FIELD,AIR FIELDS AND AIRDROMES,53.87,13.7,B17,4.0,12.0,186.0,30.0,,,30.0,VISUAL
6230,209964.0,1944-08-04,8,GERMANY,AIR FIELD,AIR FIELDS AND AIRDROMES,53.87,13.7,B17,4.0,12.0,130.0,30.0,,,30.0,VISUAL
6223,209965.0,1944-08-04,8,GERMANY,AIR FIELD,AIR FIELDS AND AIRDROMES,53.87,13.7,B17,4.0,10.0,180.0,25.0,,,25.0,VISUAL
6229,209966.0,1944-08-04,8,GERMANY,AIR FIELD,AIR FIELDS AND AIRDROMES,53.87,13.7,B17,4.0,12.0,175.0,30.0,,,30.0,VISUAL
6203,209967.0,1944-08-04,8,GERMANY,AIR FIELD,AIR FIELDS AND AIRDROMES,53.87,13.7,B17,4.0,12.0,187.0,,17.0,,17.0,VISUAL
6000,209968.0,1944-08-04,8,GERMANY,AIR FIELD,AIR FIELDS AND AIRDROMES,53.87,13.7,B17,4.0,14.0,189.0,35.0,,,35.0,VISUAL
7406,106888.0,1944-08-05,8,GERMANY,ME 110 AC COMP FACTORY,A/C COMPONENT PLANTS,52.25,10.5,B24,4.0,2.0,,2.0,,,2.0,NOT INDICATED
7186,106889.0,1944-08-05,8,GERMANY,ME 110 AC COMP FACTORY,A/C COMPONENT PLANTS,52.25,10.5,B24,4.0,31.0,220.0,20.0,70.0,,90.0,VISUAL
7407,106890.0,1944-08-05,8,GERMANY,ME 110 AC COMP FACTORY,A/C COMPONENT PLANTS,52.25,10.5,B24,4.0,4.0,,2.0,,,2.0,NOT INDICATED
7170,106891.0,1944-08-05,8,GERMANY,ME 110 AC COMP FACTORY,A/C COMPONENT PLANTS,52.25,10.5,B24,4.0,30.0,236.0,20.0,67.0,,87.0,VISUAL
7408,106892.0,1944-08-05,8,GERMANY,ME 110 AC COMP FACTORY,A/C COMPONENT PLANTS,52.25,10.5,B24,0.0,,,1.0,,,1.0,NOT INDICATED
7180,106893.0,1944-08-05,8,GERMANY,ME 110 AC COMP FACTORY,A/C COMPONENT PLANTS,52.25,10.5,B24,4.0,35.0,231.0,21.0,73.0,,94.0,VISUAL
7149,106894.0,1944-08-05,8,GERMANY,KRUPP STEEL WORKS,"""IRON AND STEEL PRODUCTION FACILITIES,  BLAST FURNACES,  BOILER SHOPS,  FORGES,  FOUNDRIES, STEEL WORKS,  ROLLING-MILLS """,52.13,11.63,B17,4.0,15.0,254.0,36.0,,,36.0,VISUAL
7165,106895.0,1944-08-05,8,GERMANY,KRUPP STEEL WORKS,"""IRON AND STEEL PRODUCTION FACILITIES,  BLAST FURNACES,  BOILER SHOPS,  FORGES,  FOUNDRIES, STEEL WORKS,  ROLLING-MILLS """,52.13,11.63,B17,4.0,14.0,243.0,33.0,,,33.0,VISUAL
7157,106896.0,1944-08-05,8,GERMANY,KRUPP STEEL WORKS,"""IRON AND STEEL PRODUCTION FACILITIES,  BLAST FURNACES,  BOILER SHOPS,  FORGES,  FOUNDRIES, STEEL WORKS,  ROLLING-MILLS """,52.13,11.63,B17,4.0,18.0,247.0,44.0,,,44.0,VISUAL
7114,106897.0,1944-08-05,8,GERMANY,KRUPP STEEL WORKS,"""IRON AND STEEL PRODUCTION FACILITIES,  BLAST FURNACES,  BOILER SHOPS,  FORGES,  FOUNDRIES, STEEL WORKS,  ROLLING-MILLS """,52.13,11.63,B17,4.0,17.0,271.0,41.0,,,41.0,VISUAL
6893,106898.0,1944-08-05,9,FRANCE,UNIDENTIFIED TARGET,UNIDENTIFIED TARGETS,48.2,-0.17,B26,,,125.0,,,,,F.F.F.
7101,106899.0,1944-08-05,9,FRANCE,UNIDENTIFIED TARGET,UNIDENTIFIED TARGETS,48.2,-0.17,B26,,,45.0,,,38.0,38.0,NOT INDICATED
6897,106900.0,1944-08-05,9,FRANCE,RR BRIDGE,BRIDGES,47.55,-0.52,B26,,,116.0,47.0,,,47.0,VISUAL
6899,106903.0,1944-08-05,9,FRANCE,RR BRIDGE,BRIDGES,47.67,-0.22,B26,,,57.0,72.0,,,72.0,VISUAL
7403,106938.0,1944-08-05,8,GERMANY,AIR FIELD,AIR FIELDS AND AIRDROMES,53.73,7.42,B24,1.0,1.0,,3.0,,,3.0,NOT INDICATED
7422,106941.0,1944-08-05,8,GERMANY,AIRDROME,AIR FIELDS AND AIRDROMES,51.92,10.42,B24,1.0,7.0,,21.0,,,21.0,NOT INDICATED
7183,106942.0,1944-08-05,8,GERMANY,AC FACTORIES,AIRCRAFT FACTORIES AND ASSEMBLY PLANTS,52.25,10.5,B24,4.0,27.0,222.0,48.0,20.0,,68.0,VISUAL
7409,106943.0,1944-08-05,8,GERMANY,AC FACTORIES,AIRCRAFT FACTORIES AND ASSEMBLY PLANTS,52.25,10.5,B24,4.0,4.0,,4.0,,,4.0,NOT INDICATED
7187,106944.0,1944-08-05,8,GERMANY,AC FACTORIES,AIRCRAFT FACTORIES AND ASSEMBLY PLANTS,52.25,10.5,B24,4.0,14.0,220.0,42.0,,,42.0,VISUAL
7171,106945.0,1944-08-05,8,GERMANY,AC FACTORIES,AIRCRAFT FACTORIES AND ASSEMBLY PLANTS,52.25,10.5,B24,4.0,23.0,236.0,36.0,20.0,,56.0,VISUAL
7143,106961.0,1944-08-05,8,GERMANY,ARADO AC PL AIRFIELD,AIR FIELDS AND AIRDROMES,52.38,9.73,B17,4.0,12.0,257.0,30.0,,,30.0,VISUAL
7159,106962.0,1944-08-05,8,GERMANY,ARADO AC PL AIRFIELD,AIR FIELDS AND AIRDROMES,52.38,9.73,B17,4.0,11.0,243.0,,33.0,,33.0,VISUAL
7128,106963.0,1944-08-05,8,GERMANY,ARADO AC PL AIRFIELD,AIR FIELDS AND AIRDROMES,52.38,9.73,B17,4.0,11.0,260.0,28.0,,,28.0,VISUAL
7140,106964.0,1944-08-05,8,GERMANY,ARADO AC PL AIRFIELD,AIR FIELDS AND AIRDROMES,52.38,9.73,B17,4.0,13.0,258.0,,36.0,,36.0,VISUAL
7160,106965.0,1944-08-05,8,GERMANY,ARADO AC PL AIRFIELD,AIR FIELDS AND AIRDROMES,52.38,9.73,B17,4.0,10.0,243.0,,30.0,,30.0,VISUAL
7125,106966.0,1944-08-05,8,GERMANY,ARADO AC PL AIRFIELD,AIR FIELDS AND AIRDROMES,52.38,9.73,B17,4.0,12.0,266.0,,36.0,,36.0,VISUAL
7151,106967.0,1944-08-05,8,GERMANY,ARADO AC PL AIRFIELD,AIR FIELDS AND AIRDROMES,52.38,9.73,B17,4.0,12.0,250.0,29.0,,,29.0,VISUAL
7167,106968.0,1944-08-05,8,GERMANY,ARADO AC PL AIRFIELD,AIR FIELDS AND AIRDROMES,52.38,9.73,B17,4.0,12.0,240.0,30.0,,,30.0,VISUAL
7129,106969.0,1944-08-05,8,GERMANY,ARADO AC PL AIRFIELD,AIR FIELDS AND AIRDROMES,52.38,9.73,B17,4.0,12.0,260.0,30.0,,,30.0,VISUAL
7146,106970.0,1944-08-05,8,GERMANY,ARADO AC PL AIRFIELD,AIR FIELDS AND AIRDROMES,52.38,9.73,B17,4.0,12.0,256.0,30.0,,,30.0,VISUAL
7154,106971.0,1944-08-05,8,GERMANY,ARADO AC PL AIRFIELD,AIR FIELDS AND AIRDROMES,52.38,9.73,B17,4.0,11.0,247.0,28.0,,,28.0,VISUAL
7130,106972.0,1944-08-05,8,GERMANY,ARADO AC PL AIRFIELD,AIR FIELDS AND AIRDROMES,52.38,9.73,B17,4.0,12.0,260.0,30.0,,,30.0,VISUAL
7425,106973.0,1944-08-05,8,GERMANY,ARADO AC PL AIRFIELD,AIR FIELDS AND AIRDROMES,52.38,9.73,B17,2.0,1.0,,,3.0,,3.0,NOT INDICATED
7426,106974.0,1944-08-05,8,GERMANY,ARADO AC PL AIRFIELD,AIR FIELDS AND AIRDROMES,52.38,9.73,B17,2.0,1.0,,3.0,,,3.0,NOT INDICATED
7116,106976.0,1944-08-05,8,GERMANY,A F,AIR FIELDS AND AIRDROMES,49.3,8.98,B17,3.0,4.0,268.0,10.0,,,10.0,VISUAL
7117,106977.0,1944-08-05,8,GERMANY,A F,AIR FIELDS AND AIRDROMES,49.3,8.98,B17,3.0,8.0,268.0,20.0,,,20.0,VISUAL
7431,106978.0,1944-08-05,8,GERMANY,A F,AIR FIELDS AND AIRDROMES,49.3,8.98,B17,3.0,1.0,,1.0,,,1.0,NOT INDICATED
7118,106979.0,1944-08-05,8,GERMANY,A F,AIR FIELDS AND AIRDROMES,49.3,8.98,B17,3.0,2.0,268.0,5.0,,,5.0,VISUAL
7432,106980.0,1944-08-05,8,GERMANY,A F,AIR FIELDS AND AIRDROMES,49.3,8.98,B17,2.0,1.0,,3.0,,,3.0,NOT INDICATED
7137,106983.0,1944-08-05,8,FRANCE,V WEAPON SITE,V - WEAPON LAUNCHING SITES,48.83,-1.25,B17,4.0,6.0,258.0,10.0,,,10.0,VISUAL
7420,106984.0,1944-08-05,8,GERMANY,AUTO WORKS,VEHICLE MFG. PLANTS,53.42,10.72,B24,4.0,2.0,,2.0,,,2.0,NOT INDICATED
7178,106985.0,1944-08-05,8,GERMANY,AUTO WORKS,VEHICLE MFG. PLANTS,53.42,10.72,B24,4.0,25.0,235.0,98.0,,,98.0,VISUAL
7196,106986.0,1944-08-05,8,GERMANY,AUTO WORKS,VEHICLE MFG. PLANTS,53.42,10.72,B24,4.0,28.0,220.0,84.0,,,84.0,VISUAL
7197,106987.0,1944-08-05,8,GERMANY,AUTO WORKS,VEHICLE MFG. PLANTS,53.42,10.72,B24,4.0,30.0,220.0,90.0,,,90.0,VISUAL
7418,106988.0,1944-08-05,8,GERMANY,AUTO WORKS,VEHICLE MFG. PLANTS,53.42,10.72,B24,4.0,2.0,,2.0,,,2.0,NOT INDICATED
7176,106989.0,1944-08-05,8,GERMANY,AUTO WORKS,VEHICLE MFG. PLANTS,53.42,10.72,B24,4.0,25.0,235.0,98.0,,,98.0,VISUAL
7192,106990.0,1944-08-05,8,GERMANY,AUTO WORKS,VEHICLE MFG. PLANTS,53.42,10.72,B24,4.0,28.0,220.0,84.0,,,84.0,VISUAL
7193,106991.0,1944-08-05,8,GERMANY,AUTO WORKS,VEHICLE MFG. PLANTS,53.42,10.72,B24,4.0,30.0,220.0,90.0,,,90.0,VISUAL
7103,106995.0,1944-08-05,9,FRANCE,UNIDENTIFIED TARGET,UNIDENTIFIED TARGETS,48.75,-0.57,B17,4.0,3.0,,5.0,,,5.0,NOT INDICATED
6895,106996.0,1944-08-05,9,FRANCE,UNIDENTIFIED TARGET,UNIDENTIFIED TARGETS,49.1,-1.23,A20,,,120.0,45.0,,,45.0,VISUAL
7200,106997.0,1944-08-05,8,GERMANY,UNIDENTIFIED TARGET,UNIDENTIFIED TARGETS,51.4,11.4,B17,2.0,1.0,,3.0,,,3.0,NOT INDICATED
7184,170671.0,1944-08-05,8,GERMANY,AC FACTORIES,AIRCRAFT FACTORIES AND ASSEMBLY PLANTS,52.25,10.5,B24,4.0,27.0,222.0,48.0,20.0,,68.0,VISUAL
7410,170672.0,1944-08-05,8,GERMANY,AC FACTORIES,AIRCRAFT FACTORIES AND ASSEMBLY PLANTS,52.25,10.5,B24,4.0,4.0,,4.0,,,4.0,NOT INDICATED
7188,170673.0,1944-08-05,8,GERMANY,AC FACTORIES,AIRCRAFT FACTORIES AND ASSEMBLY PLANTS,52.25,10.5,B24,4.0,14.0,220.0,42.0,,,42.0,VISUAL
7172,170674.0,1944-08-05,8,GERMANY,AC FACTORIES,AIRCRAFT FACTORIES AND ASSEMBLY PLANTS,52.25,10.5,B24,4.0,23.0,236.0,36.0,20.0,,56.0,VISUAL
7411,170683.0,1944-08-05,8,GERMANY,ME 110 AC COMP FACTORY,A/C COMPONENT PLANTS,52.25,10.5,B24,4.0,2.0,,2.0,,,2.0,NOT INDICATED
7189,170684.0,1944-08-05,8,GERMANY,ME 110 AC COMP FACTORY,A/C COMPONENT PLANTS,52.25,10.5,B24,4.0,31.0,220.0,20.0,70.0,,90.0,VISUAL
7412,170685.0,1944-08-05,8,GERMANY,ME 110 AC COMP FACTORY,A/C COMPONENT PLANTS,52.25,10.5,B24,4.0,4.0,,2.0,,,2.0,NOT INDICATED
7173,170686.0,1944-08-05,8,GERMANY,ME 110 AC COMP FACTORY,A/C COMPONENT PLANTS,52.25,10.5,B24,4.0,30.0,236.0,20.0,67.0,,87.0,VISUAL
7413,170687.0,1944-08-05,8,GERMANY,ME 110 AC COMP FACTORY,A/C COMPONENT PLANTS,52.25,10.5,B24,0.0,,,1.0,,,1.0,NOT INDICATED
7181,170688.0,1944-08-05,8,GERMANY,ME 110 AC COMP FACTORY,A/C COMPONENT PLANTS,52.25,10.5,B24,4.0,35.0,231.0,21.0,73.0,,94.0,VISUAL
7104,170691.0,1944-08-05,9,FRANCE,UNIDENTIFIED TARGET,UNIDENTIFIED TARGETS,48.75,-0.57,B17,4.0,3.0,,5.0,,,5.0,NOT INDICATED
7401,170692.0,1944-08-05,8,GERMANY,UNIDENTIFIED TARGET,UNIDENTIFIED TARGETS,51.4,11.4,B17,2.0,1.0,,3.0,,,3.0,NOT INDICATED
6894,170708.0,1944-08-05,9,FRANCE,UNIDENTIFIED TARGET,UNIDENTIFIED TARGETS,48.2,-0.17,B26,,,125.0,,,,,F.F.F.
7102,170709.0,1944-08-05,9,FRANCE,UNIDENTIFIED TARGET,UNIDENTIFIED TARGETS,48.2,-0.17,B26,,,45.0,,,38.0,38.0,NOT INDICATED
6896,170711.0,1944-08-05,9,FRANCE,UNIDENTIFIED TARGET,UNIDENTIFIED TARGETS,49.1,-1.23,A20,,,120.0,45.0,,,45.0,VISUAL
7106,170712.0,1944-08-05,9,GERMANY,CITY AREA,CITIES TOWNS AND URBAN AREAS,52.13,11.63,B17,2.0,1.0,,3.0,,,3.0,NOT INDICATED
7107,170713.0,1944-08-05,9,GERMANY,CITY AREA,CITIES TOWNS AND URBAN AREAS,52.13,11.63,B17,2.0,1.0,,3.0,,,3.0,NOT INDICATED
7105,170717.0,1944-08-05,9,FRANCE,UNIDENTIFIED TARGET,UNIDENTIFIED TARGETS,48.75,-0.57,B17,4.0,3.0,,5.0,,,5.0,NOT INDICATED
7402,170718.0,1944-08-05,8,GERMANY,UNIDENTIFIED TARGET,UNIDENTIFIED TARGETS,51.4,11.4,B17,2.0,1.0,,3.0,,,3.0,NOT INDICATED
7185,170734.0,1944-08-05,8,GERMANY,AC FACTORIES,AIRCRAFT FACTORIES AND ASSEMBLY PLANTS,52.25,10.5,B24,4.0,27.0,222.0,48.0,20.0,,68.0,VISUAL
7414,170735.0,1944-08-05,8,GERMANY,AC FACTORIES,AIRCRAFT FACTORIES AND ASSEMBLY PLANTS,52.25,10.5,B24,4.0,4.0,,4.0,,,4.0,NOT INDICATED
7190,170736.0,1944-08-05,8,GERMANY,AC FACTORIES,AIRCRAFT FACTORIES AND ASSEMBLY PLANTS,52.25,10.5,B24,4.0,14.0,220.0,42.0,,,42.0,VISUAL
7174,170737.0,1944-08-05,8,GERMANY,AC FACTORIES,AIRCRAFT FACTORIES AND ASSEMBLY PLANTS,52.25,10.5,B24,4.0,23.0,236.0,36.0,20.0,,56.0,VISUAL
7415,170746.0,1944-08-05,8,GERMANY,ME 110 AC COMP FACTORY,A/C COMPONENT PLANTS,52.25,10.5,B24,4.0,2.0,,2.0,,,2.0,NOT INDICATED
7191,170747.0,1944-08-05,8,GERMANY,ME 110 AC COMP FACTORY,A/C COMPONENT PLANTS,52.25,10.5,B24,4.0,31.0,220.0,20.0,70.0,,90.0,VISUAL
7416,170748.0,1944-08-05,8,GERMANY,ME 110 AC COMP FACTORY,A/C COMPONENT PLANTS,52.25,10.5,B24,4.0,4.0,,2.0,,,2.0,NOT INDICATED
7175,170749.0,1944-08-05,8,GERMANY,ME 110 AC COMP FACTORY,A/C COMPONENT PLANTS,52.25,10.5,B24,4.0,30.0,236.0,20.0,67.0,,87.0,VISUAL
7417,170750.0,1944-08-05,8,GERMANY,ME 110 AC COMP FACTORY,A/C COMPONENT PLANTS,52.25,10.5,B24,0.0,,,1.0,,,1.0,NOT INDICATED
7182,170751.0,1944-08-05,8,GERMANY,ME 110 AC COMP FACTORY,A/C COMPONENT PLANTS,52.25,10.5,B24,4.0,35.0,231.0,21.0,73.0,,94.0,VISUAL
7419,170752.0,1944-08-05,8,GERMANY,AUTO WORKS,VEHICLE MFG. PLANTS,53.42,10.72,B24,4.0,2.0,,2.0,,,2.0,NOT INDICATED
7177,170753.0,1944-08-05,8,GERMANY,AUTO WORKS,VEHICLE MFG. PLANTS,53.42,10.72,B24,4.0,25.0,235.0,98.0,,,98.0,VISUAL
7194,170754.0,1944-08-05,8,GERMANY,AUTO WORKS,VEHICLE MFG. PLANTS,53.42,10.72,B24,4.0,28.0,220.0,84.0,,,84.0,VISUAL
7195,170755.0,1944-08-05,8,GERMANY,AUTO WORKS,VEHICLE MFG. PLANTS,53.42,10.72,B24,4.0,30.0,220.0,90.0,,,90.0,VISUAL
7421,170756.0,1944-08-05,8,GERMANY,AUTO WORKS,VEHICLE MFG. PLANTS,53.42,10.72,B24,4.0,2.0,,2.0,,,2.0,NOT INDICATED
7179,170757.0,1944-08-05,8,GERMANY,AUTO WORKS,VEHICLE MFG. PLANTS,53.42,10.72,B24,4.0,25.0,235.0,98.0,,,98.0,VISUAL
7198,170758.0,1944-08-05,8,GERMANY,AUTO WORKS,VEHICLE MFG. PLANTS,53.42,10.72,B24,4.0,28.0,220.0,84.0,,,84.0,VISUAL
7199,170759.0,1944-08-05,8,GERMANY,AUTO WORKS,VEHICLE MFG. PLANTS,53.42,10.72,B24,4.0,30.0,220.0,90.0,,,90.0,VISUAL
7150,170760.0,1944-08-05,8,GERMANY,KRUPP STEEL WORKS,"""IRON AND STEEL PRODUCTION FACILITIES,  BLAST FURNACES,  BOILER SHOPS,  FORGES,  FOUNDRIES, STEEL WORKS,  ROLLING-MILLS """,52.13,11.63,B17,4.0,15.0,254.0,36.0,,,36.0,VISUAL
7166,170761.0,1944-08-05,8,GERMANY,KRUPP STEEL WORKS,"""IRON AND STEEL PRODUCTION FACILITIES,  BLAST FURNACES,  BOILER SHOPS,  FORGES,  FOUNDRIES, STEEL WORKS,  ROLLING-MILLS """,52.13,11.63,B17,4.0,14.0,243.0,33.0,,,33.0,VISUAL
7158,170762.0,1944-08-05,8,GERMANY,KRUPP STEEL WORKS,"""IRON AND STEEL PRODUCTION FACILITIES,  BLAST FURNACES,  BOILER SHOPS,  FORGES,  FOUNDRIES, STEEL WORKS,  ROLLING-MILLS """,52.13,11.63,B17,4.0,18.0,247.0,44.0,,,44.0,VISUAL
7115,170763.0,1944-08-05,8,GERMANY,KRUPP STEEL WORKS,"""IRON AND STEEL PRODUCTION FACILITIES,  BLAST FURNACES,  BOILER SHOPS,  FORGES,  FOUNDRIES, STEEL WORKS,  ROLLING-MILLS """,52.13,11.63,B17,4.0,17.0,271.0,41.0,,,41.0,VISUAL
7455,170792.0,1944-08-05,8,GERMANY,MARSHALLING YARD,"""RR INSTALLATIONS,  TRACKS,  MARSHALLING YARDS,  AND STATIONS""",45.95,7.97,B17,2.0,1.0,,3.0,,,3.0,NOT INDICATED
6898,209975.0,1944-08-05,9,FRANCE,RR BRIDGE,BRIDGES,47.55,-0.52,B26,,,116.0,47.0,,,47.0,VISUAL
6900,209978.0,1944-08-05,9,FRANCE,RR BRIDGE,BRIDGES,47.67,-0.22,B26,,,57.0,72.0,,,72.0,VISUAL
7404,209985.0,1944-08-05,8,GERMANY,AIR FIELD,AIR FIELDS AND AIRDROMES,53.73,7.42,B24,1.0,1.0,,3.0,,,3.0,NOT INDICATED
7423,209988.0,1944-08-05,8,GERMANY,AIRDROME,AIR FIELDS AND AIRDROMES,51.92,10.42,B24,1.0,7.0,,21.0,,,21.0,NOT INDICATED
7144,209996.0,1944-08-05,8,GERMANY,ARADO AC PL AIRFIELD,AIR FIELDS AND AIRDROMES,52.38,9.73,B17,4.0,12.0,257.0,30.0,,,30.0,VISUAL
7161,209997.0,1944-08-05,8,GERMANY,ARADO AC PL AIRFIELD,AIR FIELDS AND AIRDROMES,52.38,9.73,B17,4.0,11.0,243.0,,33.0,,33.0,VISUAL
7131,209998.0,1944-08-05,8,GERMANY,ARADO AC PL AIRFIELD,AIR FIELDS AND AIRDROMES,52.38,9.73,B17,4.0,11.0,260.0,28.0,,,28.0,VISUAL
7141,209999.0,1944-08-05,8,GERMANY,ARADO AC PL AIRFIELD,AIR FIELDS AND AIRDROMES,52.38,9.73,B17,4.0,13.0,258.0,,36.0,,36.0,VISUAL
7162,210000.0,1944-08-05,8,GERMANY,ARADO AC PL AIRFIELD,AIR FIELDS AND AIRDROMES,52.38,9.73,B17,4.0,10.0,243.0,,30.0,,30.0,VISUAL
7126,210001.0,1944-08-05,8,GERMANY,ARADO AC PL AIRFIELD,AIR FIELDS AND AIRDROMES,52.38,9.73,B17,4.0,12.0,266.0,,36.0,,36.0,VISUAL
7152,210002.0,1944-08-05,8,GERMANY,ARADO AC PL AIRFIELD,AIR FIELDS AND AIRDROMES,52.38,9.73,B17,4.0,12.0,250.0,29.0,,,29.0,VISUAL
7168,210003.0,1944-08-05,8,GERMANY,ARADO AC PL AIRFIELD,AIR FIELDS AND AIRDROMES,52.38,9.73,B17,4.0,12.0,240.0,30.0,,,30.0,VISUAL
7132,210004.0,1944-08-05,8,GERMANY,ARADO AC PL AIRFIELD,AIR FIELDS AND AIRDROMES,52.38,9.73,B17,4.0,12.0,260.0,30.0,,,30.0,VISUAL
7147,210005.0,1944-08-05,8,GERMANY,ARADO AC PL AIRFIELD,AIR FIELDS AND AIRDROMES,52.38,9.73,B17,4.0,12.0,256.0,30.0,,,30.0,VISUAL
7155,210006.0,1944-08-05,8,GERMANY,ARADO AC PL AIRFIELD,AIR FIELDS AND AIRDROMES,52.38,9.73,B17,4.0,11.0,247.0,28.0,,,28.0,VISUAL
7133,210007.0,1944-08-05,8,GERMANY,ARADO AC PL AIRFIELD,AIR FIELDS AND AIRDROMES,52.38,9.73,B17,4.0,12.0,260.0,30.0,,,30.0,VISUAL
7427,210008.0,1944-08-05,8,GERMANY,ARADO AC PL AIRFIELD,AIR FIELDS AND AIRDROMES,52.38,9.73,B17,2.0,1.0,,,3.0,,3.0,NOT INDICATED
7428,210009.0,1944-08-05,8,GERMANY,ARADO AC PL AIRFIELD,AIR FIELDS AND AIRDROMES,52.38,9.73,B17,2.0,1.0,,3.0,,,3.0,NOT INDICATED
7119,210011.0,1944-08-05,8,GERMANY,A F,AIR FIELDS AND AIRDROMES,49.3,8.98,B17,3.0,4.0,268.0,10.0,,,10.0,VISUAL
7120,210012.0,1944-08-05,8,GERMANY,A F,AIR FIELDS AND AIRDROMES,49.3,8.98,B17,3.0,8.0,268.0,20.0,,,20.0,VISUAL
7433,210013.0,1944-08-05,8,GERMANY,A F,AIR FIELDS AND AIRDROMES,49.3,8.98,B17,3.0,1.0,,1.0,,,1.0,NOT INDICATED
7121,210014.0,1944-08-05,8,GERMANY,A F,AIR FIELDS AND AIRDROMES,49.3,8.98,B17,3.0,2.0,268.0,5.0,,,5.0,VISUAL
7434,210015.0,1944-08-05,8,GERMANY,A F,AIR FIELDS AND AIRDROMES,49.3,8.98,B17,2.0,1.0,,3.0,,,3.0,NOT INDICATED
7138,210018.0,1944-08-05,8,FRANCE,V WEAPON SITE,V - WEAPON LAUNCHING SITES,48.83,-1.25,B17,4.0,6.0,258.0,10.0,,,10.0,VISUAL
7139,210021.0,1944-08-05,8,FRANCE,V WEAPON SITE,V - WEAPON LAUNCHING SITES,48.83,-1.25,B17,4.0,6.0,258.0,10.0,,,10.0,VISUAL
7405,210023.0,1944-08-05,8,GERMANY,AIR FIELD,AIR FIELDS AND AIRDROMES,53.73,7.42,B24,1.0,1.0,,3.0,,,3.0,NOT INDICATED
7424,210026.0,1944-08-05,8,GERMANY,AIRDROME,AIR FIELDS AND AIRDROMES,51.92,10.42,B24,1.0,7.0,,21.0,,,21.0,NOT INDICATED
7145,210034.0,1944-08-05,8,GERMANY,ARADO AC PL AIRFIELD,AIR FIELDS AND AIRDROMES,52.38,9.73,B17,4.0,12.0,257.0,30.0,,,30.0,VISUAL
7163,210035.0,1944-08-05,8,GERMANY,ARADO AC PL AIRFIELD,AIR FIELDS AND AIRDROMES,52.38,9.73,B17,4.0,11.0,243.0,,33.0,,33.0,VISUAL
7134,210036.0,1944-08-05,8,GERMANY,ARADO AC PL AIRFIELD,AIR FIELDS AND AIRDROMES,52.38,9.73,B17,4.0,11.0,260.0,28.0,,,28.0,VISUAL
7142,210037.0,1944-08-05,8,GERMANY,ARADO AC PL AIRFIELD,AIR FIELDS AND AIRDROMES,52.38,9.73,B17,4.0,13.0,258.0,,36.0,,36.0,VISUAL
7164,210038.0,1944-08-05,8,GERMANY,ARADO AC PL AIRFIELD,AIR FIELDS AND AIRDROMES,52.38,9.73,B17,4.0,10.0,243.0,,30.0,,30.0,VISUAL
7127,210039.0,1944-08-05,8,GERMANY,ARADO AC PL AIRFIELD,AIR FIELDS AND AIRDROMES,52.38,9.73,B17,4.0,12.0,266.0,,36.0,,36.0,VISUAL
7153,210040.0,1944-08-05,8,GERMANY,ARADO AC PL AIRFIELD,AIR FIELDS AND AIRDROMES,52.38,9.73,B17,4.0,12.0,250.0,29.0,,,29.0,VISUAL
7169,210041.0,1944-08-05,8,GERMANY,ARADO AC PL AIRFIELD,AIR FIELDS AND AIRDROMES,52.38,9.73,B17,4.0,12.0,240.0,30.0,,,30.0,VISUAL
7135,210042.0,1944-08-05,8,GERMANY,ARADO AC PL AIRFIELD,AIR FIELDS AND AIRDROMES,52.38,9.73,B17,4.0,12.0,260.0,30.0,,,30.0,VISUAL
7148,210043.0,1944-08-05,8,GERMANY,ARADO AC PL AIRFIELD,AIR FIELDS AND AIRDROMES,52.38,9.73,B17,4.0,12.0,256.0,30.0,,,30.0,VISUAL
7156,210044.0,1944-08-05,8,GERMANY,ARADO AC PL AIRFIELD,AIR FIELDS AND AIRDROMES,52.38,9.73,B17,4.0,11.0,247.0,28.0,,,28.0,VISUAL
7136,210045.0,1944-08-05,8,GERMANY,ARADO AC PL AIRFIELD,AIR FIELDS AND AIRDROMES,52.38,9.73,B17,4.0,12.0,260.0,30.0,,,30.0,VISUAL
7429,210046.0,1944-08-05,8,GERMANY,ARADO AC PL AIRFIELD,AIR FIELDS AND AIRDROMES,52.38,9.73,B17,2.0,1.0,,,3.0,,3.0,NOT INDICATED
7430,210047.0,1944-08-05,8,GERMANY,ARADO AC PL AIRFIELD,AIR FIELDS AND AIRDROMES,52.38,9.73,B17,2.0,1.0,,3.0,,,3.0,NOT INDICATED
7122,210049.0,1944-08-05,8,GERMANY,A F,AIR FIELDS AND AIRDROMES,49.3,8.98,B17,3.0,4.0,268.0,10.0,,,10.0,VISUAL
7123,210050.0,1944-08-05,8,GERMANY,A F,AIR FIELDS AND AIRDROMES,49.3,8.98,B17,3.0,8.0,268.0,20.0,,,20.0,VISUAL
7435,210051.0,1944-08-05,8,GERMANY,A F,AIR FIELDS AND AIRDROMES,49.3,8.98,B17,3.0,1.0,,1.0,,,1.0,NOT INDICATED
7124,210052.0,1944-08-05,8,GERMANY,A F,AIR FIELDS AND AIRDROMES,49.3,8.98,B17,3.0,2.0,268.0,5.0,,,5.0,VISUAL
7436,210053.0,1944-08-05,8,GERMANY,A F,AIR FIELDS AND AIRDROMES,49.3,8.98,B17,2.0,1.0,,3.0,,,3.0,NOT INDICATED
8369,107001.0,1944-08-06,8,GERMANY,AC ASSEMBLY,AIRCRAFT FACTORIES AND ASSEMBLY PLANTS,53.55,13.28,B17,4.0,12.0,257.0,28.0,,,28.0,VISUAL
8398,107002.0,1944-08-06,8,GERMANY,AC ASSEMBLY,AIRCRAFT FACTORIES AND ASSEMBLY PLANTS,53.55,13.28,B17,4.0,12.0,251.0,30.0,,,30.0,VISUAL
8357,107003.0,1944-08-06,8,GERMANY,AC ASSEMBLY,AIRCRAFT FACTORIES AND ASSEMBLY PLANTS,53.55,13.28,B17,4.0,13.0,262.0,,17.0,,17.0,VISUAL
8370,107004.0,1944-08-06,8,GERMANY,AC ASSEMBLY,AIRCRAFT FACTORIES AND ASSEMBLY PLANTS,53.55,13.28,B17,4.0,12.0,257.0,30.0,,,30.0,VISUAL
8621,107005.0,1944-08-06,8,GERMANY,AC ASSEMBLY,AIRCRAFT FACTORIES AND ASSEMBLY PLANTS,53.55,13.28,B17,4.0,17.0,247.0,43.0,,,43.0,VISUAL
8392,107006.0,1944-08-06,8,GERMANY,AC ASSEMBLY,AIRCRAFT FACTORIES AND ASSEMBLY PLANTS,53.55,13.28,B17,4.0,40.0,254.0,25.0,,,25.0,VISUAL
8334,107007.0,1944-08-06,8,GERMANY,AC ASSEMBLY,AIRCRAFT FACTORIES AND ASSEMBLY PLANTS,53.55,13.28,B17,4.0,6.0,267.0,15.0,,,15.0,VISUAL
8363,107008.0,1944-08-06,8,GERMANY,AC ASSEMBLY,AIRCRAFT FACTORIES AND ASSEMBLY PLANTS,53.55,13.28,B17,,12.0,258.0,30.0,,,30.0,VISUAL
8681,107009.0,1944-08-06,8,GERMANY,AC ASSEMBLY,AIRCRAFT FACTORIES AND ASSEMBLY PLANTS,53.55,13.28,B17,0.0,,,3.0,,,3.0,NOT INDICATED
8622,107010.0,1944-08-06,8,GERMANY,AC ASSEMBLY,AIRCRAFT FACTORIES AND ASSEMBLY PLANTS,53.55,13.28,B17,4.0,12.0,247.0,27.0,,,27.0,VISUAL
8331,107011.0,1944-08-06,8,GERMANY,AC ASSEMBLY,AIRCRAFT FACTORIES AND ASSEMBLY PLANTS,53.55,13.28,B17,4.0,8.0,269.0,18.0,,,18.0,VISUAL
8682,107012.0,1944-08-06,8,GERMANY,AC ASSEMBLY,AIRCRAFT FACTORIES AND ASSEMBLY PLANTS,53.55,13.28,B17,4.0,1.0,,3.0,,,3.0,NOT INDICATED
8311,107014.0,1944-08-06,9,FRANCE,UNIDENTIFIED TARGET,UNIDENTIFIED TARGETS,48.58,-0.47,B26,,,120.0,29.0,,,29.0,VISUAL
8315,107015.0,1944-08-06,9,FRANCE,UNIDENTIFIED TARGET,UNIDENTIFIED TARGETS,48.58,-0.47,B26,,,105.0,45.0,,,45.0,VISUAL
8316,107016.0,1944-08-06,9,FRANCE,UNIDENTIFIED TARGET,UNIDENTIFIED TARGETS,48.58,-0.47,B26,,,105.0,,3.0,,3.0,NOT INDICATED
8307,107017.0,1944-08-06,9,FRANCE,UNIDENTIFIED TARGET,UNIDENTIFIED TARGETS,48.58,-0.47,B26,,,125.0,41.0,,,41.0,VISUAL
8319,107018.0,1944-08-06,9,FRANCE,UNIDENTIFIED TARGET,UNIDENTIFIED TARGETS,48.58,-0.47,B26,,,,,4.0,,4.0,VISUAL
8309,107019.0,1944-08-06,9,FRANCE,UNIDENTIFIED TARGET,UNIDENTIFIED TARGETS,48.58,-0.47,A20,,,124.0,34.0,,,34.0,VISUAL
8313,107030.0,1944-08-06,9,FRANCE,BRIDGE,BRIDGES,49.35,6.0,A20,,,120.0,39.0,,,39.0,VISUAL
8659,107059.0,1944-08-06,8,POLAND,OIL REFINERY,OIL REFINERIES,50.17,19.48,B17,4.0,10.0,206.0,20.0,,,20.0,VISUAL
8657,107060.0,1944-08-06,8,POLAND,OIL REFINERY,OIL REFINERIES,50.17,19.48,B17,4.0,8.0,211.0,16.0,,,16.0,VISUAL
8661,107061.0,1944-08-06,8,POLAND,OIL REFINERY,OIL REFINERIES,50.17,19.48,B17,4.0,10.0,201.0,20.0,,,20.0,VISUAL
8637,107069.0,1944-08-06,8,POLAND,RAHMEL AC FACTORY,AIRCRAFT FACTORIES AND ASSEMBLY PLANTS,54.5,18.55,B17,4.0,12.0,238.0,18.0,,,18.0,VISUAL
8615,107070.0,1944-08-06,8,POLAND,RAHMEL AC FACTORY,AIRCRAFT FACTORIES AND ASSEMBLY PLANTS,54.5,18.55,B17,4.0,12.0,248.0,18.0,,,18.0,VISUAL
8647,107071.0,1944-08-06,8,POLAND,RAHMEL AC FACTORY,AIRCRAFT FACTORIES AND ASSEMBLY PLANTS,54.5,18.55,B17,4.0,11.0,227.0,15.0,,,15.0,VISUAL
8638,107072.0,1944-08-06,8,POLAND,RAHMEL AC FACTORY,AIRCRAFT FACTORIES AND ASSEMBLY PLANTS,54.5,18.55,B17,4.0,11.0,238.0,17.0,,,17.0,VISUAL
8616,107073.0,1944-08-06,8,POLAND,RAHMEL AC FACTORY,AIRCRAFT FACTORIES AND ASSEMBLY PLANTS,54.5,18.55,B17,4.0,11.0,248.0,17.0,,,17.0,VISUAL
8648,107074.0,1944-08-06,8,POLAND,RAHMEL AC FACTORY,AIRCRAFT FACTORIES AND ASSEMBLY PLANTS,54.5,18.55,B17,4.0,18.0,227.0,26.0,,,26.0,VISUAL
8366,107080.0,1944-08-06,8,GERMANY,AERO ENG PLT,ENGINE PLANTS,52.32,13.27,B17,4.0,12.0,257.0,30.0,,,30.0,VISUAL
8395,107081.0,1944-08-06,8,GERMANY,AERO ENG PLT,ENGINE PLANTS,52.32,13.27,B17,4.0,13.0,251.0,,17.0,,17.0,VISUAL
8354,107082.0,1944-08-06,8,GERMANY,AERO ENG PLT,ENGINE PLANTS,52.32,13.27,B17,4.0,13.0,262.0,,17.0,,17.0,VISUAL
8383,107083.0,1944-08-06,8,GERMANY,AERO ENG PLT,ENGINE PLANTS,52.32,13.27,B17,4.0,11.0,256.0,28.0,,,28.0,VISUAL
8627,107084.0,1944-08-06,8,GERMANY,AERO ENG PLT,ENGINE PLANTS,52.32,13.27,B17,4.0,10.0,246.0,25.0,,,25.0,VISUAL
8340,107085.0,1944-08-06,8,GERMANY,AERO ENG PLT,ENGINE PLANTS,52.32,13.27,B17,4.0,11.0,263.0,28.0,,,28.0,VISUAL
8605,107086.0,1944-08-06,8,GERMANY,AERO ENG PLT,ENGINE PLANTS,52.32,13.27,B17,4.0,9.0,250.0,,12.0,,12.0,VISUAL
8634,107087.0,1944-08-06,8,GERMANY,AERO ENG PLT,ENGINE PLANTS,52.32,13.27,B17,4.0,11.0,240.0,,15.0,,15.0,VISUAL
8360,107088.0,1944-08-06,8,GERMANY,AERO ENG PLT,ENGINE PLANTS,52.32,13.27,B17,4.0,11.0,260.0,,15.0,,15.0,VISUAL
8384,107089.0,1944-08-06,8,GERMANY,AERO ENG PLT,ENGINE PLANTS,52.32,13.27,B17,4.0,10.0,256.0,24.0,,,24.0,VISUAL
8628,107090.0,1944-08-06,8,GERMANY,AERO ENG PLT,ENGINE PLANTS,52.32,13.27,B17,4.0,10.0,246.0,25.0,,,25.0,VISUAL
8337,107091.0,1944-08-06,8,GERMANY,AERO ENG PLT,ENGINE PLANTS,52.32,13.27,B17,4.0,12.0,265.0,30.0,,,30.0,VISUAL
8385,107092.0,1944-08-06,8,GERMANY,AERO ENG PLT,ENGINE PLANTS,52.32,13.27,B17,4.0,10.0,256.0,25.0,,,25.0,VISUAL
8606,107093.0,1944-08-06,8,GERMANY,AERO ENG PLT,ENGINE PLANTS,52.32,13.27,B17,4.0,11.0,250.0,28.0,,,28.0,VISUAL
8341,107094.0,1944-08-06,8,GERMANY,AERO ENG PLT,ENGINE PLANTS,52.32,13.27,B17,4.0,17.0,263.0,28.0,3.0,,31.0,VISUAL
8670,107095.0,1944-08-06,8,GERMANY,AERO ENG PLT,ENGINE PLANTS,52.32,13.27,B17,2.0,1.0,,1.0,,,1.0,NOT INDICATED
8371,107109.0,1944-08-06,8,GERMANY,ARMAMENT WORKS,ARMAMENT AND ORDNANCE PLANTS,53.55,13.28,B17,4.0,11.0,257.0,28.0,,,28.0,VISUAL
8611,107110.0,1944-08-06,8,GERMANY,ARMAMENT WORKS,ARMAMENT AND ORDNANCE PLANTS,53.55,13.28,B17,4.0,11.0,250.0,28.0,,,28.0,VISUAL
8346,107111.0,1944-08-06,8,GERMANY,ARMAMENT WORKS,ARMAMENT AND ORDNANCE PLANTS,53.55,13.28,B17,4.0,13.0,263.0,33.0,,,33.0,VISUAL
8372,107112.0,1944-08-06,8,GERMANY,ARMAMENT WORKS,ARMAMENT AND ORDNANCE PLANTS,53.55,13.28,B17,4.0,12.0,257.0,,17.0,,17.0,VISUAL
8399,107113.0,1944-08-06,8,GERMANY,ARMAMENT WORKS,ARMAMENT AND ORDNANCE PLANTS,53.55,13.28,B17,4.0,9.0,251.0,,13.0,,13.0,VISUAL
8347,107114.0,1944-08-06,8,GERMANY,ARMAMENT WORKS,ARMAMENT AND ORDNANCE PLANTS,53.55,13.28,B17,4.0,14.0,263.0,5.0,17.0,,22.0,VISUAL
8092,107115.0,1944-08-06,15,GERMANY,TEGEL TANK PLANT,TANK FACTORIES,52.53,13.42,B17,4.0,6.0,268.0,15.0,,,15.0,VISUAL
8096,107116.0,1944-08-06,15,GERMANY,TEGEL TANK PLANT,TANK FACTORIES,52.53,13.42,B17,4.0,11.0,257.0,28.0,,,28.0,VISUAL
8673,107117.0,1944-08-06,8,GERMANY,TORPEDO WORKS,EXPLOSIVES MFG. PLANTS,54.33,10.15,B24,4.0,4.0,,2.0,,,2.0,NOT INDICATED
8643,107118.0,1944-08-06,8,GERMANY,TORPEDO WORKS,EXPLOSIVES MFG. PLANTS,54.33,10.15,B24,4.0,12.0,235.0,,36.0,,36.0,VISUAL
8653,107119.0,1944-08-06,8,GERMANY,TORPEDO WORKS,EXPLOSIVES MFG. PLANTS,54.33,10.15,B24,4.0,35.0,219.0,54.0,51.0,,105.0,VISUAL
8674,107120.0,1944-08-06,8,GERMANY,TORPEDO WORKS,EXPLOSIVES MFG. PLANTS,54.33,10.15,B24,4.0,7.0,,18.0,,,18.0,NOT INDICATED
8677,107121.0,1944-08-06,8,GERMANY,TORPEDO WORKS,EXPLOSIVES MFG. PLANTS,54.33,10.15,B24,4.0,4.0,,2.0,,,2.0,NOT INDICATED
8645,107122.0,1944-08-06,8,GERMANY,TORPEDO WORKS,EXPLOSIVES MFG. PLANTS,54.33,10.15,B24,4.0,12.0,235.0,,36.0,,36.0,VISUAL
8655,107123.0,1944-08-06,8,GERMANY,TORPEDO WORKS,EXPLOSIVES MFG. PLANTS,54.33,10.15,B24,4.0,35.0,219.0,54.0,51.0,,105.0,VISUAL
8678,107124.0,1944-08-06,8,GERMANY,TORPEDO WORKS,EXPLOSIVES MFG. PLANTS,54.33,10.15,B24,4.0,7.0,,18.0,,,18.0,NOT INDICATED
8373,107125.0,1944-08-06,8,GERMANY,ARMAMENT WORKS,ARMAMENT AND ORDNANCE PLANTS,53.55,13.28,B17,4.0,11.0,257.0,28.0,,,28.0,VISUAL
8612,107126.0,1944-08-06,8,GERMANY,ARMAMENT WORKS,ARMAMENT AND ORDNANCE PLANTS,53.55,13.28,B17,4.0,11.0,250.0,28.0,,,28.0,VISUAL
8348,107127.0,1944-08-06,8,GERMANY,ARMAMENT WORKS,ARMAMENT AND ORDNANCE PLANTS,53.55,13.28,B17,4.0,13.0,263.0,33.0,,,33.0,VISUAL
8374,107128.0,1944-08-06,8,GERMANY,ARMAMENT WORKS,ARMAMENT AND ORDNANCE PLANTS,53.55,13.28,B17,4.0,12.0,257.0,,17.0,,17.0,VISUAL
8400,107129.0,1944-08-06,8,GERMANY,ARMAMENT WORKS,ARMAMENT AND ORDNANCE PLANTS,53.55,13.28,B17,4.0,9.0,251.0,,13.0,,13.0,VISUAL
8349,107130.0,1944-08-06,8,GERMANY,ARMAMENT WORKS,ARMAMENT AND ORDNANCE PLANTS,53.55,13.28,B17,4.0,14.0,263.0,5.0,17.0,,22.0,VISUAL
8093,107131.0,1944-08-06,15,GERMANY,TEGEL TANK PLANT,TANK FACTORIES,52.53,13.42,B17,4.0,6.0,268.0,15.0,,,15.0,VISUAL
8097,107132.0,1944-08-06,15,GERMANY,TEGEL TANK PLANT,TANK FACTORIES,52.53,13.42,B17,4.0,11.0,257.0,28.0,,,28.0,VISUAL
8302,107133.0,1944-08-06,12,FRANCE,UNIDENTIFIED TARGET,UNIDENTIFIED TARGETS,46.43,-1.52,B25,4.0,,,18.0,,,18.0,NOT INDICATED
8100,107134.0,1944-08-06,12,FRANCE,UNIDENTIFIED TARGET,UNIDENTIFIED TARGETS,46.43,-1.52,B25,4.0,18.0,96.0,18.0,,,18.0,NOT INDICATED
8664,107146.0,1944-08-06,8,GERMANY,UNIDENTIFIED TARGET,UNIDENTIFIED TARGETS,52.37,14.07,B17,2.0,1.0,,3.0,,,3.0,NOT INDICATED
8665,107147.0,1944-08-06,8,GERMANY,UNIDENTIFIED TARGET,UNIDENTIFIED TARGETS,52.37,14.07,B17,2.0,1.0,,3.0,,,3.0,NOT INDICATED
8375,170793.0,1944-08-06,8,GERMANY,AC ASSEMBLY,AIRCRAFT FACTORIES AND ASSEMBLY PLANTS,53.55,13.28,B17,4.0,12.0,257.0,28.0,,,28.0,VISUAL
8601,170794.0,1944-08-06,8,GERMANY,AC ASSEMBLY,AIRCRAFT FACTORIES AND ASSEMBLY PLANTS,53.55,13.28,B17,4.0,12.0,251.0,30.0,,,30.0,VISUAL
8358,170795.0,1944-08-06,8,GERMANY,AC ASSEMBLY,AIRCRAFT FACTORIES AND ASSEMBLY PLANTS,53.55,13.28,B17,4.0,13.0,262.0,,17.0,,17.0,VISUAL
8376,170796.0,1944-08-06,8,GERMANY,AC ASSEMBLY,AIRCRAFT FACTORIES AND ASSEMBLY PLANTS,53.55,13.28,B17,4.0,12.0,257.0,30.0,,,30.0,VISUAL
8623,170797.0,1944-08-06,8,GERMANY,AC ASSEMBLY,AIRCRAFT FACTORIES AND ASSEMBLY PLANTS,53.55,13.28,B17,4.0,17.0,247.0,43.0,,,43.0,VISUAL
8393,170798.0,1944-08-06,8,GERMANY,AC ASSEMBLY,AIRCRAFT FACTORIES AND ASSEMBLY PLANTS,53.55,13.28,B17,4.0,40.0,254.0,25.0,,,25.0,VISUAL
8335,170799.0,1944-08-06,8,GERMANY,AC ASSEMBLY,AIRCRAFT FACTORIES AND ASSEMBLY PLANTS,53.55,13.28,B17,4.0,6.0,267.0,15.0,,,15.0,VISUAL
8364,170800.0,1944-08-06,8,GERMANY,AC ASSEMBLY,AIRCRAFT FACTORIES AND ASSEMBLY PLANTS,53.55,13.28,B17,,12.0,258.0,30.0,,,30.0,VISUAL
8683,170801.0,1944-08-06,8,GERMANY,AC ASSEMBLY,AIRCRAFT FACTORIES AND ASSEMBLY PLANTS,53.55,13.28,B17,0.0,,,3.0,,,3.0,NOT INDICATED
8624,170802.0,1944-08-06,8,GERMANY,AC ASSEMBLY,AIRCRAFT FACTORIES AND ASSEMBLY PLANTS,53.55,13.28,B17,4.0,12.0,247.0,27.0,,,27.0,VISUAL
8332,170803.0,1944-08-06,8,GERMANY,AC ASSEMBLY,AIRCRAFT FACTORIES AND ASSEMBLY PLANTS,53.55,13.28,B17,4.0,8.0,269.0,18.0,,,18.0,VISUAL
8684,170804.0,1944-08-06,8,GERMANY,AC ASSEMBLY,AIRCRAFT FACTORIES AND ASSEMBLY PLANTS,53.55,13.28,B17,4.0,1.0,,3.0,,,3.0,NOT INDICATED
8639,170805.0,1944-08-06,8,POLAND,RAHMEL AC FACTORY,AIRCRAFT FACTORIES AND ASSEMBLY PLANTS,54.5,18.55,B17,4.0,12.0,238.0,18.0,,,18.0,VISUAL
8617,170806.0,1944-08-06,8,POLAND,RAHMEL AC FACTORY,AIRCRAFT FACTORIES AND ASSEMBLY PLANTS,54.5,18.55,B17,4.0,12.0,248.0,18.0,,,18.0,VISUAL
8649,170807.0,1944-08-06,8,POLAND,RAHMEL AC FACTORY,AIRCRAFT FACTORIES AND ASSEMBLY PLANTS,54.5,18.55,B17,4.0,11.0,227.0,15.0,,,15.0,VISUAL
8640,170808.0,1944-08-06,8,POLAND,RAHMEL AC FACTORY,AIRCRAFT FACTORIES AND ASSEMBLY PLANTS,54.5,18.55,B17,4.0,11.0,238.0,17.0,,,17.0,VISUAL
8618,170809.0,1944-08-06,8,POLAND,RAHMEL AC FACTORY,AIRCRAFT FACTORIES AND ASSEMBLY PLANTS,54.5,18.55,B17,4.0,11.0,248.0,17.0,,,17.0,VISUAL
8650,170810.0,1944-08-06,8,POLAND,RAHMEL AC FACTORY,AIRCRAFT FACTORIES AND ASSEMBLY PLANTS,54.5,18.55,B17,4.0,18.0,227.0,26.0,,,26.0,VISUAL
8367,170816.0,1944-08-06,8,GERMANY,AERO ENG PLT,ENGINE PLANTS,52.32,13.27,B17,4.0,12.0,257.0,30.0,,,30.0,VISUAL
8396,170817.0,1944-08-06,8,GERMANY,AERO ENG PLT,ENGINE PLANTS,52.32,13.27,B17,4.0,13.0,251.0,,17.0,,17.0,VISUAL
8355,170818.0,1944-08-06,8,GERMANY,AERO ENG PLT,ENGINE PLANTS,52.32,13.27,B17,4.0,13.0,262.0,,17.0,,17.0,VISUAL
8386,170819.0,1944-08-06,8,GERMANY,AERO ENG PLT,ENGINE PLANTS,52.32,13.27,B17,4.0,11.0,256.0,28.0,,,28.0,VISUAL
8629,170820.0,1944-08-06,8,GERMANY,AERO ENG PLT,ENGINE PLANTS,52.32,13.27,B17,4.0,10.0,246.0,25.0,,,25.0,VISUAL
8342,170821.0,1944-08-06,8,GERMANY,AERO ENG PLT,ENGINE PLANTS,52.32,13.27,B17,4.0,11.0,263.0,28.0,,,28.0,VISUAL
8607,170822.0,1944-08-06,8,GERMANY,AERO ENG PLT,ENGINE PLANTS,52.32,13.27,B17,4.0,9.0,250.0,,12.0,,12.0,VISUAL
8635,170823.0,1944-08-06,8,GERMANY,AERO ENG PLT,ENGINE PLANTS,52.32,13.27,B17,4.0,11.0,240.0,,15.0,,15.0,VISUAL
8361,170824.0,1944-08-06,8,GERMANY,AERO ENG PLT,ENGINE PLANTS,52.32,13.27,B17,4.0,11.0,260.0,,15.0,,15.0,VISUAL
8387,170825.0,1944-08-06,8,GERMANY,AERO ENG PLT,ENGINE PLANTS,52.32,13.27,B17,4.0,10.0,256.0,24.0,,,24.0,VISUAL
8630,170826.0,1944-08-06,8,GERMANY,AERO ENG PLT,ENGINE PLANTS,52.32,13.27,B17,4.0,10.0,246.0,25.0,,,25.0,VISUAL
8338,170827.0,1944-08-06,8,GERMANY,AERO ENG PLT,ENGINE PLANTS,52.32,13.27,B17,4.0,12.0,265.0,30.0,,,30.0,VISUAL
8388,170828.0,1944-08-06,8,GERMANY,AERO ENG PLT,ENGINE PLANTS,52.32,13.27,B17,4.0,10.0,256.0,25.0,,,25.0,VISUAL
8608,170829.0,1944-08-06,8,GERMANY,AERO ENG PLT,ENGINE PLANTS,52.32,13.27,B17,4.0,11.0,250.0,28.0,,,28.0,VISUAL
8343,170830.0,1944-08-06,8,GERMANY,AERO ENG PLT,ENGINE PLANTS,52.32,13.27,B17,4.0,17.0,263.0,28.0,3.0,,31.0,VISUAL
8671,170831.0,1944-08-06,8,GERMANY,AERO ENG PLT,ENGINE PLANTS,52.32,13.27,B17,2.0,1.0,,1.0,,,1.0,NOT INDICATED
8666,170839.0,1944-08-06,8,GERMANY,UNIDENTIFIED TARGET,UNIDENTIFIED TARGETS,52.37,14.07,B17,2.0,1.0,,3.0,,,3.0,NOT INDICATED
8667,170840.0,1944-08-06,8,GERMANY,UNIDENTIFIED TARGET,UNIDENTIFIED TARGETS,52.37,14.07,B17,2.0,1.0,,3.0,,,3.0,NOT INDICATED
8312,170854.0,1944-08-06,9,FRANCE,UNIDENTIFIED TARGET,UNIDENTIFIED TARGETS,48.58,-0.47,B26,,,120.0,29.0,,,29.0,VISUAL
8317,170855.0,1944-08-06,9,FRANCE,UNIDENTIFIED TARGET,UNIDENTIFIED TARGETS,48.58,-0.47,B26,,,105.0,45.0,,,45.0,VISUAL
8318,170856.0,1944-08-06,9,FRANCE,UNIDENTIFIED TARGET,UNIDENTIFIED TARGETS,48.58,-0.47,B26,,,105.0,,3.0,,3.0,NOT INDICATED
8308,170857.0,1944-08-06,9,FRANCE,UNIDENTIFIED TARGET,UNIDENTIFIED TARGETS,48.58,-0.47,B26,,,125.0,41.0,,,41.0,VISUAL
8320,170858.0,1944-08-06,9,FRANCE,UNIDENTIFIED TARGET,UNIDENTIFIED TARGETS,48.58,-0.47,B26,,,,,4.0,,4.0,VISUAL
8310,170859.0,1944-08-06,9,FRANCE,UNIDENTIFIED TARGET,UNIDENTIFIED TARGETS,48.58,-0.47,A20,,,124.0,34.0,,,34.0,VISUAL
8303,170860.0,1944-08-06,12,FRANCE,UNIDENTIFIED TARGET,UNIDENTIFIED TARGETS,46.43,-1.52,B25,4.0,,,18.0,,,18.0,NOT INDICATED
8301,170861.0,1944-08-06,12,FRANCE,UNIDENTIFIED TARGET,UNIDENTIFIED TARGETS,46.43,-1.52,B25,4.0,18.0,96.0,18.0,,,18.0,NOT INDICATED
8668,170881.0,1944-08-06,8,GERMANY,UNIDENTIFIED TARGET,UNIDENTIFIED TARGETS,52.37,14.07,B17,2.0,1.0,,3.0,,,3.0,NOT INDICATED
8368,170902.0,1944-08-06,8,GERMANY,AERO ENG PLT,ENGINE PLANTS,52.32,13.27,B17,4.0,12.0,257.0,30.0,,,30.0,VISUAL
8397,170903.0,1944-08-06,8,GERMANY,AERO ENG PLT,ENGINE PLANTS,52.32,13.27,B17,4.0,13.0,251.0,,17.0,,17.0,VISUAL
8356,170904.0,1944-08-06,8,GERMANY,AERO ENG PLT,ENGINE PLANTS,52.32,13.27,B17,4.0,13.0,262.0,,17.0,,17.0,VISUAL
8389,170905.0,1944-08-06,8,GERMANY,AERO ENG PLT,ENGINE PLANTS,52.32,13.27,B17,4.0,11.0,256.0,28.0,,,28.0,VISUAL
8631,170906.0,1944-08-06,8,GERMANY,AERO ENG PLT,ENGINE PLANTS,52.32,13.27,B17,4.0,10.0,246.0,25.0,,,25.0,VISUAL
8344,170907.0,1944-08-06,8,GERMANY,AERO ENG PLT,ENGINE PLANTS,52.32,13.27,B17,4.0,11.0,263.0,28.0,,,28.0,VISUAL
8609,170908.0,1944-08-06,8,GERMANY,AERO ENG PLT,ENGINE PLANTS,52.32,13.27,B17,4.0,9.0,250.0,,12.0,,12.0,VISUAL
8636,170909.0,1944-08-06,8,GERMANY,AERO ENG PLT,ENGINE PLANTS,52.32,13.27,B17,4.0,11.0,240.0,,15.0,,15.0,VISUAL
8362,170910.0,1944-08-06,8,GERMANY,AERO ENG PLT,ENGINE PLANTS,52.32,13.27,B17,4.0,11.0,260.0,,15.0,,15.0,VISUAL
8390,170911.0,1944-08-06,8,GERMANY,AERO ENG PLT,ENGINE PLANTS,52.32,13.27,B17,4.0,10.0,256.0,24.0,,,24.0,VISUAL
8632,170912.0,1944-08-06,8,GERMANY,AERO ENG PLT,ENGINE PLANTS,52.32,13.27,B17,4.0,10.0,246.0,25.0,,,25.0,VISUAL
8339,170913.0,1944-08-06,8,GERMANY,AERO ENG PLT,ENGINE PLANTS,52.32,13.27,B17,4.0,12.0,265.0,30.0,,,30.0,VISUAL
8391,170914.0,1944-08-06,8,GERMANY,AERO ENG PLT,ENGINE PLANTS,52.32,13.27,B17,4.0,10.0,256.0,25.0,,,25.0,VISUAL
8610,170915.0,1944-08-06,8,GERMANY,AERO ENG PLT,ENGINE PLANTS,52.32,13.27,B17,4.0,11.0,250.0,28.0,,,28.0,VISUAL
8345,170916.0,1944-08-06,8,GERMANY,AERO ENG PLT,ENGINE PLANTS,52.32,13.27,B17,4.0,17.0,263.0,28.0,3.0,,31.0,VISUAL
8672,170917.0,1944-08-06,8,GERMANY,AERO ENG PLT,ENGINE PLANTS,52.32,13.27,B17,2.0,1.0,,1.0,,,1.0,NOT INDICATED
8377,170918.0,1944-08-06,8,GERMANY,AC ASSEMBLY,AIRCRAFT FACTORIES AND ASSEMBLY PLANTS,53.55,13.28,B17,4.0,12.0,257.0,28.0,,,28.0,VISUAL
8602,170919.0,1944-08-06,8,GERMANY,AC ASSEMBLY,AIRCRAFT FACTORIES AND ASSEMBLY PLANTS,53.55,13.28,B17,4.0,12.0,251.0,30.0,,,30.0,VISUAL
8359,170920.0,1944-08-06,8,GERMANY,AC ASSEMBLY,AIRCRAFT FACTORIES AND ASSEMBLY PLANTS,53.55,13.28,B17,4.0,13.0,262.0,,17.0,,17.0,VISUAL
8378,170921.0,1944-08-06,8,GERMANY,AC ASSEMBLY,AIRCRAFT FACTORIES AND ASSEMBLY PLANTS,53.55,13.28,B17,4.0,12.0,257.0,30.0,,,30.0,VISUAL
8625,170922.0,1944-08-06,8,GERMANY,AC ASSEMBLY,AIRCRAFT FACTORIES AND ASSEMBLY PLANTS,53.55,13.28,B17,4.0,17.0,247.0,43.0,,,43.0,VISUAL
8394,170923.0,1944-08-06,8,GERMANY,AC ASSEMBLY,AIRCRAFT FACTORIES AND ASSEMBLY PLANTS,53.55,13.28,B17,4.0,10.0,254.0,25.0,,,25.0,VISUAL
8633,170924.0,1944-08-06,8,GERMANY,AC ASSEMBLY,AIRCRAFT FACTORIES AND ASSEMBLY PLANTS,53.55,13.28,B17,4.0,11.0,244.0,28.0,,,28.0,VISUAL
8336,170925.0,1944-08-06,8,GERMANY,AC ASSEMBLY,AIRCRAFT FACTORIES AND ASSEMBLY PLANTS,53.55,13.28,B17,4.0,6.0,267.0,15.0,,,15.0,VISUAL
8365,170926.0,1944-08-06,8,GERMANY,AC ASSEMBLY,AIRCRAFT FACTORIES AND ASSEMBLY PLANTS,53.55,13.28,B17,4.0,12.0,258.0,30.0,,,30.0,VISUAL
8685,170927.0,1944-08-06,8,GERMANY,AC ASSEMBLY,AIRCRAFT FACTORIES AND ASSEMBLY PLANTS,53.55,13.28,B17,0.0,,,3.0,,,3.0,NOT INDICATED
8626,170928.0,1944-08-06,8,GERMANY,AC ASSEMBLY,AIRCRAFT FACTORIES AND ASSEMBLY PLANTS,53.55,13.28,B17,4.0,12.0,247.0,27.0,,,27.0,VISUAL
8333,170929.0,1944-08-06,8,GERMANY,AC ASSEMBLY,AIRCRAFT FACTORIES AND ASSEMBLY PLANTS,53.55,13.28,B17,4.0,8.0,269.0,18.0,,,18.0,VISUAL
8686,170930.0,1944-08-06,8,GERMANY,AC ASSEMBLY,AIRCRAFT FACTORIES AND ASSEMBLY PLANTS,53.55,13.28,B17,4.0,1.0,,3.0,,,3.0,NOT INDICATED
8641,170931.0,1944-08-06,8,POLAND,RAHMEL AC FACTORY,AIRCRAFT FACTORIES AND ASSEMBLY PLANTS,54.5,18.55,B17,4.0,12.0,238.0,18.0,,,18.0,VISUAL
8619,170932.0,1944-08-06,8,POLAND,RAHMEL AC FACTORY,AIRCRAFT FACTORIES AND ASSEMBLY PLANTS,54.5,18.55,B17,4.0,12.0,248.0,18.0,,,18.0,VISUAL
8651,170933.0,1944-08-06,8,POLAND,RAHMEL AC FACTORY,AIRCRAFT FACTORIES AND ASSEMBLY PLANTS,54.5,18.55,B17,4.0,11.0,227.0,15.0,,,15.0,VISUAL
8642,170934.0,1944-08-06,8,POLAND,RAHMEL AC FACTORY,AIRCRAFT FACTORIES AND ASSEMBLY PLANTS,54.5,18.55,B17,4.0,11.0,238.0,17.0,,,17.0,VISUAL
8620,170935.0,1944-08-06,8,POLAND,RAHMEL AC FACTORY,AIRCRAFT FACTORIES AND ASSEMBLY PLANTS,54.5,18.55,B17,4.0,11.0,248.0,17.0,,,17.0,VISUAL
8652,170936.0,1944-08-06,8,POLAND,RAHMEL AC FACTORY,AIRCRAFT FACTORIES AND ASSEMBLY PLANTS,54.5,18.55,B17,4.0,18.0,227.0,26.0,,,26.0,VISUAL
8379,170938.0,1944-08-06,8,GERMANY,ARMAMENT WORKS,ARMAMENT AND ORDNANCE PLANTS,53.55,13.28,B17,4.0,11.0,257.0,28.0,,,28.0,VISUAL
8613,170939.0,1944-08-06,8,GERMANY,ARMAMENT WORKS,ARMAMENT AND ORDNANCE PLANTS,53.55,13.28,B17,4.0,11.0,250.0,28.0,,,28.0,VISUAL
8350,170940.0,1944-08-06,8,GERMANY,ARMAMENT WORKS,ARMAMENT AND ORDNANCE PLANTS,53.55,13.28,B17,4.0,13.0,263.0,33.0,,,33.0,VISUAL
8380,170941.0,1944-08-06,8,GERMANY,ARMAMENT WORKS,ARMAMENT AND ORDNANCE PLANTS,53.55,13.28,B17,4.0,12.0,257.0,,17.0,,17.0,VISUAL
8603,170942.0,1944-08-06,8,GERMANY,ARMAMENT WORKS,ARMAMENT AND ORDNANCE PLANTS,53.55,13.28,B17,4.0,9.0,251.0,,13.0,,13.0,VISUAL
8351,170943.0,1944-08-06,8,GERMANY,ARMAMENT WORKS,ARMAMENT AND ORDNANCE PLANTS,53.55,13.28,B17,4.0,14.0,263.0,5.0,17.0,,22.0,VISUAL
8675,170944.0,1944-08-06,8,GERMANY,TORPEDO WORKS,EXPLOSIVES MFG. PLANTS,54.33,10.15,B24,4.0,4.0,,2.0,,,2.0,NOT INDICATED
8644,170945.0,1944-08-06,8,GERMANY,TORPEDO WORKS,EXPLOSIVES MFG. PLANTS,54.33,10.15,B24,4.0,12.0,235.0,,36.0,,36.0,VISUAL
8654,170946.0,1944-08-06,8,GERMANY,TORPEDO WORKS,EXPLOSIVES MFG. PLANTS,54.33,10.15,B24,4.0,35.0,219.0,54.0,51.0,,105.0,VISUAL
8676,170947.0,1944-08-06,8,GERMANY,TORPEDO WORKS,EXPLOSIVES MFG. PLANTS,54.33,10.15,B24,4.0,7.0,,18.0,,,18.0,NOT INDICATED
8094,170948.0,1944-08-06,15,GERMANY,TEGEL TANK PLANT,TANK FACTORIES,52.53,13.42,B17,4.0,6.0,268.0,15.0,,,15.0,VISUAL
8098,170949.0,1944-08-06,15,GERMANY,TEGEL TANK PLANT,TANK FACTORIES,52.53,13.42,B17,4.0,11.0,257.0,28.0,,,28.0,VISUAL
8095,170950.0,1944-08-06,15,GERMANY,TEGEL TANK PLANT,TANK FACTORIES,52.53,13.42,B17,4.0,6.0,268.0,15.0,,,15.0,VISUAL
8099,170951.0,1944-08-06,15,GERMANY,TEGEL TANK PLANT,TANK FACTORIES,52.53,13.42,B17,4.0,11.0,257.0,28.0,,,28.0,VISUAL
8679,170952.0,1944-08-06,8,GERMANY,TORPEDO WORKS,EXPLOSIVES MFG. PLANTS,54.33,10.15,B24,4.0,4.0,,2.0,,,2.0,NOT INDICATED
8646,170953.0,1944-08-06,8,GERMANY,TORPEDO WORKS,EXPLOSIVES MFG. PLANTS,54.33,10.15,B24,4.0,12.0,235.0,,36.0,,36.0,VISUAL
8656,170954.0,1944-08-06,8,GERMANY,TORPEDO WORKS,EXPLOSIVES MFG. PLANTS,54.33,10.15,B24,4.0,35.0,219.0,54.0,51.0,,105.0,VISUAL
8680,170955.0,1944-08-06,8,GERMANY,TORPEDO WORKS,EXPLOSIVES MFG. PLANTS,54.33,10.15,B24,4.0,7.0,,18.0,,,18.0,NOT INDICATED
8381,170956.0,1944-08-06,8,GERMANY,ARMAMENT WORKS,ARMAMENT AND ORDNANCE PLANTS,53.55,13.28,B17,4.0,11.0,257.0,28.0,,,28.0,VISUAL
8614,170957.0,1944-08-06,8,GERMANY,ARMAMENT WORKS,ARMAMENT AND ORDNANCE PLANTS,53.55,13.28,B17,4.0,11.0,250.0,28.0,,,28.0,VISUAL
8352,170958.0,1944-08-06,8,GERMANY,ARMAMENT WORKS,ARMAMENT AND ORDNANCE PLANTS,53.55,13.28,B17,4.0,13.0,263.0,33.0,,,33.0,VISUAL
8382,170959.0,1944-08-06,8,GERMANY,ARMAMENT WORKS,ARMAMENT AND ORDNANCE PLANTS,53.55,13.28,B17,4.0,12.0,257.0,,17.0,,17.0,VISUAL
8604,170960.0,1944-08-06,8,GERMANY,ARMAMENT WORKS,ARMAMENT AND ORDNANCE PLANTS,53.55,13.28,B17,4.0,9.0,251.0,,13.0,,13.0,VISUAL
8353,170961.0,1944-08-06,8,GERMANY,ARMAMENT WORKS,ARMAMENT AND ORDNANCE PLANTS,53.55,13.28,B17,4.0,14.0,263.0,5.0,17.0,,22.0,VISUAL
8660,170986.0,1944-08-06,8,POLAND,OIL REFINERY,OIL REFINERIES,50.17,19.48,B17,4.0,10.0,206.0,20.0,,,20.0,VISUAL
8658,170987.0,1944-08-06,8,POLAND,OIL REFINERY,OIL REFINERIES,50.17,19.48,B17,4.0,8.0,211.0,16.0,,,16.0,VISUAL
8662,170988.0,1944-08-06,8,POLAND,OIL REFINERY,OIL REFINERIES,50.17,19.48,B17,4.0,10.0,201.0,20.0,,,20.0,VISUAL
8663,171001.0,1944-08-06,8,GERMANY,MARSHALLING YARD,"""RR INSTALLATIONS,  TRACKS,  MARSHALLING YARDS,  AND STATIONS""",52.83,13.82,B17,1.0,1.0,,,3.0,,3.0,NOT INDICATED
8669,171002.0,1944-08-06,8,GERMANY,UNIDENTIFIED TARGET,UNIDENTIFIED TARGETS,52.37,14.07,B17,2.0,1.0,,3.0,,,3.0,NOT INDICATED
8314,210061.0,1944-08-06,9,FRANCE,BRIDGE,BRIDGES,49.35,6.0,A20,,,120.0,39.0,,,39.0,VISUAL
9840,107167.0,1944-08-07,8,FRANCE,OIL DUMP,OIL STORAGE FACILITIES AND OTHER OIL INSTALLATIONS,50.52,1.8,B24,4.0,23.0,220.0,69.0,,,69.0,VISUAL
9838,107175.0,1944-08-07,8,FRANCE,OIL STORAGE,OIL STORAGE FACILITIES AND OTHER OIL INSTALLATIONS,43.43,1.0,B17,4.0,12.0,225.0,30.0,,,30.0,VISUAL
9844,107176.0,1944-08-07,8,FRANCE,OIL STORAGE,OIL STORAGE FACILITIES AND OTHER OIL INSTALLATIONS,43.43,1.0,B17,4.0,12.0,214.0,30.0,,,30.0,VISUAL
9836,107177.0,1944-08-07,8,FRANCE,OIL STORAGE,OIL STORAGE FACILITIES AND OTHER OIL INSTALLATIONS,43.43,1.0,B17,4.0,4.0,236.0,19.0,,,19.0,VISUAL
9598,107181.0,1944-08-07,15,GERMANY,OIL REFINERY SYNTHETIC,SYNTHETIC OIL REFINERIES,50.33,18.3,B24,4.0,27.0,210.0,58.0,,,58.0,NOT INDICATED
9816,107183.0,1944-08-07,9,FRANCE,BRIDGE,BRIDGES,48.49,3.5,B26,,,100.0,28.0,,,28.0,VISUAL
9594,107185.0,1944-08-07,15,GERMANY,OIL REFINERY SYNTHETIC,SYNTHETIC OIL REFINERIES,50.33,18.3,B17,4.0,24.0,220.0,60.0,,,60.0,F.F.F.
9599,107186.0,1944-08-07,15,GERMANY,OIL REFINERY SYNTHETIC,SYNTHETIC OIL REFINERIES,50.33,18.3,B24,4.0,19.0,210.0,48.0,,,48.0,NOT INDICATED
9806,107187.0,1944-08-07,15,GERMANY,OIL REFINERY SYNTHETIC,SYNTHETIC OIL REFINERIES,50.33,18.3,B24,4.0,26.0,200.0,65.0,,,65.0,VISUAL
9592,107188.0,1944-08-07,15,GERMANY,OIL REFINERY SYNTHETIC,SYNTHETIC OIL REFINERIES,50.33,18.3,B24,4.0,19.0,220.0,47.0,,,47.0,NOT INDICATED
9588,107189.0,1944-08-07,15,GERMANY,OIL REFINERY SYNTHETIC,SYNTHETIC OIL REFINERIES,50.33,18.3,B24,4.0,24.0,226.0,60.0,,,60.0,F.F.F.
9586,107190.0,1944-08-07,15,GERMANY,OIL REFINERY SYNTHETIC,SYNTHETIC OIL REFINERIES,50.33,18.3,B17,4.0,26.0,227.0,65.0,,,65.0,NOT INDICATED
9578,107191.0,1944-08-07,15,GERMANY,OIL REFINERY SYNTHETIC,SYNTHETIC OIL REFINERIES,50.33,18.3,B17,4.0,22.0,268.0,42.0,,,42.0,NOT INDICATED
9596,107192.0,1944-08-07,15,GERMANY,OIL REFINERY SYNTHETIC,SYNTHETIC OIL REFINERIES,50.33,18.3,B24,4.0,23.0,215.0,54.0,,,54.0,F.F.F.
9589,107193.0,1944-08-07,15,GERMANY,OIL REFINERY SYNTHETIC,SYNTHETIC OIL REFINERIES,50.33,18.3,B24,4.0,25.0,226.0,60.0,,,60.0,NOT INDICATED
9804,107194.0,1944-08-07,15,GERMANY,OIL REFINERY SYNTHETIC,SYNTHETIC OIL REFINERIES,50.33,18.3,B24,4.0,28.0,209.0,67.0,,,67.0,NOT INDICATED
9582,107195.0,1944-08-07,15,GERMANY,OIL REFINERY SYNTHETIC,SYNTHETIC OIL REFINERIES,50.33,18.3,B24,4.0,20.0,240.0,37.0,,,37.0,F.F.F.
9808,107196.0,1944-08-07,12,FRANCE,RR BRIDGE,BRIDGES,48.44,-2.07,B25,4.0,19.0,105.0,37.0,,,37.0,NOT INDICATED
9580,107197.0,1944-08-07,15,GERMANY,OIL STORAGE TANKS,OIL STORAGE FACILITIES AND OTHER OIL INSTALLATIONS,50.33,18.3,B17,4.0,25.0,260.0,50.0,,,50.0,NOT INDICATED
9584,107198.0,1944-08-07,15,GERMANY,OIL STORAGE TANKS,OIL STORAGE FACILITIES AND OTHER OIL INSTALLATIONS,50.33,18.3,B17,4.0,26.0,240.0,52.0,,,52.0,F.F.F.
9802,107199.0,1944-08-07,15,GERMANY,SOUTH SYNTHETIC OR,SYNTHETIC OIL REFINERIES,50.28,18.65,B24,4.0,24.0,210.0,57.0,,,57.0,F.F.F.
9846,107203.0,1944-08-07,8,POLAND,OIL REFINERY,OIL REFINERIES,50.17,19.48,B17,4.0,10.0,206.0,20.0,,,20.0,VISUAL
9842,107204.0,1944-08-07,8,POLAND,OIL REFINERY,OIL REFINERIES,50.17,19.48,B17,4.0,6.0,219.0,12.0,,,12.0,VISUAL
9848,107205.0,1944-08-07,8,POLAND,OIL REFINERY,OIL REFINERIES,50.17,19.48,B17,4.0,11.0,196.0,21.0,,,21.0,VISUAL
9812,107206.0,1944-08-07,9,FRANCE,SHIPPING,SHIPS,48.4,-4.5,B26,,,119.0,49.0,,,49.0,VISUAL
9818,107214.0,1944-08-07,9,FRANCE,COASTAL DEFENSES,TACTICAL TARGETS: (UNIDENTIFIED OR NOT LISTED BELOW),48.67,-2.07,B26,,,30.0,,6.0,,6.0,NOT INDICATED
9830,107215.0,1944-08-07,9,FRANCE,COASTAL DEFENSES,TACTICAL TARGETS: (UNIDENTIFIED OR NOT LISTED BELOW),48.67,-2.07,B26,,,,16.0,,,16.0,NOT INDICATED
9819,107216.0,1944-08-07,9,FRANCE,COASTAL DEFENSES,TACTICAL TARGETS: (UNIDENTIFIED OR NOT LISTED BELOW),48.67,-2.07,B26,,,30.0,33.0,,,33.0,NOT INDICATED
9820,107217.0,1944-08-07,9,FRANCE,COASTAL DEFENSES,TACTICAL TARGETS: (UNIDENTIFIED OR NOT LISTED BELOW),48.67,-2.07,B26,,,30.0,3.0,,,3.0,NOT INDICATED
9824,107221.0,1944-08-07,9,FRANCE,AMMO DUMPS,SUPPLY DUMPS AND WAREHOUSES,47.22,-1.53,B26,,,11.0,20.0,,,20.0,VISUAL
9833,107222.0,1944-08-07,9,FRANCE,GUN POSITION,GUN EMPLACEMENTS,47.0,4.67,B26,,,,8.0,,,8.0,VISUAL
9814,107229.0,1944-08-07,9,FRANCE,UNIDENTIFIED TARGET,UNIDENTIFIED TARGETS,48.67,-2.07,B26,,,100.0,,4.0,,4.0,F.F.F.
9852,107232.0,1944-08-07,8,FRANCE,UNIDENTIFIED TARGET,UNIDENTIFIED TARGETS,48.25,8.0,B17,2.0,1.0,,3.0,,,3.0,NOT INDICATED
9853,171003.0,1944-08-07,8,FRANCE,UNIDENTIFIED TARGET,UNIDENTIFIED TARGETS,48.25,8.0,B17,2.0,1.0,,3.0,,,3.0,NOT INDICATED
9815,171004.0,1944-08-07,9,FRANCE,UNIDENTIFIED TARGET,UNIDENTIFIED TARGETS,48.67,-2.07,B26,,,100.0,,4.0,,4.0,F.F.F.
9854,171009.0,1944-08-07,8,FRANCE,UNIDENTIFIED TARGET,UNIDENTIFIED TARGETS,48.25,8.0,B17,2.0,1.0,,3.0,,,3.0,NOT INDICATED
9841,171026.0,1944-08-07,8,FRANCE,OIL DUMP,OIL STORAGE FACILITIES AND OTHER OIL INSTALLATIONS,50.52,1.8,B24,4.0,23.0,220.0,69.0,,,69.0,VISUAL
9839,171034.0,1944-08-07,8,FRANCE,OIL STORAGE,OIL STORAGE FACILITIES AND OTHER OIL INSTALLATIONS,43.43,1.0,B17,4.0,12.0,225.0,30.0,,,30.0,VISUAL
9845,171035.0,1944-08-07,8,FRANCE,OIL STORAGE,OIL STORAGE FACILITIES AND OTHER OIL INSTALLATIONS,43.43,1.0,B17,4.0,12.0,214.0,30.0,,,30.0,VISUAL
9837,171036.0,1944-08-07,8,FRANCE,OIL STORAGE,OIL STORAGE FACILITIES AND OTHER OIL INSTALLATIONS,43.43,1.0,B17,4.0,4.0,236.0,19.0,,,19.0,VISUAL
9600,171038.0,1944-08-07,15,GERMANY,OIL REFINERY SYNTHETIC,SYNTHETIC OIL REFINERIES,50.33,18.3,B24,4.0,27.0,210.0,58.0,,,58.0,NOT INDICATED
9595,171039.0,1944-08-07,15,GERMANY,OIL REFINERY SYNTHETIC,SYNTHETIC OIL REFINERIES,50.33,18.3,B17,4.0,24.0,220.0,60.0,,,60.0,F.F.F.
9801,171040.0,1944-08-07,15,GERMANY,OIL REFINERY SYNTHETIC,SYNTHETIC OIL REFINERIES,50.33,18.3,B24,4.0,19.0,210.0,48.0,,,48.0,NOT INDICATED
9807,171041.0,1944-08-07,15,GERMANY,OIL REFINERY SYNTHETIC,SYNTHETIC OIL REFINERIES,50.33,18.3,B24,4.0,26.0,200.0,65.0,,,65.0,VISUAL
9593,171042.0,1944-08-07,15,GERMANY,OIL REFINERY SYNTHETIC,SYNTHETIC OIL REFINERIES,50.33,18.3,B24,4.0,19.0,220.0,47.0,,,47.0,NOT INDICATED
9590,171043.0,1944-08-07,15,GERMANY,OIL REFINERY SYNTHETIC,SYNTHETIC OIL REFINERIES,50.33,18.3,B24,4.0,24.0,226.0,60.0,,,60.0,F.F.F.
9587,171044.0,1944-08-07,15,GERMANY,OIL REFINERY SYNTHETIC,SYNTHETIC OIL REFINERIES,50.33,18.3,B17,4.0,26.0,227.0,65.0,,,65.0,NOT INDICATED
9579,171045.0,1944-08-07,15,GERMANY,OIL REFINERY SYNTHETIC,SYNTHETIC OIL REFINERIES,50.33,18.3,B17,4.0,22.0,268.0,42.0,,,42.0,NOT INDICATED
9597,171046.0,1944-08-07,15,GERMANY,OIL REFINERY SYNTHETIC,SYNTHETIC OIL REFINERIES,50.33,18.3,B24,4.0,23.0,215.0,54.0,,,54.0,F.F.F.
9591,171047.0,1944-08-07,15,GERMANY,OIL REFINERY SYNTHETIC,SYNTHETIC OIL REFINERIES,50.33,18.3,B24,4.0,25.0,226.0,60.0,,,60.0,NOT INDICATED
9805,171048.0,1944-08-07,15,GERMANY,OIL REFINERY SYNTHETIC,SYNTHETIC OIL REFINERIES,50.33,18.3,B24,4.0,28.0,209.0,67.0,,,67.0,NOT INDICATED
9583,171049.0,1944-08-07,15,GERMANY,OIL REFINERY SYNTHETIC,SYNTHETIC OIL REFINERIES,50.33,18.3,B24,4.0,20.0,240.0,37.0,,,37.0,F.F.F.
9581,171050.0,1944-08-07,15,GERMANY,OIL STORAGE TANKS,OIL STORAGE FACILITIES AND OTHER OIL INSTALLATIONS,50.33,18.3,B17,4.0,25.0,260.0,50.0,,,50.0,NOT INDICATED
9585,171051.0,1944-08-07,15,GERMANY,OIL STORAGE TANKS,OIL STORAGE FACILITIES AND OTHER OIL INSTALLATIONS,50.33,18.3,B17,4.0,26.0,240.0,52.0,,,52.0,F.F.F.
9803,171052.0,1944-08-07,15,GERMANY,SOUTH SYNTHETIC OR,SYNTHETIC OIL REFINERIES,50.28,18.65,B24,4.0,24.0,210.0,57.0,,,57.0,F.F.F.
9847,171054.0,1944-08-07,8,POLAND,OIL REFINERY,OIL REFINERIES,50.17,19.48,B17,4.0,10.0,206.0,20.0,,,20.0,VISUAL
9843,171055.0,1944-08-07,8,POLAND,OIL REFINERY,OIL REFINERIES,50.17,19.48,B17,4.0,6.0,219.0,12.0,,,12.0,VISUAL
9849,171056.0,1944-08-07,8,POLAND,OIL REFINERY,OIL REFINERIES,50.17,19.48,B17,4.0,11.0,196.0,21.0,,,21.0,VISUAL
9817,210119.0,1944-08-07,9,FRANCE,BRIDGE,BRIDGES,48.49,3.5,B26,,,100.0,28.0,,,28.0,VISUAL
9809,210121.0,1944-08-07,12,FRANCE,RR BRIDGE,BRIDGES,48.44,-2.07,B25,4.0,19.0,105.0,37.0,,,37.0,NOT INDICATED
9813,210124.0,1944-08-07,9,FRANCE,SHIPPING,SHIPS,48.4,-4.5,B26,,,119.0,49.0,,,49.0,VISUAL
9827,210135.0,1944-08-07,9,FRANCE,COASTAL DEFENSES,TACTICAL TARGETS: (UNIDENTIFIED OR NOT LISTED BELOW),48.67,-2.07,B26,,,3.0,,6.0,,6.0,NOT INDICATED
9831,210136.0,1944-08-07,9,FRANCE,COASTAL DEFENSES,TACTICAL TARGETS: (UNIDENTIFIED OR NOT LISTED BELOW),48.67,-2.07,B26,,,,16.0,,,16.0,NOT INDICATED
9828,210137.0,1944-08-07,9,FRANCE,COASTAL DEFENSES,TACTICAL TARGETS: (UNIDENTIFIED OR NOT LISTED BELOW),48.67,-2.07,B26,,,3.0,33.0,,,33.0,NOT INDICATED
9829,210138.0,1944-08-07,9,FRANCE,COASTAL DEFENSES,TACTICAL TARGETS: (UNIDENTIFIED OR NOT LISTED BELOW),48.67,-2.07,B26,,,3.0,3.0,,,3.0,NOT INDICATED
9834,210139.0,1944-08-07,9,FRANCE,GUN POSITION,GUN EMPLACEMENTS,47.0,4.67,B26,,,,8.0,,,8.0,VISUAL
9825,210141.0,1944-08-07,9,FRANCE,AMMO DUMPS,SUPPLY DUMPS AND WAREHOUSES,47.22,-1.53,B26,,,11.0,20.0,,,20.0,VISUAL
9821,210148.0,1944-08-07,9,FRANCE,COASTAL DEFENSES,TACTICAL TARGETS: (UNIDENTIFIED OR NOT LISTED BELOW),48.67,-2.07,B26,,,30.0,,6.0,,6.0,NOT INDICATED
9832,210149.0,1944-08-07,9,FRANCE,COASTAL DEFENSES,TACTICAL TARGETS: (UNIDENTIFIED OR NOT LISTED BELOW),48.67,-2.07,B26,,,,16.0,,,16.0,NOT INDICATED
9822,210150.0,1944-08-07,9,FRANCE,COASTAL DEFENSES,TACTICAL TARGETS: (UNIDENTIFIED OR NOT LISTED BELOW),48.67,-2.07,B26,,,30.0,33.0,,,33.0,NOT INDICATED
9823,210151.0,1944-08-07,9,FRANCE,COASTAL DEFENSES,TACTICAL TARGETS: (UNIDENTIFIED OR NOT LISTED BELOW),48.67,-2.07,B26,,,30.0,3.0,,,3.0,NOT INDICATED
9826,210155.0,1944-08-07,9,FRANCE,AMMO DUMPS,SUPPLY DUMPS AND WAREHOUSES,47.22,-1.53,B26,,,11.0,20.0,,,20.0,VISUAL
9835,210156.0,1944-08-07,9,FRANCE,GUN POSITION,GUN EMPLACEMENTS,47.0,4.67,B26,,,,8.0,,,8.0,VISUAL
10450,107233.0,1944-08-08,8,GERMANY,AC ASSEMBLY,AIRCRAFT FACTORIES AND ASSEMBLY PLANTS,53.55,13.28,B17,4.0,11.0,244.0,28.0,,,28.0,VISUAL
10444,107245.0,1944-08-08,15,FRANCE,RRB,BRIDGES,44.27,4.65,B25,4.0,18.0,100.0,33.0,,,33.0,NOT INDICATED
10442,107246.0,1944-08-08,15,FRANCE,RRB,BRIDGES,44.27,4.65,B25,4.0,19.0,110.0,38.0,,,38.0,NOT INDICATED
10448,107247.0,1944-08-08,9,FRANCE,RR BRIDGE,BRIDGES,44.57,-0.27,B26,,,,4.0,,,4.0,VISUAL
10446,107248.0,1944-08-08,9,FRANCE,RR BRIDGE,BRIDGES,44.57,-0.27,B26,,,112.0,63.0,,,63.0,VISUAL
10491,107284.0,1944-08-08,8,FRANCE,TROOP CONCENTRATION,TROOP CONCENTRATIONS,49.03,-0.27,B17,4.0,11.0,141.0,,,41.0,41.0,VISUAL
10706,107285.0,1944-08-08,8,FRANCE,TROOP CONCENTRATION,TROOP CONCENTRATIONS,49.03,-0.27,B17,4.0,1.0,136.0,,,4.0,4.0,VISUAL
10470,107286.0,1944-08-08,8,FRANCE,TROOP CONCENTRATION,TROOP CONCENTRATIONS,49.03,-0.27,B17,4.0,13.0,146.0,,,48.0,48.0,VISUAL
10492,107287.0,1944-08-08,8,FRANCE,TROOP CONCENTRATION,TROOP CONCENTRATIONS,49.03,-0.27,B17,4.0,12.0,141.0,,,45.0,45.0,VISUAL
10724,107288.0,1944-08-08,8,FRANCE,TROOP CONCENTRATION,TROOP CONCENTRATIONS,49.03,-0.27,B17,4.0,12.0,130.0,,,45.0,45.0,VISUAL
10458,107289.0,1944-08-08,8,FRANCE,TROOP CONCENTRATION,TROOP CONCENTRATIONS,49.03,-0.27,B17,4.0,12.0,151.0,,,45.0,45.0,VISUAL
10455,107290.0,1944-08-08,8,FRANCE,TROOP CONCENTRATION,TROOP CONCENTRATIONS,49.03,-0.27,B17,4.0,12.0,152.0,23.0,,,23.0,VISUAL
10488,107291.0,1944-08-08,8,FRANCE,TROOP CONCENTRATION,TROOP CONCENTRATIONS,49.03,-0.27,B17,4.0,11.0,142.0,21.0,,,21.0,VISUAL
10718,107292.0,1944-08-08,8,FRANCE,TROOP CONCENTRATION,TROOP CONCENTRATIONS,49.03,-0.27,B17,4.0,2.0,132.0,4.0,,,4.0,VISUAL
10482,107293.0,1944-08-08,8,FRANCE,TROOP CONCENTRATION,TROOP CONCENTRATIONS,49.03,-0.27,B17,4.0,11.0,143.0,21.0,,,21.0,VISUAL
10715,107294.0,1944-08-08,8,FRANCE,TROOP CONCENTRATION,TROOP CONCENTRATIONS,49.03,-0.27,B17,4.0,12.0,133.0,23.0,,,23.0,VISUAL
10497,107295.0,1944-08-08,8,FRANCE,TROOP CONCENTRATION,TROOP CONCENTRATIONS,49.03,-0.27,B17,4.0,14.0,140.0,26.0,,,26.0,VISUAL
10461,107296.0,1944-08-08,8,FRANCE,TROOP CONCENTRATION,TROOP CONCENTRATIONS,49.03,-0.27,B17,4.0,14.0,150.0,26.0,,,26.0,VISUAL
10476,107297.0,1944-08-08,8,FRANCE,TROOP CONCENTRATION,TROOP CONCENTRATIONS,49.03,-0.27,B17,4.0,11.0,144.0,,,41.0,41.0,VISUAL
10707,107298.0,1944-08-08,8,FRANCE,TROOP CONCENTRATION,TROOP CONCENTRATIONS,49.03,-0.27,B17,4.0,12.0,136.0,,,45.0,45.0,VISUAL
10719,107299.0,1944-08-08,8,FRANCE,TROOP CONCENTRATION,TROOP CONCENTRATIONS,49.03,-0.27,B17,4.0,13.0,132.0,,,49.0,49.0,VISUAL
10477,107300.0,1944-08-08,8,FRANCE,TROOP CONCENTRATION,TROOP CONCENTRATIONS,49.03,-0.27,B17,4.0,9.0,144.0,17.0,,,17.0,VISUAL
10703,107301.0,1944-08-08,8,FRANCE,TROOP CONCENTRATION,TROOP CONCENTRATIONS,49.03,-0.27,B17,4.0,11.0,138.0,21.0,,,21.0,VISUAL
10473,107302.0,1944-08-08,8,FRANCE,TROOP CONCENTRATION,TROOP CONCENTRATIONS,49.03,-0.27,B17,4.0,12.0,145.0,,,45.0,45.0,VISUAL
10462,107303.0,1944-08-08,8,FRANCE,TROOP CONCENTRATION,TROOP CONCENTRATIONS,49.03,-0.27,B17,4.0,12.0,150.0,,,43.0,43.0,VISUAL
10498,107304.0,1944-08-08,8,FRANCE,TROOP CONCENTRATION,TROOP CONCENTRATIONS,49.03,-0.27,B17,4.0,12.0,140.0,,,45.0,45.0,VISUAL
10463,107305.0,1944-08-08,8,FRANCE,TROOP CONCENTRATION,TROOP CONCENTRATIONS,49.03,-0.27,B17,4.0,11.0,150.0,20.0,,,20.0,VISUAL
10712,107306.0,1944-08-08,8,FRANCE,TROOP CONCENTRATION,TROOP CONCENTRATIONS,49.03,-0.27,B17,4.0,12.0,134.0,22.0,,,22.0,VISUAL
10453,107332.0,1944-08-08,8,FRANCE,UNIDENTIFED TARGET,UNIDENTIFIED TARGETS,50.55,2.06,B24,4.0,5.0,232.0,11.0,,,11.0,VISUAL
10451,171068.0,1944-08-08,8,GERMANY,AC ASSEMBLY,AIRCRAFT FACTORIES AND ASSEMBLY PLANTS,53.55,13.28,B17,4.0,11.0,244.0,28.0,,,28.0,VISUAL
10454,171074.0,1944-08-08,8,FRANCE,UNIDENTIFED TARGET,UNIDENTIFIED TARGETS,50.55,2.06,B24,4.0,5.0,232.0,11.0,,,11.0,VISUAL
10731,171078.0,1944-08-08,8,FRANCE,UNIDENTIFIED TARGET,UNIDENTIFIED TARGETS,49.03,-0.52,B17,2.0,,,30.0,,,30.0,NOT INDICATED
10727,171079.0,1944-08-08,8,FRANCE,UNIDENTIFIED TARGET,UNIDENTIFIED TARGETS,49.03,-0.52,B17,2.0,10.0,112.0,10.0,,,10.0,VISUAL
10452,171093.0,1944-08-08,8,FRANCE,UNIDENTIFED TARGET,UNIDENTIFIED TARGETS,50.55,2.06,B24,4.0,5.0,232.0,11.0,,,11.0,VISUAL
10732,171097.0,1944-08-08,8,FRANCE,UNIDENTIFIED TARGET,UNIDENTIFIED TARGETS,49.03,-0.52,B17,2.0,,,30.0,,,30.0,NOT INDICATED
10728,171098.0,1944-08-08,8,FRANCE,UNIDENTIFIED TARGET,UNIDENTIFIED TARGETS,49.03,-0.52,B17,2.0,10.0,112.0,10.0,,,10.0,VISUAL
10445,210178.0,1944-08-08,15,FRANCE,RRB,BRIDGES,44.27,4.65,B25,4.0,18.0,100.0,33.0,,,33.0,NOT INDICATED
10443,210179.0,1944-08-08,15,FRANCE,RRB,BRIDGES,44.27,4.65,B25,4.0,19.0,110.0,38.0,,,38.0,NOT INDICATED
10449,210180.0,1944-08-08,9,FRANCE,RR BRIDGE,BRIDGES,44.57,-0.27,B26,,,,4.0,,,4.0,VISUAL
10447,210181.0,1944-08-08,9,FRANCE,RR BRIDGE,BRIDGES,44.57,-0.27,B26,,,112.0,63.0,,,63.0,VISUAL
10493,210231.0,1944-08-08,8,FRANCE,TROOP CONCENTRATION,TROOP CONCENTRATIONS,49.03,-0.27,B17,4.0,11.0,141.0,,,41.0,41.0,VISUAL
10708,210232.0,1944-08-08,8,FRANCE,TROOP CONCENTRATION,TROOP CONCENTRATIONS,49.03,-0.27,B17,4.0,1.0,136.0,,,4.0,4.0,VISUAL
10471,210233.0,1944-08-08,8,FRANCE,TROOP CONCENTRATION,TROOP CONCENTRATIONS,49.03,-0.27,B17,4.0,13.0,146.0,,,48.0,48.0,VISUAL
10494,210234.0,1944-08-08,8,FRANCE,TROOP CONCENTRATION,TROOP CONCENTRATIONS,49.03,-0.27,B17,4.0,12.0,141.0,,,45.0,45.0,VISUAL
10725,210235.0,1944-08-08,8,FRANCE,TROOP CONCENTRATION,TROOP CONCENTRATIONS,49.03,-0.27,B17,4.0,12.0,130.0,,,45.0,45.0,VISUAL
10459,210236.0,1944-08-08,8,FRANCE,TROOP CONCENTRATION,TROOP CONCENTRATIONS,49.03,-0.27,B17,4.0,12.0,151.0,,,45.0,45.0,VISUAL
10456,210237.0,1944-08-08,8,FRANCE,TROOP CONCENTRATION,TROOP CONCENTRATIONS,49.03,-0.27,B17,4.0,12.0,152.0,23.0,,,23.0,VISUAL
10489,210238.0,1944-08-08,8,FRANCE,TROOP CONCENTRATION,TROOP CONCENTRATIONS,49.03,-0.27,B17,4.0,11.0,142.0,21.0,,,21.0,VISUAL
10720,210239.0,1944-08-08,8,FRANCE,TROOP CONCENTRATION,TROOP CONCENTRATIONS,49.03,-0.27,B17,4.0,2.0,132.0,4.0,,,4.0,VISUAL
10483,210240.0,1944-08-08,8,FRANCE,TROOP CONCENTRATION,TROOP CONCENTRATIONS,49.03,-0.27,B17,4.0,11.0,143.0,21.0,,,21.0,VISUAL
10716,210241.0,1944-08-08,8,FRANCE,TROOP CONCENTRATION,TROOP CONCENTRATIONS,49.03,-0.27,B17,4.0,12.0,133.0,23.0,,,23.0,VISUAL
10499,210242.0,1944-08-08,8,FRANCE,TROOP CONCENTRATION,TROOP CONCENTRATIONS,49.03,-0.27,B17,4.0,14.0,140.0,26.0,,,26.0,VISUAL
10464,210243.0,1944-08-08,8,FRANCE,TROOP CONCENTRATION,TROOP CONCENTRATIONS,49.03,-0.27,B17,4.0,14.0,150.0,26.0,,,26.0,VISUAL
10478,210244.0,1944-08-08,8,FRANCE,TROOP CONCENTRATION,TROOP CONCENTRATIONS,49.03,-0.27,B17,4.0,11.0,144.0,,,41.0,41.0,VISUAL
10709,210245.0,1944-08-08,8,FRANCE,TROOP CONCENTRATION,TROOP CONCENTRATIONS,49.03,-0.27,B17,4.0,12.0,136.0,,,45.0,45.0,VISUAL
10721,210246.0,1944-08-08,8,FRANCE,TROOP CONCENTRATION,TROOP CONCENTRATIONS,49.03,-0.27,B17,4.0,13.0,132.0,,,49.0,49.0,VISUAL
10479,210247.0,1944-08-08,8,FRANCE,TROOP CONCENTRATION,TROOP CONCENTRATIONS,49.03,-0.27,B17,4.0,9.0,144.0,17.0,,,17.0,VISUAL
10704,210248.0,1944-08-08,8,FRANCE,TROOP CONCENTRATION,TROOP CONCENTRATIONS,49.03,-0.27,B17,4.0,11.0,138.0,21.0,,,21.0,VISUAL
10474,210249.0,1944-08-08,8,FRANCE,TROOP CONCENTRATION,TROOP CONCENTRATIONS,49.03,-0.27,B17,4.0,12.0,145.0,,,45.0,45.0,VISUAL
10465,210250.0,1944-08-08,8,FRANCE,TROOP CONCENTRATION,TROOP CONCENTRATIONS,49.03,-0.27,B17,4.0,12.0,150.0,,,43.0,43.0,VISUAL
10500,210251.0,1944-08-08,8,FRANCE,TROOP CONCENTRATION,TROOP CONCENTRATIONS,49.03,-0.27,B17,4.0,12.0,140.0,,,45.0,45.0,VISUAL
10466,210252.0,1944-08-08,8,FRANCE,TROOP CONCENTRATION,TROOP CONCENTRATIONS,49.03,-0.27,B17,4.0,11.0,150.0,20.0,,,20.0,VISUAL
10713,210253.0,1944-08-08,8,FRANCE,TROOP CONCENTRATION,TROOP CONCENTRATIONS,49.03,-0.27,B17,4.0,12.0,134.0,22.0,,,22.0,VISUAL
10495,210274.0,1944-08-08,8,FRANCE,TROOP CONCENTRATION,TROOP CONCENTRATIONS,49.03,-0.27,B17,4.0,11.0,141.0,,,41.0,41.0,VISUAL
10710,210275.0,1944-08-08,8,FRANCE,TROOP CONCENTRATION,TROOP CONCENTRATIONS,49.03,-0.27,B17,4.0,1.0,136.0,,,4.0,4.0,VISUAL
10472,210276.0,1944-08-08,8,FRANCE,TROOP CONCENTRATION,TROOP CONCENTRATIONS,49.03,-0.27,B17,4.0,13.0,146.0,,,48.0,48.0,VISUAL
10496,210277.0,1944-08-08,8,FRANCE,TROOP CONCENTRATION,TROOP CONCENTRATIONS,49.03,-0.27,B17,4.0,12.0,141.0,,,45.0,45.0,VISUAL
10726,210278.0,1944-08-08,8,FRANCE,TROOP CONCENTRATION,TROOP CONCENTRATIONS,49.03,-0.27,B17,4.0,12.0,130.0,,,45.0,45.0,VISUAL
10460,210279.0,1944-08-08,8,FRANCE,TROOP CONCENTRATION,TROOP CONCENTRATIONS,49.03,-0.27,B17,4.0,12.0,151.0,,,45.0,45.0,VISUAL
10457,210280.0,1944-08-08,8,FRANCE,TROOP CONCENTRATION,TROOP CONCENTRATIONS,49.03,-0.27,B17,4.0,12.0,152.0,23.0,,,23.0,VISUAL
10490,210281.0,1944-08-08,8,FRANCE,TROOP CONCENTRATION,TROOP CONCENTRATIONS,49.03,-0.27,B17,4.0,11.0,142.0,21.0,,,21.0,VISUAL
10722,210282.0,1944-08-08,8,FRANCE,TROOP CONCENTRATION,TROOP CONCENTRATIONS,49.03,-0.27,B17,4.0,2.0,132.0,4.0,,,4.0,VISUAL
10484,210283.0,1944-08-08,8,FRANCE,TROOP CONCENTRATION,TROOP CONCENTRATIONS,49.03,-0.27,B17,4.0,11.0,143.0,21.0,,,21.0,VISUAL
10717,210284.0,1944-08-08,8,FRANCE,TROOP CONCENTRATION,TROOP CONCENTRATIONS,49.03,-0.27,B17,4.0,12.0,133.0,23.0,,,23.0,VISUAL
10701,210285.0,1944-08-08,8,FRANCE,TROOP CONCENTRATION,TROOP CONCENTRATIONS,49.03,-0.27,B17,4.0,14.0,140.0,26.0,,,26.0,VISUAL
10467,210286.0,1944-08-08,8,FRANCE,TROOP CONCENTRATION,TROOP CONCENTRATIONS,49.03,-0.27,B17,4.0,14.0,150.0,26.0,,,26.0,VISUAL
10480,210287.0,1944-08-08,8,FRANCE,TROOP CONCENTRATION,TROOP CONCENTRATIONS,49.03,-0.27,B17,4.0,11.0,144.0,,,41.0,41.0,VISUAL
10711,210288.0,1944-08-08,8,FRANCE,TROOP CONCENTRATION,TROOP CONCENTRATIONS,49.03,-0.27,B17,4.0,12.0,136.0,,,45.0,45.0,VISUAL
10723,210289.0,1944-08-08,8,FRANCE,TROOP CONCENTRATION,TROOP CONCENTRATIONS,49.03,-0.27,B17,4.0,13.0,132.0,,,49.0,49.0,VISUAL
10481,210290.0,1944-08-08,8,FRANCE,TROOP CONCENTRATION,TROOP CONCENTRATIONS,49.03,-0.27,B17,4.0,9.0,144.0,17.0,,,17.0,VISUAL
10705,210291.0,1944-08-08,8,FRANCE,TROOP CONCENTRATION,TROOP CONCENTRATIONS,49.03,-0.27,B17,4.0,11.0,138.0,21.0,,,21.0,VISUAL
10475,210292.0,1944-08-08,8,FRANCE,TROOP CONCENTRATION,TROOP CONCENTRATIONS,49.03,-0.27,B17,4.0,12.0,145.0,,,45.0,45.0,VISUAL
10468,210293.0,1944-08-08,8,FRANCE,TROOP CONCENTRATION,TROOP CONCENTRATIONS,49.03,-0.27,B17,4.0,12.0,150.0,,,43.0,43.0,VISUAL
10702,210294.0,1944-08-08,8,FRANCE,TROOP CONCENTRATION,TROOP CONCENTRATIONS,49.03,-0.27,B17,4.0,12.0,140.0,,,45.0,45.0,VISUAL
10469,210295.0,1944-08-08,8,FRANCE,TROOP CONCENTRATION,TROOP CONCENTRATIONS,49.03,-0.27,B17,4.0,11.0,150.0,20.0,,,20.0,VISUAL
10714,210296.0,1944-08-08,8,FRANCE,TROOP CONCENTRATION,TROOP CONCENTRATIONS,49.03,-0.27,B17,4.0,12.0,134.0,22.0,,,22.0,VISUAL
11658,107345.0,1944-08-09,8,GERMANY,JUNKERS AERO ENGINE,ENGINE PLANTS,51.75,11.88,B17,2.0,1.0,,3.0,,,3.0,NOT INDICATED
11638,107361.0,1944-08-09,9,FRANCE,SHIPPING,SHIPS,48.4,-4.5,B26,,,110.0,70.0,,,70.0,VISUAL
11636,107362.0,1944-08-09,9,FRANCE,SHIPPING,SHIPS,48.4,-4.5,B26,,,127.0,51.0,,,51.0,VISUAL
11646,107369.0,1944-08-09,8,BELGIUM,BARRACKS AND TROOPS,TACTICAL TARGETS: (UNIDENTIFIED OR NOT LISTED BELOW),50.45,6.22,B17,2.0,11.0,213.0,28.0,,,28.0,VISUAL
11655,107370.0,1944-08-09,8,BELGIUM,BARRACKS AND TROOPS,TACTICAL TARGETS: (UNIDENTIFIED OR NOT LISTED BELOW),50.45,6.22,B17,2.0,11.0,193.0,23.0,,,23.0,VISUAL
11640,107371.0,1944-08-09,8,BELGIUM,BARRACKS AND TROOPS,TACTICAL TARGETS: (UNIDENTIFIED OR NOT LISTED BELOW),50.45,6.22,B17,2.0,2.0,230.0,5.0,,,5.0,VISUAL
11643,107372.0,1944-08-09,8,BELGIUM,BARRACKS AND TROOPS,TACTICAL TARGETS: (UNIDENTIFIED OR NOT LISTED BELOW),50.45,6.22,B17,2.0,11.0,220.0,,28.0,,28.0,VISUAL
11649,107373.0,1944-08-09,8,BELGIUM,BARRACKS AND TROOPS,TACTICAL TARGETS: (UNIDENTIFIED OR NOT LISTED BELOW),50.45,6.22,B17,2.0,11.0,205.0,28.0,,,28.0,VISUAL
11652,107374.0,1944-08-09,8,BELGIUM,BARRACKS AND TROOPS,TACTICAL TARGETS: (UNIDENTIFIED OR NOT LISTED BELOW),50.45,6.22,B17,2.0,9.0,200.0,23.0,,,23.0,VISUAL
11659,171115.0,1944-08-09,8,GERMANY,JUNKERS AERO ENGINE,ENGINE PLANTS,51.75,11.88,B17,2.0,1.0,,3.0,,,3.0,NOT INDICATED
11660,171156.0,1944-08-09,8,GERMANY,JUNKERS AERO ENGINE,ENGINE PLANTS,51.75,11.88,B17,2.0,1.0,,3.0,,,3.0,NOT INDICATED
11639,210344.0,1944-08-09,9,FRANCE,SHIPPING,SHIPS,48.4,-4.5,B26,,,110.0,70.0,,,70.0,VISUAL
11637,210345.0,1944-08-09,9,FRANCE,SHIPPING,SHIPS,48.4,-4.5,B26,,,127.0,51.0,,,51.0,VISUAL
11647,210360.0,1944-08-09,8,BELGIUM,BARRACKS AND TROOPS,TACTICAL TARGETS: (UNIDENTIFIED OR NOT LISTED BELOW),50.45,6.22,B17,2.0,11.0,213.0,28.0,,,28.0,VISUAL
11656,210361.0,1944-08-09,8,BELGIUM,BARRACKS AND TROOPS,TACTICAL TARGETS: (UNIDENTIFIED OR NOT LISTED BELOW),50.45,6.22,B17,2.0,11.0,193.0,23.0,,,23.0,VISUAL
11641,210362.0,1944-08-09,8,BELGIUM,BARRACKS AND TROOPS,TACTICAL TARGETS: (UNIDENTIFIED OR NOT LISTED BELOW),50.45,6.22,B17,2.0,2.0,230.0,5.0,,,5.0,VISUAL
11644,210363.0,1944-08-09,8,BELGIUM,BARRACKS AND TROOPS,TACTICAL TARGETS: (UNIDENTIFIED OR NOT LISTED BELOW),50.45,6.22,B17,2.0,11.0,220.0,,28.0,,28.0,VISUAL
11650,210364.0,1944-08-09,8,BELGIUM,BARRACKS AND TROOPS,TACTICAL TARGETS: (UNIDENTIFIED OR NOT LISTED BELOW),50.45,6.22,B17,2.0,11.0,205.0,28.0,,,28.0,VISUAL
11653,210365.0,1944-08-09,8,BELGIUM,BARRACKS AND TROOPS,TACTICAL TARGETS: (UNIDENTIFIED OR NOT LISTED BELOW),50.45,6.22,B17,2.0,9.0,200.0,23.0,,,23.0,VISUAL
11648,210370.0,1944-08-09,8,BELGIUM,BARRACKS AND TROOPS,TACTICAL TARGETS: (UNIDENTIFIED OR NOT LISTED BELOW),50.45,6.22,B17,2.0,11.0,213.0,28.0,,,28.0,VISUAL
11657,210371.0,1944-08-09,8,BELGIUM,BARRACKS AND TROOPS,TACTICAL TARGETS: (UNIDENTIFIED OR NOT LISTED BELOW),50.45,6.22,B17,2.0,11.0,193.0,23.0,,,23.0,VISUAL
11642,210372.0,1944-08-09,8,BELGIUM,BARRACKS AND TROOPS,TACTICAL TARGETS: (UNIDENTIFIED OR NOT LISTED BELOW),50.45,6.22,B17,2.0,2.0,230.0,5.0,,,5.0,VISUAL
11645,210373.0,1944-08-09,8,BELGIUM,BARRACKS AND TROOPS,TACTICAL TARGETS: (UNIDENTIFIED OR NOT LISTED BELOW),50.45,6.22,B17,2.0,11.0,220.0,,28.0,,28.0,VISUAL
11651,210374.0,1944-08-09,8,BELGIUM,BARRACKS AND TROOPS,TACTICAL TARGETS: (UNIDENTIFIED OR NOT LISTED BELOW),50.45,6.22,B17,2.0,11.0,205.0,28.0,,,28.0,VISUAL
11654,210375.0,1944-08-09,8,BELGIUM,BARRACKS AND TROOPS,TACTICAL TARGETS: (UNIDENTIFIED OR NOT LISTED BELOW),50.45,6.22,B17,2.0,9.0,200.0,23.0,,,23.0,VISUAL
12554,107407.0,1944-08-10,8,FRANCE,OIL STORAGE,OIL STORAGE FACILITIES AND OTHER OIL INSTALLATIONS,49.02,1.38,B24,4.0,30.0,195.0,75.0,,,75.0,VISUAL
12539,107412.0,1944-08-10,9,FRANCE,BRIDGE,BRIDGES,48.49,3.5,B26,,,110.0,47.0,,,47.0,VISUAL
12535,107433.0,1944-08-10,9,FRANCE,AMMO DUMP,SUPPLY DUMPS AND WAREHOUSES,49.53,0.73,B26,,,110.0,,,,,F.F.F.
12545,107434.0,1944-08-10,9,FRANCE,AMMO DUMP,SUPPLY DUMPS AND WAREHOUSES,49.53,0.73,B26,,,,,,,,NOT INDICATED
12546,107435.0,1944-08-10,9,FRANCE,AMMO DUMP,SUPPLY DUMPS AND WAREHOUSES,49.53,0.73,B26,,,,36.0,,,36.0,NOT INDICATED
12541,107436.0,1944-08-10,9,FRANCE,AMMO DUMP,SUPPLY DUMPS AND WAREHOUSES,49.53,0.73,B26,,,65.0,,13.0,,13.0,NOT INDICATED
12551,107439.0,1944-08-10,9,GERMANY,TACTICAL TARGET,TACTICAL TARGETS: (UNIDENTIFIED OR NOT LISTED BELOW),52.33,9.0,B26,,,,8.0,,,8.0,VISUAL
12555,171201.0,1944-08-10,8,FRANCE,OIL STORAGE,OIL STORAGE FACILITIES AND OTHER OIL INSTALLATIONS,49.02,1.38,B24,4.0,30.0,195.0,75.0,,,75.0,VISUAL
12540,210388.0,1944-08-10,9,FRANCE,BRIDGE,BRIDGES,48.49,3.5,B26,,,110.0,47.0,,,47.0,VISUAL
12552,210392.0,1944-08-10,9,GERMANY,TACTICAL TARGET,TACTICAL TARGETS: (UNIDENTIFIED OR NOT LISTED BELOW),52.33,9.0,B26,,,,8.0,,,8.0,VISUAL
12544,210395.0,1944-08-10,9,FRANCE,AMMO DUMP,SUPPLY DUMPS AND WAREHOUSES,49.53,0.73,B26,,,11.0,,,,,F.F.F.
12547,210396.0,1944-08-10,9,FRANCE,AMMO DUMP,SUPPLY DUMPS AND WAREHOUSES,49.53,0.73,B26,,,,,,,,NOT INDICATED
12548,210397.0,1944-08-10,9,FRANCE,AMMO DUMP,SUPPLY DUMPS AND WAREHOUSES,49.53,0.73,B26,,,,36.0,,,36.0,NOT INDICATED
12542,210398.0,1944-08-10,9,FRANCE,AMMO DUMP,SUPPLY DUMPS AND WAREHOUSES,49.53,0.73,B26,,,65.0,,13.0,,13.0,NOT INDICATED
12536,210399.0,1944-08-10,9,FRANCE,AMMO DUMP,SUPPLY DUMPS AND WAREHOUSES,49.53,0.73,B26,,,110.0,,,,,F.F.F.
12549,210400.0,1944-08-10,9,FRANCE,AMMO DUMP,SUPPLY DUMPS AND WAREHOUSES,49.53,0.73,B26,,,,,,,,NOT INDICATED
12550,210401.0,1944-08-10,9,FRANCE,AMMO DUMP,SUPPLY DUMPS AND WAREHOUSES,49.53,0.73,B26,,,,36.0,,,36.0,NOT INDICATED
12543,210402.0,1944-08-10,9,FRANCE,AMMO DUMP,SUPPLY DUMPS AND WAREHOUSES,49.53,0.73,B26,,,65.0,,13.0,,13.0,NOT INDICATED
12553,210405.0,1944-08-10,9,GERMANY,TACTICAL TARGET,TACTICAL TARGETS: (UNIDENTIFIED OR NOT LISTED BELOW),52.33,9.0,B26,,,,8.0,,,8.0,VISUAL
13194,107446.0,1944-08-11,8,FRANCE,OIL STORAGE,OIL STORAGE FACILITIES AND OTHER OIL INSTALLATIONS,49.02,1.38,B24,4.0,36.0,129.0,103.0,,,103.0,VISUAL
13185,107453.0,1944-08-11,9,FRANCE,BRIDGE,BRIDGES,49.35,6.0,B26,,,120.0,49.0,,,49.0,NOT INDICATED
13162,107480.0,1944-08-11,9,FRANCE,STRONG POINTS,TACTICAL TARGETS: (UNIDENTIFIED OR NOT LISTED BELOW),48.4,-4.5,B17,4.0,12.0,250.0,35.0,,,35.0,VISUAL
13150,107481.0,1944-08-11,9,FRANCE,STRONG POINTS,TACTICAL TARGETS: (UNIDENTIFIED OR NOT LISTED BELOW),48.4,-4.5,B17,4.0,11.0,254.0,32.0,,,32.0,VISUAL
13111,107482.0,1944-08-11,9,FRANCE,STRONG POINTS,TACTICAL TARGETS: (UNIDENTIFIED OR NOT LISTED BELOW),48.4,-4.5,B17,4.0,13.0,265.0,38.0,,,38.0,VISUAL
13123,107483.0,1944-08-11,9,FRANCE,STRONG POINTS,TACTICAL TARGETS: (UNIDENTIFIED OR NOT LISTED BELOW),48.4,-4.5,B17,4.0,13.0,263.0,39.0,,,39.0,VISUAL
13144,107484.0,1944-08-11,9,FRANCE,STRONG POINTS,TACTICAL TARGETS: (UNIDENTIFIED OR NOT LISTED BELOW),48.4,-4.5,B17,4.0,10.0,255.0,30.0,,,30.0,VISUAL
13112,107485.0,1944-08-11,9,FRANCE,STRONG POINTS,TACTICAL TARGETS: (UNIDENTIFIED OR NOT LISTED BELOW),48.4,-4.5,B17,4.0,12.0,265.0,36.0,,,36.0,VISUAL
13135,107486.0,1944-08-11,9,FRANCE,STRONG POINTS,TACTICAL TARGETS: (UNIDENTIFIED OR NOT LISTED BELOW),48.4,-4.5,B17,4.0,13.0,259.0,50.0,,,50.0,VISUAL
13153,107487.0,1944-08-11,9,FRANCE,STRONG POINTS,TACTICAL TARGETS: (UNIDENTIFIED OR NOT LISTED BELOW),48.4,-4.5,B17,4.0,11.0,253.0,41.0,,,41.0,VISUAL
13113,107488.0,1944-08-11,9,FRANCE,STRONG POINTS,TACTICAL TARGETS: (UNIDENTIFIED OR NOT LISTED BELOW),48.4,-4.5,B17,4.0,12.0,265.0,48.0,,,48.0,VISUAL
13189,107489.0,1944-08-11,9,FRANCE,STRONG POINTS,TACTICAL TARGETS: (UNIDENTIFIED OR NOT LISTED BELOW),48.4,-4.5,B17,4.0,1.0,,3.0,,,3.0,NOT INDICATED
13163,107490.0,1944-08-11,9,FRANCE,STRONG POINTS,TACTICAL TARGETS: (UNIDENTIFIED OR NOT LISTED BELOW),48.4,-4.5,B17,4.0,15.0,250.0,45.0,,,45.0,VISUAL
13164,107491.0,1944-08-11,9,FRANCE,STRONG POINTS,TACTICAL TARGETS: (UNIDENTIFIED OR NOT LISTED BELOW),48.4,-4.5,B17,4.0,12.0,250.0,35.0,,,35.0,VISUAL
13174,107492.0,1944-08-11,9,FRANCE,STRONG POINTS,TACTICAL TARGETS: (UNIDENTIFIED OR NOT LISTED BELOW),48.4,-4.5,B17,4.0,11.0,240.0,33.0,,,33.0,VISUAL
13129,107493.0,1944-08-11,9,FRANCE,STRONG POINTS,TACTICAL TARGETS: (UNIDENTIFIED OR NOT LISTED BELOW),48.4,-4.5,B17,4.0,12.0,260.0,36.0,,,36.0,VISUAL
13130,107494.0,1944-08-11,9,FRANCE,STRONG POINTS,TACTICAL TARGETS: (UNIDENTIFIED OR NOT LISTED BELOW),48.4,-4.5,B17,4.0,12.0,260.0,36.0,,,36.0,VISUAL
13154,107495.0,1944-08-11,9,FRANCE,STRONG POINTS,TACTICAL TARGETS: (UNIDENTIFIED OR NOT LISTED BELOW),48.4,-4.5,B17,4.0,12.0,253.0,36.0,,,36.0,VISUAL
13120,107496.0,1944-08-11,9,FRANCE,STRONG POINTS,TACTICAL TARGETS: (UNIDENTIFIED OR NOT LISTED BELOW),48.4,-4.5,B17,4.0,12.0,264.0,36.0,,,36.0,VISUAL
13136,107497.0,1944-08-11,9,FRANCE,STRONG POINTS,TACTICAL TARGETS: (UNIDENTIFIED OR NOT LISTED BELOW),48.4,-4.5,B17,4.0,12.0,259.0,34.0,,,34.0,VISUAL
13155,107498.0,1944-08-11,9,FRANCE,STRONG POINTS,TACTICAL TARGETS: (UNIDENTIFIED OR NOT LISTED BELOW),48.4,-4.5,B17,4.0,12.0,253.0,36.0,,,36.0,VISUAL
13141,107499.0,1944-08-11,9,FRANCE,STRONG POINTS,TACTICAL TARGETS: (UNIDENTIFIED OR NOT LISTED BELOW),48.4,-4.5,B17,4.0,8.0,257.0,32.0,,,32.0,VISUAL
13145,107500.0,1944-08-11,9,FRANCE,STRONG POINTS,TACTICAL TARGETS: (UNIDENTIFIED OR NOT LISTED BELOW),48.4,-4.5,B17,4.0,9.0,255.0,36.0,,,36.0,VISUAL
13124,107501.0,1944-08-11,9,FRANCE,STRONG POINTS,TACTICAL TARGETS: (UNIDENTIFIED OR NOT LISTED BELOW),48.4,-4.5,B17,4.0,12.0,263.0,36.0,,,36.0,VISUAL
13171,107502.0,1944-08-11,9,FRANCE,STRONG POINTS,TACTICAL TARGETS: (UNIDENTIFIED OR NOT LISTED BELOW),48.4,-4.5,B17,4.0,11.0,249.0,32.0,,,32.0,VISUAL
13108,107503.0,1944-08-11,9,FRANCE,STRONG POINTS,TACTICAL TARGETS: (UNIDENTIFIED OR NOT LISTED BELOW),48.4,-4.5,B17,4.0,19.0,268.0,56.0,,,56.0,VISUAL
13105,107504.0,1944-08-11,12,FRANCE,GUN POSITIONS,GUN EMPLACEMENTS,45.67,6.33,B26,4.0,24.0,107.0,48.0,,,48.0,NOT INDICATED
13177,107516.0,1944-08-11,9,FRANCE,UNIDENTIFIED TARGET,UNIDENTIFIED TARGETS,48.67,-2.07,B26,,,125.0,2.0,,,2.0,F.F.F.
13181,107517.0,1944-08-11,9,FRANCE,UNIDENTIFIED TARGET,UNIDENTIFIED TARGETS,48.67,-2.07,B26,,,120.0,2.0,,,2.0,F.F.F.
13192,107518.0,1944-08-11,9,FRANCE,UNIDENTIFIED TARGET,UNIDENTIFIED TARGETS,48.67,-2.07,B26,,,,28.0,,,28.0,NOT INDICATED
13178,107519.0,1944-08-11,9,FRANCE,UNIDENTIFIED TARGET,UNIDENTIFIED TARGETS,48.67,-2.07,B26,,,125.0,35.0,,,35.0,NOT INDICATED
13182,107520.0,1944-08-11,9,FRANCE,UNIDENTIFIED TARGET,UNIDENTIFIED TARGETS,48.67,-2.07,A20,,,120.0,41.0,,,41.0,VISUAL
13186,107521.0,1944-08-11,9,FRANCE,UNIDENTIFIED TARGET,UNIDENTIFIED TARGETS,49.35,6.0,B26,,,120.0,1.0,,,1.0,F.F.F.
13179,171232.0,1944-08-11,9,FRANCE,UNIDENTIFIED TARGET,UNIDENTIFIED TARGETS,48.67,-2.07,B26,,,125.0,2.0,,,2.0,F.F.F.
13183,171233.0,1944-08-11,9,FRANCE,UNIDENTIFIED TARGET,UNIDENTIFIED TARGETS,48.67,-2.07,B26,,,120.0,2.0,,,2.0,F.F.F.
13193,171234.0,1944-08-11,9,FRANCE,UNIDENTIFIED TARGET,UNIDENTIFIED TARGETS,48.67,-2.07,B26,,,,28.0,,,28.0,NOT INDICATED
13180,171235.0,1944-08-11,9,FRANCE,UNIDENTIFIED TARGET,UNIDENTIFIED TARGETS,48.67,-2.07,B26,,,125.0,35.0,,,35.0,NOT INDICATED
13184,171236.0,1944-08-11,9,FRANCE,UNIDENTIFIED TARGET,UNIDENTIFIED TARGETS,48.67,-2.07,A20,,,120.0,41.0,,,41.0,VISUAL
13187,171237.0,1944-08-11,9,FRANCE,UNIDENTIFIED TARGET,UNIDENTIFIED TARGETS,49.35,6.0,B26,,,120.0,1.0,,,1.0,F.F.F.
13195,171239.0,1944-08-11,8,FRANCE,OIL STORAGE,OIL STORAGE FACILITIES AND OTHER OIL INSTALLATIONS,49.02,1.38,B24,4.0,36.0,129.0,103.0,,,103.0,VISUAL
13102,171247.0,1944-08-11,12,FRANCE,R R,"""RR INSTALLATIONS,  TRACKS,  MARSHALLING YARDS,  AND STATIONS""",47.63,6.87,B17,4.0,13.0,144.0,33.0,,,33.0,VISUAL
13103,171248.0,1944-08-11,12,FRANCE,R R,"""RR INSTALLATIONS,  TRACKS,  MARSHALLING YARDS,  AND STATIONS""",47.63,6.87,B17,4.0,13.0,134.0,33.0,,,33.0,VISUAL
13101,171249.0,1944-08-11,12,FRANCE,R R,"""RR INSTALLATIONS,  TRACKS,  MARSHALLING YARDS,  AND STATIONS""",47.63,6.87,B17,4.0,13.0,147.0,31.0,,,31.0,VISUAL
13104,171250.0,1944-08-11,12,FRANCE,R R,"""RR INSTALLATIONS,  TRACKS,  MARSHALLING YARDS,  AND STATIONS""",47.63,6.87,B17,4.0,13.0,134.0,31.0,,,31.0,VISUAL
12899,171251.0,1944-08-11,12,FRANCE,R R,"""RR INSTALLATIONS,  TRACKS,  MARSHALLING YARDS,  AND STATIONS""",47.63,6.87,B17,4.0,12.0,162.0,30.0,,,30.0,VISUAL
12900,171252.0,1944-08-11,12,FRANCE,R R,"""RR INSTALLATIONS,  TRACKS,  MARSHALLING YARDS,  AND STATIONS""",47.63,6.87,B17,4.0,12.0,149.0,30.0,,,30.0,VISUAL
13188,210408.0,1944-08-11,9,FRANCE,BRIDGE,BRIDGES,49.35,6.0,B26,,,120.0,49.0,,,49.0,NOT INDICATED
13165,210430.0,1944-08-11,9,FRANCE,STRONG POINTS,TACTICAL TARGETS: (UNIDENTIFIED OR NOT LISTED BELOW),48.4,-4.5,B17,4.0,12.0,250.0,35.0,,,35.0,VISUAL
13151,210431.0,1944-08-11,9,FRANCE,STRONG POINTS,TACTICAL TARGETS: (UNIDENTIFIED OR NOT LISTED BELOW),48.4,-4.5,B17,4.0,11.0,254.0,32.0,,,32.0,VISUAL
13114,210432.0,1944-08-11,9,FRANCE,STRONG POINTS,TACTICAL TARGETS: (UNIDENTIFIED OR NOT LISTED BELOW),48.4,-4.5,B17,4.0,13.0,265.0,38.0,,,38.0,VISUAL
13125,210433.0,1944-08-11,9,FRANCE,STRONG POINTS,TACTICAL TARGETS: (UNIDENTIFIED OR NOT LISTED BELOW),48.4,-4.5,B17,4.0,13.0,263.0,39.0,,,39.0,VISUAL
13146,210434.0,1944-08-11,9,FRANCE,STRONG POINTS,TACTICAL TARGETS: (UNIDENTIFIED OR NOT LISTED BELOW),48.4,-4.5,B17,4.0,10.0,255.0,30.0,,,30.0,VISUAL
13115,210435.0,1944-08-11,9,FRANCE,STRONG POINTS,TACTICAL TARGETS: (UNIDENTIFIED OR NOT LISTED BELOW),48.4,-4.5,B17,4.0,12.0,265.0,36.0,,,36.0,VISUAL
13137,210436.0,1944-08-11,9,FRANCE,STRONG POINTS,TACTICAL TARGETS: (UNIDENTIFIED OR NOT LISTED BELOW),48.4,-4.5,B17,4.0,13.0,259.0,50.0,,,50.0,VISUAL
13156,210437.0,1944-08-11,9,FRANCE,STRONG POINTS,TACTICAL TARGETS: (UNIDENTIFIED OR NOT LISTED BELOW),48.4,-4.5,B17,4.0,11.0,253.0,41.0,,,41.0,VISUAL
13116,210438.0,1944-08-11,9,FRANCE,STRONG POINTS,TACTICAL TARGETS: (UNIDENTIFIED OR NOT LISTED BELOW),48.4,-4.5,B17,4.0,12.0,265.0,48.0,,,48.0,VISUAL
13190,210439.0,1944-08-11,9,FRANCE,STRONG POINTS,TACTICAL TARGETS: (UNIDENTIFIED OR NOT LISTED BELOW),48.4,-4.5,B17,4.0,1.0,,3.0,,,3.0,NOT INDICATED
13166,210440.0,1944-08-11,9,FRANCE,STRONG POINTS,TACTICAL TARGETS: (UNIDENTIFIED OR NOT LISTED BELOW),48.4,-4.5,B17,4.0,15.0,250.0,45.0,,,45.0,VISUAL
13167,210441.0,1944-08-11,9,FRANCE,STRONG POINTS,TACTICAL TARGETS: (UNIDENTIFIED OR NOT LISTED BELOW),48.4,-4.5,B17,4.0,12.0,250.0,35.0,,,35.0,VISUAL
13175,210442.0,1944-08-11,9,FRANCE,STRONG POINTS,TACTICAL TARGETS: (UNIDENTIFIED OR NOT LISTED BELOW),48.4,-4.5,B17,4.0,11.0,240.0,33.0,,,33.0,VISUAL
13131,210443.0,1944-08-11,9,FRANCE,STRONG POINTS,TACTICAL TARGETS: (UNIDENTIFIED OR NOT LISTED BELOW),48.4,-4.5,B17,4.0,12.0,260.0,36.0,,,36.0,VISUAL
13132,210444.0,1944-08-11,9,FRANCE,STRONG POINTS,TACTICAL TARGETS: (UNIDENTIFIED OR NOT LISTED BELOW),48.4,-4.5,B17,4.0,12.0,260.0,36.0,,,36.0,VISUAL
13157,210445.0,1944-08-11,9,FRANCE,STRONG POINTS,TACTICAL TARGETS: (UNIDENTIFIED OR NOT LISTED BELOW),48.4,-4.5,B17,4.0,12.0,253.0,36.0,,,36.0,VISUAL
13121,210446.0,1944-08-11,9,FRANCE,STRONG POINTS,TACTICAL TARGETS: (UNIDENTIFIED OR NOT LISTED BELOW),48.4,-4.5,B17,4.0,12.0,264.0,36.0,,,36.0,VISUAL
13138,210447.0,1944-08-11,9,FRANCE,STRONG POINTS,TACTICAL TARGETS: (UNIDENTIFIED OR NOT LISTED BELOW),48.4,-4.5,B17,4.0,12.0,259.0,34.0,,,34.0,VISUAL
13158,210448.0,1944-08-11,9,FRANCE,STRONG POINTS,TACTICAL TARGETS: (UNIDENTIFIED OR NOT LISTED BELOW),48.4,-4.5,B17,4.0,12.0,253.0,36.0,,,36.0,VISUAL
13142,210449.0,1944-08-11,9,FRANCE,STRONG POINTS,TACTICAL TARGETS: (UNIDENTIFIED OR NOT LISTED BELOW),48.4,-4.5,B17,4.0,8.0,257.0,32.0,,,32.0,VISUAL
13147,210450.0,1944-08-11,9,FRANCE,STRONG POINTS,TACTICAL TARGETS: (UNIDENTIFIED OR NOT LISTED BELOW),48.4,-4.5,B17,4.0,9.0,255.0,36.0,,,36.0,VISUAL
13126,210451.0,1944-08-11,9,FRANCE,STRONG POINTS,TACTICAL TARGETS: (UNIDENTIFIED OR NOT LISTED BELOW),48.4,-4.5,B17,4.0,12.0,263.0,36.0,,,36.0,VISUAL
13172,210452.0,1944-08-11,9,FRANCE,STRONG POINTS,TACTICAL TARGETS: (UNIDENTIFIED OR NOT LISTED BELOW),48.4,-4.5,B17,4.0,11.0,249.0,32.0,,,32.0,VISUAL
13109,210453.0,1944-08-11,9,FRANCE,STRONG POINTS,TACTICAL TARGETS: (UNIDENTIFIED OR NOT LISTED BELOW),48.4,-4.5,B17,4.0,19.0,268.0,56.0,,,56.0,VISUAL
13106,210469.0,1944-08-11,12,FRANCE,GUN POSITIONS,GUN EMPLACEMENTS,45.67,6.33,B26,4.0,24.0,107.0,48.0,,,48.0,NOT INDICATED
13107,210485.0,1944-08-11,12,FRANCE,GUN POSITIONS,GUN EMPLACEMENTS,45.67,6.33,B26,4.0,24.0,107.0,48.0,,,48.0,NOT INDICATED
13168,210486.0,1944-08-11,9,FRANCE,STRONG POINTS,TACTICAL TARGETS: (UNIDENTIFIED OR NOT LISTED BELOW),48.4,-4.5,B17,4.0,12.0,250.0,35.0,,,35.0,VISUAL
13152,210487.0,1944-08-11,9,FRANCE,STRONG POINTS,TACTICAL TARGETS: (UNIDENTIFIED OR NOT LISTED BELOW),48.4,-4.5,B17,4.0,11.0,254.0,32.0,,,32.0,VISUAL
13117,210488.0,1944-08-11,9,FRANCE,STRONG POINTS,TACTICAL TARGETS: (UNIDENTIFIED OR NOT LISTED BELOW),48.4,-4.5,B17,4.0,13.0,265.0,38.0,,,38.0,VISUAL
13127,210489.0,1944-08-11,9,FRANCE,STRONG POINTS,TACTICAL TARGETS: (UNIDENTIFIED OR NOT LISTED BELOW),48.4,-4.5,B17,4.0,13.0,263.0,39.0,,,39.0,VISUAL
13148,210490.0,1944-08-11,9,FRANCE,STRONG POINTS,TACTICAL TARGETS: (UNIDENTIFIED OR NOT LISTED BELOW),48.4,-4.5,B17,4.0,10.0,255.0,30.0,,,30.0,VISUAL
13118,210491.0,1944-08-11,9,FRANCE,STRONG POINTS,TACTICAL TARGETS: (UNIDENTIFIED OR NOT LISTED BELOW),48.4,-4.5,B17,4.0,12.0,265.0,36.0,,,36.0,VISUAL
13139,210492.0,1944-08-11,9,FRANCE,STRONG POINTS,TACTICAL TARGETS: (UNIDENTIFIED OR NOT LISTED BELOW),48.4,-4.5,B17,4.0,13.0,259.0,50.0,,,50.0,VISUAL
13159,210493.0,1944-08-11,9,FRANCE,STRONG POINTS,TACTICAL TARGETS: (UNIDENTIFIED OR NOT LISTED BELOW),48.4,-4.5,B17,4.0,11.0,253.0,41.0,,,41.0,VISUAL
13119,210494.0,1944-08-11,9,FRANCE,STRONG POINTS,TACTICAL TARGETS: (UNIDENTIFIED OR NOT LISTED BELOW),48.4,-4.5,B17,4.0,12.0,265.0,48.0,,,48.0,VISUAL
13191,210495.0,1944-08-11,9,FRANCE,STRONG POINTS,TACTICAL TARGETS: (UNIDENTIFIED OR NOT LISTED BELOW),48.4,-4.5,B17,4.0,1.0,,3.0,,,3.0,NOT INDICATED
13169,210496.0,1944-08-11,9,FRANCE,STRONG POINTS,TACTICAL TARGETS: (UNIDENTIFIED OR NOT LISTED BELOW),48.4,-4.5,B17,4.0,15.0,250.0,45.0,,,45.0,VISUAL
13170,210497.0,1944-08-11,9,FRANCE,STRONG POINTS,TACTICAL TARGETS: (UNIDENTIFIED OR NOT LISTED BELOW),48.4,-4.5,B17,4.0,12.0,250.0,35.0,,,35.0,VISUAL
13176,210498.0,1944-08-11,9,FRANCE,STRONG POINTS,TACTICAL TARGETS: (UNIDENTIFIED OR NOT LISTED BELOW),48.4,-4.5,B17,4.0,11.0,240.0,33.0,,,33.0,VISUAL
13133,210499.0,1944-08-11,9,FRANCE,STRONG POINTS,TACTICAL TARGETS: (UNIDENTIFIED OR NOT LISTED BELOW),48.4,-4.5,B17,4.0,12.0,260.0,36.0,,,36.0,VISUAL
13134,210500.0,1944-08-11,9,FRANCE,STRONG POINTS,TACTICAL TARGETS: (UNIDENTIFIED OR NOT LISTED BELOW),48.4,-4.5,B17,4.0,12.0,260.0,36.0,,,36.0,VISUAL
13160,210501.0,1944-08-11,9,FRANCE,STRONG POINTS,TACTICAL TARGETS: (UNIDENTIFIED OR NOT LISTED BELOW),48.4,-4.5,B17,4.0,12.0,253.0,36.0,,,36.0,VISUAL
13122,210502.0,1944-08-11,9,FRANCE,STRONG POINTS,TACTICAL TARGETS: (UNIDENTIFIED OR NOT LISTED BELOW),48.4,-4.5,B17,4.0,12.0,264.0,36.0,,,36.0,VISUAL
13140,210503.0,1944-08-11,9,FRANCE,STRONG POINTS,TACTICAL TARGETS: (UNIDENTIFIED OR NOT LISTED BELOW),48.4,-4.5,B17,4.0,12.0,259.0,34.0,,,34.0,VISUAL
13161,210504.0,1944-08-11,9,FRANCE,STRONG POINTS,TACTICAL TARGETS: (UNIDENTIFIED OR NOT LISTED BELOW),48.4,-4.5,B17,4.0,12.0,253.0,36.0,,,36.0,VISUAL
13143,210505.0,1944-08-11,9,FRANCE,STRONG POINTS,TACTICAL TARGETS: (UNIDENTIFIED OR NOT LISTED BELOW),48.4,-4.5,B17,4.0,8.0,257.0,32.0,,,32.0,VISUAL
13149,210506.0,1944-08-11,9,FRANCE,STRONG POINTS,TACTICAL TARGETS: (UNIDENTIFIED OR NOT LISTED BELOW),48.4,-4.5,B17,4.0,9.0,255.0,36.0,,,36.0,VISUAL
13128,210507.0,1944-08-11,9,FRANCE,STRONG POINTS,TACTICAL TARGETS: (UNIDENTIFIED OR NOT LISTED BELOW),48.4,-4.5,B17,4.0,12.0,263.0,36.0,,,36.0,VISUAL
13173,210508.0,1944-08-11,9,FRANCE,STRONG POINTS,TACTICAL TARGETS: (UNIDENTIFIED OR NOT LISTED BELOW),48.4,-4.5,B17,4.0,11.0,249.0,32.0,,,32.0,VISUAL
13110,210509.0,1944-08-11,9,FRANCE,STRONG POINTS,TACTICAL TARGETS: (UNIDENTIFIED OR NOT LISTED BELOW),48.4,-4.5,B17,4.0,19.0,268.0,56.0,,,56.0,VISUAL
14053,107522.0,1944-08-12,9,FRANCE,HWY,HIGHWAYS AND VEHICLES,48.73,-0.02,B26,,,123.0,39.0,,,39.0,VISUAL
14055,107523.0,1944-08-12,9,FRANCE,MT,HIGHWAYS AND VEHICLES,48.7,-0.37,A20,,,122.0,30.0,,,30.0,VISUAL
14061,107524.0,1944-08-12,9,FRANCE,ROADS,HIGHWAYS AND VEHICLES,48.75,-0.57,A20,,,120.0,23.0,,,23.0,VISUAL
14062,107525.0,1944-08-12,9,FRANCE,ROADS,HIGHWAYS AND VEHICLES,48.75,-0.57,B26,,,120.0,56.0,,,56.0,VISUAL
14057,107526.0,1944-08-12,9,FRANCE,ECOUCHE HWY,HIGHWAYS AND VEHICLES,48.58,-0.35,A20,,,122.0,35.0,,,35.0,VISUAL
14059,107527.0,1944-08-12,9,FRANCE,BRIDGE,BRIDGES,49.35,6.0,B26,,,121.0,62.0,,,62.0,NOT INDICATED
14051,107528.0,1944-08-12,9,FRANCE,BRIDGE,BRIDGES,49.35,6.0,B26,,,125.0,57.0,,,57.0,NOT INDICATED
14087,107529.0,1944-08-12,8,FRANCE,AIRDROME,AIR FIELDS AND AIRDROMES,48.83,0.33,B17,4.0,11.0,208.0,,,25.0,25.0,VISUAL
14093,107530.0,1944-08-12,8,FRANCE,AIRDROME,AIR FIELDS AND AIRDROMES,48.83,0.33,B17,4.0,12.0,197.0,,,26.0,26.0,VISUAL
14081,107531.0,1944-08-12,8,FRANCE,AIRDROME,AIR FIELDS AND AIRDROMES,48.83,0.33,B17,4.0,12.0,218.0,,,27.0,27.0,VISUAL
14084,107532.0,1944-08-12,8,FRANCE,AIRDROME,AIR FIELDS AND AIRDROMES,48.83,0.33,B17,4.0,12.0,209.0,22.0,,,22.0,VISUAL
14090,107533.0,1944-08-12,8,FRANCE,AIRDROME,AIR FIELDS AND AIRDROMES,48.83,0.33,B17,4.0,12.0,198.0,23.0,,,23.0,VISUAL
14078,107534.0,1944-08-12,8,FRANCE,AIRDROME,AIR FIELDS AND AIRDROMES,48.83,0.33,B17,4.0,12.0,220.0,,,27.0,27.0,VISUAL
14098,107553.0,1944-08-12,8,FRANCE,RD BLOCKS,TACTICAL TARGETS: (UNIDENTIFIED OR NOT LISTED BELOW),48.75,-0.57,B26,,,125.0,48.0,,,48.0,NOT INDICATED
14040,107593.0,1944-08-12,12,FRANCE,GUN POSITION,GUN EMPLACEMENTS,43.0,5.67,B24,4.0,31.0,205.0,77.0,,,77.0,NOT INDICATED
14049,107609.0,1944-08-12,9,FRANCE,UNIDENTIFIED TARGET,UNIDENTIFIED TARGETS,49.87,1.62,B26,,,125.0,,3.0,,3.0,F.F.F.
14067,107610.0,1944-08-12,9,FRANCE,UNIDENTIFIED TARGET,UNIDENTIFIED TARGETS,49.35,6.0,B26,,,115.0,2.0,,,2.0,F.F.F.
14065,107611.0,1944-08-12,9,FRANCE,UNIDENTIFIED TARGET,UNIDENTIFIED TARGETS,49.35,6.0,B26,,,120.0,2.0,,,2.0,F.F.F.
14050,171268.0,1944-08-12,9,FRANCE,UNIDENTIFIED TARGET,UNIDENTIFIED TARGETS,49.87,1.62,B26,,,125.0,,3.0,,3.0,F.F.F.
14068,171269.0,1944-08-12,9,FRANCE,UNIDENTIFIED TARGET,UNIDENTIFIED TARGETS,49.35,6.0,B26,,,115.0,2.0,,,2.0,F.F.F.
14066,171270.0,1944-08-12,9,FRANCE,UNIDENTIFIED TARGET,UNIDENTIFIED TARGETS,49.35,6.0,B26,,,120.0,2.0,,,2.0,F.F.F.
14054,210531.0,1944-08-12,9,FRANCE,HWY,HIGHWAYS AND VEHICLES,48.73,-0.02,B26,,,123.0,39.0,,,39.0,VISUAL
14056,210532.0,1944-08-12,9,FRANCE,MT,HIGHWAYS AND VEHICLES,48.7,-0.37,A20,,,122.0,30.0,,,30.0,VISUAL
14063,210533.0,1944-08-12,9,FRANCE,ROADS,HIGHWAYS AND VEHICLES,48.75,-0.57,A20,,,120.0,23.0,,,23.0,VISUAL
14064,210534.0,1944-08-12,9,FRANCE,ROADS,HIGHWAYS AND VEHICLES,48.75,-0.57,B26,,,120.0,56.0,,,56.0,VISUAL
14058,210535.0,1944-08-12,9,FRANCE,ECOUCHE HWY,HIGHWAYS AND VEHICLES,48.58,-0.35,A20,,,122.0,35.0,,,35.0,VISUAL
14060,210536.0,1944-08-12,9,FRANCE,BRIDGE,BRIDGES,49.35,6.0,B26,,,121.0,62.0,,,62.0,NOT INDICATED
14052,210537.0,1944-08-12,9,FRANCE,BRIDGE,BRIDGES,49.35,6.0,B26,,,125.0,57.0,,,57.0,NOT INDICATED
14088,210538.0,1944-08-12,8,FRANCE,AIRDROME,AIR FIELDS AND AIRDROMES,48.83,0.33,B17,4.0,11.0,208.0,,,25.0,25.0,VISUAL
14094,210539.0,1944-08-12,8,FRANCE,AIRDROME,AIR FIELDS AND AIRDROMES,48.83,0.33,B17,4.0,12.0,197.0,,,26.0,26.0,VISUAL
14082,210540.0,1944-08-12,8,FRANCE,AIRDROME,AIR FIELDS AND AIRDROMES,48.83,0.33,B17,4.0,12.0,218.0,,,27.0,27.0,VISUAL
14085,210541.0,1944-08-12,8,FRANCE,AIRDROME,AIR FIELDS AND AIRDROMES,48.83,0.33,B17,4.0,12.0,209.0,22.0,,,22.0,VISUAL
14091,210542.0,1944-08-12,8,FRANCE,AIRDROME,AIR FIELDS AND AIRDROMES,48.83,0.33,B17,4.0,12.0,198.0,23.0,,,23.0,VISUAL
14079,210543.0,1944-08-12,8,FRANCE,AIRDROME,AIR FIELDS AND AIRDROMES,48.83,0.33,B17,4.0,12.0,220.0,,,27.0,27.0,VISUAL
14099,210598.0,1944-08-12,8,FRANCE,RD BLOCKS,TACTICAL TARGETS: (UNIDENTIFIED OR NOT LISTED BELOW),48.75,-0.57,B26,,,125.0,48.0,,,48.0,NOT INDICATED
14100,210623.0,1944-08-12,8,FRANCE,RD BLOCKS,TACTICAL TARGETS: (UNIDENTIFIED OR NOT LISTED BELOW),48.75,-0.57,B26,,,125.0,48.0,,,48.0,NOT INDICATED
14041,210654.0,1944-08-12,12,FRANCE,GUN POSITION,GUN EMPLACEMENTS,43.0,5.67,B24,4.0,31.0,205.0,77.0,,,77.0,NOT INDICATED
14089,210691.0,1944-08-12,8,FRANCE,AIRDROME,AIR FIELDS AND AIRDROMES,48.83,0.33,B17,4.0,11.0,208.0,,,25.0,25.0,VISUAL
14095,210692.0,1944-08-12,8,FRANCE,AIRDROME,AIR FIELDS AND AIRDROMES,48.83,0.33,B17,4.0,12.0,197.0,,,26.0,26.0,VISUAL
14083,210693.0,1944-08-12,8,FRANCE,AIRDROME,AIR FIELDS AND AIRDROMES,48.83,0.33,B17,4.0,12.0,218.0,,,27.0,27.0,VISUAL
14086,210694.0,1944-08-12,8,FRANCE,AIRDROME,AIR FIELDS AND AIRDROMES,48.83,0.33,B17,4.0,12.0,209.0,22.0,,,22.0,VISUAL
14092,210695.0,1944-08-12,8,FRANCE,AIRDROME,AIR FIELDS AND AIRDROMES,48.83,0.33,B17,4.0,12.0,198.0,23.0,,,23.0,VISUAL
14080,210696.0,1944-08-12,8,FRANCE,AIRDROME,AIR FIELDS AND AIRDROMES,48.83,0.33,B17,4.0,12.0,220.0,,,27.0,27.0,VISUAL
14042,210900.0,1944-08-12,12,FRANCE,GUN POSITION,GUN EMPLACEMENTS,43.0,5.67,B24,4.0,31.0,205.0,77.0,,,77.0,NOT INDICATED
15225,107621.0,1944-08-13,9,FRANCE,BRIDGES,BRIDGES,45.0,3.33,A20,,,,9.0,,,9.0,VISUAL
15220,107623.0,1944-08-13,9,FRANCE,FUEL STORAGE,SUPPLY DUMPS AND WAREHOUSES,49.87,1.62,B26,,,75.0,43.0,,,43.0,NOT INDICATED
15213,107633.0,1944-08-13,12,GERMANY,GP,GUN EMPLACEMENTS,48.45,11.68,B26,4.0,12.0,114.0,24.0,,,24.0,NOT INDICATED
15218,107671.0,1944-08-13,9,FRANCE,UNIDENTIFIED TARGET,UNIDENTIFIED TARGETS,49.87,1.62,B26,,,120.0,,,,,F.F.F.
15241,107675.0,1944-08-13,8,FRANCE,CITY AREA,CITIES TOWNS AND URBAN AREAS,49.53,1.22,B17,2.0,3.0,,6.0,,,6.0,NOT INDICATED
15244,107677.0,1944-08-13,8,FRANCE,UNIDENTIFIED TARGET,UNIDENTIFIED TARGETS,48.25,8.0,B17,2.0,1.0,,2.0,,,2.0,NOT INDICATED
15245,107678.0,1944-08-13,8,FRANCE,UNIDENTIFIED TARGET,UNIDENTIFIED TARGETS,48.25,8.0,B17,2.0,1.0,,3.0,,,3.0,NOT INDICATED
15246,107679.0,1944-08-13,8,FRANCE,UNIDENTIFIED TARGET,UNIDENTIFIED TARGETS,48.25,8.0,B17,2.0,3.0,,6.0,,,6.0,NOT INDICATED
15247,171280.0,1944-08-13,8,FRANCE,UNIDENTIFIED TARGET,UNIDENTIFIED TARGETS,48.25,8.0,B17,2.0,1.0,,2.0,,,2.0,NOT INDICATED
15248,171281.0,1944-08-13,8,FRANCE,UNIDENTIFIED TARGET,UNIDENTIFIED TARGETS,48.25,8.0,B17,2.0,1.0,,3.0,,,3.0,NOT INDICATED
15249,171282.0,1944-08-13,8,FRANCE,UNIDENTIFIED TARGET,UNIDENTIFIED TARGETS,48.25,8.0,B17,2.0,3.0,,6.0,,,6.0,NOT INDICATED
15219,171285.0,1944-08-13,9,FRANCE,UNIDENTIFIED TARGET,UNIDENTIFIED TARGETS,49.87,1.62,B26,,,120.0,,,,,F.F.F.
15242,171288.0,1944-08-13,8,FRANCE,CITY AREA,CITIES TOWNS AND URBAN AREAS,49.53,1.22,B17,2.0,3.0,,6.0,,,6.0,NOT INDICATED
15243,171291.0,1944-08-13,8,FRANCE,CITY AREA,CITIES TOWNS AND URBAN AREAS,49.53,1.22,B17,2.0,3.0,,6.0,,,6.0,NOT INDICATED
15250,171294.0,1944-08-13,8,FRANCE,UNIDENTIFIED TARGET,UNIDENTIFIED TARGETS,48.25,8.0,B17,2.0,1.0,,2.0,,,2.0,NOT INDICATED
15251,171295.0,1944-08-13,8,FRANCE,UNIDENTIFIED TARGET,UNIDENTIFIED TARGETS,48.25,8.0,B17,2.0,1.0,,3.0,,,3.0,NOT INDICATED
15252,171296.0,1944-08-13,8,FRANCE,UNIDENTIFIED TARGET,UNIDENTIFIED TARGETS,48.25,8.0,B17,2.0,3.0,,6.0,,,6.0,NOT INDICATED
15217,171362.0,1944-08-13,9,FRANCE,ROAD JUNCTION,HIGHWAYS AND VEHICLES,49.18,-0.37,B17,4.0,12.0,208.0,23.0,,,23.0,VISUAL
15212,171372.0,1944-08-13,15,FRANCE,PONT ST ESPRIT RR BRID,BRIDGES,100.65,1000.65,B24,4.0,31.0,148.0,76.0,,,76.0,NOT INDICATED
15239,171373.0,1944-08-13,8,FRANCE,CROSSROADS,HIGHWAYS AND VEHICLES,45.57,5.8,B17,4.0,13.0,194.0,25.0,,,25.0,VISUAL
15234,171374.0,1944-08-13,8,FRANCE,CROSSROADS,HIGHWAYS AND VEHICLES,45.57,5.8,B17,4.0,12.0,211.0,23.0,,,23.0,VISUAL
15236,171381.0,1944-08-13,8,FRANCE,ROAD,HIGHWAYS AND VEHICLES,49.13,0.9,B17,4.0,12.0,208.0,21.0,,,21.0,VISUAL
15235,171382.0,1944-08-13,8,FRANCE,ROAD JUNCTION,HIGHWAYS AND VEHICLES,49.17,-1.17,B17,4.0,12.0,209.0,23.0,,,23.0,VISUAL
15240,171397.0,1944-08-13,8,FRANCE,HIGHWAY,HIGHWAYS AND VEHICLES,48.25,8.0,B17,4.0,13.0,191.0,25.0,,,25.0,VISUAL
15237,171398.0,1944-08-13,8,FRANCE,HIGHWAY,HIGHWAYS AND VEHICLES,48.25,8.0,B17,3.0,13.0,208.0,25.0,,,25.0,VISUAL
15233,171399.0,1944-08-13,8,FRANCE,HIGHWAY,HIGHWAYS AND VEHICLES,48.25,8.0,B17,3.0,13.0,215.0,25.0,,,25.0,VISUAL
15253,171400.0,1944-08-13,8,FRANCE,HIGHWAY,HIGHWAYS AND VEHICLES,48.25,8.0,B17,1.0,1.0,,2.0,,,2.0,NOT INDICATED
15226,210713.0,1944-08-13,9,FRANCE,BRIDGES,BRIDGES,45.0,3.33,A20,,,,9.0,,,9.0,VISUAL
15214,210749.0,1944-08-13,12,GERMANY,GP,GUN EMPLACEMENTS,48.45,11.68,B26,4.0,12.0,114.0,24.0,,,24.0,NOT INDICATED
15221,210759.0,1944-08-13,9,FRANCE,FUEL STORAGE,SUPPLY DUMPS AND WAREHOUSES,49.87,1.62,B26,,,75.0,43.0,,,43.0,NOT INDICATED
15222,210763.0,1944-08-13,9,FRANCE,FUEL STORAGE,SUPPLY DUMPS AND WAREHOUSES,49.87,1.62,B26,,,75.0,43.0,,,43.0,NOT INDICATED
15215,210770.0,1944-08-13,12,GERMANY,GP,GUN EMPLACEMENTS,48.45,11.68,B26,4.0,12.0,114.0,24.0,,,24.0,NOT INDICATED
16097,107706.0,1944-08-14,12,FRANCE,UNIDENTIFIED TARGET,UNIDENTIFIED TARGETS,43.57,7.12,A20,4.0,7.0,45.0,2.0,4.0,4.0,10.0,NOT INDICATED
16302,107707.0,1944-08-14,9,FRANCE,UNIDENTIFIED TARGET,UNIDENTIFIED TARGETS,48.67,-0.58,B26,,,110.0,2.0,,,2.0,F.F.F.
16306,107708.0,1944-08-14,9,FRANCE,UNIDENTIFIED TARGET,UNIDENTIFIED TARGETS,48.67,-0.58,B26,,,65.0,36.0,,,36.0,VISUAL
16100,107713.0,1944-08-14,9,FRANCE,HIWAY BRIDGE,BRIDGES,49.2,-0.47,A20,,,111.0,18.0,,,18.0,VISUAL
16304,107717.0,1944-08-14,9,FRANCE,LE COURSON HWY BRIDGE,BRIDGES,43.38,5.37,B26,,,107.0,23.0,,,23.0,VISUAL
16089,107724.0,1944-08-14,15,AUSTRIA,AIRDROME,AIR FIELDS AND AIRDROMES,46.63,14.3,B24,4.0,6.0,168.0,15.0,,,15.0,NOT INDICATED
16092,107754.0,1944-08-14,12,FRANCE,GUN POSITIONS,GUN EMPLACEMENTS,48.33,5.0,B26,4.0,12.0,91.0,24.0,,,24.0,NOT INDICATED
16095,107755.0,1944-08-14,12,FRANCE,GUN POSITIONS,GUN EMPLACEMENTS,48.33,5.0,B26,4.0,12.0,90.0,23.0,,,23.0,NOT INDICATED
16317,107829.0,1944-08-14,8,FRANCE,UNIDENTIFIED TARGET,UNIDENTIFIED TARGETS,48.25,8.0,B24,2.0,1.0,,3.0,,,3.0,NOT INDICATED
16318,171414.0,1944-08-14,8,FRANCE,UNIDENTIFIED TARGET,UNIDENTIFIED TARGETS,48.25,8.0,B24,2.0,1.0,,3.0,,,3.0,NOT INDICATED
16098,171424.0,1944-08-14,12,FRANCE,UNIDENTIFIED TARGET,UNIDENTIFIED TARGETS,43.57,7.12,A20,4.0,7.0,45.0,2.0,4.0,4.0,10.0,NOT INDICATED
16303,171425.0,1944-08-14,9,FRANCE,UNIDENTIFIED TARGET,UNIDENTIFIED TARGETS,48.67,-0.58,B26,,,110.0,2.0,,,2.0,F.F.F.
16307,171426.0,1944-08-14,9,FRANCE,UNIDENTIFIED TARGET,UNIDENTIFIED TARGETS,48.67,-0.58,B26,,,65.0,36.0,,,36.0,VISUAL
16319,171441.0,1944-08-14,8,FRANCE,UNIDENTIFIED TARGET,UNIDENTIFIED TARGETS,48.25,8.0,B24,2.0,1.0,,3.0,,,3.0,NOT INDICATED
16316,171480.0,1944-08-14,8,GERMANY,MARSHALLING YARD,"""RR INSTALLATIONS,  TRACKS,  MARSHALLING YARDS,  AND STATIONS""",45.95,7.97,B17,2.0,1.0,,,3.0,,3.0,NOT INDICATED
16301,210816.0,1944-08-14,9,FRANCE,HIWAY BRIDGE,BRIDGES,49.2,-0.47,A20,,,111.0,18.0,,,18.0,VISUAL
16305,210820.0,1944-08-14,9,FRANCE,LE COURSON HWY BRIDGE,BRIDGES,43.38,5.37,B26,,,107.0,23.0,,,23.0,VISUAL
16090,210827.0,1944-08-14,15,AUSTRIA,AIRDROME,AIR FIELDS AND AIRDROMES,46.63,14.3,B24,4.0,6.0,168.0,15.0,,,15.0,NOT INDICATED
16093,210921.0,1944-08-14,12,FRANCE,GUN POSITIONS,GUN EMPLACEMENTS,48.33,5.0,B26,4.0,12.0,91.0,24.0,,,24.0,NOT INDICATED
16099,210922.0,1944-08-14,12,FRANCE,GUN POSITIONS,GUN EMPLACEMENTS,48.33,5.0,B26,4.0,12.0,9.0,23.0,,,23.0,NOT INDICATED
16094,210942.0,1944-08-14,12,FRANCE,GUN POSITIONS,GUN EMPLACEMENTS,48.33,5.0,B26,4.0,12.0,91.0,24.0,,,24.0,NOT INDICATED
16096,210943.0,1944-08-14,12,FRANCE,GUN POSITIONS,GUN EMPLACEMENTS,48.33,5.0,B26,4.0,12.0,90.0,23.0,,,23.0,NOT INDICATED
16091,210975.0,1944-08-14,15,AUSTRIA,AIRDROME,AIR FIELDS AND AIRDROMES,46.63,14.3,B24,4.0,6.0,168.0,15.0,,,15.0,NOT INDICATED
17826,107837.0,1944-08-15,15,FRANCE,RRB,BRIDGES,44.27,4.65,B25,4.0,2.0,100.0,2.0,,,2.0,NOT INDICATED
18151,107851.0,1944-08-15,8,GERMANY,AIRDROME,AIR FIELDS AND AIRDROMES,48.03,12.3,B24,4.0,2.0,,1.0,,,1.0,NOT INDICATED
18117,107852.0,1944-08-15,8,GERMANY,AIRDROME,AIR FIELDS AND AIRDROMES,48.03,12.3,B24,4.0,24.0,225.0,59.0,,,59.0,VISUAL
18120,107853.0,1944-08-15,8,GERMANY,AIRDROME,AIR FIELDS AND AIRDROMES,48.03,12.3,B24,4.0,34.0,220.0,88.0,,,88.0,VISUAL
18121,107854.0,1944-08-15,8,GERMANY,AIRDROME,AIR FIELDS AND AIRDROMES,48.03,12.3,B24,4.0,30.0,220.0,90.0,,,90.0,VISUAL
17899,107855.0,1944-08-15,8,GERMANY,AIRDROME,AIR FIELDS AND AIRDROMES,51.58,15.18,B17,4.0,11.0,263.0,22.0,11.0,,33.0,VISUAL
18108,107856.0,1944-08-15,8,GERMANY,AIRDROME,AIR FIELDS AND AIRDROMES,51.58,15.18,B17,4.0,12.0,245.0,24.0,12.0,,36.0,VISUAL
17884,107857.0,1944-08-15,8,GERMANY,AIRDROME,AIR FIELDS AND AIRDROMES,51.58,15.18,B17,4.0,6.0,266.0,,,17.0,17.0,VISUAL
18102,107858.0,1944-08-15,8,GERMANY,AIRDROME,AIR FIELDS AND AIRDROMES,51.58,15.18,B17,4.0,12.0,256.0,21.0,,,21.0,VISUAL
18111,107859.0,1944-08-15,8,GERMANY,AIRDROME,AIR FIELDS AND AIRDROMES,51.58,15.18,B17,4.0,12.0,244.0,22.0,,,22.0,VISUAL
17885,107860.0,1944-08-15,8,GERMANY,AIRDROME,AIR FIELDS AND AIRDROMES,51.58,15.18,B17,4.0,13.0,266.0,25.0,,,25.0,VISUAL
17886,107861.0,1944-08-15,8,GERMANY,AIRDROME,AIR FIELDS AND AIRDROMES,51.58,15.18,B17,4.0,3.0,266.0,2.0,,6.0,8.0,VISUAL
18103,107862.0,1944-08-15,8,GERMANY,AIRDROME,AIR FIELDS AND AIRDROMES,51.58,15.18,B17,4.0,12.0,256.0,24.0,12.0,,36.0,VISUAL
18114,107863.0,1944-08-15,8,GERMANY,AIRDROME,AIR FIELDS AND AIRDROMES,51.58,15.18,B17,4.0,13.0,240.0,22.0,11.0,,33.0,VISUAL
17887,107864.0,1944-08-15,8,GERMANY,AIRDROME,AIR FIELDS AND AIRDROMES,51.58,15.18,B17,4.0,9.0,266.0,18.0,9.0,,27.0,VISUAL
17888,107865.0,1944-08-15,8,GERMANY,AIRDROME,AIR FIELDS AND AIRDROMES,51.58,15.18,B17,4.0,3.0,266.0,,,9.0,9.0,VISUAL
18154,107866.0,1944-08-15,8,GERMANY,AIRDROME,AIR FIELDS AND AIRDROMES,51.58,15.18,B17,2.0,3.0,,6.0,3.0,,9.0,NOT INDICATED
17855,107871.0,1944-08-15,12,FRANCE,STRONG POINT,TACTICAL TARGETS: (UNIDENTIFIED OR NOT LISTED BELOW),43.0,6.33,B26,4.0,,,,,,,NOT INDICATED
17856,107872.0,1944-08-15,12,FRANCE,STRONG POINT,TACTICAL TARGETS: (UNIDENTIFIED OR NOT LISTED BELOW),43.0,6.33,B26,4.0,,,,,,,NOT INDICATED
17843,107873.0,1944-08-15,12,FRANCE,STRONG POINT,TACTICAL TARGETS: (UNIDENTIFIED OR NOT LISTED BELOW),43.0,6.33,B26,4.0,12.0,82.0,18.0,,,18.0,NOT INDICATED
17837,107874.0,1944-08-15,12,FRANCE,STRONG POINT,TACTICAL TARGETS: (UNIDENTIFIED OR NOT LISTED BELOW),43.0,6.33,B26,4.0,15.0,92.0,23.0,,,23.0,NOT INDICATED
17844,107875.0,1944-08-15,12,FRANCE,STRONG POINT,TACTICAL TARGETS: (UNIDENTIFIED OR NOT LISTED BELOW),43.0,6.33,B26,4.0,20.0,82.0,30.0,,,30.0,NOT INDICATED
17831,107876.0,1944-08-15,12,FRANCE,TROOP CONCENTRATIONS,TROOP CONCENTRATIONS,43.33,6.33,A20,4.0,10.0,113.0,10.0,,,10.0,NOT INDICATED
17840,107877.0,1944-08-15,12,FRANCE,GUN POSITIONS,GUN EMPLACEMENTS,48.33,5.0,B26,4.0,1.0,88.0,2.0,,,2.0,NOT INDICATED
17849,107904.0,1944-08-15,12,FRANCE,GUN POSITIONS,GUN EMPLACEMENTS,48.33,5.33,B26,4.0,4.0,80.0,8.0,,,8.0,NOT INDICATED
17850,107905.0,1944-08-15,12,FRANCE,GUN POSITIONS,GUN EMPLACEMENTS,48.33,5.33,B26,4.0,6.0,80.0,12.0,,,12.0,NOT INDICATED
17834,107906.0,1944-08-15,12,FRANCE,GUN POSITIONS,GUN EMPLACEMENTS,48.33,5.33,B26,4.0,6.0,99.0,,,12.0,12.0,NOT INDICATED
17870,107939.0,1944-08-15,9,GERMANY,AIR DROME,AIR FIELDS AND AIRDROMES,50.1,8.67,B17,4.0,12.0,255.0,24.0,12.0,,36.0,VISUAL
17873,107940.0,1944-08-15,9,GERMANY,AIR DROME,AIR FIELDS AND AIRDROMES,50.1,8.67,B17,4.0,12.0,247.0,23.0,12.0,,35.0,VISUAL
17861,107941.0,1944-08-15,9,GERMANY,AIR DROME,AIR FIELDS AND AIRDROMES,50.1,8.67,B17,4.0,13.0,270.0,26.0,13.0,,39.0,VISUAL
17867,107942.0,1944-08-15,9,GERMANY,AIR DROME,AIR FIELDS AND AIRDROMES,50.1,8.67,B17,4.0,11.0,258.0,22.0,11.0,,33.0,VISUAL
17876,107943.0,1944-08-15,9,GERMANY,AIR DROME,AIR FIELDS AND AIRDROMES,50.1,8.67,B17,4.0,7.0,241.0,14.0,7.0,,21.0,VISUAL
17864,107944.0,1944-08-15,9,GERMANY,AIR DROME,AIR FIELDS AND AIRDROMES,50.1,8.67,B17,4.0,10.0,267.0,16.0,8.0,,24.0,VISUAL
17822,107956.0,1944-08-15,15,BULGARIA,UNIDENTIFIED TARGETS,UNIDENTIFIED TARGETS,43.33,26.67,B24,2.0,1.0,147.0,2.0,,,2.0,NOT INDICATED
17828,107964.0,1944-08-15,15,FRANCE,CITY AREA,CITIES TOWNS AND URBAN AREAS,43.33,6.67,B17,2.0,1.0,,2.0,,,2.0,NOT INDICATED
17823,171482.0,1944-08-15,15,BULGARIA,UNIDENTIFIED TARGETS,UNIDENTIFIED TARGETS,43.33,26.67,B24,2.0,1.0,147.0,2.0,,,2.0,NOT INDICATED
17882,171492.0,1944-08-15,9,GERMANY,UNIDENTIFIED TARGET,UNIDENTIFIED TARGETS,48.7,8.07,B17,2.0,1.0,,2.0,1.0,,3.0,NOT INDICATED
17829,171502.0,1944-08-15,15,FRANCE,CITY AREA,CITIES TOWNS AND URBAN AREAS,43.33,6.67,B17,2.0,1.0,,2.0,,,2.0,NOT INDICATED
17830,171521.0,1944-08-15,15,FRANCE,CITY AREA,CITIES TOWNS AND URBAN AREAS,43.33,6.67,B17,2.0,1.0,,2.0,,,2.0,NOT INDICATED
17824,171523.0,1944-08-15,15,BULGARIA,UNIDENTIFIED TARGETS,UNIDENTIFIED TARGETS,43.33,26.67,B24,2.0,1.0,147.0,2.0,,,2.0,NOT INDICATED
17883,171533.0,1944-08-15,9,GERMANY,UNIDENTIFIED TARGET,UNIDENTIFIED TARGETS,48.7,8.07,B17,2.0,1.0,,2.0,1.0,,3.0,NOT INDICATED
17825,171537.0,1944-08-15,15,FRANCE,BRIDGE,BRIDGES,44.43,4.73,B24,4.0,29.0,132.0,70.0,,,70.0,NOT INDICATED
17821,171539.0,1944-08-15,15,FRANCE,RRB,BRIDGES,44.27,4.65,B24,4.0,31.0,150.0,77.0,,,77.0,NOT INDICATED
17827,211030.0,1944-08-15,15,FRANCE,RRB,BRIDGES,44.27,4.65,B25,4.0,2.0,100.0,2.0,,,2.0,NOT INDICATED
18152,211038.0,1944-08-15,8,GERMANY,AIRDROME,AIR FIELDS AND AIRDROMES,48.03,12.3,B24,4.0,2.0,,1.0,,,1.0,NOT INDICATED
18118,211039.0,1944-08-15,8,GERMANY,AIRDROME,AIR FIELDS AND AIRDROMES,48.03,12.3,B24,4.0,24.0,225.0,59.0,,,59.0,VISUAL
18122,211040.0,1944-08-15,8,GERMANY,AIRDROME,AIR FIELDS AND AIRDROMES,48.03,12.3,B24,4.0,34.0,220.0,88.0,,,88.0,VISUAL
18123,211041.0,1944-08-15,8,GERMANY,AIRDROME,AIR FIELDS AND AIRDROMES,48.03,12.3,B24,4.0,30.0,220.0,90.0,,,90.0,VISUAL
17900,211042.0,1944-08-15,8,GERMANY,AIRDROME,AIR FIELDS AND AIRDROMES,51.58,15.18,B17,4.0,11.0,263.0,22.0,11.0,,33.0,VISUAL
18109,211043.0,1944-08-15,8,GERMANY,AIRDROME,AIR FIELDS AND AIRDROMES,51.58,15.18,B17,4.0,12.0,245.0,24.0,12.0,,36.0,VISUAL
17889,211044.0,1944-08-15,8,GERMANY,AIRDROME,AIR FIELDS AND AIRDROMES,51.58,15.18,B17,4.0,6.0,266.0,,,17.0,17.0,VISUAL
18104,211045.0,1944-08-15,8,GERMANY,AIRDROME,AIR FIELDS AND AIRDROMES,51.58,15.18,B17,4.0,12.0,256.0,21.0,,,21.0,VISUAL
18112,211046.0,1944-08-15,8,GERMANY,AIRDROME,AIR FIELDS AND AIRDROMES,51.58,15.18,B17,4.0,12.0,244.0,22.0,,,22.0,VISUAL
17890,211047.0,1944-08-15,8,GERMANY,AIRDROME,AIR FIELDS AND AIRDROMES,51.58,15.18,B17,4.0,13.0,266.0,25.0,,,25.0,VISUAL
17891,211048.0,1944-08-15,8,GERMANY,AIRDROME,AIR FIELDS AND AIRDROMES,51.58,15.18,B17,4.0,3.0,266.0,2.0,,6.0,8.0,VISUAL
18105,211049.0,1944-08-15,8,GERMANY,AIRDROME,AIR FIELDS AND AIRDROMES,51.58,15.18,B17,4.0,12.0,256.0,24.0,12.0,,36.0,VISUAL
18115,211050.0,1944-08-15,8,GERMANY,AIRDROME,AIR FIELDS AND AIRDROMES,51.58,15.18,B17,4.0,13.0,240.0,22.0,11.0,,33.0,VISUAL
17892,211051.0,1944-08-15,8,GERMANY,AIRDROME,AIR FIELDS AND AIRDROMES,51.58,15.18,B17,4.0,9.0,266.0,18.0,9.0,,27.0,VISUAL
17893,211052.0,1944-08-15,8,GERMANY,AIRDROME,AIR FIELDS AND AIRDROMES,51.58,15.18,B17,4.0,3.0,266.0,,,9.0,9.0,VISUAL
18155,211053.0,1944-08-15,8,GERMANY,AIRDROME,AIR FIELDS AND AIRDROMES,51.58,15.18,B17,2.0,3.0,,6.0,3.0,,9.0,NOT INDICATED
17871,211110.0,1944-08-15,9,GERMANY,AIR DROME,AIR FIELDS AND AIRDROMES,50.1,8.67,B17,4.0,12.0,255.0,24.0,12.0,,36.0,VISUAL
17874,211111.0,1944-08-15,9,GERMANY,AIR DROME,AIR FIELDS AND AIRDROMES,50.1,8.67,B17,4.0,12.0,247.0,23.0,12.0,,35.0,VISUAL
17862,211112.0,1944-08-15,9,GERMANY,AIR DROME,AIR FIELDS AND AIRDROMES,50.1,8.67,B17,4.0,13.0,270.0,26.0,13.0,,39.0,VISUAL
17868,211113.0,1944-08-15,9,GERMANY,AIR DROME,AIR FIELDS AND AIRDROMES,50.1,8.67,B17,4.0,11.0,258.0,22.0,11.0,,33.0,VISUAL
17877,211114.0,1944-08-15,9,GERMANY,AIR DROME,AIR FIELDS AND AIRDROMES,50.1,8.67,B17,4.0,7.0,241.0,14.0,7.0,,21.0,VISUAL
17865,211115.0,1944-08-15,9,GERMANY,AIR DROME,AIR FIELDS AND AIRDROMES,50.1,8.67,B17,4.0,10.0,267.0,16.0,8.0,,24.0,VISUAL
17857,211123.0,1944-08-15,12,FRANCE,STRONG POINT,TACTICAL TARGETS: (UNIDENTIFIED OR NOT LISTED BELOW),43.0,6.33,B26,4.0,,,,,,,NOT INDICATED
17858,211124.0,1944-08-15,12,FRANCE,STRONG POINT,TACTICAL TARGETS: (UNIDENTIFIED OR NOT LISTED BELOW),43.0,6.33,B26,4.0,,,,,,,NOT INDICATED
17845,211125.0,1944-08-15,12,FRANCE,STRONG POINT,TACTICAL TARGETS: (UNIDENTIFIED OR NOT LISTED BELOW),43.0,6.33,B26,4.0,12.0,82.0,18.0,,,18.0,NOT INDICATED
17838,211126.0,1944-08-15,12,FRANCE,STRONG POINT,TACTICAL TARGETS: (UNIDENTIFIED OR NOT LISTED BELOW),43.0,6.33,B26,4.0,15.0,92.0,23.0,,,23.0,NOT INDICATED
17846,211127.0,1944-08-15,12,FRANCE,STRONG POINT,TACTICAL TARGETS: (UNIDENTIFIED OR NOT LISTED BELOW),43.0,6.33,B26,4.0,20.0,82.0,30.0,,,30.0,NOT INDICATED
17832,211128.0,1944-08-15,12,FRANCE,TROOP CONCENTRATIONS,TROOP CONCENTRATIONS,43.33,6.33,A20,4.0,10.0,113.0,10.0,,,10.0,NOT INDICATED
17841,211134.0,1944-08-15,12,FRANCE,GUN POSITIONS,GUN EMPLACEMENTS,48.33,5.0,B26,4.0,1.0,88.0,2.0,,,2.0,NOT INDICATED
17853,211135.0,1944-08-15,12,FRANCE,GUN POSITIONS,GUN EMPLACEMENTS,48.33,5.33,B26,4.0,4.0,8.0,8.0,,,8.0,NOT INDICATED
17854,211136.0,1944-08-15,12,FRANCE,GUN POSITIONS,GUN EMPLACEMENTS,48.33,5.33,B26,4.0,6.0,8.0,12.0,,,12.0,NOT INDICATED
17835,211137.0,1944-08-15,12,FRANCE,GUN POSITIONS,GUN EMPLACEMENTS,48.33,5.33,B26,4.0,6.0,99.0,,,12.0,12.0,NOT INDICATED
17859,211145.0,1944-08-15,12,FRANCE,STRONG POINT,TACTICAL TARGETS: (UNIDENTIFIED OR NOT LISTED BELOW),43.0,6.33,B26,4.0,,,,,,,NOT INDICATED
17860,211146.0,1944-08-15,12,FRANCE,STRONG POINT,TACTICAL TARGETS: (UNIDENTIFIED OR NOT LISTED BELOW),43.0,6.33,B26,4.0,,,,,,,NOT INDICATED
17847,211147.0,1944-08-15,12,FRANCE,STRONG POINT,TACTICAL TARGETS: (UNIDENTIFIED OR NOT LISTED BELOW),43.0,6.33,B26,4.0,12.0,82.0,18.0,,,18.0,NOT INDICATED
17839,211148.0,1944-08-15,12,FRANCE,STRONG POINT,TACTICAL TARGETS: (UNIDENTIFIED OR NOT LISTED BELOW),43.0,6.33,B26,4.0,15.0,92.0,23.0,,,23.0,NOT INDICATED
17848,211149.0,1944-08-15,12,FRANCE,STRONG POINT,TACTICAL TARGETS: (UNIDENTIFIED OR NOT LISTED BELOW),43.0,6.33,B26,4.0,20.0,82.0,30.0,,,30.0,NOT INDICATED
17833,211150.0,1944-08-15,12,FRANCE,TROOP CONCENTRATIONS,TROOP CONCENTRATIONS,43.33,6.33,A20,4.0,10.0,113.0,10.0,,,10.0,NOT INDICATED
17842,211151.0,1944-08-15,12,FRANCE,GUN POSITIONS,GUN EMPLACEMENTS,48.33,5.0,B26,4.0,1.0,88.0,2.0,,,2.0,NOT INDICATED
17851,211152.0,1944-08-15,12,FRANCE,GUN POSITIONS,GUN EMPLACEMENTS,48.33,5.33,B26,4.0,4.0,80.0,8.0,,,8.0,NOT INDICATED
17852,211153.0,1944-08-15,12,FRANCE,GUN POSITIONS,GUN EMPLACEMENTS,48.33,5.33,B26,4.0,6.0,80.0,12.0,,,12.0,NOT INDICATED
17836,211154.0,1944-08-15,12,FRANCE,GUN POSITIONS,GUN EMPLACEMENTS,48.33,5.33,B26,4.0,6.0,99.0,,,12.0,12.0,NOT INDICATED
18153,211176.0,1944-08-15,8,GERMANY,AIRDROME,AIR FIELDS AND AIRDROMES,48.03,12.3,B24,4.0,2.0,,1.0,,,1.0,NOT INDICATED
18119,211177.0,1944-08-15,8,GERMANY,AIRDROME,AIR FIELDS AND AIRDROMES,48.03,12.3,B24,4.0,24.0,225.0,59.0,,,59.0,VISUAL
18124,211178.0,1944-08-15,8,GERMANY,AIRDROME,AIR FIELDS AND AIRDROMES,48.03,12.3,B24,4.0,34.0,220.0,88.0,,,88.0,VISUAL
18125,211179.0,1944-08-15,8,GERMANY,AIRDROME,AIR FIELDS AND AIRDROMES,48.03,12.3,B24,4.0,30.0,220.0,90.0,,,90.0,VISUAL
17872,211180.0,1944-08-15,9,GERMANY,AIR DROME,AIR FIELDS AND AIRDROMES,50.1,8.67,B17,4.0,12.0,255.0,24.0,12.0,,36.0,VISUAL
17875,211181.0,1944-08-15,9,GERMANY,AIR DROME,AIR FIELDS AND AIRDROMES,50.1,8.67,B17,4.0,12.0,247.0,23.0,12.0,,35.0,VISUAL
17863,211182.0,1944-08-15,9,GERMANY,AIR DROME,AIR FIELDS AND AIRDROMES,50.1,8.67,B17,4.0,13.0,270.0,26.0,13.0,,39.0,VISUAL
17869,211183.0,1944-08-15,9,GERMANY,AIR DROME,AIR FIELDS AND AIRDROMES,50.1,8.67,B17,4.0,11.0,258.0,22.0,11.0,,33.0,VISUAL
17878,211184.0,1944-08-15,9,GERMANY,AIR DROME,AIR FIELDS AND AIRDROMES,50.1,8.67,B17,4.0,7.0,241.0,14.0,7.0,,21.0,VISUAL
17866,211185.0,1944-08-15,9,GERMANY,AIR DROME,AIR FIELDS AND AIRDROMES,50.1,8.67,B17,4.0,10.0,267.0,16.0,8.0,,24.0,VISUAL
18101,211186.0,1944-08-15,8,GERMANY,AIRDROME,AIR FIELDS AND AIRDROMES,51.58,15.18,B17,4.0,11.0,263.0,22.0,11.0,,33.0,VISUAL
18110,211187.0,1944-08-15,8,GERMANY,AIRDROME,AIR FIELDS AND AIRDROMES,51.58,15.18,B17,4.0,12.0,245.0,24.0,12.0,,36.0,VISUAL
17894,211188.0,1944-08-15,8,GERMANY,AIRDROME,AIR FIELDS AND AIRDROMES,51.58,15.18,B17,4.0,6.0,266.0,,,17.0,17.0,VISUAL
18106,211189.0,1944-08-15,8,GERMANY,AIRDROME,AIR FIELDS AND AIRDROMES,51.58,15.18,B17,4.0,12.0,256.0,21.0,,,21.0,VISUAL
18113,211190.0,1944-08-15,8,GERMANY,AIRDROME,AIR FIELDS AND AIRDROMES,51.58,15.18,B17,4.0,12.0,244.0,22.0,,,22.0,VISUAL
17895,211191.0,1944-08-15,8,GERMANY,AIRDROME,AIR FIELDS AND AIRDROMES,51.58,15.18,B17,4.0,13.0,266.0,25.0,,,25.0,VISUAL
17896,211192.0,1944-08-15,8,GERMANY,AIRDROME,AIR FIELDS AND AIRDROMES,51.58,15.18,B17,4.0,3.0,266.0,2.0,,6.0,8.0,VISUAL
18107,211193.0,1944-08-15,8,GERMANY,AIRDROME,AIR FIELDS AND AIRDROMES,51.58,15.18,B17,4.0,12.0,256.0,24.0,12.0,,36.0,VISUAL
18116,211194.0,1944-08-15,8,GERMANY,AIRDROME,AIR FIELDS AND AIRDROMES,51.58,15.18,B17,4.0,13.0,240.0,22.0,11.0,,33.0,VISUAL
17897,211195.0,1944-08-15,8,GERMANY,AIRDROME,AIR FIELDS AND AIRDROMES,51.58,15.18,B17,4.0,9.0,266.0,18.0,9.0,,27.0,VISUAL
17898,211196.0,1944-08-15,8,GERMANY,AIRDROME,AIR FIELDS AND AIRDROMES,51.58,15.18,B17,4.0,3.0,266.0,,,9.0,9.0,VISUAL
18156,211197.0,1944-08-15,8,GERMANY,AIRDROME,AIR FIELDS AND AIRDROMES,51.58,15.18,B17,2.0,3.0,,6.0,3.0,,9.0,NOT INDICATED
19621,107986.0,1944-08-16,8,GERMANY,AC FACTORY,AIRCRAFT FACTORIES AND ASSEMBLY PLANTS,52.7,20.5,B24,4.0,1.0,,,1.0,,1.0,NOT INDICATED
19603,107987.0,1944-08-16,8,GERMANY,AC FACTORY,AIRCRAFT FACTORIES AND ASSEMBLY PLANTS,52.7,20.5,B24,4.0,42.0,240.0,55.0,50.0,,105.0,VISUAL
19371,108002.0,1944-08-16,9,FRANCE,HIWAY BRIDGE,BRIDGES,49.2,-0.47,B26,,,,28.0,,,28.0,NOT INDICATED
19615,108053.0,1944-08-16,8,GERMANY,AIRDROME,AIR FIELDS AND AIRDROMES,51.52,12.33,B17,4.0,1.0,,,3.0,,3.0,NOT INDICATED
19394,108054.0,1944-08-16,8,GERMANY,AIRDROME,AIR FIELDS AND AIRDROMES,51.52,12.33,B17,4.0,12.0,250.0,30.0,,,30.0,VISUAL
19400,108055.0,1944-08-16,8,GERMANY,AIRDROME,AIR FIELDS AND AIRDROMES,51.52,12.33,B17,4.0,11.0,240.0,28.0,,,28.0,VISUAL
19388,108056.0,1944-08-16,8,GERMANY,AIRDROME,AIR FIELDS AND AIRDROMES,51.52,12.33,B17,4.0,11.0,255.0,28.0,,,28.0,VISUAL
19389,108057.0,1944-08-16,8,GERMANY,AIRDROME,AIR FIELDS AND AIRDROMES,51.52,12.33,B17,4.0,11.0,255.0,28.0,,,28.0,VISUAL
19395,108058.0,1944-08-16,8,GERMANY,AIRDROME,AIR FIELDS AND AIRDROMES,51.52,12.33,B17,4.0,12.0,250.0,30.0,,,30.0,VISUAL
19382,108059.0,1944-08-16,8,GERMANY,AIRDROME,AIR FIELDS AND AIRDROMES,51.52,12.33,B17,4.0,11.0,261.0,28.0,,,28.0,VISUAL
19379,108060.0,1944-08-16,8,GERMANY,AIRDROME,AIR FIELDS AND AIRDROMES,51.52,12.33,B17,4.0,10.0,266.0,,25.0,,25.0,VISUAL
19385,108061.0,1944-08-16,8,GERMANY,AIRDROME,AIR FIELDS AND AIRDROMES,51.52,12.33,B17,4.0,9.0,260.0,,23.0,,23.0,VISUAL
19376,108062.0,1944-08-16,8,GERMANY,AIRDROME,AIR FIELDS AND AIRDROMES,51.52,12.33,B17,4.0,12.0,271.0,,30.0,,30.0,VISUAL
19350,108072.0,1944-08-16,12,FRANCE,GUN POSITIONS,GUN EMPLACEMENTS,43.08,5.93,B26,4.0,23.0,120.0,44.0,,,44.0,NOT INDICATED
19352,108081.0,1944-08-16,12,GERMANY,GP,GUN EMPLACEMENTS,48.45,11.68,B26,4.0,36.0,118.0,67.0,,,67.0,NOT INDICATED
19359,108083.0,1944-08-16,9,GERMANY,ORDNANCE DEPOT,SUPPLY DUMPS AND WAREHOUSES,51.15,11.8,B17,3.0,11.0,254.0,21.0,,,21.0,VISUAL
19373,108084.0,1944-08-16,9,GERMANY,ORDNANCE DEPOT,SUPPLY DUMPS AND WAREHOUSES,51.15,11.8,B17,3.0,4.0,,8.0,,,8.0,NOT INDICATED
19618,108094.0,1944-08-16,8,GERMANY,UNIDENTIFIED TARGET,UNIDENTIFIED TARGETS,51.32,9.47,B17,2.0,1.0,,,3.0,,3.0,NOT INDICATED
19369,108096.0,1944-08-16,9,GERMANY,UNIDENTIFIED TARGET,UNIDENTIFIED TARGETS,52.1,9.37,B24,2.0,1.0,,1.0,,,1.0,NOT INDICATED
19362,108097.0,1944-08-16,9,GERMANY,UNIDENTIFIED TARGET,UNIDENTIFIED TARGETS,50.88,8.77,B17,2.0,1.0,,,,2.0,2.0,NOT INDICATED
19626,108098.0,1944-08-16,8,GERMANY,UNIDENTIFIED TARGET,UNIDENTIFIED TARGETS,51.15,11.8,B17,2.0,1.0,,3.0,,,3.0,NOT INDICATED
19622,171547.0,1944-08-16,8,GERMANY,AC FACTORY,AIRCRAFT FACTORIES AND ASSEMBLY PLANTS,52.7,20.5,B24,4.0,1.0,,,1.0,,1.0,NOT INDICATED
19604,171548.0,1944-08-16,8,GERMANY,AC FACTORY,AIRCRAFT FACTORIES AND ASSEMBLY PLANTS,52.7,20.5,B24,4.0,42.0,240.0,55.0,50.0,,105.0,VISUAL
19363,171561.0,1944-08-16,9,GERMANY,UNIDENTIFIED TARGET,UNIDENTIFIED TARGETS,50.88,8.77,B17,2.0,1.0,,,,2.0,2.0,NOT INDICATED
19370,171562.0,1944-08-16,9,GERMANY,UNIDENTIFIED TARGET,UNIDENTIFIED TARGETS,52.1,9.37,B24,2.0,1.0,,1.0,,,1.0,NOT INDICATED
19619,171563.0,1944-08-16,8,GERMANY,UNIDENTIFIED TARGET,UNIDENTIFIED TARGETS,51.32,9.47,B17,2.0,1.0,,,3.0,,3.0,NOT INDICATED
19627,171564.0,1944-08-16,8,GERMANY,UNIDENTIFIED TARGET,UNIDENTIFIED TARGETS,51.15,11.8,B17,2.0,1.0,,3.0,,,3.0,NOT INDICATED
19364,171587.0,1944-08-16,9,GERMANY,UNIDENTIFIED TARGET,UNIDENTIFIED TARGETS,50.88,8.77,B17,2.0,1.0,,,,2.0,2.0,NOT INDICATED
19368,171588.0,1944-08-16,9,GERMANY,UNIDENTIFIED TARGET,UNIDENTIFIED TARGETS,52.1,9.37,B24,2.0,1.0,,1.0,,,1.0,NOT INDICATED
19620,171589.0,1944-08-16,8,GERMANY,UNIDENTIFIED TARGET,UNIDENTIFIED TARGETS,51.32,9.47,B17,2.0,1.0,,,3.0,,3.0,NOT INDICATED
19628,171590.0,1944-08-16,8,GERMANY,UNIDENTIFIED TARGET,UNIDENTIFIED TARGETS,51.15,11.8,B17,2.0,1.0,,3.0,,,3.0,NOT INDICATED
19623,171603.0,1944-08-16,8,GERMANY,AC FACTORY,AIRCRAFT FACTORIES AND ASSEMBLY PLANTS,52.7,20.5,B24,4.0,1.0,,,1.0,,1.0,NOT INDICATED
19605,171604.0,1944-08-16,8,GERMANY,AC FACTORY,AIRCRAFT FACTORIES AND ASSEMBLY PLANTS,52.7,20.5,B24,4.0,42.0,240.0,55.0,50.0,,105.0,VISUAL
19624,171605.0,1944-08-16,8,GERMANY,JUNKERS AERO ENGINE,ENGINE PLANTS,51.75,11.88,B24,4.0,2.0,,2.0,,,2.0,NOT INDICATED
19606,171606.0,1944-08-16,8,GERMANY,JUNKERS AERO ENGINE,ENGINE PLANTS,51.75,11.88,B24,4.0,33.0,220.0,53.0,30.0,,83.0,VISUAL
19625,171607.0,1944-08-16,8,GERMANY,JUNKERS AERO ENGINE,ENGINE PLANTS,51.75,11.88,B24,4.0,2.0,,2.0,,,2.0,NOT INDICATED
19607,171608.0,1944-08-16,8,GERMANY,JUNKERS AERO ENGINE,ENGINE PLANTS,51.75,11.88,B24,4.0,34.0,220.0,66.0,36.0,,102.0,VISUAL
19372,211238.0,1944-08-16,9,FRANCE,HIWAY BRIDGE,BRIDGES,49.2,-0.47,B26,,,,28.0,,,28.0,NOT INDICATED
19616,211249.0,1944-08-16,8,GERMANY,AIRDROME,AIR FIELDS AND AIRDROMES,51.52,12.33,B17,4.0,1.0,,,3.0,,3.0,NOT INDICATED
19396,211250.0,1944-08-16,8,GERMANY,AIRDROME,AIR FIELDS AND AIRDROMES,51.52,12.33,B17,4.0,12.0,250.0,30.0,,,30.0,VISUAL
19601,211251.0,1944-08-16,8,GERMANY,AIRDROME,AIR FIELDS AND AIRDROMES,51.52,12.33,B17,4.0,11.0,240.0,28.0,,,28.0,VISUAL
19390,211252.0,1944-08-16,8,GERMANY,AIRDROME,AIR FIELDS AND AIRDROMES,51.52,12.33,B17,4.0,11.0,255.0,28.0,,,28.0,VISUAL
19391,211253.0,1944-08-16,8,GERMANY,AIRDROME,AIR FIELDS AND AIRDROMES,51.52,12.33,B17,4.0,11.0,255.0,28.0,,,28.0,VISUAL
19397,211254.0,1944-08-16,8,GERMANY,AIRDROME,AIR FIELDS AND AIRDROMES,51.52,12.33,B17,4.0,12.0,250.0,30.0,,,30.0,VISUAL
19383,211255.0,1944-08-16,8,GERMANY,AIRDROME,AIR FIELDS AND AIRDROMES,51.52,12.33,B17,4.0,11.0,261.0,28.0,,,28.0,VISUAL
19380,211256.0,1944-08-16,8,GERMANY,AIRDROME,AIR FIELDS AND AIRDROMES,51.52,12.33,B17,4.0,10.0,266.0,,25.0,,25.0,VISUAL
19386,211257.0,1944-08-16,8,GERMANY,AIRDROME,AIR FIELDS AND AIRDROMES,51.52,12.33,B17,4.0,9.0,260.0,,23.0,,23.0,VISUAL
19377,211258.0,1944-08-16,8,GERMANY,AIRDROME,AIR FIELDS AND AIRDROMES,51.52,12.33,B17,4.0,12.0,271.0,,30.0,,30.0,VISUAL
19360,211275.0,1944-08-16,9,GERMANY,ORDNANCE DEPOT,SUPPLY DUMPS AND WAREHOUSES,51.15,11.8,B17,3.0,11.0,254.0,21.0,,,21.0,VISUAL
19374,211276.0,1944-08-16,9,GERMANY,ORDNANCE DEPOT,SUPPLY DUMPS AND WAREHOUSES,51.15,11.8,B17,3.0,4.0,,8.0,,,8.0,NOT INDICATED
19357,211280.0,1944-08-16,12,FRANCE,GUN POSITIONS,GUN EMPLACEMENTS,43.08,5.93,B26,4.0,23.0,12.0,44.0,,,44.0,NOT INDICATED
19353,211281.0,1944-08-16,12,GERMANY,GP,GUN EMPLACEMENTS,48.45,11.68,B26,4.0,36.0,118.0,67.0,,,67.0,NOT INDICATED
19351,211283.0,1944-08-16,12,FRANCE,GUN POSITIONS,GUN EMPLACEMENTS,43.08,5.93,B26,4.0,23.0,120.0,44.0,,,44.0,NOT INDICATED
19354,211286.0,1944-08-16,12,GERMANY,GP,GUN EMPLACEMENTS,48.45,11.68,B26,4.0,36.0,118.0,67.0,,,67.0,NOT INDICATED
19361,211287.0,1944-08-16,9,GERMANY,ORDNANCE DEPOT,SUPPLY DUMPS AND WAREHOUSES,51.15,11.8,B17,3.0,11.0,254.0,21.0,,,21.0,VISUAL
19375,211288.0,1944-08-16,9,GERMANY,ORDNANCE DEPOT,SUPPLY DUMPS AND WAREHOUSES,51.15,11.8,B17,3.0,4.0,,8.0,,,8.0,NOT INDICATED
19617,211289.0,1944-08-16,8,GERMANY,AIRDROME,AIR FIELDS AND AIRDROMES,51.52,12.33,B17,4.0,1.0,,,3.0,,3.0,NOT INDICATED
19398,211290.0,1944-08-16,8,GERMANY,AIRDROME,AIR FIELDS AND AIRDROMES,51.52,12.33,B17,4.0,12.0,250.0,30.0,,,30.0,VISUAL
19602,211291.0,1944-08-16,8,GERMANY,AIRDROME,AIR FIELDS AND AIRDROMES,51.52,12.33,B17,4.0,11.0,240.0,28.0,,,28.0,VISUAL
19392,211292.0,1944-08-16,8,GERMANY,AIRDROME,AIR FIELDS AND AIRDROMES,51.52,12.33,B17,4.0,11.0,255.0,28.0,,,28.0,VISUAL
19393,211293.0,1944-08-16,8,GERMANY,AIRDROME,AIR FIELDS AND AIRDROMES,51.52,12.33,B17,4.0,11.0,255.0,28.0,,,28.0,VISUAL
19399,211294.0,1944-08-16,8,GERMANY,AIRDROME,AIR FIELDS AND AIRDROMES,51.52,12.33,B17,4.0,12.0,250.0,30.0,,,30.0,VISUAL
19384,211295.0,1944-08-16,8,GERMANY,AIRDROME,AIR FIELDS AND AIRDROMES,51.52,12.33,B17,4.0,11.0,261.0,28.0,,,28.0,VISUAL
19381,211296.0,1944-08-16,8,GERMANY,AIRDROME,AIR FIELDS AND AIRDROMES,51.52,12.33,B17,4.0,10.0,266.0,,25.0,,25.0,VISUAL
19387,211297.0,1944-08-16,8,GERMANY,AIRDROME,AIR FIELDS AND AIRDROMES,51.52,12.33,B17,4.0,9.0,260.0,,23.0,,23.0,VISUAL
19378,211298.0,1944-08-16,8,GERMANY,AIRDROME,AIR FIELDS AND AIRDROMES,51.52,12.33,B17,4.0,12.0,271.0,,30.0,,30.0,VISUAL
20582,108111.0,1944-08-17,9,FRANCE,HWY BRIDGE,BRIDGES,49.53,1.5,A20,,,115.0,45.0,,,45.0,NOT INDICATED
20578,108112.0,1944-08-17,9,FRANCE,HIWAY BRIDGE,BRIDGES,49.2,-0.47,B26,,,117.0,60.0,,,60.0,NOT INDICATED
20588,108130.0,1944-08-17,8,FRANCE,AIRDROME,AIR FIELDS AND AIRDROMES,49.07,0.78,B26,,,118.0,1.0,,,1.0,F.F.F.
20583,108138.0,1944-08-17,9,FRANCE,UNIDENTIFIED TARGET,UNIDENTIFIED TARGETS,49.53,1.5,B26,,,115.0,1.0,,,1.0,F.F.F.
20586,108139.0,1944-08-17,9,FRANCE,UNIDENTIFIED TARGET,UNIDENTIFIED TARGETS,49.2,-0.47,B26,,,115.0,2.0,,,2.0,F.F.F.
20590,108146.0,1944-08-17,8,FRANCE,UNIDENTIFIED TARGET,UNIDENTIFIED TARGETS,46.17,-1.23,B17,4.0,2.0,,2.0,,,2.0,NOT INDICATED
20591,171666.0,1944-08-17,8,FRANCE,UNIDENTIFIED TARGET,UNIDENTIFIED TARGETS,46.17,-1.23,B17,4.0,2.0,,2.0,,,2.0,NOT INDICATED
20584,171673.0,1944-08-17,9,FRANCE,UNIDENTIFIED TARGET,UNIDENTIFIED TARGETS,49.53,1.5,B26,,,115.0,1.0,,,1.0,F.F.F.
20587,171674.0,1944-08-17,9,FRANCE,UNIDENTIFIED TARGET,UNIDENTIFIED TARGETS,49.2,-0.47,B26,,,115.0,2.0,,,2.0,F.F.F.
20592,171682.0,1944-08-17,8,FRANCE,UNIDENTIFIED TARGET,UNIDENTIFIED TARGETS,46.17,-1.23,B17,4.0,1.0,,2.0,,,2.0,NOT INDICATED
20585,211320.0,1944-08-17,9,FRANCE,HWY BRIDGE,BRIDGES,49.53,1.5,A20,,,115.0,45.0,,,45.0,NOT INDICATED
20579,211321.0,1944-08-17,9,FRANCE,HIWAY BRIDGE,BRIDGES,49.2,-0.47,B26,,,117.0,60.0,,,60.0,NOT INDICATED
20576,211327.0,1944-08-17,15,BULGARIA,BARGES IN DANUBE RIVER,"""TUGS,  BARGES,  AND SAMPANS  """,43.63,22.88,B24,2.0,1.0,,2.0,,,2.0,NOT INDICATED
20577,211328.0,1944-08-17,15,BULGARIA,BARGES IN DANUBE RIVER,"""TUGS,  BARGES,  AND SAMPANS  """,43.63,22.88,B24,2.0,1.0,,2.0,,,2.0,NOT INDICATED
20589,211331.0,1944-08-17,8,FRANCE,AIRDROME,AIR FIELDS AND AIRDROMES,49.07,0.78,B26,,,118.0,1.0,,,1.0,F.F.F.
21196,108205.0,1944-08-18,8,FRANCE,FUEL DUMP,SUPPLY DUMPS AND WAREHOUSES,48.35,2.7,B17,3.0,1.0,,3.0,,,3.0,NOT INDICATED
21186,108206.0,1944-08-18,8,FRANCE,FUEL DUMP,SUPPLY DUMPS AND WAREHOUSES,48.35,2.7,B17,3.0,12.0,123.0,30.0,,,30.0,VISUAL
21193,108207.0,1944-08-18,8,FRANCE,FUEL DUMP,SUPPLY DUMPS AND WAREHOUSES,48.35,2.7,B17,3.0,13.0,110.0,33.0,,,33.0,VISUAL
21181,108208.0,1944-08-18,8,FRANCE,FUEL DUMP,SUPPLY DUMPS AND WAREHOUSES,48.35,2.7,B17,3.0,12.0,137.0,30.0,,,30.0,VISUAL
21160,108209.0,1944-08-18,12,FRANCE,GUN POSITION,GUN EMPLACEMENTS,43.0,5.67,B26,4.0,12.0,110.0,24.0,,,24.0,NOT INDICATED
21165,108210.0,1944-08-18,9,FRANCE,ARMORED SUPPORT,GUN EMPLACEMENTS,48.33,-0.67,B26,4.0,10.0,119.0,20.0,,,20.0,NOT INDICATED
21155,108211.0,1944-08-18,15,GERMANY,AIRDROME,AIR FIELDS AND AIRDROMES,48.13,11.58,B24,4.0,28.0,190.0,,,339.0,339.0,NOT INDICATED
21199,171697.0,1944-08-18,8,FRANCE,UNIDENTIFIED TARGET,UNIDENTIFIED TARGETS,49.02,1.38,B17,4.0,1.0,,2.0,,,2.0,NOT INDICATED
21189,171698.0,1944-08-18,8,FRANCE,UNIDENTIFIED TARGET,UNIDENTIFIED TARGETS,49.02,1.38,B17,4.0,12.0,120.0,29.0,,,29.0,VISUAL
21184,171699.0,1944-08-18,8,FRANCE,UNIDENTIFIED TARGET,UNIDENTIFIED TARGETS,49.02,1.38,B17,4.0,13.0,129.0,36.0,,,36.0,VISUAL
21191,171700.0,1944-08-18,8,FRANCE,UNIDENTIFIED TARGET,UNIDENTIFIED TARGETS,49.02,1.38,B17,4.0,13.0,113.0,32.0,,,32.0,VISUAL
21200,171708.0,1944-08-18,8,FRANCE,UNIDENTIFIED TARGET,UNIDENTIFIED TARGETS,49.02,1.38,B17,4.0,1.0,,2.0,,,2.0,NOT INDICATED
21190,171709.0,1944-08-18,8,FRANCE,UNIDENTIFIED TARGET,UNIDENTIFIED TARGETS,49.02,1.38,B17,4.0,12.0,120.0,29.0,,,29.0,VISUAL
21185,171710.0,1944-08-18,8,FRANCE,UNIDENTIFIED TARGET,UNIDENTIFIED TARGETS,49.02,1.38,B17,4.0,13.0,129.0,36.0,,,36.0,VISUAL
21192,171711.0,1944-08-18,8,FRANCE,UNIDENTIFIED TARGET,UNIDENTIFIED TARGETS,49.02,1.38,B17,4.0,13.0,113.0,32.0,,,32.0,VISUAL
21171,171745.0,1944-08-18,8,BELGIUM,RR BRIDGE,BRIDGES,50.62,5.58,B17,4.0,12.0,243.0,33.0,,,33.0,VISUAL
21170,171746.0,1944-08-18,8,BELGIUM,RR BRIDGE,BRIDGES,50.62,5.58,B17,4.0,11.0,264.0,33.0,,,33.0,VISUAL
21169,171747.0,1944-08-18,8,BELGIUM,RR BRIDGE,BRIDGES,50.62,5.58,B17,1.0,12.0,268.0,35.0,,,35.0,VISUAL
21158,211343.0,1944-08-18,15,BULGARIA,DOCKS,PORTS AND HARBORS,43.63,22.88,B24,2.0,5.0,,10.0,,,10.0,NOT INDICATED
21159,211344.0,1944-08-18,15,BULGARIA,DOCKS,PORTS AND HARBORS,43.63,22.88,B24,2.0,5.0,,10.0,,,10.0,NOT INDICATED
21156,211371.0,1944-08-18,15,GERMANY,AIRDROME,AIR FIELDS AND AIRDROMES,48.13,11.58,B24,4.0,28.0,190.0,,,339.0,339.0,NOT INDICATED
21197,211374.0,1944-08-18,8,FRANCE,FUEL DUMP,SUPPLY DUMPS AND WAREHOUSES,48.35,2.7,B17,3.0,1.0,,3.0,,,3.0,NOT INDICATED
21187,211375.0,1944-08-18,8,FRANCE,FUEL DUMP,SUPPLY DUMPS AND WAREHOUSES,48.35,2.7,B17,3.0,12.0,123.0,30.0,,,30.0,VISUAL
21194,211376.0,1944-08-18,8,FRANCE,FUEL DUMP,SUPPLY DUMPS AND WAREHOUSES,48.35,2.7,B17,3.0,13.0,110.0,33.0,,,33.0,VISUAL
21182,211377.0,1944-08-18,8,FRANCE,FUEL DUMP,SUPPLY DUMPS AND WAREHOUSES,48.35,2.7,B17,3.0,12.0,137.0,30.0,,,30.0,VISUAL
21164,211385.0,1944-08-18,12,FRANCE,GUN POSITION,GUN EMPLACEMENTS,43.0,5.67,B26,4.0,12.0,11.0,24.0,,,24.0,NOT INDICATED
21166,211386.0,1944-08-18,9,FRANCE,ARMORED SUPPORT,GUN EMPLACEMENTS,48.33,-0.67,B26,4.0,10.0,119.0,20.0,,,20.0,NOT INDICATED
21161,211396.0,1944-08-18,12,FRANCE,GUN POSITION,GUN EMPLACEMENTS,43.0,5.67,B26,4.0,12.0,110.0,24.0,,,24.0,NOT INDICATED
21167,211397.0,1944-08-18,9,FRANCE,ARMORED SUPPORT,GUN EMPLACEMENTS,48.33,-0.67,B26,4.0,10.0,119.0,20.0,,,20.0,NOT INDICATED
21198,211398.0,1944-08-18,8,FRANCE,FUEL DUMP,SUPPLY DUMPS AND WAREHOUSES,48.35,2.7,B17,3.0,1.0,,3.0,,,3.0,NOT INDICATED
21188,211399.0,1944-08-18,8,FRANCE,FUEL DUMP,SUPPLY DUMPS AND WAREHOUSES,48.35,2.7,B17,3.0,12.0,123.0,30.0,,,30.0,VISUAL
21195,211400.0,1944-08-18,8,FRANCE,FUEL DUMP,SUPPLY DUMPS AND WAREHOUSES,48.35,2.7,B17,3.0,13.0,110.0,33.0,,,33.0,VISUAL
21183,211401.0,1944-08-18,8,FRANCE,FUEL DUMP,SUPPLY DUMPS AND WAREHOUSES,48.35,2.7,B17,3.0,12.0,137.0,30.0,,,30.0,VISUAL
21157,211427.0,1944-08-18,15,GERMANY,AIRDROME,AIR FIELDS AND AIRDROMES,48.13,11.58,B24,4.0,28.0,190.0,,,339.0,339.0,NOT INDICATED
22054,108223.0,1944-08-19,8,FRANCE,MARSHALLING YARD,"""RR INSTALLATIONS,  TRACKS,  MARSHALLING YARDS,  AND STATIONS""",45.95,7.97,A20,4.0,11.0,109.0,11.0,,,11.0,NOT INDICATED
22052,108224.0,1944-08-19,8,FRANCE,MARSHALLING YARD,"""RR INSTALLATIONS,  TRACKS,  MARSHALLING YARDS,  AND STATIONS""",45.95,7.97,A20,4.0,12.0,113.0,12.0,,,12.0,NOT INDICATED
22044,108225.0,1944-08-19,12,FRANCE,RR BRIDGE,BRIDGES,44.33,6.33,B26,4.0,18.0,110.0,35.0,,,35.0,NOT INDICATED
22049,108232.0,1944-08-19,9,FRANCE,ARMORED SUPPORT,GUN EMPLACEMENTS,48.33,-0.67,B26,4.0,,,,,,,NOT INDICATED
22046,108233.0,1944-08-19,9,FRANCE,ARMORED SUPPORT,GUN EMPLACEMENTS,48.33,-0.67,B26,4.0,18.0,105.0,36.0,,,36.0,NOT INDICATED
22055,211434.0,1944-08-19,8,FRANCE,MARSHALLING YARD,"""RR INSTALLATIONS,  TRACKS,  MARSHALLING YARDS,  AND STATIONS""",45.95,7.97,A20,4.0,11.0,109.0,11.0,,,11.0,NOT INDICATED
22053,211435.0,1944-08-19,8,FRANCE,MARSHALLING YARD,"""RR INSTALLATIONS,  TRACKS,  MARSHALLING YARDS,  AND STATIONS""",45.95,7.97,A20,4.0,12.0,113.0,12.0,,,12.0,NOT INDICATED
22045,211436.0,1944-08-19,12,FRANCE,RR BRIDGE,BRIDGES,44.33,6.33,B26,4.0,18.0,110.0,35.0,,,35.0,NOT INDICATED
22050,211440.0,1944-08-19,9,FRANCE,ARMORED SUPPORT,GUN EMPLACEMENTS,48.33,-0.67,B26,4.0,,,,,,,NOT INDICATED
22047,211441.0,1944-08-19,9,FRANCE,ARMORED SUPPORT,GUN EMPLACEMENTS,48.33,-0.67,B26,4.0,18.0,105.0,36.0,,,36.0,NOT INDICATED
22051,211442.0,1944-08-19,9,FRANCE,ARMORED SUPPORT,GUN EMPLACEMENTS,48.33,-0.67,B26,4.0,,,,,,,NOT INDICATED
22048,211443.0,1944-08-19,9,FRANCE,ARMORED SUPPORT,GUN EMPLACEMENTS,48.33,-0.67,B26,4.0,18.0,105.0,36.0,,,36.0,NOT INDICATED
22375,108242.0,1944-08-20,15,CZECHOSLOVAKIA,OIL REFINERY,OIL REFINERIES,48.18,23.9,B24,4.0,21.0,195.0,50.0,,,50.0,VISUAL
22373,108243.0,1944-08-20,15,CZECHOSLOVAKIA,OIL REFINERY,OIL REFINERIES,48.18,23.9,B24,4.0,28.0,199.0,65.0,,,65.0,NOT INDICATED
22381,108244.0,1944-08-20,15,CZECHOSLOVAKIA,OIL REFINERY,OIL REFINERIES,48.18,23.9,B24,4.0,27.0,182.0,64.0,,,64.0,VISUAL
22379,108247.0,1944-08-20,15,POLAND,OIL REFINERY,OIL REFINERIES,29.92,20.7,B24,4.0,27.0,185.0,67.0,,,67.0,NOT INDICATED
22371,108248.0,1944-08-20,15,POLAND,OIL REFINERY,OIL REFINERIES,29.92,20.7,B24,4.0,27.0,201.0,67.0,,,67.0,NOT INDICATED
22377,108249.0,1944-08-20,15,POLAND,OIL REFINERY,OIL REFINERIES,29.92,20.7,B24,4.0,31.0,193.0,75.0,,,75.0,NOT INDICATED
22369,108250.0,1944-08-20,15,POLAND,OIL REFINERY SYNTHETIC,SYNTHETIC OIL REFINERIES,50.03,19.23,B17,4.0,24.0,261.0,69.0,,,69.0,NOT INDICATED
22367,108251.0,1944-08-20,15,POLAND,OIL REFINERY SYNTHETIC,SYNTHETIC OIL REFINERIES,50.03,19.23,B17,4.0,26.0,268.0,78.0,,,78.0,NOT INDICATED
22363,108252.0,1944-08-20,15,POLAND,OIL REFINERY SYNTHETIC,SYNTHETIC OIL REFINERIES,50.03,19.23,B17,4.0,25.0,285.0,60.0,,,60.0,NOT INDICATED
22365,108253.0,1944-08-20,15,POLAND,OIL REFINERY SYNTHETIC,SYNTHETIC OIL REFINERIES,50.03,19.23,B17,4.0,26.0,269.0,77.0,,,77.0,NOT INDICATED
22361,108254.0,1944-08-20,15,POLAND,OIL REFINERY SYNTHETIC,SYNTHETIC OIL REFINERIES,50.03,19.23,B17,4.0,26.0,295.0,50.0,,,50.0,NOT INDICATED
22383,108268.0,1944-08-20,12,FRANCE,GUN POSITION,GUN EMPLACEMENTS,43.0,5.67,B26,4.0,6.0,118.0,12.0,,,12.0,NOT INDICATED
22386,108269.0,1944-08-20,12,FRANCE,GUN POSITION,GUN EMPLACEMENTS,43.0,5.67,B26,4.0,6.0,112.0,12.0,,,12.0,NOT INDICATED
22391,108270.0,1944-08-20,12,FRANCE,GUN POSITION,GUN EMPLACEMENTS,43.0,5.67,B26,4.0,6.0,110.0,11.0,,,11.0,NOT INDICATED
22376,171772.0,1944-08-20,15,CZECHOSLOVAKIA,OIL REFINERY,OIL REFINERIES,48.18,23.9,B24,4.0,21.0,195.0,50.0,,,50.0,VISUAL
22374,171773.0,1944-08-20,15,CZECHOSLOVAKIA,OIL REFINERY,OIL REFINERIES,48.18,23.9,B24,4.0,28.0,199.0,65.0,,,65.0,NOT INDICATED
22382,171774.0,1944-08-20,15,CZECHOSLOVAKIA,OIL REFINERY,OIL REFINERIES,48.18,23.9,B24,4.0,27.0,182.0,64.0,,,64.0,VISUAL
22380,171775.0,1944-08-20,15,POLAND,OIL REFINERY,OIL REFINERIES,29.92,20.7,B24,4.0,27.0,185.0,67.0,,,67.0,NOT INDICATED
22372,171776.0,1944-08-20,15,POLAND,OIL REFINERY,OIL REFINERIES,29.92,20.7,B24,4.0,27.0,201.0,67.0,,,67.0,NOT INDICATED
22378,171777.0,1944-08-20,15,POLAND,OIL REFINERY,OIL REFINERIES,29.92,20.7,B24,4.0,31.0,193.0,75.0,,,75.0,NOT INDICATED
22370,171778.0,1944-08-20,15,POLAND,OIL REFINERY SYNTHETIC,SYNTHETIC OIL REFINERIES,50.03,19.23,B17,4.0,24.0,261.0,69.0,,,69.0,NOT INDICATED
22368,171779.0,1944-08-20,15,POLAND,OIL REFINERY SYNTHETIC,SYNTHETIC OIL REFINERIES,50.03,19.23,B17,4.0,26.0,268.0,78.0,,,78.0,NOT INDICATED
22364,171780.0,1944-08-20,15,POLAND,OIL REFINERY SYNTHETIC,SYNTHETIC OIL REFINERIES,50.03,19.23,B17,4.0,25.0,285.0,60.0,,,60.0,NOT INDICATED
22366,171781.0,1944-08-20,15,POLAND,OIL REFINERY SYNTHETIC,SYNTHETIC OIL REFINERIES,50.03,19.23,B17,4.0,26.0,269.0,77.0,,,77.0,NOT INDICATED
22362,171782.0,1944-08-20,15,POLAND,OIL REFINERY SYNTHETIC,SYNTHETIC OIL REFINERIES,50.03,19.23,B17,4.0,26.0,295.0,50.0,,,50.0,NOT INDICATED
22384,211462.0,1944-08-20,12,FRANCE,GUN POSITION,GUN EMPLACEMENTS,43.0,5.67,B26,4.0,6.0,118.0,12.0,,,12.0,NOT INDICATED
22387,211463.0,1944-08-20,12,FRANCE,GUN POSITION,GUN EMPLACEMENTS,43.0,5.67,B26,4.0,6.0,112.0,12.0,,,12.0,NOT INDICATED
22393,211464.0,1944-08-20,12,FRANCE,GUN POSITION,GUN EMPLACEMENTS,43.0,5.67,B26,4.0,6.0,11.0,11.0,,,11.0,NOT INDICATED
22385,211477.0,1944-08-20,12,FRANCE,GUN POSITION,GUN EMPLACEMENTS,43.0,5.67,B26,4.0,6.0,118.0,12.0,,,12.0,NOT INDICATED
22388,211478.0,1944-08-20,12,FRANCE,GUN POSITION,GUN EMPLACEMENTS,43.0,5.67,B26,4.0,6.0,112.0,12.0,,,12.0,NOT INDICATED
22392,211479.0,1944-08-20,12,FRANCE,GUN POSITION,GUN EMPLACEMENTS,43.0,5.67,B26,4.0,6.0,110.0,11.0,,,11.0,NOT INDICATED
23234,108293.0,1944-08-22,15,AUSTRIA,OIL STORAGE,OIL STORAGE FACILITIES AND OTHER OIL INSTALLATIONS,48.35,16.33,B24,4.0,22.0,240.0,55.0,,,55.0,NOT INDICATED
23246,108294.0,1944-08-22,15,AUSTRIA,OIL STORAGE,OIL STORAGE FACILITIES AND OTHER OIL INSTALLATIONS,48.35,16.33,B24,4.0,23.0,225.0,58.0,,,58.0,NOT INDICATED
23257,108295.0,1944-08-22,15,AUSTRIA,OIL STORAGE,OIL STORAGE FACILITIES AND OTHER OIL INSTALLATIONS,48.35,16.33,B24,4.0,28.0,218.0,67.0,,,67.0,NOT INDICATED
23244,108296.0,1944-08-22,15,AUSTRIA,OIL STORAGE,OIL STORAGE FACILITIES AND OTHER OIL INSTALLATIONS,48.35,16.33,B24,4.0,23.0,227.0,58.0,,,58.0,NOT INDICATED
23259,108297.0,1944-08-22,15,AUSTRIA,OIL REFINERY,OIL REFINERIES,48.2,16.37,B24,8.0,23.0,214.0,63.0,,,63.0,NOT INDICATED
23250,108300.0,1944-08-22,15,AUSTRIA,OIL REFINERY,OIL REFINERIES,48.2,16.37,B24,4.0,26.0,223.0,51.0,,,51.0,NOT INDICATED
23248,108301.0,1944-08-22,15,AUSTRIA,OIL DEPOT,OIL STORAGE FACILITIES AND OTHER OIL INSTALLATIONS,48.2,16.37,B24,4.0,26.0,225.0,52.0,,,52.0,NOT INDICATED
23232,108302.0,1944-08-22,15,AUSTRIA,OIL DEPOT,OIL STORAGE FACILITIES AND OTHER OIL INSTALLATIONS,48.2,16.37,B24,4.0,23.0,245.0,46.0,,,46.0,NOT INDICATED
23240,108303.0,1944-08-22,15,AUSTRIA,OIL DEPOT,OIL STORAGE FACILITIES AND OTHER OIL INSTALLATIONS,48.2,16.37,B24,4.0,23.0,230.0,45.0,,,45.0,NOT INDICATED
23241,108304.0,1944-08-22,15,AUSTRIA,OIL DEPOT,OIL STORAGE FACILITIES AND OTHER OIL INSTALLATIONS,48.2,16.37,B24,4.0,20.0,230.0,38.0,,,38.0,NOT INDICATED
23255,108305.0,1944-08-22,15,AUSTRIA,OIL DEPOT,OIL STORAGE FACILITIES AND OTHER OIL INSTALLATIONS,48.2,16.37,B24,3.0,32.0,220.0,76.0,,,76.0,NOT INDICATED
23252,108306.0,1944-08-22,15,GERMANY,OIL REFINERY SYNTHETIC,SYNTHETIC OIL REFINERIES,50.33,18.3,B24,4.0,26.0,222.0,61.0,,,61.0,VISUAL
23236,108307.0,1944-08-22,15,GERMANY,OIL REFINERY SYNTHETIC,SYNTHETIC OIL REFINERIES,50.33,18.3,B24,4.0,22.0,235.0,50.0,,,50.0,F.F.F.
23238,108308.0,1944-08-22,15,GERMANY,OIL REFINERY SYNTHETIC,SYNTHETIC OIL REFINERIES,50.33,18.3,B24,4.0,26.0,231.0,61.0,,,61.0,F.F.F.
23261,108309.0,1944-08-22,15,GERMANY,OIL REFINERY SYNTHETIC,SYNTHETIC OIL REFINERIES,50.33,18.3,B24,4.0,26.0,210.0,63.0,,,63.0,NOT INDICATED
23235,171792.0,1944-08-22,15,AUSTRIA,OIL STORAGE,OIL STORAGE FACILITIES AND OTHER OIL INSTALLATIONS,48.35,16.33,B24,4.0,22.0,240.0,55.0,,,55.0,NOT INDICATED
23247,171793.0,1944-08-22,15,AUSTRIA,OIL STORAGE,OIL STORAGE FACILITIES AND OTHER OIL INSTALLATIONS,48.35,16.33,B24,4.0,23.0,225.0,58.0,,,58.0,NOT INDICATED
23258,171794.0,1944-08-22,15,AUSTRIA,OIL STORAGE,OIL STORAGE FACILITIES AND OTHER OIL INSTALLATIONS,48.35,16.33,B24,4.0,28.0,218.0,67.0,,,67.0,NOT INDICATED
23245,171795.0,1944-08-22,15,AUSTRIA,OIL STORAGE,OIL STORAGE FACILITIES AND OTHER OIL INSTALLATIONS,48.35,16.33,B24,4.0,23.0,227.0,58.0,,,58.0,NOT INDICATED
23260,171796.0,1944-08-22,15,AUSTRIA,OIL REFINERY,OIL REFINERIES,48.2,16.37,B24,8.0,23.0,214.0,63.0,,,63.0,NOT INDICATED
23251,171797.0,1944-08-22,15,AUSTRIA,OIL REFINERY,OIL REFINERIES,48.2,16.37,B24,4.0,26.0,223.0,51.0,,,51.0,NOT INDICATED
23249,171798.0,1944-08-22,15,AUSTRIA,OIL DEPOT,OIL STORAGE FACILITIES AND OTHER OIL INSTALLATIONS,48.2,16.37,B24,4.0,26.0,225.0,52.0,,,52.0,NOT INDICATED
23233,171799.0,1944-08-22,15,AUSTRIA,OIL DEPOT,OIL STORAGE FACILITIES AND OTHER OIL INSTALLATIONS,48.2,16.37,B24,4.0,23.0,245.0,46.0,,,46.0,NOT INDICATED
23242,171800.0,1944-08-22,15,AUSTRIA,OIL DEPOT,OIL STORAGE FACILITIES AND OTHER OIL INSTALLATIONS,48.2,16.37,B24,4.0,23.0,230.0,45.0,,,45.0,NOT INDICATED
23243,171801.0,1944-08-22,15,AUSTRIA,OIL DEPOT,OIL STORAGE FACILITIES AND OTHER OIL INSTALLATIONS,48.2,16.37,B24,4.0,20.0,230.0,38.0,,,38.0,NOT INDICATED
23256,171802.0,1944-08-22,15,AUSTRIA,OIL DEPOT,OIL STORAGE FACILITIES AND OTHER OIL INSTALLATIONS,48.2,16.37,B24,3.0,32.0,220.0,76.0,,,76.0,NOT INDICATED
23253,171803.0,1944-08-22,15,GERMANY,OIL REFINERY SYNTHETIC,SYNTHETIC OIL REFINERIES,50.33,18.3,B24,4.0,26.0,222.0,61.0,,,61.0,VISUAL
23237,171804.0,1944-08-22,15,GERMANY,OIL REFINERY SYNTHETIC,SYNTHETIC OIL REFINERIES,50.33,18.3,B24,4.0,22.0,235.0,50.0,,,50.0,F.F.F.
23239,171805.0,1944-08-22,15,GERMANY,OIL REFINERY SYNTHETIC,SYNTHETIC OIL REFINERIES,50.33,18.3,B24,4.0,26.0,231.0,61.0,,,61.0,F.F.F.
23262,171806.0,1944-08-22,15,GERMANY,OIL REFINERY SYNTHETIC,SYNTHETIC OIL REFINERIES,50.33,18.3,B24,4.0,26.0,210.0,63.0,,,63.0,NOT INDICATED
23263,171813.0,1944-08-22,15,GERMANY,MY,"""RR INSTALLATIONS,  TRACKS,  MARSHALLING YARDS,  AND STATIONS""",50.33,17.67,B17,2.0,1.0,,3.0,,,3.0,NOT INDICATED
23254,211517.0,1944-08-22,15,GERMANY,AIRDROME,AIR FIELDS AND AIRDROMES,48.13,11.58,B24,4.0,25.0,220.0,,,66.0,66.0,NOT INDICATED
23599,108325.0,1944-08-23,15,AUSTRIA,FANTO OIL REFINERY,OIL REFINERIES,48.12,16.3,B24,4.0,26.0,230.0,51.0,,,51.0,NOT INDICATED
23588,108326.0,1944-08-23,15,AUSTRIA,FANTO OIL REFINERY,OIL REFINERIES,48.12,16.3,B24,4.0,14.0,240.0,28.0,,,28.0,F.F.F.
23600,108327.0,1944-08-23,15,AUSTRIA,FANTO OIL REFINERY,OIL REFINERIES,48.12,16.3,B24,4.0,28.0,230.0,55.0,,,55.0,NOT INDICATED
23596,108332.0,1944-08-23,15,AUSTRIA,AC ENG PLANT,ENGINE PLANTS,48.2,16.37,B17,4.0,22.0,230.0,,65.0,,65.0,NOT INDICATED
23585,108333.0,1944-08-23,15,AUSTRIA,AC ENG PLANT,ENGINE PLANTS,48.2,16.37,B17,4.0,24.0,265.0,,71.0,,71.0,NOT INDICATED
23579,108334.0,1944-08-23,15,AUSTRIA,ATZGERSDORF AC COMP PL,A/C COMPONENT PLANTS,48.2,16.37,B17,4.0,23.0,275.0,,46.0,,46.0,NOT INDICATED
23922,108337.0,1944-08-23,12,FRANCE,ROAD BLOCK,TACTICAL TARGETS: (UNIDENTIFIED OR NOT LISTED BELOW),44.0,2.0,B26,4.0,15.0,115.0,28.0,,,28.0,NOT INDICATED
23912,108339.0,1944-08-23,15,AUSTRIA,NEU LENG BACH AD,AIR FIELDS AND AIRDROMES,48.2,15.92,B24,4.0,16.0,189.0,,,34.0,34.0,NOT INDICATED
23909,108340.0,1944-08-23,15,AUSTRIA,NEU LENG BACH AD,AIR FIELDS AND AIRDROMES,48.2,15.92,B24,4.0,30.0,210.0,,,357.0,357.0,NOT INDICATED
23903,108341.0,1944-08-23,15,AUSTRIA,NEU LENG BACH AD,AIR FIELDS AND AIRDROMES,48.2,15.92,B24,4.0,25.0,219.0,62.0,,,62.0,NOT INDICATED
23904,108342.0,1944-08-23,15,AUSTRIA,NEU LENG BACH AD,AIR FIELDS AND AIRDROMES,48.2,15.92,B24,4.0,28.0,219.0,67.0,,,67.0,NOT INDICATED
23590,108343.0,1944-08-23,15,AUSTRIA,NEU LENG BACH AD,AIR FIELDS AND AIRDROMES,48.2,15.92,B24,4.0,8.0,238.0,17.0,,,17.0,NOT INDICATED
23915,108344.0,1944-08-23,15,AUSTRIA,NEU LENG BACH AD,AIR FIELDS AND AIRDROMES,48.2,15.92,B24,3.0,26.0,180.0,,,57.0,57.0,NOT INDICATED
23593,108345.0,1944-08-23,15,AUSTRIA,NEU LENG BACH AD,AIR FIELDS AND AIRDROMES,48.2,15.92,B24,2.0,26.0,230.0,65.0,,,65.0,NOT INDICATED
23918,108347.0,1944-08-23,15,AUSTRIA,CITY AREA,CITIES TOWNS AND URBAN AREAS,48.2,16.37,B24,4.0,13.0,,26.0,,,26.0,F.F.F.
23582,108348.0,1944-08-23,15,AUSTRIA,CITY AREA,CITIES TOWNS AND URBAN AREAS,48.2,16.37,B17,3.0,28.0,270.0,55.0,,,55.0,NOT INDICATED
23925,108349.0,1944-08-23,9,FRANCE,UNIDENTIFIED TARGET,UNIDENTIFIED TARGETS,48.55,-2.55,B25,4.0,12.0,99.0,24.0,,,24.0,NOT INDICATED
23597,171815.0,1944-08-23,15,AUSTRIA,AC ENG PLANT,ENGINE PLANTS,48.2,16.37,B17,4.0,22.0,230.0,,65.0,,65.0,NOT INDICATED
23586,171816.0,1944-08-23,15,AUSTRIA,AC ENG PLANT,ENGINE PLANTS,48.2,16.37,B17,4.0,24.0,265.0,,71.0,,71.0,NOT INDICATED
23580,171817.0,1944-08-23,15,AUSTRIA,ATZGERSDORF AC COMP PL,A/C COMPONENT PLANTS,48.2,16.37,B17,4.0,23.0,275.0,,46.0,,46.0,NOT INDICATED
23926,171821.0,1944-08-23,9,FRANCE,UNIDENTIFIED TARGET,UNIDENTIFIED TARGETS,48.55,-2.55,B25,4.0,12.0,99.0,24.0,,,24.0,NOT INDICATED
23919,171822.0,1944-08-23,15,AUSTRIA,CITY AREA,CITIES TOWNS AND URBAN AREAS,48.2,16.37,B24,4.0,13.0,,26.0,,,26.0,F.F.F.
23583,171823.0,1944-08-23,15,AUSTRIA,CITY AREA,CITIES TOWNS AND URBAN AREAS,48.2,16.37,B17,3.0,28.0,270.0,55.0,,,55.0,NOT INDICATED
23920,171824.0,1944-08-23,15,AUSTRIA,CITY AREA,CITIES TOWNS AND URBAN AREAS,48.2,16.37,B24,4.0,13.0,,26.0,,,26.0,F.F.F.
23584,171825.0,1944-08-23,15,AUSTRIA,CITY AREA,CITIES TOWNS AND URBAN AREAS,48.2,16.37,B17,3.0,28.0,270.0,55.0,,,55.0,NOT INDICATED
23598,171827.0,1944-08-23,15,AUSTRIA,AC ENG PLANT,ENGINE PLANTS,48.2,16.37,B17,4.0,22.0,230.0,,65.0,,65.0,NOT INDICATED
23587,171828.0,1944-08-23,15,AUSTRIA,AC ENG PLANT,ENGINE PLANTS,48.2,16.37,B17,4.0,24.0,265.0,,71.0,,71.0,NOT INDICATED
23581,171829.0,1944-08-23,15,AUSTRIA,ATZGERSDORF AC COMP PL,A/C COMPONENT PLANTS,48.2,16.37,B17,4.0,23.0,275.0,,46.0,,46.0,NOT INDICATED
23901,171831.0,1944-08-23,15,AUSTRIA,FANTO OIL REFINERY,OIL REFINERIES,48.12,16.3,B24,4.0,26.0,230.0,51.0,,,51.0,NOT INDICATED
23589,171832.0,1944-08-23,15,AUSTRIA,FANTO OIL REFINERY,OIL REFINERIES,48.12,16.3,B24,4.0,14.0,240.0,28.0,,,28.0,F.F.F.
23902,171833.0,1944-08-23,15,AUSTRIA,FANTO OIL REFINERY,OIL REFINERIES,48.12,16.3,B24,4.0,28.0,230.0,55.0,,,55.0,NOT INDICATED
23921,171834.0,1944-08-23,12,AUSTRIA,MARSHALLING YARDS,"""RR INSTALLATIONS,  TRACKS,  MARSHALLING YARDS,  AND STATIONS""",48.2,16.37,B17,3.0,25.0,245.0,73.0,,,73.0,NOT INDICATED
23913,211523.0,1944-08-23,15,AUSTRIA,NEU LENG BACH AD,AIR FIELDS AND AIRDROMES,48.2,15.92,B24,4.0,16.0,189.0,,,34.0,34.0,NOT INDICATED
23910,211524.0,1944-08-23,15,AUSTRIA,NEU LENG BACH AD,AIR FIELDS AND AIRDROMES,48.2,15.92,B24,4.0,30.0,210.0,,,357.0,357.0,NOT INDICATED
23905,211525.0,1944-08-23,15,AUSTRIA,NEU LENG BACH AD,AIR FIELDS AND AIRDROMES,48.2,15.92,B24,4.0,25.0,219.0,62.0,,,62.0,NOT INDICATED
23906,211526.0,1944-08-23,15,AUSTRIA,NEU LENG BACH AD,AIR FIELDS AND AIRDROMES,48.2,15.92,B24,4.0,28.0,219.0,67.0,,,67.0,NOT INDICATED
23591,211527.0,1944-08-23,15,AUSTRIA,NEU LENG BACH AD,AIR FIELDS AND AIRDROMES,48.2,15.92,B24,4.0,8.0,238.0,17.0,,,17.0,NOT INDICATED
23916,211528.0,1944-08-23,15,AUSTRIA,NEU LENG BACH AD,AIR FIELDS AND AIRDROMES,48.2,15.92,B24,3.0,26.0,180.0,,,57.0,57.0,NOT INDICATED
23594,211529.0,1944-08-23,15,AUSTRIA,NEU LENG BACH AD,AIR FIELDS AND AIRDROMES,48.2,15.92,B24,2.0,26.0,230.0,65.0,,,65.0,NOT INDICATED
23923,211532.0,1944-08-23,12,FRANCE,ROAD BLOCK,TACTICAL TARGETS: (UNIDENTIFIED OR NOT LISTED BELOW),44.0,2.0,B26,4.0,15.0,115.0,28.0,,,28.0,NOT INDICATED
23924,211536.0,1944-08-23,12,FRANCE,ROAD BLOCK,TACTICAL TARGETS: (UNIDENTIFIED OR NOT LISTED BELOW),44.0,2.0,B26,4.0,15.0,115.0,28.0,,,28.0,NOT INDICATED
23914,211538.0,1944-08-23,15,AUSTRIA,NEU LENG BACH AD,AIR FIELDS AND AIRDROMES,48.2,15.92,B24,4.0,16.0,189.0,,,34.0,34.0,NOT INDICATED
23911,211539.0,1944-08-23,15,AUSTRIA,NEU LENG BACH AD,AIR FIELDS AND AIRDROMES,48.2,15.92,B24,4.0,30.0,210.0,,,357.0,357.0,NOT INDICATED
23907,211540.0,1944-08-23,15,AUSTRIA,NEU LENG BACH AD,AIR FIELDS AND AIRDROMES,48.2,15.92,B24,4.0,25.0,219.0,62.0,,,62.0,NOT INDICATED
23908,211541.0,1944-08-23,15,AUSTRIA,NEU LENG BACH AD,AIR FIELDS AND AIRDROMES,48.2,15.92,B24,4.0,28.0,219.0,67.0,,,67.0,NOT INDICATED
23592,211542.0,1944-08-23,15,AUSTRIA,NEU LENG BACH AD,AIR FIELDS AND AIRDROMES,48.2,15.92,B24,4.0,8.0,238.0,17.0,,,17.0,NOT INDICATED
23917,211543.0,1944-08-23,15,AUSTRIA,NEU LENG BACH AD,AIR FIELDS AND AIRDROMES,48.2,15.92,B24,3.0,26.0,180.0,,,57.0,57.0,NOT INDICATED
23595,211544.0,1944-08-23,15,AUSTRIA,NEU LENG BACH AD,AIR FIELDS AND AIRDROMES,48.2,15.92,B24,2.0,26.0,230.0,65.0,,,65.0,NOT INDICATED
24258,108358.0,1944-08-24,15,CZECHOSLOVAKIA,BERGIUS SYN OR,SYNTHETIC OIL REFINERIES,50.52,13.63,B17,4.0,10.0,265.0,19.0,,,19.0,VISUAL
24236,108359.0,1944-08-24,15,CZECHOSLOVAKIA,BERGIUS SYN OR,SYNTHETIC OIL REFINERIES,50.52,13.63,B17,4.0,12.0,280.0,23.0,,,23.0,VISUAL
24272,108360.0,1944-08-24,15,CZECHOSLOVAKIA,BERGIUS SYN OR,SYNTHETIC OIL REFINERIES,50.52,13.63,B17,4.0,13.0,258.0,25.0,,,25.0,VISUAL
24256,108361.0,1944-08-24,15,CZECHOSLOVAKIA,BERGIUS SYN OR,SYNTHETIC OIL REFINERIES,50.52,13.63,B17,4.0,9.0,267.0,23.0,,,23.0,VISUAL
24270,108362.0,1944-08-24,15,CZECHOSLOVAKIA,BERGIUS SYN OR,SYNTHETIC OIL REFINERIES,50.52,13.63,B17,4.0,12.0,259.0,30.0,,,30.0,VISUAL
24238,108363.0,1944-08-24,15,CZECHOSLOVAKIA,BERGIUS SYN OR,SYNTHETIC OIL REFINERIES,50.52,13.63,B17,4.0,12.0,279.0,30.0,,,30.0,VISUAL
24250,108364.0,1944-08-24,15,CZECHOSLOVAKIA,BERGIUS SYN OR,SYNTHETIC OIL REFINERIES,50.52,13.63,B17,4.0,9.0,269.0,21.0,,,21.0,VISUAL
24516,108365.0,1944-08-24,15,CZECHOSLOVAKIA,BERGIUS SYN OR,SYNTHETIC OIL REFINERIES,50.52,13.63,B17,4.0,2.0,,4.0,,,4.0,NOT INDICATED
24517,108366.0,1944-08-24,15,CZECHOSLOVAKIA,BERGIUS SYN OR,SYNTHETIC OIL REFINERIES,50.52,13.63,B17,4.0,4.0,,6.0,,,6.0,NOT INDICATED
24260,108367.0,1944-08-24,15,CZECHOSLOVAKIA,BERGIUS SYN OR,SYNTHETIC OIL REFINERIES,50.52,13.63,B17,4.0,15.0,263.0,31.0,,,31.0,VISUAL
24252,108368.0,1944-08-24,15,CZECHOSLOVAKIA,BERGIUS SYN OR,SYNTHETIC OIL REFINERIES,50.52,13.63,B17,4.0,9.0,268.0,21.0,,,21.0,VISUAL
24242,108369.0,1944-08-24,15,CZECHOSLOVAKIA,BERGIUS SYN OR,SYNTHETIC OIL REFINERIES,50.52,13.63,B17,3.0,13.0,277.0,33.0,,,33.0,VISUAL
24239,108370.0,1944-08-24,15,CZECHOSLOVAKIA,BERGIUS SYN OR,SYNTHETIC OIL REFINERIES,50.52,13.63,B17,2.0,7.0,279.0,18.0,,,18.0,VISUAL
24291,108371.0,1944-08-24,15,CZECHOSLOVAKIA,OIL REFINERY,OIL REFINERIES,50.03,15.18,B24,4.0,22.0,235.0,53.0,,,53.0,NOT INDICATED
24296,108372.0,1944-08-24,15,CZECHOSLOVAKIA,OIL REFINERY,OIL REFINERIES,50.03,15.18,B24,4.0,27.0,225.0,66.0,,,66.0,VISUAL
24510,108373.0,1944-08-24,15,CZECHOSLOVAKIA,OIL REFINERY,OIL REFINERIES,50.03,15.18,B24,4.0,24.0,208.0,57.0,,,57.0,NOT INDICATED
24514,108374.0,1944-08-24,15,CZECHOSLOVAKIA,OIL REFINERY,OIL REFINERIES,50.03,15.18,B24,4.0,27.0,195.0,64.0,,,64.0,NOT INDICATED
24512,108375.0,1944-08-24,15,CZECHOSLOVAKIA,OIL REFINERY,OIL REFINERIES,50.05,15.75,B24,4.0,29.0,203.0,72.0,,,72.0,NOT INDICATED
24298,108376.0,1944-08-24,15,CZECHOSLOVAKIA,OIL REFINERY,OIL REFINERIES,50.05,15.75,B24,4.0,29.0,225.0,72.0,,,72.0,NOT INDICATED
24508,108377.0,1944-08-24,15,CZECHOSLOVAKIA,OIL REFINERY,OIL REFINERIES,50.05,15.75,B24,4.0,27.0,210.0,68.0,,,68.0,INSTRUMENT-GENERAL
24550,108379.0,1944-08-24,8,GERMANY,SYN OIL REFINERY,SYNTHETIC OIL REFINERIES,51.02,13.65,B17,4.0,11.0,258.0,28.0,,,28.0,VISUAL
24539,108380.0,1944-08-24,8,GERMANY,SYN OIL REFINERY,SYNTHETIC OIL REFINERIES,51.02,13.65,B17,4.0,11.0,265.0,28.0,,,28.0,VISUAL
24563,108381.0,1944-08-24,8,GERMANY,SYN OIL REFINERY,SYNTHETIC OIL REFINERIES,51.02,13.65,B17,4.0,12.0,254.0,30.0,,,30.0,VISUAL
24276,108404.0,1944-08-24,15,GERMANY,SCWARTZHEIDE SYN OIL,SYNTHETIC OIL REFINERIES,51.48,13.88,B17,4.0,20.0,251.0,42.0,,,42.0,VISUAL
24244,108405.0,1944-08-24,15,GERMANY,SCWARTZHEIDE SYN OIL,SYNTHETIC OIL REFINERIES,51.48,13.88,B17,4.0,11.0,273.0,21.0,,,21.0,VISUAL
24262,108406.0,1944-08-24,15,GERMANY,SCWARTZHEIDE SYN OIL,SYNTHETIC OIL REFINERIES,51.48,13.88,B17,4.0,9.0,262.0,21.0,,,21.0,VISUAL
24245,108407.0,1944-08-24,15,GERMANY,SCWARTZHEIDE SYN OIL,SYNTHETIC OIL REFINERIES,51.48,13.88,B17,4.0,12.0,273.0,30.0,,,30.0,VISUAL
24263,108408.0,1944-08-24,15,GERMANY,SCWARTZHEIDE SYN OIL,SYNTHETIC OIL REFINERIES,51.48,13.88,B17,4.0,9.0,262.0,23.0,,,23.0,VISUAL
24254,108409.0,1944-08-24,15,GERMANY,SCWARTZHEIDE SYN OIL,SYNTHETIC OIL REFINERIES,51.48,13.88,B17,4.0,11.0,268.0,28.0,,,28.0,VISUAL
24280,108410.0,1944-08-24,15,GERMANY,SCWARTZHEIDE SYN OIL,SYNTHETIC OIL REFINERIES,51.48,13.88,B17,4.0,13.0,250.0,33.0,,,33.0,VISUAL
24264,108411.0,1944-08-24,15,GERMANY,SCWARTZHEIDE SYN OIL,SYNTHETIC OIL REFINERIES,51.48,13.88,B17,4.0,10.0,262.0,25.0,,,25.0,VISUAL
24246,108412.0,1944-08-24,15,GERMANY,SCWARTZHEIDE SYN OIL,SYNTHETIC OIL REFINERIES,51.48,13.88,B17,4.0,10.0,273.0,25.0,,,25.0,VISUAL
24277,108413.0,1944-08-24,15,GERMANY,SCWARTZHEIDE SYN OIL,SYNTHETIC OIL REFINERIES,51.48,13.88,B17,4.0,10.0,251.0,23.0,,,23.0,VISUAL
24268,108414.0,1944-08-24,15,GERMANY,SCWARTZHEIDE SYN OIL,SYNTHETIC OIL REFINERIES,51.48,13.88,B17,4.0,7.0,261.0,12.0,,,12.0,VISUAL
24274,108415.0,1944-08-24,15,GERMANY,SCWARTZHEIDE SYN OIL,SYNTHETIC OIL REFINERIES,51.48,13.88,B17,4.0,13.0,252.0,23.0,,,23.0,VISUAL
24505,108416.0,1944-08-24,15,CZECHOSLOVAKIA,AIRDROME,AIR FIELDS AND AIRDROMES,50.05,15.75,B17,4.0,27.0,211.0,51.0,,,51.0,NOT INDICATED
24293,108417.0,1944-08-24,15,CZECHOSLOVAKIA,AIRDROME,AIR FIELDS AND AIRDROMES,50.05,15.75,B17,4.0,27.0,235.0,,,62.0,62.0,NOT INDICATED
24282,108418.0,1944-08-24,15,CZECHOSLOVAKIA,AIRDROME,AIR FIELDS AND AIRDROMES,50.05,15.75,B17,4.0,23.0,245.0,55.0,,,55.0,NOT INDICATED
24285,108419.0,1944-08-24,15,CZECHOSLOVAKIA,AIRDROME,AIR FIELDS AND AIRDROMES,50.05,15.75,B17,4.0,26.0,243.0,76.0,,,76.0,NOT INDICATED
24300,108420.0,1944-08-24,15,CZECHOSLOVAKIA,AIRDROME,AIR FIELDS AND AIRDROMES,50.05,15.75,B17,4.0,28.0,215.0,84.0,,,84.0,VISUAL
24288,108421.0,1944-08-24,15,CZECHOSLOVAKIA,AIRDROME,AIR FIELDS AND AIRDROMES,50.05,15.75,B17,4.0,27.0,237.0,80.0,,,80.0,NOT INDICATED
24502,108422.0,1944-08-24,15,CZECHOSLOVAKIA,AIRDROME,AIR FIELDS AND AIRDROMES,50.05,15.75,B24,4.0,25.0,213.0,63.0,,,63.0,NOT INDICATED
24851,108426.0,1944-08-24,8,GERMANY,AIRDROME,AIR FIELDS AND AIRDROMES,51.92,10.42,B17,3.0,1.0,,3.0,,,3.0,NOT INDICATED
24818,108427.0,1944-08-24,8,GERMANY,AIRDROME,AIR FIELDS AND AIRDROMES,51.92,10.42,B17,3.0,11.0,233.0,28.0,,,28.0,VISUAL
24568,108428.0,1944-08-24,8,GERMANY,AIRDROME,AIR FIELDS AND AIRDROMES,51.92,10.42,B17,3.0,10.0,253.0,25.0,,,25.0,VISUAL
24571,108429.0,1944-08-24,8,GERMANY,AIRDROME,AIR FIELDS AND AIRDROMES,51.92,10.42,B17,3.0,12.0,250.0,,30.0,,30.0,VISUAL
24824,108430.0,1944-08-24,8,GERMANY,AC FACTORIES,AIRCRAFT FACTORIES AND ASSEMBLY PLANTS,52.25,10.5,B24,4.0,23.0,225.0,,,54.0,54.0,VISUAL
24821,108431.0,1944-08-24,8,GERMANY,AC FACTORIES,AIRCRAFT FACTORIES AND ASSEMBLY PLANTS,52.25,10.5,B24,4.0,39.0,227.0,58.0,57.0,,115.0,VISUAL
24830,108432.0,1944-08-24,8,GERMANY,AC FACTORIES,AIRCRAFT FACTORIES AND ASSEMBLY PLANTS,52.25,10.5,B24,4.0,37.0,220.0,9.0,14.0,53.0,76.0,VISUAL
24831,108433.0,1944-08-24,8,GERMANY,AC FACTORIES,AIRCRAFT FACTORIES AND ASSEMBLY PLANTS,52.25,10.5,B24,4.0,22.0,220.0,33.0,33.0,,66.0,VISUAL
24827,108435.0,1944-08-24,8,GERMANY,ARADO AC PL AIRFIELD,AIR FIELDS AND AIRDROMES,52.38,9.73,B24,4.0,22.0,225.0,32.0,32.0,,64.0,VISUAL
24854,108436.0,1944-08-24,8,GERMANY,ARADO AC PL AIRFIELD,AIR FIELDS AND AIRDROMES,52.38,9.73,B24,4.0,2.0,,2.0,,,2.0,NOT INDICATED
24836,108437.0,1944-08-24,8,GERMANY,ARADO AC PL AIRFIELD,AIR FIELDS AND AIRDROMES,52.38,9.73,B24,4.0,20.0,220.0,5.0,30.0,,35.0,VISUAL
24855,108438.0,1944-08-24,8,GERMANY,ARADO AC PL AIRFIELD,AIR FIELDS AND AIRDROMES,52.38,9.73,B24,4.0,1.0,,1.0,,,1.0,NOT INDICATED
24839,108439.0,1944-08-24,8,GERMANY,ARADO AC PL AIRFIELD,AIR FIELDS AND AIRDROMES,52.38,9.73,B24,4.0,28.0,215.0,42.0,42.0,,84.0,VISUAL
24860,108440.0,1944-08-24,8,GERMANY,AIR FIELD,AIR FIELDS AND AIRDROMES,54.13,9.07,B24,3.0,3.0,,9.0,,,9.0,NOT INDICATED
24544,108441.0,1944-08-24,8,GERMANY,AIRDROME,AIR FIELDS AND AIRDROMES,51.2,11.27,B17,4.0,9.0,261.0,23.0,,,23.0,VISUAL
24863,108442.0,1944-08-24,8,GERMANY,AIRDROME,AIR FIELDS AND AIRDROMES,51.2,11.27,B17,4.0,1.0,,3.0,,,3.0,NOT INDICATED
24545,108443.0,1944-08-24,8,GERMANY,AIRDROME,AIR FIELDS AND AIRDROMES,51.2,11.27,B17,4.0,10.0,261.0,,25.0,,25.0,VISUAL
24536,108444.0,1944-08-24,8,GERMANY,AIRDROME,AIR FIELDS AND AIRDROMES,51.2,11.27,B17,4.0,12.0,277.0,,30.0,,30.0,VISUAL
24521,108445.0,1944-08-24,12,FRANCE,GUN POSITION,GUN EMPLACEMENTS,45.67,5.33,B26,4.0,12.0,115.0,24.0,,,24.0,NOT INDICATED
25102,108459.0,1944-08-24,8,GERMANY,ARMAMENT WORKS,ARMAMENT AND ORDNANCE PLANTS,51.37,9.4,B17,4.0,1.0,,,3.0,,3.0,NOT INDICATED
24592,108460.0,1944-08-24,8,GERMANY,ARMAMENT WORKS,ARMAMENT AND ORDNANCE PLANTS,51.37,9.4,B17,4.0,10.0,243.0,,25.0,,25.0,VISUAL
24555,108461.0,1944-08-24,8,GERMANY,ARMAMENT WORKS,ARMAMENT AND ORDNANCE PLANTS,51.37,9.4,B17,4.0,15.0,256.0,5.0,33.0,,38.0,VISUAL
24580,108462.0,1944-08-24,8,GERMANY,ARMAMENT WORKS,ARMAMENT AND ORDNANCE PLANTS,51.37,9.4,B17,4.0,11.0,247.0,28.0,,,28.0,VISUAL
24596,108463.0,1944-08-24,8,GERMANY,ARMAMENT WORKS,ARMAMENT AND ORDNANCE PLANTS,51.37,9.4,B17,4.0,11.0,242.0,28.0,,,28.0,VISUAL
24574,108464.0,1944-08-24,8,GERMANY,ARMAMENT WORKS,ARMAMENT AND ORDNANCE PLANTS,51.37,9.4,B17,4.0,13.0,250.0,33.0,,,33.0,VISUAL
24806,108465.0,1944-08-24,8,GERMANY,ARMAMENT WORKS,ARMAMENT AND ORDNANCE PLANTS,51.37,9.4,B17,4.0,9.0,237.0,23.0,,,23.0,VISUAL
24814,108466.0,1944-08-24,8,GERMANY,ARMAMENT WORKS,ARMAMENT AND ORDNANCE PLANTS,51.37,9.4,B17,4.0,6.0,234.0,15.0,,,15.0,VISUAL
24584,108467.0,1944-08-24,8,GERMANY,ARMAMENT WORKS,ARMAMENT AND ORDNANCE PLANTS,51.37,9.4,B17,4.0,11.0,246.0,26.0,,,26.0,VISUAL
24585,108468.0,1944-08-24,8,GERMANY,ARMAMENT WORKS,ARMAMENT AND ORDNANCE PLANTS,51.37,9.4,B17,4.0,10.0,246.0,25.0,,,25.0,VISUAL
24600,108469.0,1944-08-24,8,GERMANY,ARMAMENT WORKS,ARMAMENT AND ORDNANCE PLANTS,51.37,9.4,B17,4.0,11.0,241.0,25.0,,,25.0,VISUAL
24559,108470.0,1944-08-24,8,GERMANY,ARMAMENT WORKS,ARMAMENT AND ORDNANCE PLANTS,51.37,9.4,B17,4.0,11.0,255.0,28.0,,,28.0,VISUAL
25103,108471.0,1944-08-24,8,GERMANY,ARMAMENT WORKS,ARMAMENT AND ORDNANCE PLANTS,51.37,9.4,B17,2.0,1.0,,3.0,,,3.0,NOT INDICATED
25104,108472.0,1944-08-24,8,GERMANY,ARMAMENT WORKS,ARMAMENT AND ORDNANCE PLANTS,51.37,9.4,B17,2.0,1.0,,,3.0,,3.0,NOT INDICATED
25105,108473.0,1944-08-24,8,GERMANY,ARMAMENT WORKS,ARMAMENT AND ORDNANCE PLANTS,51.37,9.4,B17,4.0,1.0,,,3.0,,3.0,NOT INDICATED
24593,108474.0,1944-08-24,8,GERMANY,ARMAMENT WORKS,ARMAMENT AND ORDNANCE PLANTS,51.37,9.4,B17,4.0,10.0,243.0,,25.0,,25.0,VISUAL
24556,108475.0,1944-08-24,8,GERMANY,ARMAMENT WORKS,ARMAMENT AND ORDNANCE PLANTS,51.37,9.4,B17,4.0,15.0,256.0,5.0,33.0,,38.0,VISUAL
24581,108476.0,1944-08-24,8,GERMANY,ARMAMENT WORKS,ARMAMENT AND ORDNANCE PLANTS,51.37,9.4,B17,4.0,11.0,247.0,28.0,,,28.0,VISUAL
24597,108477.0,1944-08-24,8,GERMANY,ARMAMENT WORKS,ARMAMENT AND ORDNANCE PLANTS,51.37,9.4,B17,4.0,11.0,242.0,28.0,,,28.0,VISUAL
24575,108478.0,1944-08-24,8,GERMANY,ARMAMENT WORKS,ARMAMENT AND ORDNANCE PLANTS,51.37,9.4,B17,4.0,13.0,250.0,33.0,,,33.0,VISUAL
24807,108479.0,1944-08-24,8,GERMANY,ARMAMENT WORKS,ARMAMENT AND ORDNANCE PLANTS,51.37,9.4,B17,4.0,9.0,237.0,23.0,,,23.0,VISUAL
24815,108480.0,1944-08-24,8,GERMANY,ARMAMENT WORKS,ARMAMENT AND ORDNANCE PLANTS,51.37,9.4,B17,4.0,6.0,234.0,15.0,,,15.0,VISUAL
24586,108481.0,1944-08-24,8,GERMANY,ARMAMENT WORKS,ARMAMENT AND ORDNANCE PLANTS,51.37,9.4,B17,4.0,11.0,246.0,26.0,,,26.0,VISUAL
24587,108482.0,1944-08-24,8,GERMANY,ARMAMENT WORKS,ARMAMENT AND ORDNANCE PLANTS,51.37,9.4,B17,4.0,10.0,246.0,25.0,,,25.0,VISUAL
24801,108483.0,1944-08-24,8,GERMANY,ARMAMENT WORKS,ARMAMENT AND ORDNANCE PLANTS,51.37,9.4,B17,4.0,11.0,241.0,25.0,,,25.0,VISUAL
24560,108484.0,1944-08-24,8,GERMANY,ARMAMENT WORKS,ARMAMENT AND ORDNANCE PLANTS,51.37,9.4,B17,4.0,11.0,255.0,28.0,,,28.0,VISUAL
25106,108485.0,1944-08-24,8,GERMANY,ARMAMENT WORKS,ARMAMENT AND ORDNANCE PLANTS,51.37,9.4,B17,2.0,1.0,,3.0,,,3.0,NOT INDICATED
25107,108486.0,1944-08-24,8,GERMANY,ARMAMENT WORKS,ARMAMENT AND ORDNANCE PLANTS,51.37,9.4,B17,2.0,1.0,,,3.0,,3.0,NOT INDICATED
24842,108487.0,1944-08-24,8,GERMANY,UNIDENTIFIED TARGET,UNIDENTIFIED TARGETS,53.63,8.83,B17,2.0,1.0,,3.0,,,3.0,NOT INDICATED
24845,108488.0,1944-08-24,8,GERMANY,UNIDENTIFIED TARGET,UNIDENTIFIED TARGETS,53.48,9.13,B17,2.0,1.0,,2.0,,,2.0,NOT INDICATED
24525,108489.0,1944-08-24,9,GERMANY,UNIDENTIFIED TARGET,UNIDENTIFIED TARGETS,52.25,10.5,B24,4.0,4.0,,2.0,,,2.0,NOT INDICATED
24564,108490.0,1944-08-24,8,GERMANY,UNIDENTIFIED TARGET,UNIDENTIFIED TARGETS,51.02,13.65,B17,4.0,11.0,254.0,25.0,,,25.0,VISUAL
24540,108491.0,1944-08-24,8,GERMANY,UNIDENTIFIED TARGET,UNIDENTIFIED TARGETS,51.02,13.65,B17,4.0,12.0,265.0,26.0,,,26.0,VISUAL
24552,108492.0,1944-08-24,8,GERMANY,UNIDENTIFIED TARGET,UNIDENTIFIED TARGETS,51.02,13.65,B17,4.0,11.0,257.0,25.0,,,25.0,VISUAL
24848,108493.0,1944-08-24,8,GERMANY,UNIDENTIFIED TARGET,UNIDENTIFIED TARGETS,51.02,13.65,B17,2.0,1.0,,3.0,,,3.0,NOT INDICATED
24825,171838.0,1944-08-24,8,GERMANY,AC FACTORIES,AIRCRAFT FACTORIES AND ASSEMBLY PLANTS,52.25,10.5,B24,4.0,23.0,225.0,,,54.0,54.0,VISUAL
24822,171839.0,1944-08-24,8,GERMANY,AC FACTORIES,AIRCRAFT FACTORIES AND ASSEMBLY PLANTS,52.25,10.5,B24,4.0,39.0,227.0,58.0,57.0,,115.0,VISUAL
24832,171840.0,1944-08-24,8,GERMANY,AC FACTORIES,AIRCRAFT FACTORIES AND ASSEMBLY PLANTS,52.25,10.5,B24,4.0,37.0,220.0,9.0,14.0,53.0,76.0,VISUAL
24833,171841.0,1944-08-24,8,GERMANY,AC FACTORIES,AIRCRAFT FACTORIES AND ASSEMBLY PLANTS,52.25,10.5,B24,4.0,22.0,220.0,33.0,33.0,,66.0,VISUAL
24843,171849.0,1944-08-24,8,GERMANY,UNIDENTIFIED TARGET,UNIDENTIFIED TARGETS,53.63,8.83,B17,2.0,1.0,,3.0,,,3.0,NOT INDICATED
24846,171850.0,1944-08-24,8,GERMANY,UNIDENTIFIED TARGET,UNIDENTIFIED TARGETS,53.48,9.13,B17,2.0,1.0,,2.0,,,2.0,NOT INDICATED
24526,171851.0,1944-08-24,9,GERMANY,UNIDENTIFIED TARGET,UNIDENTIFIED TARGETS,52.25,10.5,B24,4.0,4.0,,2.0,,,2.0,NOT INDICATED
24565,171852.0,1944-08-24,8,GERMANY,UNIDENTIFIED TARGET,UNIDENTIFIED TARGETS,51.02,13.65,B17,4.0,11.0,254.0,25.0,,,25.0,VISUAL
24541,171853.0,1944-08-24,8,GERMANY,UNIDENTIFIED TARGET,UNIDENTIFIED TARGETS,51.02,13.65,B17,4.0,12.0,265.0,26.0,,,26.0,VISUAL
24553,171854.0,1944-08-24,8,GERMANY,UNIDENTIFIED TARGET,UNIDENTIFIED TARGETS,51.02,13.65,B17,4.0,11.0,257.0,25.0,,,25.0,VISUAL
24849,171855.0,1944-08-24,8,GERMANY,UNIDENTIFIED TARGET,UNIDENTIFIED TARGETS,51.02,13.65,B17,2.0,1.0,,3.0,,,3.0,NOT INDICATED
24520,171881.0,1944-08-24,15,AUSTRIA,MFG INSTALLATION,MANUFACTURING INSTALLATIONS (NOT SPECIFICALLY IDENTIFIED BELOW FROM CLASS 11 THROUGH 59),47.33,14.33,B24,2.0,1.0,,3.0,,,3.0,NOT INDICATED
24844,171882.0,1944-08-24,8,GERMANY,UNIDENTIFIED TARGET,UNIDENTIFIED TARGETS,53.63,8.83,B17,2.0,1.0,,3.0,,,3.0,NOT INDICATED
24847,171883.0,1944-08-24,8,GERMANY,UNIDENTIFIED TARGET,UNIDENTIFIED TARGETS,53.48,9.13,B17,2.0,1.0,,2.0,,,2.0,NOT INDICATED
24524,171884.0,1944-08-24,9,GERMANY,UNIDENTIFIED TARGET,UNIDENTIFIED TARGETS,52.25,10.5,B24,4.0,4.0,,2.0,,,2.0,NOT INDICATED
24566,171885.0,1944-08-24,8,GERMANY,UNIDENTIFIED TARGET,UNIDENTIFIED TARGETS,51.02,13.65,B17,4.0,11.0,254.0,25.0,,,25.0,VISUAL
24542,171886.0,1944-08-24,8,GERMANY,UNIDENTIFIED TARGET,UNIDENTIFIED TARGETS,51.02,13.65,B17,4.0,12.0,265.0,26.0,,,26.0,VISUAL
24554,171887.0,1944-08-24,8,GERMANY,UNIDENTIFIED TARGET,UNIDENTIFIED TARGETS,51.02,13.65,B17,4.0,11.0,257.0,25.0,,,25.0,VISUAL
24850,171888.0,1944-08-24,8,GERMANY,UNIDENTIFIED TARGET,UNIDENTIFIED TARGETS,51.02,13.65,B17,2.0,1.0,,3.0,,,3.0,NOT INDICATED
24826,171912.0,1944-08-24,8,GERMANY,AC FACTORIES,AIRCRAFT FACTORIES AND ASSEMBLY PLANTS,52.25,10.5,B24,4.0,23.0,225.0,,,54.0,54.0,VISUAL
24823,171913.0,1944-08-24,8,GERMANY,AC FACTORIES,AIRCRAFT FACTORIES AND ASSEMBLY PLANTS,52.25,10.5,B24,4.0,39.0,227.0,58.0,57.0,,115.0,VISUAL
24834,171914.0,1944-08-24,8,GERMANY,AC FACTORIES,AIRCRAFT FACTORIES AND ASSEMBLY PLANTS,52.25,10.5,B24,4.0,37.0,220.0,9.0,14.0,53.0,76.0,VISUAL
24835,171915.0,1944-08-24,8,GERMANY,AC FACTORIES,AIRCRAFT FACTORIES AND ASSEMBLY PLANTS,52.25,10.5,B24,4.0,22.0,220.0,33.0,33.0,,66.0,VISUAL
25108,171924.0,1944-08-24,8,GERMANY,ARMAMENT WORKS,ARMAMENT AND ORDNANCE PLANTS,51.37,9.4,B17,4.0,1.0,,,3.0,,3.0,NOT INDICATED
24594,171925.0,1944-08-24,8,GERMANY,ARMAMENT WORKS,ARMAMENT AND ORDNANCE PLANTS,51.37,9.4,B17,4.0,10.0,243.0,,25.0,,25.0,VISUAL
24557,171926.0,1944-08-24,8,GERMANY,ARMAMENT WORKS,ARMAMENT AND ORDNANCE PLANTS,51.37,9.4,B17,4.0,15.0,256.0,5.0,33.0,,38.0,VISUAL
24582,171927.0,1944-08-24,8,GERMANY,ARMAMENT WORKS,ARMAMENT AND ORDNANCE PLANTS,51.37,9.4,B17,4.0,11.0,247.0,28.0,,,28.0,VISUAL
24598,171928.0,1944-08-24,8,GERMANY,ARMAMENT WORKS,ARMAMENT AND ORDNANCE PLANTS,51.37,9.4,B17,4.0,11.0,242.0,28.0,,,28.0,VISUAL
24576,171929.0,1944-08-24,8,GERMANY,ARMAMENT WORKS,ARMAMENT AND ORDNANCE PLANTS,51.37,9.4,B17,4.0,13.0,250.0,33.0,,,33.0,VISUAL
24808,171930.0,1944-08-24,8,GERMANY,ARMAMENT WORKS,ARMAMENT AND ORDNANCE PLANTS,51.37,9.4,B17,4.0,9.0,237.0,23.0,,,23.0,VISUAL
24816,171931.0,1944-08-24,8,GERMANY,ARMAMENT WORKS,ARMAMENT AND ORDNANCE PLANTS,51.37,9.4,B17,4.0,6.0,234.0,15.0,,,15.0,VISUAL
24588,171932.0,1944-08-24,8,GERMANY,ARMAMENT WORKS,ARMAMENT AND ORDNANCE PLANTS,51.37,9.4,B17,4.0,11.0,246.0,26.0,,,26.0,VISUAL
24589,171933.0,1944-08-24,8,GERMANY,ARMAMENT WORKS,ARMAMENT AND ORDNANCE PLANTS,51.37,9.4,B17,4.0,10.0,246.0,25.0,,,25.0,VISUAL
24802,171934.0,1944-08-24,8,GERMANY,ARMAMENT WORKS,ARMAMENT AND ORDNANCE PLANTS,51.37,9.4,B17,4.0,11.0,241.0,25.0,,,25.0,VISUAL
24561,171935.0,1944-08-24,8,GERMANY,ARMAMENT WORKS,ARMAMENT AND ORDNANCE PLANTS,51.37,9.4,B17,4.0,11.0,255.0,28.0,,,28.0,VISUAL
25109,171936.0,1944-08-24,8,GERMANY,ARMAMENT WORKS,ARMAMENT AND ORDNANCE PLANTS,51.37,9.4,B17,2.0,1.0,,3.0,,,3.0,NOT INDICATED
25110,171937.0,1944-08-24,8,GERMANY,ARMAMENT WORKS,ARMAMENT AND ORDNANCE PLANTS,51.37,9.4,B17,2.0,1.0,,,3.0,,3.0,NOT INDICATED
25111,171938.0,1944-08-24,8,GERMANY,ARMAMENT WORKS,ARMAMENT AND ORDNANCE PLANTS,51.37,9.4,B17,4.0,1.0,,,3.0,,3.0,NOT INDICATED
24595,171939.0,1944-08-24,8,GERMANY,ARMAMENT WORKS,ARMAMENT AND ORDNANCE PLANTS,51.37,9.4,B17,4.0,10.0,243.0,,25.0,,25.0,VISUAL
24558,171940.0,1944-08-24,8,GERMANY,ARMAMENT WORKS,ARMAMENT AND ORDNANCE PLANTS,51.37,9.4,B17,4.0,15.0,256.0,5.0,33.0,,38.0,VISUAL
24583,171941.0,1944-08-24,8,GERMANY,ARMAMENT WORKS,ARMAMENT AND ORDNANCE PLANTS,51.37,9.4,B17,4.0,11.0,247.0,28.0,,,28.0,VISUAL
24599,171942.0,1944-08-24,8,GERMANY,ARMAMENT WORKS,ARMAMENT AND ORDNANCE PLANTS,51.37,9.4,B17,4.0,11.0,242.0,28.0,,,28.0,VISUAL
24577,171943.0,1944-08-24,8,GERMANY,ARMAMENT WORKS,ARMAMENT AND ORDNANCE PLANTS,51.37,9.4,B17,4.0,13.0,250.0,33.0,,,33.0,VISUAL
24809,171944.0,1944-08-24,8,GERMANY,ARMAMENT WORKS,ARMAMENT AND ORDNANCE PLANTS,51.37,9.4,B17,4.0,9.0,237.0,23.0,,,23.0,VISUAL
24817,171945.0,1944-08-24,8,GERMANY,ARMAMENT WORKS,ARMAMENT AND ORDNANCE PLANTS,51.37,9.4,B17,4.0,6.0,234.0,15.0,,,15.0,VISUAL
24590,171946.0,1944-08-24,8,GERMANY,ARMAMENT WORKS,ARMAMENT AND ORDNANCE PLANTS,51.37,9.4,B17,4.0,11.0,246.0,26.0,,,26.0,VISUAL
24591,171947.0,1944-08-24,8,GERMANY,ARMAMENT WORKS,ARMAMENT AND ORDNANCE PLANTS,51.37,9.4,B17,4.0,10.0,246.0,25.0,,,25.0,VISUAL
24803,171948.0,1944-08-24,8,GERMANY,ARMAMENT WORKS,ARMAMENT AND ORDNANCE PLANTS,51.37,9.4,B17,4.0,11.0,241.0,25.0,,,25.0,VISUAL
24562,171949.0,1944-08-24,8,GERMANY,ARMAMENT WORKS,ARMAMENT AND ORDNANCE PLANTS,51.37,9.4,B17,4.0,11.0,255.0,28.0,,,28.0,VISUAL
25112,171950.0,1944-08-24,8,GERMANY,ARMAMENT WORKS,ARMAMENT AND ORDNANCE PLANTS,51.37,9.4,B17,2.0,1.0,,3.0,,,3.0,NOT INDICATED
25113,171951.0,1944-08-24,8,GERMANY,ARMAMENT WORKS,ARMAMENT AND ORDNANCE PLANTS,51.37,9.4,B17,2.0,1.0,,,3.0,,3.0,NOT INDICATED
24259,171952.0,1944-08-24,15,CZECHOSLOVAKIA,BERGIUS SYN OR,SYNTHETIC OIL REFINERIES,50.52,13.63,B17,4.0,10.0,265.0,19.0,,,19.0,VISUAL
24237,171953.0,1944-08-24,15,CZECHOSLOVAKIA,BERGIUS SYN OR,SYNTHETIC OIL REFINERIES,50.52,13.63,B17,4.0,12.0,280.0,23.0,,,23.0,VISUAL
24273,171954.0,1944-08-24,15,CZECHOSLOVAKIA,BERGIUS SYN OR,SYNTHETIC OIL REFINERIES,50.52,13.63,B17,4.0,13.0,258.0,25.0,,,25.0,VISUAL
24257,171955.0,1944-08-24,15,CZECHOSLOVAKIA,BERGIUS SYN OR,SYNTHETIC OIL REFINERIES,50.52,13.63,B17,4.0,9.0,267.0,23.0,,,23.0,VISUAL
24271,171956.0,1944-08-24,15,CZECHOSLOVAKIA,BERGIUS SYN OR,SYNTHETIC OIL REFINERIES,50.52,13.63,B17,4.0,12.0,259.0,30.0,,,30.0,VISUAL
24240,171957.0,1944-08-24,15,CZECHOSLOVAKIA,BERGIUS SYN OR,SYNTHETIC OIL REFINERIES,50.52,13.63,B17,4.0,12.0,279.0,30.0,,,30.0,VISUAL
24251,171958.0,1944-08-24,15,CZECHOSLOVAKIA,BERGIUS SYN OR,SYNTHETIC OIL REFINERIES,50.52,13.63,B17,4.0,9.0,269.0,21.0,,,21.0,VISUAL
24518,171959.0,1944-08-24,15,CZECHOSLOVAKIA,BERGIUS SYN OR,SYNTHETIC OIL REFINERIES,50.52,13.63,B17,4.0,2.0,,4.0,,,4.0,NOT INDICATED
24519,171960.0,1944-08-24,15,CZECHOSLOVAKIA,BERGIUS SYN OR,SYNTHETIC OIL REFINERIES,50.52,13.63,B17,4.0,4.0,,6.0,,,6.0,NOT INDICATED
24261,171961.0,1944-08-24,15,CZECHOSLOVAKIA,BERGIUS SYN OR,SYNTHETIC OIL REFINERIES,50.52,13.63,B17,4.0,15.0,263.0,31.0,,,31.0,VISUAL
24253,171962.0,1944-08-24,15,CZECHOSLOVAKIA,BERGIUS SYN OR,SYNTHETIC OIL REFINERIES,50.52,13.63,B17,4.0,9.0,268.0,21.0,,,21.0,VISUAL
24243,171963.0,1944-08-24,15,CZECHOSLOVAKIA,BERGIUS SYN OR,SYNTHETIC OIL REFINERIES,50.52,13.63,B17,3.0,13.0,277.0,33.0,,,33.0,VISUAL
24241,171964.0,1944-08-24,15,CZECHOSLOVAKIA,BERGIUS SYN OR,SYNTHETIC OIL REFINERIES,50.52,13.63,B17,2.0,7.0,279.0,18.0,,,18.0,VISUAL
24292,171965.0,1944-08-24,15,CZECHOSLOVAKIA,OIL REFINERY,OIL REFINERIES,50.03,15.18,B24,4.0,22.0,235.0,53.0,,,53.0,NOT INDICATED
24297,171966.0,1944-08-24,15,CZECHOSLOVAKIA,OIL REFINERY,OIL REFINERIES,50.03,15.18,B24,4.0,27.0,225.0,66.0,,,66.0,VISUAL
24511,171967.0,1944-08-24,15,CZECHOSLOVAKIA,OIL REFINERY,OIL REFINERIES,50.03,15.18,B24,4.0,24.0,208.0,57.0,,,57.0,NOT INDICATED
24515,171968.0,1944-08-24,15,CZECHOSLOVAKIA,OIL REFINERY,OIL REFINERIES,50.03,15.18,B24,4.0,27.0,195.0,64.0,,,64.0,NOT INDICATED
24513,171969.0,1944-08-24,15,CZECHOSLOVAKIA,OIL REFINERY,OIL REFINERIES,50.05,15.75,B24,4.0,29.0,203.0,72.0,,,72.0,NOT INDICATED
24299,171970.0,1944-08-24,15,CZECHOSLOVAKIA,OIL REFINERY,OIL REFINERIES,50.05,15.75,B24,4.0,29.0,225.0,72.0,,,72.0,NOT INDICATED
24509,171971.0,1944-08-24,15,CZECHOSLOVAKIA,OIL REFINERY,OIL REFINERIES,50.05,15.75,B24,4.0,27.0,210.0,68.0,,,68.0,INSTRUMENT-GENERAL
24551,171972.0,1944-08-24,8,GERMANY,SYN OIL REFINERY,SYNTHETIC OIL REFINERIES,51.02,13.65,B17,4.0,11.0,258.0,28.0,,,28.0,VISUAL
24543,171973.0,1944-08-24,8,GERMANY,SYN OIL REFINERY,SYNTHETIC OIL REFINERIES,51.02,13.65,B17,4.0,11.0,265.0,28.0,,,28.0,VISUAL
24567,171974.0,1944-08-24,8,GERMANY,SYN OIL REFINERY,SYNTHETIC OIL REFINERIES,51.02,13.65,B17,4.0,12.0,254.0,30.0,,,30.0,VISUAL
24278,171997.0,1944-08-24,15,GERMANY,SCWARTZHEIDE SYN OIL,SYNTHETIC OIL REFINERIES,51.48,13.88,B17,4.0,20.0,251.0,42.0,,,42.0,VISUAL
24247,171998.0,1944-08-24,15,GERMANY,SCWARTZHEIDE SYN OIL,SYNTHETIC OIL REFINERIES,51.48,13.88,B17,4.0,11.0,273.0,21.0,,,21.0,VISUAL
24265,171999.0,1944-08-24,15,GERMANY,SCWARTZHEIDE SYN OIL,SYNTHETIC OIL REFINERIES,51.48,13.88,B17,4.0,9.0,262.0,21.0,,,21.0,VISUAL
24248,172000.0,1944-08-24,15,GERMANY,SCWARTZHEIDE SYN OIL,SYNTHETIC OIL REFINERIES,51.48,13.88,B17,4.0,12.0,273.0,30.0,,,30.0,VISUAL
24266,172001.0,1944-08-24,15,GERMANY,SCWARTZHEIDE SYN OIL,SYNTHETIC OIL REFINERIES,51.48,13.88,B17,4.0,9.0,262.0,23.0,,,23.0,VISUAL
24255,172002.0,1944-08-24,15,GERMANY,SCWARTZHEIDE SYN OIL,SYNTHETIC OIL REFINERIES,51.48,13.88,B17,4.0,11.0,268.0,28.0,,,28.0,VISUAL
24281,172003.0,1944-08-24,15,GERMANY,SCWARTZHEIDE SYN OIL,SYNTHETIC OIL REFINERIES,51.48,13.88,B17,4.0,13.0,250.0,33.0,,,33.0,VISUAL
24267,172004.0,1944-08-24,15,GERMANY,SCWARTZHEIDE SYN OIL,SYNTHETIC OIL REFINERIES,51.48,13.88,B17,4.0,10.0,262.0,25.0,,,25.0,VISUAL
24249,172005.0,1944-08-24,15,GERMANY,SCWARTZHEIDE SYN OIL,SYNTHETIC OIL REFINERIES,51.48,13.88,B17,4.0,10.0,273.0,25.0,,,25.0,VISUAL
24279,172006.0,1944-08-24,15,GERMANY,SCWARTZHEIDE SYN OIL,SYNTHETIC OIL REFINERIES,51.48,13.88,B17,4.0,10.0,251.0,23.0,,,23.0,VISUAL
24269,172007.0,1944-08-24,15,GERMANY,SCWARTZHEIDE SYN OIL,SYNTHETIC OIL REFINERIES,51.48,13.88,B17,4.0,7.0,261.0,12.0,,,12.0,VISUAL
24275,172008.0,1944-08-24,15,GERMANY,SCWARTZHEIDE SYN OIL,SYNTHETIC OIL REFINERIES,51.48,13.88,B17,4.0,13.0,252.0,23.0,,,23.0,VISUAL
24527,172009.0,1944-08-24,9,GERMANY,RR,"""RR INSTALLATIONS,  TRACKS,  MARSHALLING YARDS,  AND STATIONS""",53.55,10.0,B17,2.0,1.0,,2.0,14.0,,2.0,NOT INDICATED
24528,172010.0,1944-08-24,9,GERMANY,MARSHALLING YARD,"""RR INSTALLATIONS,  TRACKS,  MARSHALLING YARDS,  AND STATIONS""",51.3,13.3,B17,2.0,1.0,,2.0,,,2.0,NOT INDICATED
24899,172011.0,1944-08-24,8,GERMANY,MARSHALLING YARD,"""RR INSTALLATIONS,  TRACKS,  MARSHALLING YARDS,  AND STATIONS""",45.95,7.97,B17,2.0,1.0,,3.0,,,3.0,NOT INDICATED
24810,211549.0,1944-08-24,8,GERMANY,NAVAL INSTALLATIONS,NAVAL INSTALLATIONS,54.33,10.15,B24,4.0,12.0,235.0,,34.0,,34.0,VISUAL
24578,211550.0,1944-08-24,8,GERMANY,NAVAL INSTALLATIONS,NAVAL INSTALLATIONS,54.33,10.15,B24,4.0,13.0,249.0,38.0,,,38.0,VISUAL
24812,211551.0,1944-08-24,8,GERMANY,NAVAL INSTALLATIONS,NAVAL INSTALLATIONS,54.33,10.15,B24,4.0,12.0,234.0,2.0,33.0,,35.0,VISUAL
24804,211552.0,1944-08-24,8,GERMANY,NAVAL INSTALLATIONS,NAVAL INSTALLATIONS,54.33,10.15,B24,2.0,7.0,240.0,20.0,,,20.0,VISUAL
24811,211553.0,1944-08-24,8,GERMANY,NAVAL INSTALLATIONS,NAVAL INSTALLATIONS,54.33,10.15,B24,4.0,12.0,235.0,,34.0,,34.0,VISUAL
24579,211554.0,1944-08-24,8,GERMANY,NAVAL INSTALLATIONS,NAVAL INSTALLATIONS,54.33,10.15,B24,4.0,13.0,249.0,38.0,,,38.0,VISUAL
24813,211555.0,1944-08-24,8,GERMANY,NAVAL INSTALLATIONS,NAVAL INSTALLATIONS,54.33,10.15,B24,4.0,12.0,234.0,2.0,33.0,,35.0,VISUAL
24805,211556.0,1944-08-24,8,GERMANY,NAVAL INSTALLATIONS,NAVAL INSTALLATIONS,54.33,10.15,B24,2.0,7.0,240.0,20.0,,,20.0,VISUAL
24506,211557.0,1944-08-24,15,CZECHOSLOVAKIA,AIRDROME,AIR FIELDS AND AIRDROMES,50.05,15.75,B17,4.0,27.0,211.0,51.0,,,51.0,NOT INDICATED
24294,211558.0,1944-08-24,15,CZECHOSLOVAKIA,AIRDROME,AIR FIELDS AND AIRDROMES,50.05,15.75,B17,4.0,27.0,235.0,,,62.0,62.0,NOT INDICATED
24283,211559.0,1944-08-24,15,CZECHOSLOVAKIA,AIRDROME,AIR FIELDS AND AIRDROMES,50.05,15.75,B17,4.0,23.0,245.0,55.0,,,55.0,NOT INDICATED
24286,211560.0,1944-08-24,15,CZECHOSLOVAKIA,AIRDROME,AIR FIELDS AND AIRDROMES,50.05,15.75,B17,4.0,26.0,243.0,76.0,,,76.0,NOT INDICATED
24501,211561.0,1944-08-24,15,CZECHOSLOVAKIA,AIRDROME,AIR FIELDS AND AIRDROMES,50.05,15.75,B17,4.0,28.0,215.0,84.0,,,84.0,VISUAL
24289,211562.0,1944-08-24,15,CZECHOSLOVAKIA,AIRDROME,AIR FIELDS AND AIRDROMES,50.05,15.75,B17,4.0,27.0,237.0,80.0,,,80.0,NOT INDICATED
24503,211563.0,1944-08-24,15,CZECHOSLOVAKIA,AIRDROME,AIR FIELDS AND AIRDROMES,50.05,15.75,B24,4.0,25.0,213.0,63.0,,,63.0,NOT INDICATED
24852,211564.0,1944-08-24,8,GERMANY,AIRDROME,AIR FIELDS AND AIRDROMES,51.92,10.42,B17,3.0,1.0,,3.0,,,3.0,NOT INDICATED
24819,211565.0,1944-08-24,8,GERMANY,AIRDROME,AIR FIELDS AND AIRDROMES,51.92,10.42,B17,3.0,11.0,233.0,28.0,,,28.0,VISUAL
24569,211566.0,1944-08-24,8,GERMANY,AIRDROME,AIR FIELDS AND AIRDROMES,51.92,10.42,B17,3.0,10.0,253.0,25.0,,,25.0,VISUAL
24572,211567.0,1944-08-24,8,GERMANY,AIRDROME,AIR FIELDS AND AIRDROMES,51.92,10.42,B17,3.0,12.0,250.0,,30.0,,30.0,VISUAL
24828,211568.0,1944-08-24,8,GERMANY,ARADO AC PL AIRFIELD,AIR FIELDS AND AIRDROMES,52.38,9.73,B24,4.0,22.0,225.0,32.0,32.0,,64.0,VISUAL
24856,211569.0,1944-08-24,8,GERMANY,ARADO AC PL AIRFIELD,AIR FIELDS AND AIRDROMES,52.38,9.73,B24,4.0,2.0,,2.0,,,2.0,NOT INDICATED
24837,211570.0,1944-08-24,8,GERMANY,ARADO AC PL AIRFIELD,AIR FIELDS AND AIRDROMES,52.38,9.73,B24,4.0,20.0,220.0,5.0,30.0,,35.0,VISUAL
24857,211571.0,1944-08-24,8,GERMANY,ARADO AC PL AIRFIELD,AIR FIELDS AND AIRDROMES,52.38,9.73,B24,4.0,1.0,,1.0,,,1.0,NOT INDICATED
24840,211572.0,1944-08-24,8,GERMANY,ARADO AC PL AIRFIELD,AIR FIELDS AND AIRDROMES,52.38,9.73,B24,4.0,28.0,215.0,42.0,42.0,,84.0,VISUAL
24861,211573.0,1944-08-24,8,GERMANY,AIR FIELD,AIR FIELDS AND AIRDROMES,54.13,9.07,B24,3.0,3.0,,9.0,,,9.0,NOT INDICATED
24546,211574.0,1944-08-24,8,GERMANY,AIRDROME,AIR FIELDS AND AIRDROMES,51.2,11.27,B17,4.0,9.0,261.0,23.0,,,23.0,VISUAL
24864,211575.0,1944-08-24,8,GERMANY,AIRDROME,AIR FIELDS AND AIRDROMES,51.2,11.27,B17,4.0,1.0,,3.0,,,3.0,NOT INDICATED
24547,211576.0,1944-08-24,8,GERMANY,AIRDROME,AIR FIELDS AND AIRDROMES,51.2,11.27,B17,4.0,10.0,261.0,,25.0,,25.0,VISUAL
24537,211577.0,1944-08-24,8,GERMANY,AIRDROME,AIR FIELDS AND AIRDROMES,51.2,11.27,B17,4.0,12.0,277.0,,30.0,,30.0,VISUAL
24522,211587.0,1944-08-24,12,FRANCE,GUN POSITION,GUN EMPLACEMENTS,45.67,5.33,B26,4.0,12.0,115.0,24.0,,,24.0,NOT INDICATED
24523,211594.0,1944-08-24,12,FRANCE,GUN POSITION,GUN EMPLACEMENTS,45.67,5.33,B26,4.0,12.0,115.0,24.0,,,24.0,NOT INDICATED
24507,211599.0,1944-08-24,15,CZECHOSLOVAKIA,AIRDROME,AIR FIELDS AND AIRDROMES,50.05,15.75,B17,4.0,27.0,211.0,51.0,,,51.0,NOT INDICATED
24295,211600.0,1944-08-24,15,CZECHOSLOVAKIA,AIRDROME,AIR FIELDS AND AIRDROMES,50.05,15.75,B17,4.0,27.0,235.0,,,62.0,62.0,NOT INDICATED
24284,211601.0,1944-08-24,15,CZECHOSLOVAKIA,AIRDROME,AIR FIELDS AND AIRDROMES,50.05,15.75,B17,4.0,23.0,245.0,55.0,,,55.0,NOT INDICATED
24287,211602.0,1944-08-24,15,CZECHOSLOVAKIA,AIRDROME,AIR FIELDS AND AIRDROMES,50.05,15.75,B17,4.0,26.0,243.0,76.0,,,76.0,NOT INDICATED
24290,211603.0,1944-08-24,15,CZECHOSLOVAKIA,AIRDROME,AIR FIELDS AND AIRDROMES,50.05,15.75,B17,4.0,27.0,237.0,80.0,,,80.0,NOT INDICATED
24504,211604.0,1944-08-24,15,CZECHOSLOVAKIA,AIRDROME,AIR FIELDS AND AIRDROMES,50.05,15.75,B24,4.0,25.0,213.0,63.0,,,63.0,NOT INDICATED
24853,211605.0,1944-08-24,8,GERMANY,AIRDROME,AIR FIELDS AND AIRDROMES,51.92,10.42,B17,3.0,1.0,,3.0,,,3.0,NOT INDICATED
24820,211606.0,1944-08-24,8,GERMANY,AIRDROME,AIR FIELDS AND AIRDROMES,51.92,10.42,B17,3.0,11.0,233.0,28.0,,,28.0,VISUAL
24570,211607.0,1944-08-24,8,GERMANY,AIRDROME,AIR FIELDS AND AIRDROMES,51.92,10.42,B17,3.0,10.0,253.0,25.0,,,25.0,VISUAL
24573,211608.0,1944-08-24,8,GERMANY,AIRDROME,AIR FIELDS AND AIRDROMES,51.92,10.42,B17,3.0,12.0,250.0,,30.0,,30.0,VISUAL
24829,211609.0,1944-08-24,8,GERMANY,ARADO AC PL AIRFIELD,AIR FIELDS AND AIRDROMES,52.38,9.73,B24,4.0,22.0,225.0,32.0,32.0,,64.0,VISUAL
24858,211610.0,1944-08-24,8,GERMANY,ARADO AC PL AIRFIELD,AIR FIELDS AND AIRDROMES,52.38,9.73,B24,4.0,2.0,,2.0,,,2.0,NOT INDICATED
24838,211611.0,1944-08-24,8,GERMANY,ARADO AC PL AIRFIELD,AIR FIELDS AND AIRDROMES,52.38,9.73,B24,4.0,20.0,220.0,5.0,30.0,,35.0,VISUAL
24859,211612.0,1944-08-24,8,GERMANY,ARADO AC PL AIRFIELD,AIR FIELDS AND AIRDROMES,52.38,9.73,B24,4.0,1.0,,1.0,,,1.0,NOT INDICATED
24841,211613.0,1944-08-24,8,GERMANY,ARADO AC PL AIRFIELD,AIR FIELDS AND AIRDROMES,52.38,9.73,B24,4.0,28.0,215.0,42.0,42.0,,84.0,VISUAL
24862,211614.0,1944-08-24,8,GERMANY,AIR FIELD,AIR FIELDS AND AIRDROMES,54.13,9.07,B24,3.0,3.0,,9.0,,,9.0,NOT INDICATED
24548,211615.0,1944-08-24,8,GERMANY,AIRDROME,AIR FIELDS AND AIRDROMES,51.2,11.27,B17,4.0,9.0,261.0,23.0,,,23.0,VISUAL
24865,211616.0,1944-08-24,8,GERMANY,AIRDROME,AIR FIELDS AND AIRDROMES,51.2,11.27,B17,4.0,1.0,,3.0,,,3.0,NOT INDICATED
24549,211617.0,1944-08-24,8,GERMANY,AIRDROME,AIR FIELDS AND AIRDROMES,51.2,11.27,B17,4.0,10.0,261.0,,25.0,,25.0,VISUAL
24538,211618.0,1944-08-24,8,GERMANY,AIRDROME,AIR FIELDS AND AIRDROMES,51.2,11.27,B17,4.0,12.0,277.0,,30.0,,30.0,VISUAL
25737,108498.0,1944-08-25,15,CZECHOSLOVAKIA,AC FACTORY,AIRCRAFT FACTORIES AND ASSEMBLY PLANTS,49.2,16.62,B17,4.0,28.0,245.0,83.0,,,83.0,NOT INDICATED
26036,108499.0,1944-08-25,8,GERMANY,AC FACTORY,AIRCRAFT FACTORIES AND ASSEMBLY PLANTS,53.87,10.67,B24,4.0,22.0,226.0,55.0,,,55.0,VISUAL
26343,108500.0,1944-08-25,8,GERMANY,AC FACTORY,AIRCRAFT FACTORIES AND ASSEMBLY PLANTS,53.87,10.67,B24,4.0,3.0,,3.0,,,3.0,NOT INDICATED
25799,108501.0,1944-08-25,8,GERMANY,AC FACTORY,AIRCRAFT FACTORIES AND ASSEMBLY PLANTS,53.87,10.67,B24,4.0,23.0,249.0,,58.0,,58.0,VISUAL
26089,108502.0,1944-08-25,8,GERMANY,AC FACTORY,AIRCRAFT FACTORIES AND ASSEMBLY PLANTS,53.87,10.67,B24,4.0,34.0,212.0,84.0,,,84.0,VISUAL
25746,108508.0,1944-08-25,15,CZECHOSLOVAKIA,AC FACTORY,AIRCRAFT FACTORIES AND ASSEMBLY PLANTS,49.2,16.62,B24,4.0,28.0,215.0,68.0,,,68.0,NOT INDICATED
25758,108509.0,1944-08-25,15,CZECHOSLOVAKIA,AC FACTORY,AIRCRAFT FACTORIES AND ASSEMBLY PLANTS,49.2,16.62,B24,4.0,24.0,193.0,59.0,,,59.0,NOT INDICATED
25749,108510.0,1944-08-25,15,CZECHOSLOVAKIA,AC FACTORY,AIRCRAFT FACTORIES AND ASSEMBLY PLANTS,49.2,16.62,B24,4.0,30.0,210.0,73.0,,,73.0,NOT INDICATED
26012,108521.0,1944-08-25,8,GERMANY,V WEAPON EXPERIMENTAL,V-WEAPON FACTORIES,54.15,13.77,B17,4.0,11.0,232.0,,28.0,,28.0,VISUAL
26054,108522.0,1944-08-25,8,GERMANY,V WEAPON EXPERIMENTAL,V-WEAPON FACTORIES,54.15,13.77,B17,4.0,10.0,221.0,,25.0,,25.0,VISUAL
26009,108523.0,1944-08-25,8,GERMANY,V WEAPON EXPERIMENTAL,V-WEAPON FACTORIES,54.15,13.77,B17,4.0,9.0,234.0,,23.0,,23.0,VISUAL
26002,108524.0,1944-08-25,8,GERMANY,V WEAPON EXPERIMENTAL,V-WEAPON FACTORIES,54.15,13.77,B17,4.0,12.0,242.0,30.0,,,30.0,VISUAL
26013,108525.0,1944-08-25,8,GERMANY,V WEAPON EXPERIMENTAL,V-WEAPON FACTORIES,54.15,13.77,B17,4.0,11.0,232.0,27.0,,,27.0,VISUAL
26039,108526.0,1944-08-25,8,GERMANY,V WEAPON EXPERIMENTAL,V-WEAPON FACTORIES,54.15,13.77,B17,4.0,11.0,226.0,28.0,,,28.0,VISUAL
26005,108527.0,1944-08-25,8,GERMANY,V WEAPON EXPERIMENTAL,V-WEAPON FACTORIES,54.15,13.77,B17,4.0,11.0,238.0,28.0,,,28.0,VISUAL
26057,108528.0,1944-08-25,8,GERMANY,V WEAPON EXPERIMENTAL,V-WEAPON FACTORIES,54.15,13.77,B17,4.0,11.0,220.0,28.0,,,28.0,VISUAL
26083,108529.0,1944-08-25,8,GERMANY,V WEAPON EXPERIMENTAL,V-WEAPON FACTORIES,54.15,13.77,B17,4.0,11.0,213.0,28.0,,,28.0,VISUAL
26040,108530.0,1944-08-25,8,GERMANY,V WEAPON EXPERIMENTAL,V-WEAPON FACTORIES,54.15,13.77,B17,4.0,11.0,226.0,28.0,,,28.0,VISUAL
26018,108531.0,1944-08-25,8,GERMANY,V WEAPON EXPERIMENTAL,V-WEAPON FACTORIES,54.15,13.77,B17,4.0,11.0,231.0,28.0,,,28.0,VISUAL
26045,108532.0,1944-08-25,8,GERMANY,V WEAPON EXPERIMENTAL,V-WEAPON FACTORIES,54.15,13.77,B17,4.0,14.0,225.0,35.0,,,35.0,VISUAL
26355,108533.0,1944-08-25,8,GERMANY,V WEAPON EXPERIMENTAL,V-WEAPON FACTORIES,54.15,13.77,B17,2.0,1.0,,,3.0,,3.0,NOT INDICATED
26356,108534.0,1944-08-25,8,GERMANY,V WEAPON EXPERIMENTAL,V-WEAPON FACTORIES,54.15,13.77,B17,2.0,1.0,,3.0,,,3.0,NOT INDICATED
25728,108535.0,1944-08-25,15,CZECHOSLOVAKIA,AC FACTORY,AIRCRAFT FACTORIES AND ASSEMBLY PLANTS,49.2,16.62,B17,4.0,25.0,250.0,75.0,,,75.0,NOT INDICATED
25763,108548.0,1944-08-25,9,FRANCE,UNIDENTIFIED TARGET,UNIDENTIFIED TARGETS,48.4,-4.5,B26,,,115.0,,,70.0,70.0,VISUAL
25767,108549.0,1944-08-25,9,FRANCE,UNIDENTIFIED TARGET,UNIDENTIFIED TARGETS,48.4,-4.5,A20,,,108.0,36.0,,,36.0,VISUAL
25725,108576.0,1944-08-25,15,CZECHOSLOVAKIA,AIRDROME,AIR FIELDS AND AIRDROMES,49.2,16.62,B17,4.0,25.0,258.0,72.0,,,72.0,INSTRUMENT-GENERAL
25729,108577.0,1944-08-25,15,CZECHOSLOVAKIA,AIRDROME,AIR FIELDS AND AIRDROMES,49.2,16.62,B17,4.0,27.0,250.0,79.0,,,79.0,VISUAL
25740,108578.0,1944-08-25,15,CZECHOSLOVAKIA,AIRDROME,AIR FIELDS AND AIRDROMES,49.2,16.62,B17,4.0,28.0,240.0,81.0,,,81.0,NOT INDICATED
25755,108579.0,1944-08-25,15,CZECHOSLOVAKIA,AIRDROME,AIR FIELDS AND AIRDROMES,49.48,17.13,B24,4.0,22.0,195.0,55.0,,,55.0,NOT INDICATED
25743,108580.0,1944-08-25,15,CZECHOSLOVAKIA,AIRDROME,AIR FIELDS AND AIRDROMES,49.48,17.13,B24,4.0,23.0,216.0,58.0,,,58.0,NOT INDICATED
25769,108582.0,1944-08-25,9,FRANCE,STRONG POINTS,TACTICAL TARGETS: (UNIDENTIFIED OR NOT LISTED BELOW),48.4,-4.5,B26,,,107.0,38.0,,,38.0,VISUAL
25761,108583.0,1944-08-25,9,FRANCE,STRONG POINTS,TACTICAL TARGETS: (UNIDENTIFIED OR NOT LISTED BELOW),48.4,-4.5,B26,,,120.0,,,60.0,60.0,VISUAL
25785,108584.0,1944-08-25,9,FRANCE,GUN EMPLACEMENTS,GUN EMPLACEMENTS,48.4,-4.5,B26,,,,25.0,,,25.0,VISUAL
25774,108585.0,1944-08-25,9,FRANCE,GUN EMPLACEMENTS,GUN EMPLACEMENTS,48.4,-4.5,A20,,,93.0,32.0,,,32.0,VISUAL
25765,108587.0,1944-08-25,9,FRANCE,GUN POSITIONS,GUN EMPLACEMENTS,48.4,-4.5,B26,,,110.0,48.0,,,48.0,VISUAL
26096,108590.0,1944-08-25,8,GERMANY,AIR FIELD,AIR FIELDS AND AIRDROMES,53.87,13.7,B17,4.0,13.0,210.0,,31.0,,31.0,VISUAL
26331,108591.0,1944-08-25,8,GERMANY,AIR FIELD,AIR FIELDS AND AIRDROMES,53.87,13.7,B17,4.0,11.0,190.0,28.0,,,28.0,VISUAL
26337,108592.0,1944-08-25,8,GERMANY,AIR FIELD,AIR FIELDS AND AIRDROMES,53.87,13.7,B17,4.0,13.0,180.0,33.0,,,33.0,VISUAL
26313,108593.0,1944-08-25,8,GERMANY,AIR FIELD,AIR FIELDS AND AIRDROMES,53.87,13.7,B17,4.0,12.0,200.0,30.0,,,30.0,VISUAL
26322,108594.0,1944-08-25,8,GERMANY,AIR FIELD,AIR FIELDS AND AIRDROMES,53.87,13.7,B17,4.0,12.0,197.0,30.0,,,30.0,VISUAL
26334,108595.0,1944-08-25,8,GERMANY,AIR FIELD,AIR FIELDS AND AIRDROMES,53.87,13.7,B17,4.0,12.0,187.0,,30.0,,30.0,VISUAL
25730,108597.0,1944-08-25,15,CZECHOSLOVAKIA,AC FACTORY,AIRCRAFT FACTORIES AND ASSEMBLY PLANTS,49.2,16.62,B17,4.0,26.0,250.0,78.0,,,78.0,NOT INDICATED
26316,108598.0,1944-08-25,8,GERMANY,AIRDROME,AIR FIELDS AND AIRDROMES,53.55,13.28,B17,4.0,11.0,200.0,28.0,,,28.0,VISUAL
26325,108599.0,1944-08-25,8,GERMANY,AIRDROME,AIR FIELDS AND AIRDROMES,53.55,13.28,B17,4.0,11.0,195.0,25.0,,,25.0,VISUAL
26307,108600.0,1944-08-25,8,GERMANY,AIRDROME,AIR FIELDS AND AIRDROMES,53.55,13.28,B17,4.0,13.0,205.0,33.0,,,33.0,VISUAL
26099,108601.0,1944-08-25,8,GERMANY,AIRDROME,AIR FIELDS AND AIRDROMES,53.55,13.28,B17,4.0,12.0,210.0,30.0,,,30.0,VISUAL
26310,108602.0,1944-08-25,8,GERMANY,AIRDROME,AIR FIELDS AND AIRDROMES,53.55,13.28,B17,4.0,12.0,204.0,30.0,,,30.0,VISUAL
26051,108603.0,1944-08-25,8,GERMANY,AIRDROME,AIR FIELDS AND AIRDROMES,53.55,13.28,B17,4.0,13.0,221.0,33.0,,,33.0,VISUAL
26317,108604.0,1944-08-25,8,GERMANY,AIRDROME,AIR FIELDS AND AIRDROMES,53.55,13.28,B17,4.0,12.0,200.0,,30.0,,30.0,VISUAL
26326,108605.0,1944-08-25,8,GERMANY,AIRDROME,AIR FIELDS AND AIRDROMES,53.55,13.28,B17,4.0,12.0,195.0,,30.0,,30.0,VISUAL
26100,108606.0,1944-08-25,8,GERMANY,AIRDROME,AIR FIELDS AND AIRDROMES,53.55,13.28,B17,4.0,12.0,210.0,,30.0,,30.0,VISUAL
26346,108607.0,1944-08-25,8,GERMANY,AIRDROME,AIR FIELDS AND AIRDROMES,53.82,12.8,B17,2.0,1.0,,3.0,,,3.0,NOT INDICATED
26349,108608.0,1944-08-25,8,GERMANY,AIRDROME,AIR FIELDS AND AIRDROMES,53.03,13.7,B17,4.0,2.0,,,5.0,,5.0,NOT INDICATED
26350,108609.0,1944-08-25,8,GERMANY,AIRDROME,AIR FIELDS AND AIRDROMES,53.03,13.7,B17,3.0,1.0,,3.0,,,3.0,NOT INDICATED
26021,108610.0,1944-08-25,8,GERMANY,AIRDROME,AIR FIELDS AND AIRDROMES,53.03,13.7,B17,3.0,9.0,230.0,23.0,,,23.0,VISUAL
26074,108611.0,1944-08-25,8,GERMANY,AIRDROME,AIR FIELDS AND AIRDROMES,53.03,13.7,B17,3.0,9.0,215.0,23.0,,,23.0,VISUAL
25752,108614.0,1944-08-25,15,CZECHOSLOVAKIA,AIRDROME,AIR FIELDS AND AIRDROMES,49.48,17.13,B24,4.0,26.0,203.0,62.0,,,62.0,NOT INDICATED
26060,108615.0,1944-08-25,8,GERMANY,AIRDROME,AIR FIELDS AND AIRDROMES,53.37,12.72,B17,4.0,12.0,220.0,30.0,,,30.0,VISUAL
26024,108616.0,1944-08-25,8,GERMANY,AIRDROME,AIR FIELDS AND AIRDROMES,53.37,12.72,B17,4.0,12.0,230.0,29.0,,,29.0,VISUAL
26063,108617.0,1944-08-25,8,GERMANY,AIRDROME,AIR FIELDS AND AIRDROMES,53.37,12.72,B17,4.0,11.0,219.0,28.0,,,28.0,VISUAL
26093,108618.0,1944-08-25,8,GERMANY,AIRDROME,AIR FIELDS AND AIRDROMES,53.37,12.72,B17,4.0,9.0,211.0,3.0,20.0,,23.0,VISUAL
26025,108619.0,1944-08-25,8,GERMANY,AIRDROME,AIR FIELDS AND AIRDROMES,53.37,12.72,B17,4.0,12.0,230.0,30.0,,,30.0,VISUAL
26077,108620.0,1944-08-25,8,GERMANY,AIRDROME,AIR FIELDS AND AIRDROMES,53.37,12.72,B17,4.0,13.0,214.0,,30.0,,30.0,VISUAL
26064,108621.0,1944-08-25,8,GERMANY,AIRDROME,AIR FIELDS AND AIRDROMES,53.37,12.72,B17,4.0,10.0,219.0,25.0,,,25.0,VISUAL
26304,108622.0,1944-08-25,8,GERMANY,AIRDROME,AIR FIELDS AND AIRDROMES,53.37,12.72,B17,4.0,12.0,209.0,,28.0,,28.0,VISUAL
26030,108623.0,1944-08-25,8,GERMANY,AIRDROME,AIR FIELDS AND AIRDROMES,53.37,12.72,B17,4.0,12.0,229.0,30.0,,,30.0,VISUAL
26065,108624.0,1944-08-25,8,GERMANY,AIRDROME,AIR FIELDS AND AIRDROMES,53.37,12.72,B17,4.0,11.0,219.0,28.0,,,28.0,VISUAL
26048,108625.0,1944-08-25,8,GERMANY,AIRDROME,AIR FIELDS AND AIRDROMES,53.37,12.72,B17,4.0,12.0,224.0,30.0,,,30.0,VISUAL
26078,108626.0,1944-08-25,8,GERMANY,AIRDROME,AIR FIELDS AND AIRDROMES,53.37,12.72,B17,4.0,17.0,214.0,4.0,34.0,,38.0,VISUAL
26066,108627.0,1944-08-25,8,GERMANY,AIRDROME,AIR FIELDS AND AIRDROMES,53.37,12.72,B17,4.0,13.0,219.0,29.0,,,29.0,VISUAL
26033,108628.0,1944-08-25,8,GERMANY,AIRDROME,AIR FIELDS AND AIRDROMES,53.37,12.72,B17,4.0,11.0,227.0,28.0,,,28.0,VISUAL
26086,108629.0,1944-08-25,8,GERMANY,AIRDROME,AIR FIELDS AND AIRDROMES,53.37,12.72,B17,4.0,11.0,213.0,,30.0,,30.0,VISUAL
26361,108630.0,1944-08-25,8,GERMANY,AIRDROME,AIR FIELDS AND AIRDROMES,53.37,12.72,B17,1.0,1.0,,3.0,,,3.0,NOT INDICATED
25772,108640.0,1944-08-25,9,FRANCE,UNIDENTIFIED TARGET,UNIDENTIFIED TARGETS,48.55,-2.55,B25,4.0,18.0,104.0,36.0,,,36.0,NOT INDICATED
25792,108641.0,1944-08-25,9,GERMANY,UNIDENTIFIED TARGET,UNIDENTIFIED TARGETS,54.33,10.15,B17,2.0,1.0,,,3.0,,3.0,NOT INDICATED
26340,108642.0,1944-08-25,8,GERMANY,UNIDENTIFIED TARGET,UNIDENTIFIED TARGETS,54.62,9.37,B17,2.0,1.0,,3.0,,,3.0,NOT INDICATED
25738,172021.0,1944-08-25,15,CZECHOSLOVAKIA,AC FACTORY,AIRCRAFT FACTORIES AND ASSEMBLY PLANTS,49.2,16.62,B17,4.0,28.0,245.0,83.0,,,83.0,NOT INDICATED
26037,172022.0,1944-08-25,8,GERMANY,AC FACTORY,AIRCRAFT FACTORIES AND ASSEMBLY PLANTS,53.87,10.67,B24,4.0,22.0,226.0,55.0,,,55.0,VISUAL
26344,172023.0,1944-08-25,8,GERMANY,AC FACTORY,AIRCRAFT FACTORIES AND ASSEMBLY PLANTS,53.87,10.67,B24,4.0,3.0,,3.0,,,3.0,NOT INDICATED
25800,172024.0,1944-08-25,8,GERMANY,AC FACTORY,AIRCRAFT FACTORIES AND ASSEMBLY PLANTS,53.87,10.67,B24,4.0,23.0,249.0,,58.0,,58.0,VISUAL
26090,172025.0,1944-08-25,8,GERMANY,AC FACTORY,AIRCRAFT FACTORIES AND ASSEMBLY PLANTS,53.87,10.67,B24,4.0,34.0,212.0,84.0,,,84.0,VISUAL
25747,172031.0,1944-08-25,15,CZECHOSLOVAKIA,AC FACTORY,AIRCRAFT FACTORIES AND ASSEMBLY PLANTS,49.2,16.62,B24,4.0,28.0,215.0,68.0,,,68.0,NOT INDICATED
25759,172032.0,1944-08-25,15,CZECHOSLOVAKIA,AC FACTORY,AIRCRAFT FACTORIES AND ASSEMBLY PLANTS,49.2,16.62,B24,4.0,24.0,193.0,59.0,,,59.0,NOT INDICATED
25750,172033.0,1944-08-25,15,CZECHOSLOVAKIA,AC FACTORY,AIRCRAFT FACTORIES AND ASSEMBLY PLANTS,49.2,16.62,B24,4.0,30.0,210.0,73.0,,,73.0,NOT INDICATED
25731,172038.0,1944-08-25,15,CZECHOSLOVAKIA,AC FACTORY,AIRCRAFT FACTORIES AND ASSEMBLY PLANTS,49.2,16.62,B17,4.0,25.0,250.0,75.0,,,75.0,NOT INDICATED
25732,172039.0,1944-08-25,15,CZECHOSLOVAKIA,AC FACTORY,AIRCRAFT FACTORIES AND ASSEMBLY PLANTS,49.2,16.62,B17,4.0,26.0,250.0,78.0,,,78.0,NOT INDICATED
26014,172046.0,1944-08-25,8,GERMANY,V WEAPON EXPERIMENTAL,V-WEAPON FACTORIES,54.15,13.77,B17,4.0,11.0,232.0,,28.0,,28.0,VISUAL
26055,172047.0,1944-08-25,8,GERMANY,V WEAPON EXPERIMENTAL,V-WEAPON FACTORIES,54.15,13.77,B17,4.0,10.0,221.0,,25.0,,25.0,VISUAL
26010,172048.0,1944-08-25,8,GERMANY,V WEAPON EXPERIMENTAL,V-WEAPON FACTORIES,54.15,13.77,B17,4.0,9.0,234.0,,23.0,,23.0,VISUAL
26003,172049.0,1944-08-25,8,GERMANY,V WEAPON EXPERIMENTAL,V-WEAPON FACTORIES,54.15,13.77,B17,4.0,12.0,242.0,30.0,,,30.0,VISUAL
26015,172050.0,1944-08-25,8,GERMANY,V WEAPON EXPERIMENTAL,V-WEAPON FACTORIES,54.15,13.77,B17,4.0,11.0,232.0,27.0,,,27.0,VISUAL
26041,172051.0,1944-08-25,8,GERMANY,V WEAPON EXPERIMENTAL,V-WEAPON FACTORIES,54.15,13.77,B17,4.0,11.0,226.0,28.0,,,28.0,VISUAL
26006,172052.0,1944-08-25,8,GERMANY,V WEAPON EXPERIMENTAL,V-WEAPON FACTORIES,54.15,13.77,B17,4.0,11.0,238.0,28.0,,,28.0,VISUAL
26058,172053.0,1944-08-25,8,GERMANY,V WEAPON EXPERIMENTAL,V-WEAPON FACTORIES,54.15,13.77,B17,4.0,11.0,220.0,28.0,,,28.0,VISUAL
26084,172054.0,1944-08-25,8,GERMANY,V WEAPON EXPERIMENTAL,V-WEAPON FACTORIES,54.15,13.77,B17,4.0,11.0,213.0,28.0,,,28.0,VISUAL
26042,172055.0,1944-08-25,8,GERMANY,V WEAPON EXPERIMENTAL,V-WEAPON FACTORIES,54.15,13.77,B17,4.0,11.0,226.0,28.0,,,28.0,VISUAL
26019,172056.0,1944-08-25,8,GERMANY,V WEAPON EXPERIMENTAL,V-WEAPON FACTORIES,54.15,13.77,B17,4.0,11.0,231.0,28.0,,,28.0,VISUAL
26046,172057.0,1944-08-25,8,GERMANY,V WEAPON EXPERIMENTAL,V-WEAPON FACTORIES,54.15,13.77,B17,4.0,14.0,225.0,35.0,,,35.0,VISUAL
26357,172058.0,1944-08-25,8,GERMANY,V WEAPON EXPERIMENTAL,V-WEAPON FACTORIES,54.15,13.77,B17,2.0,1.0,,,3.0,,3.0,NOT INDICATED
26358,172059.0,1944-08-25,8,GERMANY,V WEAPON EXPERIMENTAL,V-WEAPON FACTORIES,54.15,13.77,B17,2.0,1.0,,3.0,,,3.0,NOT INDICATED
26341,172060.0,1944-08-25,8,GERMANY,UNIDENTIFIED TARGET,UNIDENTIFIED TARGETS,54.62,9.37,B17,2.0,1.0,,3.0,,,3.0,NOT INDICATED
25793,172061.0,1944-08-25,9,GERMANY,UNIDENTIFIED TARGET,UNIDENTIFIED TARGETS,54.33,10.15,B17,2.0,1.0,,,3.0,,3.0,NOT INDICATED
25764,172071.0,1944-08-25,9,FRANCE,UNIDENTIFIED TARGET,UNIDENTIFIED TARGETS,48.4,-4.5,B26,,,115.0,,,70.0,70.0,VISUAL
25768,172072.0,1944-08-25,9,FRANCE,UNIDENTIFIED TARGET,UNIDENTIFIED TARGETS,48.4,-4.5,A20,,,108.0,36.0,,,36.0,VISUAL
25773,172078.0,1944-08-25,9,FRANCE,UNIDENTIFIED TARGET,UNIDENTIFIED TARGETS,48.55,-2.55,B25,4.0,18.0,104.0,36.0,,,36.0,NOT INDICATED
26342,172095.0,1944-08-25,8,GERMANY,UNIDENTIFIED TARGET,UNIDENTIFIED TARGETS,54.62,9.37,B17,2.0,1.0,,3.0,,,3.0,NOT INDICATED
25794,172096.0,1944-08-25,9,GERMANY,UNIDENTIFIED TARGET,UNIDENTIFIED TARGETS,54.33,10.15,B17,2.0,1.0,,,3.0,,3.0,NOT INDICATED
25739,172106.0,1944-08-25,15,CZECHOSLOVAKIA,AC FACTORY,AIRCRAFT FACTORIES AND ASSEMBLY PLANTS,49.2,16.62,B17,4.0,28.0,245.0,83.0,,,83.0,NOT INDICATED
25748,172107.0,1944-08-25,15,CZECHOSLOVAKIA,AC FACTORY,AIRCRAFT FACTORIES AND ASSEMBLY PLANTS,49.2,16.62,B24,4.0,28.0,215.0,68.0,,,68.0,NOT INDICATED
25760,172108.0,1944-08-25,15,CZECHOSLOVAKIA,AC FACTORY,AIRCRAFT FACTORIES AND ASSEMBLY PLANTS,49.2,16.62,B24,4.0,24.0,193.0,59.0,,,59.0,NOT INDICATED
25751,172109.0,1944-08-25,15,CZECHOSLOVAKIA,AC FACTORY,AIRCRAFT FACTORIES AND ASSEMBLY PLANTS,49.2,16.62,B24,4.0,30.0,210.0,73.0,,,73.0,NOT INDICATED
25733,172110.0,1944-08-25,15,CZECHOSLOVAKIA,AC FACTORY,AIRCRAFT FACTORIES AND ASSEMBLY PLANTS,49.2,16.62,B17,4.0,25.0,250.0,75.0,,,75.0,NOT INDICATED
25734,172111.0,1944-08-25,15,CZECHOSLOVAKIA,AC FACTORY,AIRCRAFT FACTORIES AND ASSEMBLY PLANTS,49.2,16.62,B17,4.0,26.0,250.0,78.0,,,78.0,NOT INDICATED
26038,172112.0,1944-08-25,8,GERMANY,AC FACTORY,AIRCRAFT FACTORIES AND ASSEMBLY PLANTS,53.87,10.67,B24,4.0,22.0,226.0,55.0,,,55.0,VISUAL
26345,172113.0,1944-08-25,8,GERMANY,AC FACTORY,AIRCRAFT FACTORIES AND ASSEMBLY PLANTS,53.87,10.67,B24,4.0,3.0,,3.0,,,3.0,NOT INDICATED
26001,172114.0,1944-08-25,8,GERMANY,AC FACTORY,AIRCRAFT FACTORIES AND ASSEMBLY PLANTS,53.87,10.67,B24,4.0,23.0,249.0,,58.0,,58.0,VISUAL
26091,172115.0,1944-08-25,8,GERMANY,AC FACTORY,AIRCRAFT FACTORIES AND ASSEMBLY PLANTS,53.87,10.67,B24,4.0,34.0,212.0,84.0,,,84.0,VISUAL
26016,172116.0,1944-08-25,8,GERMANY,V WEAPON EXPERIMENTAL,V-WEAPON FACTORIES,54.15,13.77,B17,4.0,11.0,232.0,,28.0,,28.0,VISUAL
26056,172117.0,1944-08-25,8,GERMANY,V WEAPON EXPERIMENTAL,V-WEAPON FACTORIES,54.15,13.77,B17,4.0,10.0,221.0,,25.0,,25.0,VISUAL
26011,172118.0,1944-08-25,8,GERMANY,V WEAPON EXPERIMENTAL,V-WEAPON FACTORIES,54.15,13.77,B17,4.0,9.0,234.0,,23.0,,23.0,VISUAL
26004,172119.0,1944-08-25,8,GERMANY,V WEAPON EXPERIMENTAL,V-WEAPON FACTORIES,54.15,13.77,B17,4.0,12.0,242.0,30.0,,,30.0,VISUAL
26017,172120.0,1944-08-25,8,GERMANY,V WEAPON EXPERIMENTAL,V-WEAPON FACTORIES,54.15,13.77,B17,4.0,11.0,232.0,27.0,,,27.0,VISUAL
26043,172121.0,1944-08-25,8,GERMANY,V WEAPON EXPERIMENTAL,V-WEAPON FACTORIES,54.15,13.77,B17,4.0,11.0,226.0,28.0,,,28.0,VISUAL
26007,172122.0,1944-08-25,8,GERMANY,V WEAPON EXPERIMENTAL,V-WEAPON FACTORIES,54.15,13.77,B17,4.0,11.0,238.0,28.0,,,28.0,VISUAL
26059,172123.0,1944-08-25,8,GERMANY,V WEAPON EXPERIMENTAL,V-WEAPON FACTORIES,54.15,13.77,B17,4.0,11.0,220.0,28.0,,,28.0,VISUAL
26085,172124.0,1944-08-25,8,GERMANY,V WEAPON EXPERIMENTAL,V-WEAPON FACTORIES,54.15,13.77,B17,4.0,11.0,213.0,28.0,,,28.0,VISUAL
26044,172125.0,1944-08-25,8,GERMANY,V WEAPON EXPERIMENTAL,V-WEAPON FACTORIES,54.15,13.77,B17,4.0,11.0,226.0,28.0,,,28.0,VISUAL
26020,172126.0,1944-08-25,8,GERMANY,V WEAPON EXPERIMENTAL,V-WEAPON FACTORIES,54.15,13.77,B17,4.0,11.0,231.0,28.0,,,28.0,VISUAL
26047,172127.0,1944-08-25,8,GERMANY,V WEAPON EXPERIMENTAL,V-WEAPON FACTORIES,54.15,13.77,B17,4.0,14.0,225.0,35.0,,,35.0,VISUAL
26008,172128.0,1944-08-25,8,GERMANY,V WEAPON EXPERIMENTAL,V-WEAPON FACTORIES,54.15,13.77,B17,4.0,11.0,238.0,26.0,,,26.0,VISUAL
26359,172129.0,1944-08-25,8,GERMANY,V WEAPON EXPERIMENTAL,V-WEAPON FACTORIES,54.15,13.77,B17,2.0,1.0,,3.0,,,3.0,NOT INDICATED
26360,172130.0,1944-08-25,8,GERMANY,V WEAPON EXPERIMENTAL,V-WEAPON FACTORIES,54.15,13.77,B17,2.0,1.0,,,3.0,,3.0,NOT INDICATED
26371,172170.0,1944-08-25,8,GERMANY,MARSHALLING YARD,"""RR INSTALLATIONS,  TRACKS,  MARSHALLING YARDS,  AND STATIONS""",45.95,7.97,B24,2.0,1.0,,3.0,,,3.0,NOT INDICATED
25726,211631.0,1944-08-25,15,CZECHOSLOVAKIA,AIRDROME,AIR FIELDS AND AIRDROMES,49.2,16.62,B17,4.0,25.0,258.0,72.0,,,72.0,INSTRUMENT-GENERAL
25735,211632.0,1944-08-25,15,CZECHOSLOVAKIA,AIRDROME,AIR FIELDS AND AIRDROMES,49.2,16.62,B17,4.0,27.0,250.0,79.0,,,79.0,VISUAL
25741,211633.0,1944-08-25,15,CZECHOSLOVAKIA,AIRDROME,AIR FIELDS AND AIRDROMES,49.2,16.62,B17,4.0,28.0,240.0,81.0,,,81.0,NOT INDICATED
25756,211634.0,1944-08-25,15,CZECHOSLOVAKIA,AIRDROME,AIR FIELDS AND AIRDROMES,49.48,17.13,B24,4.0,22.0,195.0,55.0,,,55.0,NOT INDICATED
25744,211635.0,1944-08-25,15,CZECHOSLOVAKIA,AIRDROME,AIR FIELDS AND AIRDROMES,49.48,17.13,B24,4.0,23.0,216.0,58.0,,,58.0,NOT INDICATED
26097,211636.0,1944-08-25,8,GERMANY,AIR FIELD,AIR FIELDS AND AIRDROMES,53.87,13.7,B17,4.0,13.0,210.0,,31.0,,31.0,VISUAL
26332,211637.0,1944-08-25,8,GERMANY,AIR FIELD,AIR FIELDS AND AIRDROMES,53.87,13.7,B17,4.0,11.0,190.0,28.0,,,28.0,VISUAL
26338,211638.0,1944-08-25,8,GERMANY,AIR FIELD,AIR FIELDS AND AIRDROMES,53.87,13.7,B17,4.0,13.0,180.0,33.0,,,33.0,VISUAL
26314,211639.0,1944-08-25,8,GERMANY,AIR FIELD,AIR FIELDS AND AIRDROMES,53.87,13.7,B17,4.0,12.0,200.0,30.0,,,30.0,VISUAL
26323,211640.0,1944-08-25,8,GERMANY,AIR FIELD,AIR FIELDS AND AIRDROMES,53.87,13.7,B17,4.0,12.0,197.0,30.0,,,30.0,VISUAL
26335,211641.0,1944-08-25,8,GERMANY,AIR FIELD,AIR FIELDS AND AIRDROMES,53.87,13.7,B17,4.0,12.0,187.0,,30.0,,30.0,VISUAL
26318,211643.0,1944-08-25,8,GERMANY,AIRDROME,AIR FIELDS AND AIRDROMES,53.55,13.28,B17,4.0,11.0,200.0,28.0,,,28.0,VISUAL
26327,211644.0,1944-08-25,8,GERMANY,AIRDROME,AIR FIELDS AND AIRDROMES,53.55,13.28,B17,4.0,11.0,195.0,25.0,,,25.0,VISUAL
26308,211645.0,1944-08-25,8,GERMANY,AIRDROME,AIR FIELDS AND AIRDROMES,53.55,13.28,B17,4.0,13.0,205.0,33.0,,,33.0,VISUAL
26301,211646.0,1944-08-25,8,GERMANY,AIRDROME,AIR FIELDS AND AIRDROMES,53.55,13.28,B17,4.0,12.0,210.0,30.0,,,30.0,VISUAL
26311,211647.0,1944-08-25,8,GERMANY,AIRDROME,AIR FIELDS AND AIRDROMES,53.55,13.28,B17,4.0,12.0,204.0,30.0,,,30.0,VISUAL
26052,211648.0,1944-08-25,8,GERMANY,AIRDROME,AIR FIELDS AND AIRDROMES,53.55,13.28,B17,4.0,13.0,221.0,33.0,,,33.0,VISUAL
26319,211649.0,1944-08-25,8,GERMANY,AIRDROME,AIR FIELDS AND AIRDROMES,53.55,13.28,B17,4.0,12.0,200.0,,30.0,,30.0,VISUAL
26328,211650.0,1944-08-25,8,GERMANY,AIRDROME,AIR FIELDS AND AIRDROMES,53.55,13.28,B17,4.0,12.0,195.0,,30.0,,30.0,VISUAL
26302,211651.0,1944-08-25,8,GERMANY,AIRDROME,AIR FIELDS AND AIRDROMES,53.55,13.28,B17,4.0,12.0,210.0,,30.0,,30.0,VISUAL
26347,211652.0,1944-08-25,8,GERMANY,AIRDROME,AIR FIELDS AND AIRDROMES,53.82,12.8,B17,2.0,1.0,,3.0,,,3.0,NOT INDICATED
26351,211653.0,1944-08-25,8,GERMANY,AIRDROME,AIR FIELDS AND AIRDROMES,53.03,13.7,B17,4.0,2.0,,,5.0,,5.0,NOT INDICATED
26352,211654.0,1944-08-25,8,GERMANY,AIRDROME,AIR FIELDS AND AIRDROMES,53.03,13.7,B17,3.0,1.0,,3.0,,,3.0,NOT INDICATED
26022,211655.0,1944-08-25,8,GERMANY,AIRDROME,AIR FIELDS AND AIRDROMES,53.03,13.7,B17,3.0,9.0,230.0,23.0,,,23.0,VISUAL
26075,211656.0,1944-08-25,8,GERMANY,AIRDROME,AIR FIELDS AND AIRDROMES,53.03,13.7,B17,3.0,9.0,215.0,23.0,,,23.0,VISUAL
25753,211657.0,1944-08-25,15,CZECHOSLOVAKIA,AIRDROME,AIR FIELDS AND AIRDROMES,49.48,17.13,B24,4.0,26.0,203.0,62.0,,,62.0,NOT INDICATED
26061,211658.0,1944-08-25,8,GERMANY,AIRDROME,AIR FIELDS AND AIRDROMES,53.37,12.72,B17,4.0,12.0,220.0,30.0,,,30.0,VISUAL
26026,211659.0,1944-08-25,8,GERMANY,AIRDROME,AIR FIELDS AND AIRDROMES,53.37,12.72,B17,4.0,12.0,230.0,29.0,,,29.0,VISUAL
26067,211660.0,1944-08-25,8,GERMANY,AIRDROME,AIR FIELDS AND AIRDROMES,53.37,12.72,B17,4.0,11.0,219.0,28.0,,,28.0,VISUAL
26094,211661.0,1944-08-25,8,GERMANY,AIRDROME,AIR FIELDS AND AIRDROMES,53.37,12.72,B17,4.0,9.0,211.0,3.0,20.0,,23.0,VISUAL
26027,211662.0,1944-08-25,8,GERMANY,AIRDROME,AIR FIELDS AND AIRDROMES,53.37,12.72,B17,4.0,12.0,230.0,30.0,,,30.0,VISUAL
26079,211663.0,1944-08-25,8,GERMANY,AIRDROME,AIR FIELDS AND AIRDROMES,53.37,12.72,B17,4.0,13.0,214.0,,30.0,,30.0,VISUAL
26068,211664.0,1944-08-25,8,GERMANY,AIRDROME,AIR FIELDS AND AIRDROMES,53.37,12.72,B17,4.0,10.0,219.0,25.0,,,25.0,VISUAL
26305,211665.0,1944-08-25,8,GERMANY,AIRDROME,AIR FIELDS AND AIRDROMES,53.37,12.72,B17,4.0,12.0,209.0,,28.0,,28.0,VISUAL
26031,211666.0,1944-08-25,8,GERMANY,AIRDROME,AIR FIELDS AND AIRDROMES,53.37,12.72,B17,4.0,12.0,229.0,30.0,,,30.0,VISUAL
26069,211667.0,1944-08-25,8,GERMANY,AIRDROME,AIR FIELDS AND AIRDROMES,53.37,12.72,B17,4.0,11.0,219.0,28.0,,,28.0,VISUAL
26049,211668.0,1944-08-25,8,GERMANY,AIRDROME,AIR FIELDS AND AIRDROMES,53.37,12.72,B17,4.0,12.0,224.0,30.0,,,30.0,VISUAL
26080,211669.0,1944-08-25,8,GERMANY,AIRDROME,AIR FIELDS AND AIRDROMES,53.37,12.72,B17,4.0,17.0,214.0,4.0,34.0,,38.0,VISUAL
26070,211670.0,1944-08-25,8,GERMANY,AIRDROME,AIR FIELDS AND AIRDROMES,53.37,12.72,B17,4.0,13.0,219.0,29.0,,,29.0,VISUAL
26034,211671.0,1944-08-25,8,GERMANY,AIRDROME,AIR FIELDS AND AIRDROMES,53.37,12.72,B17,4.0,11.0,227.0,28.0,,,28.0,VISUAL
26087,211672.0,1944-08-25,8,GERMANY,AIRDROME,AIR FIELDS AND AIRDROMES,53.37,12.72,B17,4.0,11.0,213.0,,30.0,,30.0,VISUAL
26362,211673.0,1944-08-25,8,GERMANY,AIRDROME,AIR FIELDS AND AIRDROMES,53.37,12.72,B17,1.0,1.0,,3.0,,,3.0,NOT INDICATED
25770,211674.0,1944-08-25,9,FRANCE,STRONG POINTS,TACTICAL TARGETS: (UNIDENTIFIED OR NOT LISTED BELOW),48.4,-4.5,B26,,,107.0,38.0,,,38.0,VISUAL
25782,211677.0,1944-08-25,9,FRANCE,STRONG POINTS,TACTICAL TARGETS: (UNIDENTIFIED OR NOT LISTED BELOW),48.4,-4.5,B26,,,12.0,,,60.0,60.0,VISUAL
25786,211678.0,1944-08-25,9,FRANCE,GUN EMPLACEMENTS,GUN EMPLACEMENTS,48.4,-4.5,B26,,,,25.0,,,25.0,VISUAL
25775,211679.0,1944-08-25,9,FRANCE,GUN EMPLACEMENTS,GUN EMPLACEMENTS,48.4,-4.5,A20,,,93.0,32.0,,,32.0,VISUAL
25783,211681.0,1944-08-25,9,FRANCE,GUN POSITIONS,GUN EMPLACEMENTS,48.4,-4.5,B26,,,11.0,48.0,,,48.0,VISUAL
25771,211684.0,1944-08-25,9,FRANCE,STRONG POINTS,TACTICAL TARGETS: (UNIDENTIFIED OR NOT LISTED BELOW),48.4,-4.5,B26,,,107.0,38.0,,,38.0,VISUAL
25762,211685.0,1944-08-25,9,FRANCE,STRONG POINTS,TACTICAL TARGETS: (UNIDENTIFIED OR NOT LISTED BELOW),48.4,-4.5,B26,,,120.0,,,60.0,60.0,VISUAL
25787,211686.0,1944-08-25,9,FRANCE,GUN EMPLACEMENTS,GUN EMPLACEMENTS,48.4,-4.5,B26,,,,25.0,,,25.0,VISUAL
25776,211687.0,1944-08-25,9,FRANCE,GUN EMPLACEMENTS,GUN EMPLACEMENTS,48.4,-4.5,A20,,,93.0,32.0,,,32.0,VISUAL
25766,211689.0,1944-08-25,9,FRANCE,GUN POSITIONS,GUN EMPLACEMENTS,48.4,-4.5,B26,,,110.0,48.0,,,48.0,VISUAL
25727,211695.0,1944-08-25,15,CZECHOSLOVAKIA,AIRDROME,AIR FIELDS AND AIRDROMES,49.2,16.62,B17,4.0,25.0,258.0,72.0,,,72.0,INSTRUMENT-GENERAL
25736,211696.0,1944-08-25,15,CZECHOSLOVAKIA,AIRDROME,AIR FIELDS AND AIRDROMES,49.2,16.62,B17,4.0,27.0,250.0,79.0,,,79.0,VISUAL
25742,211697.0,1944-08-25,15,CZECHOSLOVAKIA,AIRDROME,AIR FIELDS AND AIRDROMES,49.2,16.62,B17,4.0,28.0,240.0,81.0,,,81.0,NOT INDICATED
25757,211698.0,1944-08-25,15,CZECHOSLOVAKIA,AIRDROME,AIR FIELDS AND AIRDROMES,49.48,17.13,B24,4.0,22.0,195.0,55.0,,,55.0,NOT INDICATED
25745,211699.0,1944-08-25,15,CZECHOSLOVAKIA,AIRDROME,AIR FIELDS AND AIRDROMES,49.48,17.13,B24,4.0,23.0,216.0,58.0,,,58.0,NOT INDICATED
25754,211700.0,1944-08-25,15,CZECHOSLOVAKIA,AIRDROME,AIR FIELDS AND AIRDROMES,49.48,17.13,B24,4.0,26.0,203.0,62.0,,,62.0,NOT INDICATED
26098,211701.0,1944-08-25,8,GERMANY,AIR FIELD,AIR FIELDS AND AIRDROMES,53.87,13.7,B17,4.0,13.0,210.0,,31.0,,31.0,VISUAL
26333,211702.0,1944-08-25,8,GERMANY,AIR FIELD,AIR FIELDS AND AIRDROMES,53.87,13.7,B17,4.0,11.0,190.0,28.0,,,28.0,VISUAL
26339,211703.0,1944-08-25,8,GERMANY,AIR FIELD,AIR FIELDS AND AIRDROMES,53.87,13.7,B17,4.0,13.0,180.0,33.0,,,33.0,VISUAL
26315,211704.0,1944-08-25,8,GERMANY,AIR FIELD,AIR FIELDS AND AIRDROMES,53.87,13.7,B17,4.0,12.0,200.0,30.0,,,30.0,VISUAL
26324,211705.0,1944-08-25,8,GERMANY,AIR FIELD,AIR FIELDS AND AIRDROMES,53.87,13.7,B17,4.0,12.0,197.0,30.0,,,30.0,VISUAL
26336,211706.0,1944-08-25,8,GERMANY,AIR FIELD,AIR FIELDS AND AIRDROMES,53.87,13.7,B17,4.0,12.0,187.0,,30.0,,30.0,VISUAL
26320,211708.0,1944-08-25,8,GERMANY,AIRDROME,AIR FIELDS AND AIRDROMES,53.55,13.28,B17,4.0,11.0,200.0,28.0,,,28.0,VISUAL
26329,211709.0,1944-08-25,8,GERMANY,AIRDROME,AIR FIELDS AND AIRDROMES,53.55,13.28,B17,4.0,11.0,195.0,25.0,,,25.0,VISUAL
26309,211710.0,1944-08-25,8,GERMANY,AIRDROME,AIR FIELDS AND AIRDROMES,53.55,13.28,B17,4.0,13.0,205.0,33.0,,,33.0,VISUAL
26303,211711.0,1944-08-25,8,GERMANY,AIRDROME,AIR FIELDS AND AIRDROMES,53.55,13.28,B17,4.0,12.0,210.0,30.0,,,30.0,VISUAL
26312,211712.0,1944-08-25,8,GERMANY,AIRDROME,AIR FIELDS AND AIRDROMES,53.55,13.28,B17,4.0,12.0,204.0,30.0,,,30.0,VISUAL
26053,211713.0,1944-08-25,8,GERMANY,AIRDROME,AIR FIELDS AND AIRDROMES,53.55,13.28,B17,4.0,13.0,221.0,33.0,,,33.0,VISUAL
26321,211714.0,1944-08-25,8,GERMANY,AIRDROME,AIR FIELDS AND AIRDROMES,53.55,13.28,B17,4.0,12.0,200.0,,30.0,,30.0,VISUAL
26330,211715.0,1944-08-25,8,GERMANY,AIRDROME,AIR FIELDS AND AIRDROMES,53.55,13.28,B17,4.0,12.0,195.0,,30.0,,30.0,VISUAL
26348,211716.0,1944-08-25,8,GERMANY,AIRDROME,AIR FIELDS AND AIRDROMES,53.82,12.8,B17,2.0,1.0,,3.0,,,3.0,NOT INDICATED
26353,211717.0,1944-08-25,8,GERMANY,AIRDROME,AIR FIELDS AND AIRDROMES,53.03,13.7,B17,4.0,2.0,,,5.0,,5.0,NOT INDICATED
26354,211718.0,1944-08-25,8,GERMANY,AIRDROME,AIR FIELDS AND AIRDROMES,53.03,13.7,B17,3.0,1.0,,3.0,,,3.0,NOT INDICATED
26023,211719.0,1944-08-25,8,GERMANY,AIRDROME,AIR FIELDS AND AIRDROMES,53.03,13.7,B17,3.0,9.0,230.0,23.0,,,23.0,VISUAL
26076,211720.0,1944-08-25,8,GERMANY,AIRDROME,AIR FIELDS AND AIRDROMES,53.03,13.7,B17,3.0,9.0,215.0,23.0,,,23.0,VISUAL
26062,211721.0,1944-08-25,8,GERMANY,AIRDROME,AIR FIELDS AND AIRDROMES,53.37,12.72,B17,4.0,12.0,220.0,30.0,,,30.0,VISUAL
26028,211722.0,1944-08-25,8,GERMANY,AIRDROME,AIR FIELDS AND AIRDROMES,53.37,12.72,B17,4.0,12.0,230.0,29.0,,,29.0,VISUAL
26071,211723.0,1944-08-25,8,GERMANY,AIRDROME,AIR FIELDS AND AIRDROMES,53.37,12.72,B17,4.0,11.0,219.0,28.0,,,28.0,VISUAL
26095,211724.0,1944-08-25,8,GERMANY,AIRDROME,AIR FIELDS AND AIRDROMES,53.37,12.72,B17,4.0,9.0,211.0,3.0,20.0,,23.0,VISUAL
26029,211725.0,1944-08-25,8,GERMANY,AIRDROME,AIR FIELDS AND AIRDROMES,53.37,12.72,B17,4.0,12.0,230.0,30.0,,,30.0,VISUAL
26081,211726.0,1944-08-25,8,GERMANY,AIRDROME,AIR FIELDS AND AIRDROMES,53.37,12.72,B17,4.0,13.0,214.0,,30.0,,30.0,VISUAL
26072,211727.0,1944-08-25,8,GERMANY,AIRDROME,AIR FIELDS AND AIRDROMES,53.37,12.72,B17,4.0,10.0,219.0,25.0,,,25.0,VISUAL
26306,211728.0,1944-08-25,8,GERMANY,AIRDROME,AIR FIELDS AND AIRDROMES,53.37,12.72,B17,4.0,12.0,209.0,,28.0,,28.0,VISUAL
26032,211729.0,1944-08-25,8,GERMANY,AIRDROME,AIR FIELDS AND AIRDROMES,53.37,12.72,B17,4.0,12.0,229.0,30.0,,,30.0,VISUAL
26073,211730.0,1944-08-25,8,GERMANY,AIRDROME,AIR FIELDS AND AIRDROMES,53.37,12.72,B17,4.0,11.0,219.0,28.0,,,28.0,VISUAL
26050,211731.0,1944-08-25,8,GERMANY,AIRDROME,AIR FIELDS AND AIRDROMES,53.37,12.72,B17,4.0,12.0,224.0,30.0,,,30.0,VISUAL
26082,211732.0,1944-08-25,8,GERMANY,AIRDROME,AIR FIELDS AND AIRDROMES,53.37,12.72,B17,4.0,17.0,214.0,4.0,34.0,,38.0,VISUAL
26092,211733.0,1944-08-25,8,GERMANY,AIRDROME,AIR FIELDS AND AIRDROMES,53.37,12.72,B17,4.0,,212.0,13.0,29.0,,29.0,VISUAL
26035,211734.0,1944-08-25,8,GERMANY,AIRDROME,AIR FIELDS AND AIRDROMES,53.37,12.72,B17,4.0,11.0,227.0,28.0,,,28.0,VISUAL
26088,211735.0,1944-08-25,8,GERMANY,AIRDROME,AIR FIELDS AND AIRDROMES,53.37,12.72,B17,4.0,11.0,213.0,,30.0,,30.0,VISUAL
26363,211736.0,1944-08-25,8,GERMANY,AIRDROME,AIR FIELDS AND AIRDROMES,53.37,12.72,B17,1.0,1.0,,3.0,,,3.0,NOT INDICATED
27253,108697.0,1944-08-26,9,FRANCE,GUN EMPLACEMENTS,GUN EMPLACEMENTS,48.4,-4.5,B17,4.0,14.0,,27.0,,,27.0,VISUAL
27254,108698.0,1944-08-26,9,FRANCE,GUN EMPLACEMENTS,GUN EMPLACEMENTS,48.4,-4.5,B17,4.0,23.0,,40.0,,,40.0,VISUAL
27255,108699.0,1944-08-26,9,FRANCE,GUN EMPLACEMENTS,GUN EMPLACEMENTS,48.4,-4.5,B17,4.0,8.0,,8.0,,,8.0,VISUAL
27256,108700.0,1944-08-26,9,FRANCE,GUN EMPLACEMENTS,GUN EMPLACEMENTS,48.4,-4.5,B17,4.0,7.0,,13.0,,,13.0,VISUAL
27257,108701.0,1944-08-26,9,FRANCE,GUN EMPLACEMENTS,GUN EMPLACEMENTS,48.4,-4.5,B17,4.0,20.0,,38.0,,,38.0,VISUAL
27258,108702.0,1944-08-26,9,FRANCE,GUN EMPLACEMENTS,GUN EMPLACEMENTS,48.4,-4.5,B17,4.0,11.0,,31.0,,,31.0,VISUAL
27259,108703.0,1944-08-26,9,FRANCE,GUN EMPLACEMENTS,GUN EMPLACEMENTS,48.4,-4.5,B17,4.0,8.0,,15.0,,,15.0,VISUAL
27260,108704.0,1944-08-26,9,FRANCE,GUN EMPLACEMENTS,GUN EMPLACEMENTS,48.4,-4.5,B17,4.0,7.0,,13.0,,,13.0,VISUAL
27261,108705.0,1944-08-26,9,FRANCE,GUN EMPLACEMENTS,GUN EMPLACEMENTS,48.4,-4.5,B17,4.0,16.0,,30.0,,,30.0,VISUAL
27262,108706.0,1944-08-26,9,FRANCE,GUN EMPLACEMENTS,GUN EMPLACEMENTS,48.4,-4.5,B17,4.0,10.0,,10.0,,,10.0,VISUAL
27263,108707.0,1944-08-26,9,FRANCE,GUN EMPLACEMENTS,GUN EMPLACEMENTS,48.4,-4.5,B17,4.0,13.0,,25.0,,,25.0,VISUAL
27264,108708.0,1944-08-26,9,FRANCE,GUN EMPLACEMENTS,GUN EMPLACEMENTS,48.4,-4.5,B17,4.0,7.0,,13.0,,,13.0,VISUAL
27265,108709.0,1944-08-26,9,FRANCE,GUN EMPLACEMENTS,GUN EMPLACEMENTS,48.4,-4.5,B17,4.0,18.0,,31.0,,,31.0,VISUAL
27266,108728.0,1944-08-26,9,FRANCE,UNIDENTIFIED TARGET,UNIDENTIFIED TARGETS,48.4,-4.5,B17,4.0,,,24.0,,,24.0,NOT INDICATED
27267,108729.0,1944-08-26,9,FRANCE,UNIDENTIFIED TARGET,UNIDENTIFIED TARGETS,48.4,-4.5,B17,4.0,,,9.0,,,9.0,NOT INDICATED
27268,108730.0,1944-08-26,9,FRANCE,UNIDENTIFIED TARGET,UNIDENTIFIED TARGETS,48.4,-4.5,B17,2.0,,,5.0,,,5.0,NOT INDICATED
27269,108731.0,1944-08-26,9,FRANCE,UNIDENTIFIED TARGET,UNIDENTIFIED TARGETS,48.4,-4.5,B17,2.0,7.0,,21.0,,,21.0,NOT INDICATED
27251,108732.0,1944-08-26,9,GERMANY,UNIDENTIFIED TARGET,UNIDENTIFIED TARGETS,49.75,8.12,B24,2.0,2.0,,1.0,,,1.0,NOT INDICATED
27270,172175.0,1944-08-26,9,FRANCE,UNIDENTIFIED TARGET,UNIDENTIFIED TARGETS,48.4,-4.5,B17,4.0,,,24.0,,,24.0,NOT INDICATED
27271,172176.0,1944-08-26,9,FRANCE,UNIDENTIFIED TARGET,UNIDENTIFIED TARGETS,48.4,-4.5,B17,4.0,,,9.0,,,9.0,NOT INDICATED
27272,172177.0,1944-08-26,9,FRANCE,UNIDENTIFIED TARGET,UNIDENTIFIED TARGETS,48.4,-4.5,B17,2.0,,,5.0,,,5.0,NOT INDICATED
27273,172178.0,1944-08-26,9,FRANCE,UNIDENTIFIED TARGET,UNIDENTIFIED TARGETS,48.4,-4.5,B17,2.0,7.0,,21.0,,,21.0,NOT INDICATED
27252,172179.0,1944-08-26,9,GERMANY,UNIDENTIFIED TARGET,UNIDENTIFIED TARGETS,49.75,8.12,B24,2.0,2.0,,1.0,,,1.0,NOT INDICATED
27274,172189.0,1944-08-26,9,FRANCE,UNIDENTIFIED TARGET,UNIDENTIFIED TARGETS,48.4,-4.5,B17,4.0,,,24.0,,,24.0,NOT INDICATED
27275,172190.0,1944-08-26,9,FRANCE,UNIDENTIFIED TARGET,UNIDENTIFIED TARGETS,48.4,-4.5,B17,4.0,,,9.0,,,9.0,NOT INDICATED
27276,172191.0,1944-08-26,9,FRANCE,UNIDENTIFIED TARGET,UNIDENTIFIED TARGETS,48.4,-4.5,B17,2.0,,,5.0,,,5.0,NOT INDICATED
27277,172192.0,1944-08-26,9,FRANCE,UNIDENTIFIED TARGET,UNIDENTIFIED TARGETS,48.4,-4.5,B17,2.0,7.0,,21.0,,,21.0,NOT INDICATED
27250,172193.0,1944-08-26,9,GERMANY,UNIDENTIFIED TARGET,UNIDENTIFIED TARGETS,49.75,8.12,B24,2.0,2.0,,1.0,,,1.0,NOT INDICATED
27278,211758.0,1944-08-26,9,FRANCE,GUN EMPLACEMENTS,GUN EMPLACEMENTS,48.4,-4.5,B17,4.0,14.0,,27.0,,,27.0,VISUAL
27279,211759.0,1944-08-26,9,FRANCE,GUN EMPLACEMENTS,GUN EMPLACEMENTS,48.4,-4.5,B17,4.0,23.0,,40.0,,,40.0,VISUAL
27280,211760.0,1944-08-26,9,FRANCE,GUN EMPLACEMENTS,GUN EMPLACEMENTS,48.4,-4.5,B17,4.0,8.0,,8.0,,,8.0,VISUAL
27281,211761.0,1944-08-26,9,FRANCE,GUN EMPLACEMENTS,GUN EMPLACEMENTS,48.4,-4.5,B17,4.0,7.0,,13.0,,,13.0,VISUAL
27282,211762.0,1944-08-26,9,FRANCE,GUN EMPLACEMENTS,GUN EMPLACEMENTS,48.4,-4.5,B17,4.0,20.0,,38.0,,,38.0,VISUAL
27283,211763.0,1944-08-26,9,FRANCE,GUN EMPLACEMENTS,GUN EMPLACEMENTS,48.4,-4.5,B17,4.0,11.0,,31.0,,,31.0,VISUAL
27284,211764.0,1944-08-26,9,FRANCE,GUN EMPLACEMENTS,GUN EMPLACEMENTS,48.4,-4.5,B17,4.0,8.0,,15.0,,,15.0,VISUAL
27285,211765.0,1944-08-26,9,FRANCE,GUN EMPLACEMENTS,GUN EMPLACEMENTS,48.4,-4.5,B17,4.0,7.0,,13.0,,,13.0,VISUAL
27286,211766.0,1944-08-26,9,FRANCE,GUN EMPLACEMENTS,GUN EMPLACEMENTS,48.4,-4.5,B17,4.0,16.0,,30.0,,,30.0,VISUAL
27287,211767.0,1944-08-26,9,FRANCE,GUN EMPLACEMENTS,GUN EMPLACEMENTS,48.4,-4.5,B17,4.0,10.0,,10.0,,,10.0,VISUAL
27288,211768.0,1944-08-26,9,FRANCE,GUN EMPLACEMENTS,GUN EMPLACEMENTS,48.4,-4.5,B17,4.0,13.0,,25.0,,,25.0,VISUAL
27289,211769.0,1944-08-26,9,FRANCE,GUN EMPLACEMENTS,GUN EMPLACEMENTS,48.4,-4.5,B17,4.0,7.0,,13.0,,,13.0,VISUAL
27290,211770.0,1944-08-26,9,FRANCE,GUN EMPLACEMENTS,GUN EMPLACEMENTS,48.4,-4.5,B17,4.0,18.0,,31.0,,,31.0,VISUAL
27291,211813.0,1944-08-26,9,FRANCE,GUN EMPLACEMENTS,GUN EMPLACEMENTS,48.4,-4.5,B17,4.0,14.0,,27.0,,,27.0,VISUAL
27292,211814.0,1944-08-26,9,FRANCE,GUN EMPLACEMENTS,GUN EMPLACEMENTS,48.4,-4.5,B17,4.0,23.0,,40.0,,,40.0,VISUAL
27293,211815.0,1944-08-26,9,FRANCE,GUN EMPLACEMENTS,GUN EMPLACEMENTS,48.4,-4.5,B17,4.0,8.0,,8.0,,,8.0,VISUAL
27294,211816.0,1944-08-26,9,FRANCE,GUN EMPLACEMENTS,GUN EMPLACEMENTS,48.4,-4.5,B17,4.0,7.0,,13.0,,,13.0,VISUAL
27295,211817.0,1944-08-26,9,FRANCE,GUN EMPLACEMENTS,GUN EMPLACEMENTS,48.4,-4.5,B17,4.0,20.0,,38.0,,,38.0,VISUAL
27296,211818.0,1944-08-26,9,FRANCE,GUN EMPLACEMENTS,GUN EMPLACEMENTS,48.4,-4.5,B17,4.0,11.0,,31.0,,,31.0,VISUAL
27297,211819.0,1944-08-26,9,FRANCE,GUN EMPLACEMENTS,GUN EMPLACEMENTS,48.4,-4.5,B17,4.0,8.0,,15.0,,,15.0,VISUAL
27298,211820.0,1944-08-26,9,FRANCE,GUN EMPLACEMENTS,GUN EMPLACEMENTS,48.4,-4.5,B17,4.0,7.0,,13.0,,,13.0,VISUAL
27299,211821.0,1944-08-26,9,FRANCE,GUN EMPLACEMENTS,GUN EMPLACEMENTS,48.4,-4.5,B17,4.0,16.0,,30.0,,,30.0,VISUAL
27300,211822.0,1944-08-26,9,FRANCE,GUN EMPLACEMENTS,GUN EMPLACEMENTS,48.4,-4.5,B17,4.0,10.0,,10.0,,,10.0,VISUAL
27501,211823.0,1944-08-26,9,FRANCE,GUN EMPLACEMENTS,GUN EMPLACEMENTS,48.4,-4.5,B17,4.0,13.0,,25.0,,,25.0,VISUAL
27502,211824.0,1944-08-26,9,FRANCE,GUN EMPLACEMENTS,GUN EMPLACEMENTS,48.4,-4.5,B17,4.0,7.0,,13.0,,,13.0,VISUAL
27503,211825.0,1944-08-26,9,FRANCE,GUN EMPLACEMENTS,GUN EMPLACEMENTS,48.4,-4.5,B17,4.0,18.0,,31.0,,,31.0,VISUAL
28195,108736.0,1944-08-27,15,GERMANY,OIL REFINERY SYNTHETIC,SYNTHETIC OIL REFINERIES,50.33,18.3,B17,4.0,17.0,245.0,51.0,,,51.0,NOT INDICATED
28409,108737.0,1944-08-27,15,GERMANY,OIL REFINERY SYNTHETIC,SYNTHETIC OIL REFINERIES,50.33,18.3,B24,4.0,29.0,205.0,69.0,,,69.0,VISUAL
28185,108738.0,1944-08-27,15,GERMANY,OIL REFINERY SYNTHETIC,SYNTHETIC OIL REFINERIES,50.33,18.3,B17,4.0,28.0,285.0,55.0,,,55.0,NOT INDICATED
28193,108739.0,1944-08-27,15,GERMANY,OIL REFINERY SYNTHETIC,SYNTHETIC OIL REFINERIES,50.33,18.3,B17,4.0,26.0,260.0,78.0,,,78.0,NOT INDICATED
28186,108740.0,1944-08-27,15,GERMANY,OIL REFINERY SYNTHETIC,SYNTHETIC OIL REFINERIES,50.33,18.3,B17,4.0,28.0,285.0,55.0,,,55.0,NOT INDICATED
28191,108741.0,1944-08-27,15,GERMANY,OIL REFINERY SYNTHETIC,SYNTHETIC OIL REFINERIES,50.33,18.3,B17,4.0,27.0,262.0,78.0,,,78.0,NOT INDICATED
28189,108742.0,1944-08-27,15,GERMANY,OIL REFINERY SYNTHETIC,SYNTHETIC OIL REFINERIES,50.33,18.3,B17,4.0,28.0,265.0,81.0,,,81.0,VISUAL
28401,108743.0,1944-08-27,15,GERMANY,OIL REFINERY SYNTHETIC,SYNTHETIC OIL REFINERIES,50.33,18.3,B24,4.0,21.0,226.0,52.0,,,52.0,NOT INDICATED
28410,108744.0,1944-08-27,15,GERMANY,OIL REFINERY SYNTHETIC,SYNTHETIC OIL REFINERIES,50.33,18.3,B24,4.0,28.0,205.0,67.0,,,67.0,F.F.F.
28407,108745.0,1944-08-27,15,GERMANY,OIL REFINERY SYNTHETIC,SYNTHETIC OIL REFINERIES,50.33,18.3,B24,4.0,24.0,220.0,57.0,,,57.0,NOT INDICATED
28199,108746.0,1944-08-27,15,GERMANY,OIL REFINERY SYNTHETIC,SYNTHETIC OIL REFINERIES,50.33,18.3,B24,4.0,25.0,234.0,60.0,,,60.0,NOT INDICATED
28405,108747.0,1944-08-27,15,GERMANY,OIL REFINERY SYNTHETIC,SYNTHETIC OIL REFINERIES,50.33,18.3,B24,4.0,23.0,225.0,58.0,,,58.0,NOT INDICATED
28197,108748.0,1944-08-27,15,GERMANY,OIL REFINERY SYNTHETIC,SYNTHETIC OIL REFINERIES,50.33,18.3,B24,4.0,22.0,235.0,53.0,,,53.0,NOT INDICATED
28402,108749.0,1944-08-27,15,GERMANY,OIL REFINERY SYNTHETIC,SYNTHETIC OIL REFINERIES,50.33,18.3,B24,4.0,24.0,226.0,60.0,,,60.0,NOT INDICATED
28419,108753.0,1944-08-27,8,DENMARK,AIRDROME,AIR FIELDS AND AIRDROMES,55.48,8.47,B17,2.0,12.0,208.0,28.0,,,28.0,VISUAL
28422,108754.0,1944-08-27,8,DENMARK,AIRDROME,AIR FIELDS AND AIRDROMES,55.48,8.47,B17,2.0,12.0,197.0,30.0,,,30.0,VISUAL
28425,108755.0,1944-08-27,8,DENMARK,AIRDROME,AIR FIELDS AND AIRDROMES,55.48,8.47,B17,2.0,1.0,,,3.0,,3.0,NOT INDICATED
28196,172261.0,1944-08-27,15,GERMANY,OIL REFINERY SYNTHETIC,SYNTHETIC OIL REFINERIES,50.33,18.3,B17,4.0,17.0,245.0,51.0,,,51.0,NOT INDICATED
28411,172262.0,1944-08-27,15,GERMANY,OIL REFINERY SYNTHETIC,SYNTHETIC OIL REFINERIES,50.33,18.3,B24,4.0,29.0,205.0,69.0,,,69.0,VISUAL
28187,172263.0,1944-08-27,15,GERMANY,OIL REFINERY SYNTHETIC,SYNTHETIC OIL REFINERIES,50.33,18.3,B17,4.0,28.0,285.0,55.0,,,55.0,NOT INDICATED
28194,172264.0,1944-08-27,15,GERMANY,OIL REFINERY SYNTHETIC,SYNTHETIC OIL REFINERIES,50.33,18.3,B17,4.0,26.0,260.0,78.0,,,78.0,NOT INDICATED
28188,172265.0,1944-08-27,15,GERMANY,OIL REFINERY SYNTHETIC,SYNTHETIC OIL REFINERIES,50.33,18.3,B17,4.0,28.0,285.0,55.0,,,55.0,NOT INDICATED
28192,172266.0,1944-08-27,15,GERMANY,OIL REFINERY SYNTHETIC,SYNTHETIC OIL REFINERIES,50.33,18.3,B17,4.0,27.0,262.0,78.0,,,78.0,NOT INDICATED
28190,172267.0,1944-08-27,15,GERMANY,OIL REFINERY SYNTHETIC,SYNTHETIC OIL REFINERIES,50.33,18.3,B17,4.0,28.0,265.0,81.0,,,81.0,VISUAL
28403,172268.0,1944-08-27,15,GERMANY,OIL REFINERY SYNTHETIC,SYNTHETIC OIL REFINERIES,50.33,18.3,B24,4.0,21.0,226.0,52.0,,,52.0,NOT INDICATED
28412,172269.0,1944-08-27,15,GERMANY,OIL REFINERY SYNTHETIC,SYNTHETIC OIL REFINERIES,50.33,18.3,B24,4.0,28.0,205.0,67.0,,,67.0,F.F.F.
28408,172270.0,1944-08-27,15,GERMANY,OIL REFINERY SYNTHETIC,SYNTHETIC OIL REFINERIES,50.33,18.3,B24,4.0,24.0,220.0,57.0,,,57.0,NOT INDICATED
28200,172271.0,1944-08-27,15,GERMANY,OIL REFINERY SYNTHETIC,SYNTHETIC OIL REFINERIES,50.33,18.3,B24,4.0,25.0,234.0,60.0,,,60.0,NOT INDICATED
28406,172272.0,1944-08-27,15,GERMANY,OIL REFINERY SYNTHETIC,SYNTHETIC OIL REFINERIES,50.33,18.3,B24,4.0,23.0,225.0,58.0,,,58.0,NOT INDICATED
28198,172273.0,1944-08-27,15,GERMANY,OIL REFINERY SYNTHETIC,SYNTHETIC OIL REFINERIES,50.33,18.3,B24,4.0,22.0,235.0,53.0,,,53.0,NOT INDICATED
28404,172274.0,1944-08-27,15,GERMANY,OIL REFINERY SYNTHETIC,SYNTHETIC OIL REFINERIES,50.33,18.3,B24,4.0,24.0,226.0,60.0,,,60.0,NOT INDICATED
28420,211860.0,1944-08-27,8,DENMARK,AIRDROME,AIR FIELDS AND AIRDROMES,55.48,8.47,B17,2.0,12.0,208.0,28.0,,,28.0,VISUAL
28423,211861.0,1944-08-27,8,DENMARK,AIRDROME,AIR FIELDS AND AIRDROMES,55.48,8.47,B17,2.0,12.0,197.0,30.0,,,30.0,VISUAL
28426,211862.0,1944-08-27,8,DENMARK,AIRDROME,AIR FIELDS AND AIRDROMES,55.48,8.47,B17,2.0,1.0,,,3.0,,3.0,NOT INDICATED
28421,211895.0,1944-08-27,8,DENMARK,AIRDROME,AIR FIELDS AND AIRDROMES,55.48,8.47,B17,2.0,12.0,208.0,28.0,,,28.0,VISUAL
28424,211896.0,1944-08-27,8,DENMARK,AIRDROME,AIR FIELDS AND AIRDROMES,55.48,8.47,B17,2.0,12.0,197.0,30.0,,,30.0,VISUAL
28427,211897.0,1944-08-27,8,DENMARK,AIRDROME,AIR FIELDS AND AIRDROMES,55.48,8.47,B17,2.0,1.0,,,3.0,,3.0,NOT INDICATED
29043,108782.0,1944-08-28,15,AUSTRIA,SYN OIL REFINERY,OIL REFINERIES,48.32,15.92,B17,4.0,25.0,263.0,73.0,,,73.0,NOT INDICATED
29035,108783.0,1944-08-28,15,AUSTRIA,SYN OIL REFINERY,OIL REFINERIES,48.32,15.92,B17,4.0,25.0,285.0,46.0,,,46.0,NOT INDICATED
29039,108784.0,1944-08-28,15,AUSTRIA,SYN OIL REFINERY,OIL REFINERIES,48.32,15.92,B17,4.0,25.0,275.0,70.0,,,70.0,NOT INDICATED
29045,108785.0,1944-08-28,15,AUSTRIA,SYN OIL REFINERY,OIL REFINERIES,48.32,15.92,B17,4.0,27.0,228.0,78.0,,,78.0,NOT INDICATED
29041,108786.0,1944-08-28,15,AUSTRIA,SYN OIL REFINERY,OIL REFINERIES,48.32,15.92,B17,4.0,28.0,265.0,82.0,,,82.0,VISUAL
29036,108787.0,1944-08-28,15,AUSTRIA,SYN OIL REFINERY,OIL REFINERIES,48.32,15.92,B17,4.0,25.0,285.0,47.0,,,47.0,NOT INDICATED
29044,172292.0,1944-08-28,15,AUSTRIA,SYN OIL REFINERY,OIL REFINERIES,48.32,15.92,B17,4.0,25.0,263.0,73.0,,,73.0,NOT INDICATED
29037,172293.0,1944-08-28,15,AUSTRIA,SYN OIL REFINERY,OIL REFINERIES,48.32,15.92,B17,4.0,25.0,285.0,46.0,,,46.0,NOT INDICATED
29040,172294.0,1944-08-28,15,AUSTRIA,SYN OIL REFINERY,OIL REFINERIES,48.32,15.92,B17,4.0,25.0,275.0,70.0,,,70.0,NOT INDICATED
29046,172295.0,1944-08-28,15,AUSTRIA,SYN OIL REFINERY,OIL REFINERIES,48.32,15.92,B17,4.0,27.0,228.0,78.0,,,78.0,NOT INDICATED
29042,172296.0,1944-08-28,15,AUSTRIA,SYN OIL REFINERY,OIL REFINERIES,48.32,15.92,B17,4.0,28.0,265.0,82.0,,,82.0,VISUAL
29038,172297.0,1944-08-28,15,AUSTRIA,SYN OIL REFINERY,OIL REFINERIES,48.32,15.92,B17,4.0,25.0,285.0,47.0,,,47.0,NOT INDICATED
29643,108812.0,1944-08-29,15,CZECHOSLOVAKIA,IND AREA,MANUFACTURING INSTALLATIONS (NOT SPECIFICALLY IDENTIFIED BELOW FROM CLASS 11 THROUGH 59),49.85,18.3,B24,4.0,25.0,232.0,63.0,,,63.0,F.F.F.
29653,108813.0,1944-08-29,15,CZECHOSLOVAKIA,IND AREA,MANUFACTURING INSTALLATIONS (NOT SPECIFICALLY IDENTIFIED BELOW FROM CLASS 11 THROUGH 59),49.85,18.3,B24,4.0,27.0,216.0,67.0,,,67.0,NOT INDICATED
29666,108814.0,1944-08-29,15,CZECHOSLOVAKIA,IND AREA,MANUFACTURING INSTALLATIONS (NOT SPECIFICALLY IDENTIFIED BELOW FROM CLASS 11 THROUGH 59),49.85,18.3,B24,4.0,23.0,,54.0,,,54.0,F.F.F.
29656,108815.0,1944-08-29,15,CZECHOSLOVAKIA,OIL REFINERY,OIL REFINERIES,49.93,18.37,B17,4.0,5.0,210.0,10.0,,,10.0,NOT INDICATED
29641,108816.0,1944-08-29,15,CZECHOSLOVAKIA,OIL REFINERY,OIL REFINERIES,49.93,18.37,B17,4.0,27.0,270.0,52.0,,,52.0,F.F.F.
29639,108817.0,1944-08-29,15,CZECHOSLOVAKIA,OIL REFINERY,OIL REFINERIES,49.93,18.37,B17,3.0,26.0,275.0,63.0,,,63.0,NOT INDICATED
29671,108823.0,1944-08-29,8,GERMANY,AC COMP FACTORY,A/C COMPONENT PLANTS,53.42,10.72,B24,4.0,12.0,,29.0,,,29.0,NOT INDICATED
29659,108826.0,1944-08-29,15,CZECHOSLOVAKIA,TANK WORKS,TANK FACTORIES,49.85,18.3,B24,4.0,27.0,200.0,78.0,,,78.0,F.F.F.
29647,108827.0,1944-08-29,15,CZECHOSLOVAKIA,TANK WORKS,TANK FACTORIES,49.85,18.3,B24,4.0,29.0,230.0,84.0,,,84.0,NOT INDICATED
29663,108828.0,1944-08-29,15,CZECHOSLOVAKIA,TANK WORKS,TANK FACTORIES,49.85,18.3,B24,4.0,29.0,199.0,84.0,,,84.0,F.F.F.
29658,108829.0,1944-08-29,15,CZECHOSLOVAKIA,TANK WORKS,TANK FACTORIES,49.85,18.3,B24,4.0,27.0,200.0,78.0,,,78.0,F.F.F.
29646,108830.0,1944-08-29,15,CZECHOSLOVAKIA,TANK WORKS,TANK FACTORIES,49.85,18.3,B24,4.0,29.0,230.0,84.0,,,84.0,NOT INDICATED
29662,108831.0,1944-08-29,15,CZECHOSLOVAKIA,TANK WORKS,TANK FACTORIES,49.85,18.3,B24,4.0,29.0,199.0,84.0,,,84.0,F.F.F.
29672,172315.0,1944-08-29,8,GERMANY,AC COMP FACTORY,A/C COMPONENT PLANTS,53.42,10.72,B24,4.0,12.0,,29.0,,,29.0,NOT INDICATED
29644,172317.0,1944-08-29,15,CZECHOSLOVAKIA,IND AREA,MANUFACTURING INSTALLATIONS (NOT SPECIFICALLY IDENTIFIED BELOW FROM CLASS 11 THROUGH 59),49.85,18.3,B24,4.0,25.0,232.0,63.0,,,63.0,F.F.F.
29654,172318.0,1944-08-29,15,CZECHOSLOVAKIA,IND AREA,MANUFACTURING INSTALLATIONS (NOT SPECIFICALLY IDENTIFIED BELOW FROM CLASS 11 THROUGH 59),49.85,18.3,B24,4.0,27.0,216.0,67.0,,,67.0,NOT INDICATED
29652,172319.0,1944-08-29,15,CZECHOSLOVAKIA,IND AREA,MANUFACTURING INSTALLATIONS (NOT SPECIFICALLY IDENTIFIED BELOW FROM CLASS 11 THROUGH 59),49.85,18.3,B24,4.0,23.0,225.0,54.0,,,54.0,F.F.F.
29645,172320.0,1944-08-29,15,CZECHOSLOVAKIA,IND AREA,MANUFACTURING INSTALLATIONS (NOT SPECIFICALLY IDENTIFIED BELOW FROM CLASS 11 THROUGH 59),49.85,18.3,B24,4.0,25.0,232.0,63.0,,,63.0,F.F.F.
29655,172321.0,1944-08-29,15,CZECHOSLOVAKIA,IND AREA,MANUFACTURING INSTALLATIONS (NOT SPECIFICALLY IDENTIFIED BELOW FROM CLASS 11 THROUGH 59),49.85,18.3,B24,4.0,27.0,216.0,67.0,,,67.0,NOT INDICATED
29667,172322.0,1944-08-29,15,CZECHOSLOVAKIA,IND AREA,MANUFACTURING INSTALLATIONS (NOT SPECIFICALLY IDENTIFIED BELOW FROM CLASS 11 THROUGH 59),49.85,18.3,B24,4.0,23.0,,54.0,,,54.0,F.F.F.
29661,172325.0,1944-08-29,15,CZECHOSLOVAKIA,TANK WORKS,TANK FACTORIES,49.85,18.3,B24,4.0,27.0,200.0,78.0,,,78.0,F.F.F.
29649,172326.0,1944-08-29,15,CZECHOSLOVAKIA,TANK WORKS,TANK FACTORIES,49.85,18.3,B24,4.0,29.0,230.0,84.0,,,84.0,NOT INDICATED
29665,172327.0,1944-08-29,15,CZECHOSLOVAKIA,TANK WORKS,TANK FACTORIES,49.85,18.3,B24,4.0,29.0,199.0,84.0,,,84.0,F.F.F.
29657,172329.0,1944-08-29,15,CZECHOSLOVAKIA,OIL REFINERY,OIL REFINERIES,49.93,18.37,B17,4.0,5.0,210.0,10.0,,,10.0,NOT INDICATED
29642,172330.0,1944-08-29,15,CZECHOSLOVAKIA,OIL REFINERY,OIL REFINERIES,49.93,18.37,B17,4.0,27.0,270.0,52.0,,,52.0,F.F.F.
29640,172331.0,1944-08-29,15,CZECHOSLOVAKIA,OIL REFINERY,OIL REFINERIES,49.93,18.37,B17,3.0,26.0,275.0,63.0,,,63.0,NOT INDICATED
29638,172333.0,1944-08-29,15,CZECHOSLOVAKIA,RR,"""RR INSTALLATIONS,  TRACKS,  MARSHALLING YARDS,  AND STATIONS""",49.85,18.3,B17,4.0,26.0,285.0,52.0,,,52.0,NOT INDICATED
29660,172346.0,1944-08-29,15,CZECHOSLOVAKIA,TANK WORKS,TANK FACTORIES,49.85,18.3,B24,4.0,27.0,200.0,78.0,,,78.0,F.F.F.
29648,172347.0,1944-08-29,15,CZECHOSLOVAKIA,TANK WORKS,TANK FACTORIES,49.85,18.3,B24,4.0,29.0,230.0,84.0,,,84.0,NOT INDICATED
29664,172348.0,1944-08-29,15,CZECHOSLOVAKIA,TANK WORKS,TANK FACTORIES,49.85,18.3,B24,4.0,29.0,199.0,84.0,,,84.0,F.F.F.
29970,108834.0,1944-08-30,9,FRANCE,GUN POSITION,GUN EMPLACEMENTS,48.67,-2.07,B26,,,109.0,56.0,,,56.0,NOT INDICATED
29974,108835.0,1944-08-30,9,FRANCE,GUN POSITION,GUN EMPLACEMENTS,48.67,-2.07,B26,,,,60.0,,,60.0,NOT INDICATED
29964,108836.0,1944-08-30,9,FRANCE,GUN POSITION,GUN EMPLACEMENTS,48.67,-2.07,B26,,,110.0,2.0,,,2.0,NOT INDICATED
29962,108840.0,1944-08-30,9,FRANCE,V WEAPON,V - WEAPON LAUNCHING SITES,48.75,-0.57,B24,4.0,24.0,223.0,68.0,,,68.0,INSTRUMENT-GENERAL
29959,108841.0,1944-08-30,9,FRANCE,V WEAPON,V - WEAPON LAUNCHING SITES,48.75,-0.57,B24,4.0,14.0,230.0,42.0,,,42.0,INSTRUMENT-GENERAL
29996,108842.0,1944-08-30,8,FRANCE,V WEAPON SITE,V - WEAPON LAUNCHING SITES,48.83,-1.25,B24,4.0,8.0,218.0,23.0,,,23.0,INSTRUMENT-GENERAL
29965,108846.0,1944-08-30,9,FRANCE,UNIDENTIFIED TARGET,UNIDENTIFIED TARGETS,48.67,-2.07,B26,,,110.0,1.0,,,1.0,F.F.F.
29966,108847.0,1944-08-30,9,FRANCE,UNIDENTIFIED TARGET,UNIDENTIFIED TARGETS,48.67,-2.07,B26,,,110.0,2.0,,,2.0,F.F.F.
29983,108857.0,1944-08-30,8,GERMANY,CITY AREA,CITIES TOWNS AND URBAN AREAS,54.33,10.15,B17,4.0,13.0,270.0,,33.0,,33.0,F.F.F.
29989,108858.0,1944-08-30,8,GERMANY,CITY AREA,CITIES TOWNS AND URBAN AREAS,54.33,10.15,B17,4.0,12.0,262.0,30.0,,,30.0,F.F.F.
29992,108859.0,1944-08-30,8,GERMANY,CITY AREA,CITIES TOWNS AND URBAN AREAS,54.33,10.15,B17,4.0,12.0,260.0,27.0,,,27.0,F.F.F.
29986,108860.0,1944-08-30,8,GERMANY,CITY AREA,CITIES TOWNS AND URBAN AREAS,54.33,10.15,B17,4.0,10.0,268.0,,24.0,,24.0,F.F.F.
29977,172361.0,1944-08-30,9,GERMANY,UNIDENTIFIED TARGET,UNIDENTIFIED TARGETS,48.0,11.33,B24,4.0,2.0,,6.0,,,6.0,NOT INDICATED
29978,172362.0,1944-08-30,9,GERMANY,UNIDENTIFIED TARGET,UNIDENTIFIED TARGETS,48.0,11.33,B24,0.0,,,1.0,,,1.0,NOT INDICATED
29967,172365.0,1944-08-30,9,FRANCE,UNIDENTIFIED TARGET,UNIDENTIFIED TARGETS,48.67,-2.07,B26,,,110.0,1.0,,,1.0,F.F.F.
29968,172366.0,1944-08-30,9,FRANCE,UNIDENTIFIED TARGET,UNIDENTIFIED TARGETS,48.67,-2.07,B26,,,110.0,2.0,,,2.0,F.F.F.
29984,172367.0,1944-08-30,8,GERMANY,CITY AREA,CITIES TOWNS AND URBAN AREAS,54.33,10.15,B17,4.0,13.0,270.0,,33.0,,33.0,F.F.F.
29990,172368.0,1944-08-30,8,GERMANY,CITY AREA,CITIES TOWNS AND URBAN AREAS,54.33,10.15,B17,4.0,12.0,262.0,30.0,,,30.0,F.F.F.
29993,172369.0,1944-08-30,8,GERMANY,CITY AREA,CITIES TOWNS AND URBAN AREAS,54.33,10.15,B17,4.0,12.0,260.0,27.0,,,27.0,F.F.F.
29987,172370.0,1944-08-30,8,GERMANY,CITY AREA,CITIES TOWNS AND URBAN AREAS,54.33,10.15,B17,4.0,10.0,268.0,,24.0,,24.0,F.F.F.
29985,172371.0,1944-08-30,8,GERMANY,CITY AREA,CITIES TOWNS AND URBAN AREAS,54.33,10.15,B17,4.0,13.0,270.0,,33.0,,33.0,F.F.F.
29991,172372.0,1944-08-30,8,GERMANY,CITY AREA,CITIES TOWNS AND URBAN AREAS,54.33,10.15,B17,4.0,12.0,262.0,30.0,,,30.0,F.F.F.
29994,172373.0,1944-08-30,8,GERMANY,CITY AREA,CITIES TOWNS AND URBAN AREAS,54.33,10.15,B17,4.0,12.0,260.0,27.0,,,27.0,F.F.F.
29988,172374.0,1944-08-30,8,GERMANY,CITY AREA,CITIES TOWNS AND URBAN AREAS,54.33,10.15,B17,4.0,10.0,268.0,,24.0,,24.0,F.F.F.
29979,172387.0,1944-08-30,9,GERMANY,UNIDENTIFIED TARGET,UNIDENTIFIED TARGETS,48.0,11.33,B24,4.0,2.0,,6.0,,,6.0,NOT INDICATED
29980,172388.0,1944-08-30,9,GERMANY,UNIDENTIFIED TARGET,UNIDENTIFIED TARGETS,48.0,11.33,B24,0.0,,,1.0,,,1.0,NOT INDICATED
29961,211980.0,1944-08-30,9,FRANCE,V WEAPON,V - WEAPON LAUNCHING SITES,48.75,-0.57,B24,4.0,24.0,223.0,68.0,,,68.0,INSTRUMENT-GENERAL
29958,211981.0,1944-08-30,9,FRANCE,V WEAPON,V - WEAPON LAUNCHING SITES,48.75,-0.57,B24,4.0,14.0,230.0,42.0,,,42.0,INSTRUMENT-GENERAL
29995,211982.0,1944-08-30,8,FRANCE,V WEAPON SITE,V - WEAPON LAUNCHING SITES,48.83,-1.25,B24,4.0,8.0,218.0,23.0,,,23.0,INSTRUMENT-GENERAL
29971,211985.0,1944-08-30,9,FRANCE,GUN POSITION,GUN EMPLACEMENTS,48.67,-2.07,B26,,,109.0,56.0,,,56.0,NOT INDICATED
29975,211986.0,1944-08-30,9,FRANCE,GUN POSITION,GUN EMPLACEMENTS,48.67,-2.07,B26,,,,60.0,,,60.0,NOT INDICATED
29973,211987.0,1944-08-30,9,FRANCE,GUN POSITION,GUN EMPLACEMENTS,48.67,-2.07,B26,,,11.0,2.0,,,2.0,NOT INDICATED
29972,211991.0,1944-08-30,9,FRANCE,GUN POSITION,GUN EMPLACEMENTS,48.67,-2.07,B26,,,109.0,56.0,,,56.0,NOT INDICATED
29976,211992.0,1944-08-30,9,FRANCE,GUN POSITION,GUN EMPLACEMENTS,48.67,-2.07,B26,,,,60.0,,,60.0,NOT INDICATED
29969,211993.0,1944-08-30,9,FRANCE,GUN POSITION,GUN EMPLACEMENTS,48.67,-2.07,B26,,,110.0,2.0,,,2.0,NOT INDICATED
29963,211998.0,1944-08-30,9,FRANCE,V WEAPON,V - WEAPON LAUNCHING SITES,48.75,-0.57,B24,4.0,24.0,223.0,68.0,,,68.0,INSTRUMENT-GENERAL
29960,211999.0,1944-08-30,9,FRANCE,V WEAPON,V - WEAPON LAUNCHING SITES,48.75,-0.57,B24,4.0,14.0,230.0,42.0,,,42.0,INSTRUMENT-GENERAL
29997,212000.0,1944-08-30,8,FRANCE,V WEAPON SITE,V - WEAPON LAUNCHING SITES,48.83,-1.25,B24,4.0,8.0,218.0,23.0,,,23.0,INSTRUMENT-GENERAL
30813,108870.0,1944-08-31,9,FRANCE,AMMO DUMP,SUPPLY DUMPS AND WAREHOUSES,49.58,1.18,B26,,,120.0,2.0,,,2.0,F.F.F.
30807,108871.0,1944-08-31,9,FRANCE,AMMO DUMP,SUPPLY DUMPS AND WAREHOUSES,49.58,1.18,A20,,,126.0,46.0,,,46.0,NOT INDICATED
30815,108872.0,1944-08-31,9,FRANCE,GUN POSITION,GUN EMPLACEMENTS,48.67,-2.07,B26,,,120.0,2.0,,,2.0,F.F.F.
30816,108873.0,1944-08-31,9,FRANCE,GUN POSITION,GUN EMPLACEMENTS,48.67,-2.07,B26,,,120.0,59.0,,,59.0,NOT INDICATED
30810,108874.0,1944-08-31,9,FRANCE,GUN POSITION,GUN EMPLACEMENTS,48.67,-2.07,B26,,,125.0,60.0,,,60.0,NOT INDICATED
30817,108877.0,1944-08-31,9,FRANCE,UNIDENTIFIED TARGET,UNIDENTIFIED TARGETS,48.67,-2.07,B26,,,120.0,2.0,,,2.0,F.F.F.
30818,172424.0,1944-08-31,9,FRANCE,UNIDENTIFIED TARGET,UNIDENTIFIED TARGETS,48.67,-2.07,B26,,,120.0,2.0,,,2.0,F.F.F.
30822,212012.0,1944-08-31,9,FRANCE,GUN POSITION,GUN EMPLACEMENTS,48.67,-2.07,B26,,,12.0,2.0,,,2.0,F.F.F.
30823,212013.0,1944-08-31,9,FRANCE,GUN POSITION,GUN EMPLACEMENTS,48.67,-2.07,B26,,,12.0,59.0,,,59.0,NOT INDICATED
30811,212014.0,1944-08-31,9,FRANCE,GUN POSITION,GUN EMPLACEMENTS,48.67,-2.07,B26,,,125.0,60.0,,,60.0,NOT INDICATED
30821,212015.0,1944-08-31,9,FRANCE,AMMO DUMP,SUPPLY DUMPS AND WAREHOUSES,49.58,1.18,B26,,,12.0,2.0,,,2.0,F.F.F.
30808,212016.0,1944-08-31,9,FRANCE,AMMO DUMP,SUPPLY DUMPS AND WAREHOUSES,49.58,1.18,A20,,,126.0,46.0,,,46.0,NOT INDICATED
30814,212018.0,1944-08-31,9,FRANCE,AMMO DUMP,SUPPLY DUMPS AND WAREHOUSES,49.58,1.18,B26,,,120.0,2.0,,,2.0,F.F.F.
30809,212019.0,1944-08-31,9,FRANCE,AMMO DUMP,SUPPLY DUMPS AND WAREHOUSES,49.58,1.18,A20,,,126.0,46.0,,,46.0,NOT INDICATED
30819,212020.0,1944-08-31,9,FRANCE,GUN POSITION,GUN EMPLACEMENTS,48.67,-2.07,B26,,,120.0,2.0,,,2.0,F.F.F.
30820,212021.0,1944-08-31,9,FRANCE,GUN POSITION,GUN EMPLACEMENTS,48.67,-2.07,B26,,,120.0,59.0,,,59.0,NOT INDICATED
30812,212022.0,1944-08-31,9,FRANCE,GUN POSITION,GUN EMPLACEMENTS,48.67,-2.07,B26,,,125.0,60.0,,,60.0,NOT INDICATED
31119,108883.0,1944-09-01,9,FRANCE,STRONG POINTS,TACTICAL TARGETS: (UNIDENTIFIED OR NOT LISTED BELOW),48.4,-4.5,B26,,,115.0,70.0,,,70.0,VISUAL
31122,108884.0,1944-09-01,9,FRANCE,STRONG POINTS,TACTICAL TARGETS: (UNIDENTIFIED OR NOT LISTED BELOW),48.4,-4.5,B26,,,105.0,70.0,,,70.0,VISUAL
31128,108885.0,1944-09-01,9,FRANCE,STRONG POINTS,TACTICAL TARGETS: (UNIDENTIFIED OR NOT LISTED BELOW),48.4,-4.5,B26,,,55.0,18.0,,,18.0,VISUAL
31125,108886.0,1944-09-01,9,FRANCE,GUN EMPLACEMENTS,GUN EMPLACEMENTS,48.4,-4.5,B26,,,81.0,72.0,,,72.0,VISUAL
31133,172433.0,1944-09-01,8,FRANCE,RR INSTALLATIONS,"""RR INSTALLATIONS,  TRACKS,  MARSHALLING YARDS,  AND STATIONS""",48.25,8.0,B17,2.0,1.0,,2.0,1.0,,3.0,NOT INDICATED
31132,172434.0,1944-09-01,8,GERMANY,BRIDGE,BRIDGES,51.78,15.63,B24,,,,12.0,,,12.0,NOT INDICATED
31131,172435.0,1944-09-01,8,GERMANY,BRIDGE,BRIDGES,51.78,15.63,B24,4.0,12.0,195.0,12.0,,,12.0,VISUAL
31120,212032.0,1944-09-01,9,FRANCE,STRONG POINTS,TACTICAL TARGETS: (UNIDENTIFIED OR NOT LISTED BELOW),48.4,-4.5,B26,,,115.0,70.0,,,70.0,VISUAL
31123,212033.0,1944-09-01,9,FRANCE,STRONG POINTS,TACTICAL TARGETS: (UNIDENTIFIED OR NOT LISTED BELOW),48.4,-4.5,B26,,,105.0,70.0,,,70.0,VISUAL
31129,212034.0,1944-09-01,9,FRANCE,STRONG POINTS,TACTICAL TARGETS: (UNIDENTIFIED OR NOT LISTED BELOW),48.4,-4.5,B26,,,55.0,18.0,,,18.0,VISUAL
31126,212035.0,1944-09-01,9,FRANCE,GUN EMPLACEMENTS,GUN EMPLACEMENTS,48.4,-4.5,B26,,,81.0,72.0,,,72.0,VISUAL
31121,212036.0,1944-09-01,9,FRANCE,STRONG POINTS,TACTICAL TARGETS: (UNIDENTIFIED OR NOT LISTED BELOW),48.4,-4.5,B26,,,115.0,70.0,,,70.0,VISUAL
31124,212037.0,1944-09-01,9,FRANCE,STRONG POINTS,TACTICAL TARGETS: (UNIDENTIFIED OR NOT LISTED BELOW),48.4,-4.5,B26,,,105.0,70.0,,,70.0,VISUAL
31130,212038.0,1944-09-01,9,FRANCE,STRONG POINTS,TACTICAL TARGETS: (UNIDENTIFIED OR NOT LISTED BELOW),48.4,-4.5,B26,,,55.0,18.0,,,18.0,VISUAL
31127,212039.0,1944-09-01,9,FRANCE,GUN EMPLACEMENTS,GUN EMPLACEMENTS,48.4,-4.5,B26,,,81.0,72.0,,,72.0,VISUAL
32001,108929.0,1944-09-03,9,FRANCE,SHIPPING,SHIPS,48.4,-4.5,B26,,,103.0,60.0,,,60.0,VISUAL
31796,108930.0,1944-09-03,9,FRANCE,SHIPPING,SHIPS,48.4,-4.5,B26,,,108.0,58.0,,,58.0,VISUAL
32088,108931.0,1944-09-03,9,FRANCE,SHIPPING,SHIPS,48.4,-4.5,B26,,,43.0,71.0,,,71.0,VISUAL
32015,108932.0,1944-09-03,9,FRANCE,SHIPPING,SHIPS,48.4,-4.5,B26,,,92.0,48.0,,,48.0,VISUAL
31786,108933.0,1944-09-03,9,FRANCE,SHIPPING,SHIPS,48.4,-4.5,A20,,,116.0,24.0,,,24.0,VISUAL
31788,108934.0,1944-09-03,9,FRANCE,SHIPPING,SHIPS,48.4,-4.5,A20,,,110.0,12.0,,,12.0,VISUAL
32071,108942.0,1944-09-03,9,FRANCE,GUN EMPLACEMENTS,GUN EMPLACEMENTS,48.4,-4.5,A20,,,80.0,21.0,,,21.0,VISUAL
31789,108944.0,1944-09-03,9,FRANCE,GUN EMPLACEMENTS,GUN EMPLACEMENTS,48.4,-4.5,B17,4.0,13.0,110.0,37.0,,,37.0,VISUAL
32072,108945.0,1944-09-03,9,FRANCE,GUN EMPLACEMENTS,GUN EMPLACEMENTS,48.4,-4.5,B17,4.0,13.0,80.0,25.0,,,25.0,VISUAL
32076,108946.0,1944-09-03,9,FRANCE,GUN EMPLACEMENTS,GUN EMPLACEMENTS,48.4,-4.5,B17,4.0,4.0,79.0,8.0,,,8.0,VISUAL
32091,108947.0,1944-09-03,9,FRANCE,GUN EMPLACEMENTS,GUN EMPLACEMENTS,48.4,-4.5,B17,4.0,1.0,,2.0,,,2.0,NOT INDICATED
32092,108948.0,1944-09-03,9,FRANCE,GUN EMPLACEMENTS,GUN EMPLACEMENTS,48.4,-4.5,B17,4.0,1.0,,2.0,,,2.0,NOT INDICATED
32093,108949.0,1944-09-03,9,FRANCE,GUN EMPLACEMENTS,GUN EMPLACEMENTS,48.4,-4.5,B17,4.0,1.0,,2.0,,,2.0,NOT INDICATED
32029,108950.0,1944-09-03,9,FRANCE,GUN EMPLACEMENTS,GUN EMPLACEMENTS,48.4,-4.5,B17,4.0,10.0,90.0,,,38.0,38.0,VISUAL
32050,108951.0,1944-09-03,9,FRANCE,GUN EMPLACEMENTS,GUN EMPLACEMENTS,48.4,-4.5,B17,4.0,12.0,84.0,33.0,,,33.0,VISUAL
32047,108952.0,1944-09-03,9,FRANCE,GUN EMPLACEMENTS,GUN EMPLACEMENTS,48.4,-4.5,B17,4.0,13.0,85.0,39.0,,,39.0,VISUAL
32065,108953.0,1944-09-03,9,FRANCE,GUN EMPLACEMENTS,GUN EMPLACEMENTS,48.4,-4.5,B17,4.0,12.0,81.0,21.0,,,21.0,VISUAL
32085,108954.0,1944-09-03,9,FRANCE,GUN EMPLACEMENTS,GUN EMPLACEMENTS,48.4,-4.5,B17,4.0,13.0,73.0,25.0,,,25.0,VISUAL
32041,108955.0,1944-09-03,9,FRANCE,GUN EMPLACEMENTS,GUN EMPLACEMENTS,48.4,-4.5,B17,4.0,11.0,86.0,33.0,,,33.0,VISUAL
32030,108956.0,1944-09-03,9,FRANCE,GUN EMPLACEMENTS,GUN EMPLACEMENTS,48.4,-4.5,B17,4.0,12.0,90.0,36.0,,,36.0,VISUAL
32062,108957.0,1944-09-03,9,FRANCE,GUN EMPLACEMENTS,GUN EMPLACEMENTS,48.4,-4.5,B17,4.0,13.0,82.0,39.0,,,39.0,VISUAL
31791,108958.0,1944-09-03,9,FRANCE,GUN EMPLACEMENTS,GUN EMPLACEMENTS,48.4,-4.5,B17,4.0,13.0,110.0,25.0,,,25.0,VISUAL
32003,108959.0,1944-09-03,9,FRANCE,GUN EMPLACEMENTS,GUN EMPLACEMENTS,48.4,-4.5,B17,4.0,12.0,103.0,22.0,,,22.0,VISUAL
32009,108960.0,1944-09-03,9,FRANCE,GUN EMPLACEMENTS,GUN EMPLACEMENTS,48.4,-4.5,B17,4.0,13.0,93.0,39.0,,,39.0,VISUAL
32066,108961.0,1944-09-03,9,FRANCE,GUN EMPLACEMENTS,GUN EMPLACEMENTS,48.4,-4.5,B17,4.0,13.0,81.0,39.0,,,39.0,VISUAL
32006,108962.0,1944-09-03,9,FRANCE,GUN EMPLACEMENTS,GUN EMPLACEMENTS,48.4,-4.5,B17,4.0,12.0,97.0,36.0,,,36.0,VISUAL
31780,108963.0,1944-09-03,9,FRANCE,GUN EMPLACEMENTS,GUN EMPLACEMENTS,48.4,-4.5,B17,4.0,12.0,134.0,23.0,,,23.0,VISUAL
31783,108964.0,1944-09-03,9,FRANCE,GUN EMPLACEMENTS,GUN EMPLACEMENTS,48.4,-4.5,B17,4.0,13.0,123.0,25.0,,,25.0,VISUAL
32020,108965.0,1944-09-03,9,FRANCE,GUN EMPLACEMENTS,GUN EMPLACEMENTS,48.4,-4.5,B17,4.0,12.0,91.0,36.0,,,36.0,VISUAL
32051,108966.0,1944-09-03,9,FRANCE,GUN EMPLACEMENTS,GUN EMPLACEMENTS,48.4,-4.5,B17,4.0,13.0,84.0,25.0,,,25.0,VISUAL
32035,108967.0,1944-09-03,9,FRANCE,GUN EMPLACEMENTS,GUN EMPLACEMENTS,48.4,-4.5,B17,4.0,13.0,89.0,25.0,,,25.0,VISUAL
32077,108968.0,1944-09-03,9,FRANCE,GUN EMPLACEMENTS,GUN EMPLACEMENTS,48.4,-4.5,B17,4.0,9.0,79.0,17.0,,,17.0,VISUAL
32082,108969.0,1944-09-03,9,FRANCE,GUN EMPLACEMENTS,GUN EMPLACEMENTS,48.4,-4.5,B17,4.0,11.0,78.0,33.0,,,33.0,VISUAL
32036,108970.0,1944-09-03,9,FRANCE,GUN EMPLACEMENTS,GUN EMPLACEMENTS,48.4,-4.5,B17,4.0,12.0,89.0,36.0,,,36.0,VISUAL
32056,108971.0,1944-09-03,9,FRANCE,GUN EMPLACEMENTS,GUN EMPLACEMENTS,48.4,-4.5,B17,4.0,12.0,83.0,,,36.0,36.0,VISUAL
32010,108972.0,1944-09-03,9,FRANCE,GUN EMPLACEMENTS,GUN EMPLACEMENTS,48.4,-4.5,B17,4.0,13.0,93.0,,,46.0,46.0,VISUAL
31798,108973.0,1944-09-03,9,FRANCE,GUN EMPLACEMENTS,GUN EMPLACEMENTS,48.4,-4.5,B17,4.0,13.0,108.0,37.0,,,37.0,VISUAL
32057,108974.0,1944-09-03,9,FRANCE,GUN EMPLACEMENTS,GUN EMPLACEMENTS,48.4,-4.5,B17,4.0,13.0,83.0,39.0,,,39.0,VISUAL
32042,108975.0,1944-09-03,9,FRANCE,GUN EMPLACEMENTS,GUN EMPLACEMENTS,48.4,-4.5,B17,4.0,13.0,86.0,38.0,,,38.0,VISUAL
32021,108976.0,1944-09-03,9,FRANCE,GUN EMPLACEMENTS,GUN EMPLACEMENTS,48.4,-4.5,B17,4.0,13.0,91.0,39.0,,,39.0,VISUAL
32017,108977.0,1944-09-03,9,FRANCE,GUN EMPLACEMENTS,GUN EMPLACEMENTS,48.4,-4.5,B17,4.0,12.0,92.0,35.0,,,35.0,VISUAL
32022,108978.0,1944-09-03,9,FRANCE,GUN EMPLACEMENTS,GUN EMPLACEMENTS,48.4,-4.5,B17,4.0,14.0,91.0,39.0,,,39.0,VISUAL
32094,108979.0,1944-09-03,9,FRANCE,GUN EMPLACEMENTS,GUN EMPLACEMENTS,48.4,-4.5,B17,2.0,1.0,,,,4.0,4.0,NOT INDICATED
32002,212063.0,1944-09-03,9,FRANCE,SHIPPING,SHIPS,48.4,-4.5,B26,,,103.0,60.0,,,60.0,VISUAL
31797,212064.0,1944-09-03,9,FRANCE,SHIPPING,SHIPS,48.4,-4.5,B26,,,108.0,58.0,,,58.0,VISUAL
32089,212065.0,1944-09-03,9,FRANCE,SHIPPING,SHIPS,48.4,-4.5,B26,,,43.0,71.0,,,71.0,VISUAL
32016,212066.0,1944-09-03,9,FRANCE,SHIPPING,SHIPS,48.4,-4.5,B26,,,92.0,48.0,,,48.0,VISUAL
31787,212067.0,1944-09-03,9,FRANCE,SHIPPING,SHIPS,48.4,-4.5,A20,,,116.0,24.0,,,24.0,VISUAL
31790,212068.0,1944-09-03,9,FRANCE,SHIPPING,SHIPS,48.4,-4.5,A20,,,110.0,12.0,,,12.0,VISUAL
31792,212070.0,1944-09-03,9,FRANCE,GUN EMPLACEMENTS,GUN EMPLACEMENTS,48.4,-4.5,B17,4.0,13.0,110.0,37.0,,,37.0,VISUAL
32073,212071.0,1944-09-03,9,FRANCE,GUN EMPLACEMENTS,GUN EMPLACEMENTS,48.4,-4.5,B17,4.0,13.0,80.0,25.0,,,25.0,VISUAL
32078,212072.0,1944-09-03,9,FRANCE,GUN EMPLACEMENTS,GUN EMPLACEMENTS,48.4,-4.5,B17,4.0,4.0,79.0,8.0,,,8.0,VISUAL
32095,212073.0,1944-09-03,9,FRANCE,GUN EMPLACEMENTS,GUN EMPLACEMENTS,48.4,-4.5,B17,4.0,1.0,,2.0,,,2.0,NOT INDICATED
32096,212074.0,1944-09-03,9,FRANCE,GUN EMPLACEMENTS,GUN EMPLACEMENTS,48.4,-4.5,B17,4.0,1.0,,2.0,,,2.0,NOT INDICATED
32097,212075.0,1944-09-03,9,FRANCE,GUN EMPLACEMENTS,GUN EMPLACEMENTS,48.4,-4.5,B17,4.0,1.0,,2.0,,,2.0,NOT INDICATED
32031,212076.0,1944-09-03,9,FRANCE,GUN EMPLACEMENTS,GUN EMPLACEMENTS,48.4,-4.5,B17,4.0,10.0,90.0,,,38.0,38.0,VISUAL
32052,212077.0,1944-09-03,9,FRANCE,GUN EMPLACEMENTS,GUN EMPLACEMENTS,48.4,-4.5,B17,4.0,12.0,84.0,33.0,,,33.0,VISUAL
32048,212078.0,1944-09-03,9,FRANCE,GUN EMPLACEMENTS,GUN EMPLACEMENTS,48.4,-4.5,B17,4.0,13.0,85.0,39.0,,,39.0,VISUAL
32067,212079.0,1944-09-03,9,FRANCE,GUN EMPLACEMENTS,GUN EMPLACEMENTS,48.4,-4.5,B17,4.0,12.0,81.0,21.0,,,21.0,VISUAL
32086,212080.0,1944-09-03,9,FRANCE,GUN EMPLACEMENTS,GUN EMPLACEMENTS,48.4,-4.5,B17,4.0,13.0,73.0,25.0,,,25.0,VISUAL
32043,212081.0,1944-09-03,9,FRANCE,GUN EMPLACEMENTS,GUN EMPLACEMENTS,48.4,-4.5,B17,4.0,11.0,86.0,33.0,,,33.0,VISUAL
32032,212082.0,1944-09-03,9,FRANCE,GUN EMPLACEMENTS,GUN EMPLACEMENTS,48.4,-4.5,B17,4.0,12.0,90.0,36.0,,,36.0,VISUAL
32063,212083.0,1944-09-03,9,FRANCE,GUN EMPLACEMENTS,GUN EMPLACEMENTS,48.4,-4.5,B17,4.0,13.0,82.0,39.0,,,39.0,VISUAL
31793,212084.0,1944-09-03,9,FRANCE,GUN EMPLACEMENTS,GUN EMPLACEMENTS,48.4,-4.5,B17,4.0,13.0,110.0,25.0,,,25.0,VISUAL
32004,212085.0,1944-09-03,9,FRANCE,GUN EMPLACEMENTS,GUN EMPLACEMENTS,48.4,-4.5,B17,4.0,12.0,103.0,22.0,,,22.0,VISUAL
32011,212086.0,1944-09-03,9,FRANCE,GUN EMPLACEMENTS,GUN EMPLACEMENTS,48.4,-4.5,B17,4.0,13.0,93.0,39.0,,,39.0,VISUAL
32068,212087.0,1944-09-03,9,FRANCE,GUN EMPLACEMENTS,GUN EMPLACEMENTS,48.4,-4.5,B17,4.0,13.0,81.0,39.0,,,39.0,VISUAL
32007,212088.0,1944-09-03,9,FRANCE,GUN EMPLACEMENTS,GUN EMPLACEMENTS,48.4,-4.5,B17,4.0,12.0,97.0,36.0,,,36.0,VISUAL
31781,212089.0,1944-09-03,9,FRANCE,GUN EMPLACEMENTS,GUN EMPLACEMENTS,48.4,-4.5,B17,4.0,12.0,134.0,23.0,,,23.0,VISUAL
31784,212090.0,1944-09-03,9,FRANCE,GUN EMPLACEMENTS,GUN EMPLACEMENTS,48.4,-4.5,B17,4.0,13.0,123.0,25.0,,,25.0,VISUAL
32023,212091.0,1944-09-03,9,FRANCE,GUN EMPLACEMENTS,GUN EMPLACEMENTS,48.4,-4.5,B17,4.0,12.0,91.0,36.0,,,36.0,VISUAL
32053,212092.0,1944-09-03,9,FRANCE,GUN EMPLACEMENTS,GUN EMPLACEMENTS,48.4,-4.5,B17,4.0,13.0,84.0,25.0,,,25.0,VISUAL
32037,212093.0,1944-09-03,9,FRANCE,GUN EMPLACEMENTS,GUN EMPLACEMENTS,48.4,-4.5,B17,4.0,13.0,89.0,25.0,,,25.0,VISUAL
32079,212094.0,1944-09-03,9,FRANCE,GUN EMPLACEMENTS,GUN EMPLACEMENTS,48.4,-4.5,B17,4.0,9.0,79.0,17.0,,,17.0,VISUAL
32083,212095.0,1944-09-03,9,FRANCE,GUN EMPLACEMENTS,GUN EMPLACEMENTS,48.4,-4.5,B17,4.0,11.0,78.0,33.0,,,33.0,VISUAL
32038,212096.0,1944-09-03,9,FRANCE,GUN EMPLACEMENTS,GUN EMPLACEMENTS,48.4,-4.5,B17,4.0,12.0,89.0,36.0,,,36.0,VISUAL
32058,212097.0,1944-09-03,9,FRANCE,GUN EMPLACEMENTS,GUN EMPLACEMENTS,48.4,-4.5,B17,4.0,12.0,83.0,,,36.0,36.0,VISUAL
32012,212098.0,1944-09-03,9,FRANCE,GUN EMPLACEMENTS,GUN EMPLACEMENTS,48.4,-4.5,B17,4.0,13.0,93.0,,,46.0,46.0,VISUAL
31799,212099.0,1944-09-03,9,FRANCE,GUN EMPLACEMENTS,GUN EMPLACEMENTS,48.4,-4.5,B17,4.0,13.0,108.0,37.0,,,37.0,VISUAL
32059,212100.0,1944-09-03,9,FRANCE,GUN EMPLACEMENTS,GUN EMPLACEMENTS,48.4,-4.5,B17,4.0,13.0,83.0,39.0,,,39.0,VISUAL
32044,212101.0,1944-09-03,9,FRANCE,GUN EMPLACEMENTS,GUN EMPLACEMENTS,48.4,-4.5,B17,4.0,13.0,86.0,38.0,,,38.0,VISUAL
32024,212102.0,1944-09-03,9,FRANCE,GUN EMPLACEMENTS,GUN EMPLACEMENTS,48.4,-4.5,B17,4.0,13.0,91.0,39.0,,,39.0,VISUAL
32018,212103.0,1944-09-03,9,FRANCE,GUN EMPLACEMENTS,GUN EMPLACEMENTS,48.4,-4.5,B17,4.0,12.0,92.0,35.0,,,35.0,VISUAL
32025,212104.0,1944-09-03,9,FRANCE,GUN EMPLACEMENTS,GUN EMPLACEMENTS,48.4,-4.5,B17,4.0,14.0,91.0,39.0,,,39.0,VISUAL
32098,212105.0,1944-09-03,9,FRANCE,GUN EMPLACEMENTS,GUN EMPLACEMENTS,48.4,-4.5,B17,2.0,1.0,,,,4.0,4.0,NOT INDICATED
32090,212107.0,1944-09-03,9,FRANCE,GUN EMPLACEMENTS,GUN EMPLACEMENTS,48.4,-4.5,A20,,,8.0,21.0,,,21.0,VISUAL
32074,212109.0,1944-09-03,9,FRANCE,GUN EMPLACEMENTS,GUN EMPLACEMENTS,48.4,-4.5,A20,,,80.0,21.0,,,21.0,VISUAL
31794,212112.0,1944-09-03,9,FRANCE,GUN EMPLACEMENTS,GUN EMPLACEMENTS,48.4,-4.5,B17,4.0,13.0,110.0,37.0,,,37.0,VISUAL
32075,212113.0,1944-09-03,9,FRANCE,GUN EMPLACEMENTS,GUN EMPLACEMENTS,48.4,-4.5,B17,4.0,13.0,80.0,25.0,,,25.0,VISUAL
32080,212114.0,1944-09-03,9,FRANCE,GUN EMPLACEMENTS,GUN EMPLACEMENTS,48.4,-4.5,B17,4.0,4.0,79.0,8.0,,,8.0,VISUAL
32099,212115.0,1944-09-03,9,FRANCE,GUN EMPLACEMENTS,GUN EMPLACEMENTS,48.4,-4.5,B17,4.0,1.0,,2.0,,,2.0,NOT INDICATED
32100,212116.0,1944-09-03,9,FRANCE,GUN EMPLACEMENTS,GUN EMPLACEMENTS,48.4,-4.5,B17,4.0,1.0,,2.0,,,2.0,NOT INDICATED
32301,212117.0,1944-09-03,9,FRANCE,GUN EMPLACEMENTS,GUN EMPLACEMENTS,48.4,-4.5,B17,4.0,1.0,,2.0,,,2.0,NOT INDICATED
32033,212118.0,1944-09-03,9,FRANCE,GUN EMPLACEMENTS,GUN EMPLACEMENTS,48.4,-4.5,B17,4.0,10.0,90.0,,,38.0,38.0,VISUAL
32054,212119.0,1944-09-03,9,FRANCE,GUN EMPLACEMENTS,GUN EMPLACEMENTS,48.4,-4.5,B17,4.0,12.0,84.0,33.0,,,33.0,VISUAL
32049,212120.0,1944-09-03,9,FRANCE,GUN EMPLACEMENTS,GUN EMPLACEMENTS,48.4,-4.5,B17,4.0,13.0,85.0,39.0,,,39.0,VISUAL
32069,212121.0,1944-09-03,9,FRANCE,GUN EMPLACEMENTS,GUN EMPLACEMENTS,48.4,-4.5,B17,4.0,12.0,81.0,21.0,,,21.0,VISUAL
32087,212122.0,1944-09-03,9,FRANCE,GUN EMPLACEMENTS,GUN EMPLACEMENTS,48.4,-4.5,B17,4.0,13.0,73.0,25.0,,,25.0,VISUAL
32045,212123.0,1944-09-03,9,FRANCE,GUN EMPLACEMENTS,GUN EMPLACEMENTS,48.4,-4.5,B17,4.0,11.0,86.0,33.0,,,33.0,VISUAL
32034,212124.0,1944-09-03,9,FRANCE,GUN EMPLACEMENTS,GUN EMPLACEMENTS,48.4,-4.5,B17,4.0,12.0,90.0,36.0,,,36.0,VISUAL
32064,212125.0,1944-09-03,9,FRANCE,GUN EMPLACEMENTS,GUN EMPLACEMENTS,48.4,-4.5,B17,4.0,13.0,82.0,39.0,,,39.0,VISUAL
31795,212126.0,1944-09-03,9,FRANCE,GUN EMPLACEMENTS,GUN EMPLACEMENTS,48.4,-4.5,B17,4.0,13.0,110.0,25.0,,,25.0,VISUAL
32005,212127.0,1944-09-03,9,FRANCE,GUN EMPLACEMENTS,GUN EMPLACEMENTS,48.4,-4.5,B17,4.0,12.0,103.0,22.0,,,22.0,VISUAL
32013,212128.0,1944-09-03,9,FRANCE,GUN EMPLACEMENTS,GUN EMPLACEMENTS,48.4,-4.5,B17,4.0,13.0,93.0,39.0,,,39.0,VISUAL
32070,212129.0,1944-09-03,9,FRANCE,GUN EMPLACEMENTS,GUN EMPLACEMENTS,48.4,-4.5,B17,4.0,13.0,81.0,39.0,,,39.0,VISUAL
32008,212130.0,1944-09-03,9,FRANCE,GUN EMPLACEMENTS,GUN EMPLACEMENTS,48.4,-4.5,B17,4.0,12.0,97.0,36.0,,,36.0,VISUAL
31782,212131.0,1944-09-03,9,FRANCE,GUN EMPLACEMENTS,GUN EMPLACEMENTS,48.4,-4.5,B17,4.0,12.0,134.0,23.0,,,23.0,VISUAL
31785,212132.0,1944-09-03,9,FRANCE,GUN EMPLACEMENTS,GUN EMPLACEMENTS,48.4,-4.5,B17,4.0,13.0,123.0,25.0,,,25.0,VISUAL
32026,212133.0,1944-09-03,9,FRANCE,GUN EMPLACEMENTS,GUN EMPLACEMENTS,48.4,-4.5,B17,4.0,12.0,91.0,36.0,,,36.0,VISUAL
32055,212134.0,1944-09-03,9,FRANCE,GUN EMPLACEMENTS,GUN EMPLACEMENTS,48.4,-4.5,B17,4.0,13.0,84.0,25.0,,,25.0,VISUAL
32039,212135.0,1944-09-03,9,FRANCE,GUN EMPLACEMENTS,GUN EMPLACEMENTS,48.4,-4.5,B17,4.0,13.0,89.0,25.0,,,25.0,VISUAL
32081,212136.0,1944-09-03,9,FRANCE,GUN EMPLACEMENTS,GUN EMPLACEMENTS,48.4,-4.5,B17,4.0,9.0,79.0,17.0,,,17.0,VISUAL
32084,212137.0,1944-09-03,9,FRANCE,GUN EMPLACEMENTS,GUN EMPLACEMENTS,48.4,-4.5,B17,4.0,11.0,78.0,33.0,,,33.0,VISUAL
32040,212138.0,1944-09-03,9,FRANCE,GUN EMPLACEMENTS,GUN EMPLACEMENTS,48.4,-4.5,B17,4.0,12.0,89.0,36.0,,,36.0,VISUAL
32060,212139.0,1944-09-03,9,FRANCE,GUN EMPLACEMENTS,GUN EMPLACEMENTS,48.4,-4.5,B17,4.0,12.0,83.0,,,36.0,36.0,VISUAL
32014,212140.0,1944-09-03,9,FRANCE,GUN EMPLACEMENTS,GUN EMPLACEMENTS,48.4,-4.5,B17,4.0,13.0,93.0,,,46.0,46.0,VISUAL
31800,212141.0,1944-09-03,9,FRANCE,GUN EMPLACEMENTS,GUN EMPLACEMENTS,48.4,-4.5,B17,4.0,13.0,108.0,37.0,,,37.0,VISUAL
32061,212142.0,1944-09-03,9,FRANCE,GUN EMPLACEMENTS,GUN EMPLACEMENTS,48.4,-4.5,B17,4.0,13.0,83.0,39.0,,,39.0,VISUAL
32046,212143.0,1944-09-03,9,FRANCE,GUN EMPLACEMENTS,GUN EMPLACEMENTS,48.4,-4.5,B17,4.0,13.0,86.0,38.0,,,38.0,VISUAL
32027,212144.0,1944-09-03,9,FRANCE,GUN EMPLACEMENTS,GUN EMPLACEMENTS,48.4,-4.5,B17,4.0,13.0,91.0,39.0,,,39.0,VISUAL
32019,212145.0,1944-09-03,9,FRANCE,GUN EMPLACEMENTS,GUN EMPLACEMENTS,48.4,-4.5,B17,4.0,12.0,92.0,35.0,,,35.0,VISUAL
32028,212146.0,1944-09-03,9,FRANCE,GUN EMPLACEMENTS,GUN EMPLACEMENTS,48.4,-4.5,B17,4.0,14.0,91.0,39.0,,,39.0,VISUAL
32302,212147.0,1944-09-03,9,FRANCE,GUN EMPLACEMENTS,GUN EMPLACEMENTS,48.4,-4.5,B17,2.0,1.0,,,,4.0,4.0,NOT INDICATED
33184,109033.0,1944-09-05,9,FRANCE,UNIDENTIFIED TARGET,UNIDENTIFIED TARGETS,48.4,-4.5,B26,,,55.0,44.0,,,44.0,VISUAL
33178,109034.0,1944-09-05,9,FRANCE,UNIDENTIFIED TARGET,UNIDENTIFIED TARGETS,48.4,-4.5,B26,,,92.0,57.0,,,57.0,VISUAL
33180,109035.0,1944-09-05,9,FRANCE,UNIDENTIFIED TARGET,UNIDENTIFIED TARGETS,48.4,-4.5,B26,,,90.0,61.0,,,61.0,VISUAL
33156,109036.0,1944-09-05,9,FRANCE,UNIDENTIFIED TARGET,UNIDENTIFIED TARGETS,48.4,-4.5,A20,,,117.0,36.0,,,36.0,VISUAL
33182,109051.0,1944-09-05,9,FRANCE,UNIDENTIFIED TARGET,UNIDENTIFIED TARGETS,48.4,-4.5,B26,,,56.0,63.0,,,63.0,VISUAL
33167,109052.0,1944-09-05,9,FRANCE,STRONG POINTS,TACTICAL TARGETS: (UNIDENTIFIED OR NOT LISTED BELOW),48.4,-4.5,A20,,,110.0,26.0,,,26.0,VISUAL
33175,109053.0,1944-09-05,9,FRANCE,GUN EMPLACEMENTS,GUN EMPLACEMENTS,48.4,-4.5,A20,,,108.0,34.0,,,34.0,VISUAL
33150,109054.0,1944-09-05,9,FRANCE,GUN EMPLACEMENTS,GUN EMPLACEMENTS,48.4,-4.5,B17,4.0,12.0,120.0,,,50.0,50.0,VISUAL
33169,109055.0,1944-09-05,9,FRANCE,GUN EMPLACEMENTS,GUN EMPLACEMENTS,48.4,-4.5,B17,4.0,13.0,110.0,,,46.0,46.0,VISUAL
33187,109056.0,1944-09-05,9,FRANCE,GUN EMPLACEMENTS,GUN EMPLACEMENTS,48.4,-4.5,B17,4.0,1.0,,,,1.0,1.0,NOT INDICATED
33144,109057.0,1944-09-05,9,FRANCE,GUN EMPLACEMENTS,GUN EMPLACEMENTS,48.4,-4.5,B17,4.0,13.0,121.0,24.0,,,24.0,VISUAL
33170,109058.0,1944-09-05,9,FRANCE,GUN EMPLACEMENTS,GUN EMPLACEMENTS,48.4,-4.5,B17,4.0,13.0,110.0,25.0,,,25.0,VISUAL
33151,109059.0,1944-09-05,9,FRANCE,GUN EMPLACEMENTS,GUN EMPLACEMENTS,48.4,-4.5,B17,4.0,13.0,120.0,,,49.0,49.0,VISUAL
33161,109060.0,1944-09-05,9,FRANCE,GUN EMPLACEMENTS,GUN EMPLACEMENTS,48.4,-4.5,B17,4.0,13.0,114.0,,,47.0,47.0,VISUAL
33141,109061.0,1944-09-05,9,FRANCE,GUN EMPLACEMENTS,GUN EMPLACEMENTS,48.4,-4.5,B17,4.0,13.0,122.0,45.0,,,45.0,VISUAL
33138,109062.0,1944-09-05,9,FRANCE,GUN EMPLACEMENTS,GUN EMPLACEMENTS,48.4,-4.5,B17,4.0,13.0,126.0,45.0,,,45.0,VISUAL
33158,109063.0,1944-09-05,9,FRANCE,GUN EMPLACEMENTS,GUN EMPLACEMENTS,48.4,-4.5,B17,4.0,13.0,116.0,45.0,,,45.0,VISUAL
33145,109064.0,1944-09-05,9,FRANCE,GUN EMPLACEMENTS,GUN EMPLACEMENTS,48.4,-4.5,B17,4.0,13.0,121.0,,,40.0,40.0,VISUAL
33164,109065.0,1944-09-05,9,FRANCE,GUN EMPLACEMENTS,GUN EMPLACEMENTS,48.4,-4.5,B17,4.0,13.0,112.0,,,32.0,32.0,VISUAL
33185,172530.0,1944-09-05,9,FRANCE,UNIDENTIFIED TARGET,UNIDENTIFIED TARGETS,48.4,-4.5,B26,,,55.0,44.0,,,44.0,VISUAL
33183,172531.0,1944-09-05,9,FRANCE,UNIDENTIFIED TARGET,UNIDENTIFIED TARGETS,48.4,-4.5,B26,,,56.0,63.0,,,63.0,VISUAL
33179,172532.0,1944-09-05,9,FRANCE,UNIDENTIFIED TARGET,UNIDENTIFIED TARGETS,48.4,-4.5,B26,,,92.0,57.0,,,57.0,VISUAL
33181,172533.0,1944-09-05,9,FRANCE,UNIDENTIFIED TARGET,UNIDENTIFIED TARGETS,48.4,-4.5,B26,,,90.0,61.0,,,61.0,VISUAL
33157,172534.0,1944-09-05,9,FRANCE,UNIDENTIFIED TARGET,UNIDENTIFIED TARGETS,48.4,-4.5,A20,,,117.0,36.0,,,36.0,VISUAL
33152,212220.0,1944-09-05,9,FRANCE,GUN EMPLACEMENTS,GUN EMPLACEMENTS,48.4,-4.5,B17,4.0,12.0,120.0,,,50.0,50.0,VISUAL
33171,212221.0,1944-09-05,9,FRANCE,GUN EMPLACEMENTS,GUN EMPLACEMENTS,48.4,-4.5,B17,4.0,13.0,110.0,,,46.0,46.0,VISUAL
33191,212222.0,1944-09-05,9,FRANCE,GUN EMPLACEMENTS,GUN EMPLACEMENTS,48.4,-4.5,B17,4.0,1.0,,,,1.0,1.0,NOT INDICATED
33146,212223.0,1944-09-05,9,FRANCE,GUN EMPLACEMENTS,GUN EMPLACEMENTS,48.4,-4.5,B17,4.0,13.0,121.0,24.0,,,24.0,VISUAL
33172,212224.0,1944-09-05,9,FRANCE,GUN EMPLACEMENTS,GUN EMPLACEMENTS,48.4,-4.5,B17,4.0,13.0,110.0,25.0,,,25.0,VISUAL
33153,212225.0,1944-09-05,9,FRANCE,GUN EMPLACEMENTS,GUN EMPLACEMENTS,48.4,-4.5,B17,4.0,13.0,120.0,,,49.0,49.0,VISUAL
33162,212226.0,1944-09-05,9,FRANCE,GUN EMPLACEMENTS,GUN EMPLACEMENTS,48.4,-4.5,B17,4.0,13.0,114.0,,,47.0,47.0,VISUAL
33142,212227.0,1944-09-05,9,FRANCE,GUN EMPLACEMENTS,GUN EMPLACEMENTS,48.4,-4.5,B17,4.0,13.0,122.0,45.0,,,45.0,VISUAL
33139,212228.0,1944-09-05,9,FRANCE,GUN EMPLACEMENTS,GUN EMPLACEMENTS,48.4,-4.5,B17,4.0,13.0,126.0,45.0,,,45.0,VISUAL
33159,212229.0,1944-09-05,9,FRANCE,GUN EMPLACEMENTS,GUN EMPLACEMENTS,48.4,-4.5,B17,4.0,13.0,116.0,45.0,,,45.0,VISUAL
33147,212230.0,1944-09-05,9,FRANCE,GUN EMPLACEMENTS,GUN EMPLACEMENTS,48.4,-4.5,B17,4.0,13.0,121.0,,,40.0,40.0,VISUAL
33165,212231.0,1944-09-05,9,FRANCE,GUN EMPLACEMENTS,GUN EMPLACEMENTS,48.4,-4.5,B17,4.0,13.0,112.0,,,32.0,32.0,VISUAL
33186,212232.0,1944-09-05,9,FRANCE,STRONG POINTS,TACTICAL TARGETS: (UNIDENTIFIED OR NOT LISTED BELOW),48.4,-4.5,A20,,,11.0,26.0,,,26.0,VISUAL
33176,212233.0,1944-09-05,9,FRANCE,GUN EMPLACEMENTS,GUN EMPLACEMENTS,48.4,-4.5,A20,,,108.0,34.0,,,34.0,VISUAL
33168,212235.0,1944-09-05,9,FRANCE,STRONG POINTS,TACTICAL TARGETS: (UNIDENTIFIED OR NOT LISTED BELOW),48.4,-4.5,A20,,,110.0,26.0,,,26.0,VISUAL
33177,212236.0,1944-09-05,9,FRANCE,GUN EMPLACEMENTS,GUN EMPLACEMENTS,48.4,-4.5,A20,,,108.0,34.0,,,34.0,VISUAL
33154,212238.0,1944-09-05,9,FRANCE,GUN EMPLACEMENTS,GUN EMPLACEMENTS,48.4,-4.5,B17,4.0,12.0,120.0,,,50.0,50.0,VISUAL
33173,212239.0,1944-09-05,9,FRANCE,GUN EMPLACEMENTS,GUN EMPLACEMENTS,48.4,-4.5,B17,4.0,13.0,110.0,,,46.0,46.0,VISUAL
33192,212240.0,1944-09-05,9,FRANCE,GUN EMPLACEMENTS,GUN EMPLACEMENTS,48.4,-4.5,B17,4.0,1.0,,,,1.0,1.0,NOT INDICATED
33148,212241.0,1944-09-05,9,FRANCE,GUN EMPLACEMENTS,GUN EMPLACEMENTS,48.4,-4.5,B17,4.0,13.0,121.0,24.0,,,24.0,VISUAL
33174,212242.0,1944-09-05,9,FRANCE,GUN EMPLACEMENTS,GUN EMPLACEMENTS,48.4,-4.5,B17,4.0,13.0,110.0,25.0,,,25.0,VISUAL
33155,212243.0,1944-09-05,9,FRANCE,GUN EMPLACEMENTS,GUN EMPLACEMENTS,48.4,-4.5,B17,4.0,13.0,120.0,,,49.0,49.0,VISUAL
33163,212244.0,1944-09-05,9,FRANCE,GUN EMPLACEMENTS,GUN EMPLACEMENTS,48.4,-4.5,B17,4.0,13.0,114.0,,,47.0,47.0,VISUAL
33143,212245.0,1944-09-05,9,FRANCE,GUN EMPLACEMENTS,GUN EMPLACEMENTS,48.4,-4.5,B17,4.0,13.0,122.0,45.0,,,45.0,VISUAL
33140,212246.0,1944-09-05,9,FRANCE,GUN EMPLACEMENTS,GUN EMPLACEMENTS,48.4,-4.5,B17,4.0,13.0,126.0,45.0,,,45.0,VISUAL
33160,212247.0,1944-09-05,9,FRANCE,GUN EMPLACEMENTS,GUN EMPLACEMENTS,48.4,-4.5,B17,4.0,13.0,116.0,45.0,,,45.0,VISUAL
33149,212248.0,1944-09-05,9,FRANCE,GUN EMPLACEMENTS,GUN EMPLACEMENTS,48.4,-4.5,B17,4.0,13.0,121.0,,,40.0,40.0,VISUAL
33166,212249.0,1944-09-05,9,FRANCE,GUN EMPLACEMENTS,GUN EMPLACEMENTS,48.4,-4.5,B17,4.0,13.0,112.0,,,32.0,32.0,VISUAL
34067,109088.0,1944-09-06,9,FRANCE,STRONG POINTS,TACTICAL TARGETS: (UNIDENTIFIED OR NOT LISTED BELOW),48.4,-4.5,B26,,,110.0,71.0,,,71.0,VISUAL
34309,109089.0,1944-09-06,9,FRANCE,STRONG POINTS,TACTICAL TARGETS: (UNIDENTIFIED OR NOT LISTED BELOW),48.4,-4.5,B26,,,25.0,72.0,,,72.0,VISUAL
34324,109090.0,1944-09-06,9,FRANCE,STRONG POINTS,TACTICAL TARGETS: (UNIDENTIFIED OR NOT LISTED BELOW),48.4,-4.5,B26,,,,2.0,,,2.0,NOT INDICATED
34099,109091.0,1944-09-06,9,FRANCE,STRONG POINTS,TACTICAL TARGETS: (UNIDENTIFIED OR NOT LISTED BELOW),48.4,-4.5,B26,,,40.0,10.0,,,10.0,VISUAL
34081,109092.0,1944-09-06,9,FRANCE,STRONG POINTS,TACTICAL TARGETS: (UNIDENTIFIED OR NOT LISTED BELOW),48.4,-4.5,B26,,,87.0,71.0,,,71.0,VISUAL
34301,109093.0,1944-09-06,9,FRANCE,STRONG POINTS,TACTICAL TARGETS: (UNIDENTIFIED OR NOT LISTED BELOW),48.4,-4.5,B26,,,37.0,26.0,,,26.0,NOT INDICATED
34076,109094.0,1944-09-06,9,FRANCE,STRONG POINTS,TACTICAL TARGETS: (UNIDENTIFIED OR NOT LISTED BELOW),48.4,-4.5,B26,,,90.0,45.0,,,45.0,VISUAL
34325,109095.0,1944-09-06,9,FRANCE,STRONG POINTS,TACTICAL TARGETS: (UNIDENTIFIED OR NOT LISTED BELOW),48.4,-4.5,B26,,,,19.0,,,19.0,VISUAL
34084,109096.0,1944-09-06,9,FRANCE,STRONG POINTS,TACTICAL TARGETS: (UNIDENTIFIED OR NOT LISTED BELOW),48.4,-4.5,B26,,,80.0,2.0,,,2.0,VISUAL
34304,109097.0,1944-09-06,9,FRANCE,STRONG POINTS,TACTICAL TARGETS: (UNIDENTIFIED OR NOT LISTED BELOW),48.4,-4.5,B26,,,30.0,69.0,,,69.0,VISUAL
34091,109098.0,1944-09-06,9,FRANCE,STRONG POINTS,TACTICAL TARGETS: (UNIDENTIFIED OR NOT LISTED BELOW),48.4,-4.5,B26,,,60.0,40.0,,,40.0,VISUAL
34326,109099.0,1944-09-06,9,FRANCE,STRONG POINTS,TACTICAL TARGETS: (UNIDENTIFIED OR NOT LISTED BELOW),48.4,-4.5,B26,,,,14.0,,,14.0,NOT INDICATED
34078,109100.0,1944-09-06,9,FRANCE,STRONG POINTS,TACTICAL TARGETS: (UNIDENTIFIED OR NOT LISTED BELOW),48.4,-4.5,B26,,,88.0,71.0,,,71.0,VISUAL
34095,109101.0,1944-09-06,9,FRANCE,STRONG POINTS,TACTICAL TARGETS: (UNIDENTIFIED OR NOT LISTED BELOW),48.4,-4.5,B26,,,50.0,16.0,,,16.0,VISUAL
34069,109102.0,1944-09-06,9,FRANCE,STRONG POINTS,TACTICAL TARGETS: (UNIDENTIFIED OR NOT LISTED BELOW),48.4,-4.5,B26,,,105.0,64.0,,,64.0,VISUAL
34072,109103.0,1944-09-06,9,FRANCE,STRONG POINTS,TACTICAL TARGETS: (UNIDENTIFIED OR NOT LISTED BELOW),48.4,-4.5,A20,,,100.0,50.0,,,50.0,VISUAL
34096,109104.0,1944-09-06,9,FRANCE,STRONG POINTS,TACTICAL TARGETS: (UNIDENTIFIED OR NOT LISTED BELOW),48.4,-4.5,A20,,,50.0,35.0,,,35.0,VISUAL
34089,109105.0,1944-09-06,9,FRANCE,STRONG POINTS,TACTICAL TARGETS: (UNIDENTIFIED OR NOT LISTED BELOW),48.4,-4.5,A20,,,70.0,51.0,,,51.0,VISUAL
34073,109106.0,1944-09-06,9,FRANCE,STRONG POINTS,TACTICAL TARGETS: (UNIDENTIFIED OR NOT LISTED BELOW),48.4,-4.5,A20,,,100.0,52.0,,,52.0,VISUAL
34306,109107.0,1944-09-06,9,FRANCE,STRONG POINTS,TACTICAL TARGETS: (UNIDENTIFIED OR NOT LISTED BELOW),48.4,-4.5,A20,,,26.0,25.0,,,25.0,VISUAL
34086,109108.0,1944-09-06,9,FRANCE,STRONG POINTS,TACTICAL TARGETS: (UNIDENTIFIED OR NOT LISTED BELOW),48.4,-4.5,B26,,,71.0,68.0,,,68.0,VISUAL
34092,109109.0,1944-09-06,9,FRANCE,GUN EMPLACEMENTS,GUN EMPLACEMENTS,48.4,-4.5,B26,,,60.0,74.0,,,74.0,VISUAL
34064,109110.0,1944-09-06,9,FRANCE,GUN EMPLACEMENTS,GUN EMPLACEMENTS,48.4,-4.5,B26,,,115.0,57.0,,,57.0,VISUAL
34312,212275.0,1944-09-06,9,FRANCE,STRONG POINTS,TACTICAL TARGETS: (UNIDENTIFIED OR NOT LISTED BELOW),48.4,-4.5,B26,,,11.0,71.0,,,71.0,VISUAL
34310,212276.0,1944-09-06,9,FRANCE,STRONG POINTS,TACTICAL TARGETS: (UNIDENTIFIED OR NOT LISTED BELOW),48.4,-4.5,B26,,,25.0,72.0,,,72.0,VISUAL
34327,212277.0,1944-09-06,9,FRANCE,STRONG POINTS,TACTICAL TARGETS: (UNIDENTIFIED OR NOT LISTED BELOW),48.4,-4.5,B26,,,,2.0,,,2.0,NOT INDICATED
34322,212278.0,1944-09-06,9,FRANCE,STRONG POINTS,TACTICAL TARGETS: (UNIDENTIFIED OR NOT LISTED BELOW),48.4,-4.5,B26,,,4.0,10.0,,,10.0,VISUAL
34082,212279.0,1944-09-06,9,FRANCE,STRONG POINTS,TACTICAL TARGETS: (UNIDENTIFIED OR NOT LISTED BELOW),48.4,-4.5,B26,,,87.0,71.0,,,71.0,VISUAL
34302,212280.0,1944-09-06,9,FRANCE,STRONG POINTS,TACTICAL TARGETS: (UNIDENTIFIED OR NOT LISTED BELOW),48.4,-4.5,B26,,,37.0,26.0,,,26.0,NOT INDICATED
34315,212281.0,1944-09-06,9,FRANCE,STRONG POINTS,TACTICAL TARGETS: (UNIDENTIFIED OR NOT LISTED BELOW),48.4,-4.5,B26,,,9.0,45.0,,,45.0,VISUAL
34328,212282.0,1944-09-06,9,FRANCE,STRONG POINTS,TACTICAL TARGETS: (UNIDENTIFIED OR NOT LISTED BELOW),48.4,-4.5,B26,,,,19.0,,,19.0,VISUAL
34316,212283.0,1944-09-06,9,FRANCE,STRONG POINTS,TACTICAL TARGETS: (UNIDENTIFIED OR NOT LISTED BELOW),48.4,-4.5,B26,,,8.0,2.0,,,2.0,VISUAL
34323,212284.0,1944-09-06,9,FRANCE,STRONG POINTS,TACTICAL TARGETS: (UNIDENTIFIED OR NOT LISTED BELOW),48.4,-4.5,B26,,,3.0,69.0,,,69.0,VISUAL
34318,212285.0,1944-09-06,9,FRANCE,STRONG POINTS,TACTICAL TARGETS: (UNIDENTIFIED OR NOT LISTED BELOW),48.4,-4.5,B26,,,6.0,40.0,,,40.0,VISUAL
34329,212286.0,1944-09-06,9,FRANCE,STRONG POINTS,TACTICAL TARGETS: (UNIDENTIFIED OR NOT LISTED BELOW),48.4,-4.5,B26,,,,14.0,,,14.0,NOT INDICATED
34079,212287.0,1944-09-06,9,FRANCE,STRONG POINTS,TACTICAL TARGETS: (UNIDENTIFIED OR NOT LISTED BELOW),48.4,-4.5,B26,,,88.0,71.0,,,71.0,VISUAL
34320,212288.0,1944-09-06,9,FRANCE,STRONG POINTS,TACTICAL TARGETS: (UNIDENTIFIED OR NOT LISTED BELOW),48.4,-4.5,B26,,,5.0,16.0,,,16.0,VISUAL
34070,212289.0,1944-09-06,9,FRANCE,STRONG POINTS,TACTICAL TARGETS: (UNIDENTIFIED OR NOT LISTED BELOW),48.4,-4.5,B26,,,105.0,64.0,,,64.0,VISUAL
34313,212290.0,1944-09-06,9,FRANCE,STRONG POINTS,TACTICAL TARGETS: (UNIDENTIFIED OR NOT LISTED BELOW),48.4,-4.5,A20,,,10.0,50.0,,,50.0,VISUAL
34321,212291.0,1944-09-06,9,FRANCE,STRONG POINTS,TACTICAL TARGETS: (UNIDENTIFIED OR NOT LISTED BELOW),48.4,-4.5,A20,,,5.0,35.0,,,35.0,VISUAL
34317,212292.0,1944-09-06,9,FRANCE,STRONG POINTS,TACTICAL TARGETS: (UNIDENTIFIED OR NOT LISTED BELOW),48.4,-4.5,A20,,,7.0,51.0,,,51.0,VISUAL
34314,212293.0,1944-09-06,9,FRANCE,STRONG POINTS,TACTICAL TARGETS: (UNIDENTIFIED OR NOT LISTED BELOW),48.4,-4.5,A20,,,10.0,52.0,,,52.0,VISUAL
34307,212294.0,1944-09-06,9,FRANCE,STRONG POINTS,TACTICAL TARGETS: (UNIDENTIFIED OR NOT LISTED BELOW),48.4,-4.5,A20,,,26.0,25.0,,,25.0,VISUAL
34087,212295.0,1944-09-06,9,FRANCE,STRONG POINTS,TACTICAL TARGETS: (UNIDENTIFIED OR NOT LISTED BELOW),48.4,-4.5,B26,,,71.0,68.0,,,68.0,VISUAL
34319,212296.0,1944-09-06,9,FRANCE,GUN EMPLACEMENTS,GUN EMPLACEMENTS,48.4,-4.5,B26,,,6.0,74.0,,,74.0,VISUAL
34065,212297.0,1944-09-06,9,FRANCE,GUN EMPLACEMENTS,GUN EMPLACEMENTS,48.4,-4.5,B26,,,115.0,57.0,,,57.0,VISUAL
34068,212298.0,1944-09-06,9,FRANCE,STRONG POINTS,TACTICAL TARGETS: (UNIDENTIFIED OR NOT LISTED BELOW),48.4,-4.5,B26,,,110.0,71.0,,,71.0,VISUAL
34311,212299.0,1944-09-06,9,FRANCE,STRONG POINTS,TACTICAL TARGETS: (UNIDENTIFIED OR NOT LISTED BELOW),48.4,-4.5,B26,,,25.0,72.0,,,72.0,VISUAL
34330,212300.0,1944-09-06,9,FRANCE,STRONG POINTS,TACTICAL TARGETS: (UNIDENTIFIED OR NOT LISTED BELOW),48.4,-4.5,B26,,,,2.0,,,2.0,NOT INDICATED
34100,212301.0,1944-09-06,9,FRANCE,STRONG POINTS,TACTICAL TARGETS: (UNIDENTIFIED OR NOT LISTED BELOW),48.4,-4.5,B26,,,40.0,10.0,,,10.0,VISUAL
34083,212302.0,1944-09-06,9,FRANCE,STRONG POINTS,TACTICAL TARGETS: (UNIDENTIFIED OR NOT LISTED BELOW),48.4,-4.5,B26,,,87.0,71.0,,,71.0,VISUAL
34303,212303.0,1944-09-06,9,FRANCE,STRONG POINTS,TACTICAL TARGETS: (UNIDENTIFIED OR NOT LISTED BELOW),48.4,-4.5,B26,,,37.0,26.0,,,26.0,NOT INDICATED
34077,212304.0,1944-09-06,9,FRANCE,STRONG POINTS,TACTICAL TARGETS: (UNIDENTIFIED OR NOT LISTED BELOW),48.4,-4.5,B26,,,90.0,45.0,,,45.0,VISUAL
34331,212305.0,1944-09-06,9,FRANCE,STRONG POINTS,TACTICAL TARGETS: (UNIDENTIFIED OR NOT LISTED BELOW),48.4,-4.5,B26,,,,19.0,,,19.0,VISUAL
34085,212306.0,1944-09-06,9,FRANCE,STRONG POINTS,TACTICAL TARGETS: (UNIDENTIFIED OR NOT LISTED BELOW),48.4,-4.5,B26,,,80.0,2.0,,,2.0,VISUAL
34305,212307.0,1944-09-06,9,FRANCE,STRONG POINTS,TACTICAL TARGETS: (UNIDENTIFIED OR NOT LISTED BELOW),48.4,-4.5,B26,,,30.0,69.0,,,69.0,VISUAL
34093,212308.0,1944-09-06,9,FRANCE,STRONG POINTS,TACTICAL TARGETS: (UNIDENTIFIED OR NOT LISTED BELOW),48.4,-4.5,B26,,,60.0,40.0,,,40.0,VISUAL
34332,212309.0,1944-09-06,9,FRANCE,STRONG POINTS,TACTICAL TARGETS: (UNIDENTIFIED OR NOT LISTED BELOW),48.4,-4.5,B26,,,,14.0,,,14.0,NOT INDICATED
34080,212310.0,1944-09-06,9,FRANCE,STRONG POINTS,TACTICAL TARGETS: (UNIDENTIFIED OR NOT LISTED BELOW),48.4,-4.5,B26,,,88.0,71.0,,,71.0,VISUAL
34097,212311.0,1944-09-06,9,FRANCE,STRONG POINTS,TACTICAL TARGETS: (UNIDENTIFIED OR NOT LISTED BELOW),48.4,-4.5,B26,,,50.0,16.0,,,16.0,VISUAL
34071,212312.0,1944-09-06,9,FRANCE,STRONG POINTS,TACTICAL TARGETS: (UNIDENTIFIED OR NOT LISTED BELOW),48.4,-4.5,B26,,,105.0,64.0,,,64.0,VISUAL
34074,212313.0,1944-09-06,9,FRANCE,STRONG POINTS,TACTICAL TARGETS: (UNIDENTIFIED OR NOT LISTED BELOW),48.4,-4.5,A20,,,100.0,50.0,,,50.0,VISUAL
34098,212314.0,1944-09-06,9,FRANCE,STRONG POINTS,TACTICAL TARGETS: (UNIDENTIFIED OR NOT LISTED BELOW),48.4,-4.5,A20,,,50.0,35.0,,,35.0,VISUAL
34090,212315.0,1944-09-06,9,FRANCE,STRONG POINTS,TACTICAL TARGETS: (UNIDENTIFIED OR NOT LISTED BELOW),48.4,-4.5,A20,,,70.0,51.0,,,51.0,VISUAL
34075,212316.0,1944-09-06,9,FRANCE,STRONG POINTS,TACTICAL TARGETS: (UNIDENTIFIED OR NOT LISTED BELOW),48.4,-4.5,A20,,,100.0,52.0,,,52.0,VISUAL
34308,212317.0,1944-09-06,9,FRANCE,STRONG POINTS,TACTICAL TARGETS: (UNIDENTIFIED OR NOT LISTED BELOW),48.4,-4.5,A20,,,26.0,25.0,,,25.0,VISUAL
34088,212318.0,1944-09-06,9,FRANCE,STRONG POINTS,TACTICAL TARGETS: (UNIDENTIFIED OR NOT LISTED BELOW),48.4,-4.5,B26,,,71.0,68.0,,,68.0,VISUAL
34094,212319.0,1944-09-06,9,FRANCE,GUN EMPLACEMENTS,GUN EMPLACEMENTS,48.4,-4.5,B26,,,60.0,74.0,,,74.0,VISUAL
34066,212320.0,1944-09-06,9,FRANCE,GUN EMPLACEMENTS,GUN EMPLACEMENTS,48.4,-4.5,B26,,,115.0,57.0,,,57.0,VISUAL
35831,172775.0,1944-09-09,9,GERMANY,RR,"""RR INSTALLATIONS,  TRACKS,  MARSHALLING YARDS,  AND STATIONS""",50.4,10.02,B24,4.0,5.0,240.0,,13.0,,13.0,F.F.F.
35832,172776.0,1944-09-09,9,GERMANY,RR,"""RR INSTALLATIONS,  TRACKS,  MARSHALLING YARDS,  AND STATIONS""",50.4,10.02,B24,4.0,38.0,240.0,,44.0,44.0,88.0,F.F.F.
35839,172777.0,1944-09-09,9,GERMANY,RR,"""RR INSTALLATIONS,  TRACKS,  MARSHALLING YARDS,  AND STATIONS""",50.4,10.02,B24,4.0,16.0,227.0,40.0,,,40.0,F.F.F.
35841,172778.0,1944-09-09,9,GERMANY,RR,"""RR INSTALLATIONS,  TRACKS,  MARSHALLING YARDS,  AND STATIONS""",50.4,10.02,B24,4.0,2.0,,2.0,,,2.0,NOT INDICATED
35835,172779.0,1944-09-09,9,GERMANY,RR,"""RR INSTALLATIONS,  TRACKS,  MARSHALLING YARDS,  AND STATIONS""",50.4,10.02,B24,4.0,11.0,238.0,24.0,,,24.0,F.F.F.
35837,172780.0,1944-09-09,9,GERMANY,RR,"""RR INSTALLATIONS,  TRACKS,  MARSHALLING YARDS,  AND STATIONS""",50.4,10.02,B24,4.0,13.0,235.0,32.0,,,32.0,VISUAL
35836,172781.0,1944-09-09,9,GERMANY,RR,"""RR INSTALLATIONS,  TRACKS,  MARSHALLING YARDS,  AND STATIONS""",50.4,10.02,B24,4.0,13.0,238.0,,3.0,28.0,31.0,F.F.F.
35840,172782.0,1944-09-09,9,GERMANY,RR,"""RR INSTALLATIONS,  TRACKS,  MARSHALLING YARDS,  AND STATIONS""",50.4,10.02,B24,4.0,23.0,225.0,65.0,,,65.0,F.F.F.
35834,172783.0,1944-09-09,9,GERMANY,RR,"""RR INSTALLATIONS,  TRACKS,  MARSHALLING YARDS,  AND STATIONS""",50.4,10.02,B24,4.0,29.0,239.0,43.0,25.0,,68.0,F.F.F.
35838,172784.0,1944-09-09,9,GERMANY,RR,"""RR INSTALLATIONS,  TRACKS,  MARSHALLING YARDS,  AND STATIONS""",50.4,10.02,B24,4.0,34.0,229.0,98.0,,,98.0,F.F.F.
35833,172785.0,1944-09-09,9,GERMANY,RR,"""RR INSTALLATIONS,  TRACKS,  MARSHALLING YARDS,  AND STATIONS""",50.4,10.02,B24,4.0,28.0,240.0,64.0,,,64.0,F.F.F.
35844,172786.0,1944-09-09,9,GERMANY,MARSHALLING YARD,"""RR INSTALLATIONS,  TRACKS,  MARSHALLING YARDS,  AND STATIONS""",50.35,7.6,B24,4.0,6.0,,13.0,,,13.0,NOT INDICATED
35853,172817.0,1944-09-09,8,GERMANY,MARSHALLING YARD,"""RR INSTALLATIONS,  TRACKS,  MARSHALLING YARDS,  AND STATIONS""",45.95,7.97,B17,2.0,1.0,,,3.0,,3.0,NOT INDICATED
37306,109258.0,1944-09-10,8,GERMANY,AC COMPONENTS,A/C COMPONENT PLANTS,48.92,12.67,B17,4.0,3.0,,5.0,,,5.0,NOT INDICATED
37059,109259.0,1944-09-10,8,GERMANY,AC COMPONENTS,A/C COMPONENT PLANTS,48.92,12.67,B17,4.0,10.0,240.0,25.0,,,25.0,F.F.F.
37060,109260.0,1944-09-10,8,GERMANY,AC COMPONENTS,A/C COMPONENT PLANTS,48.92,12.67,B17,4.0,12.0,240.0,30.0,,,30.0,F.F.F.
37061,109261.0,1944-09-10,8,GERMANY,AC COMPONENTS,A/C COMPONENT PLANTS,48.92,12.67,B17,4.0,13.0,240.0,31.0,,,31.0,F.F.F.
37028,109262.0,1944-09-10,8,GERMANY,AC COMPONENTS,A/C COMPONENT PLANTS,48.92,12.67,B17,4.0,11.0,250.0,28.0,,,28.0,F.F.F.
37072,109263.0,1944-09-10,8,GERMANY,AC COMPONENTS,A/C COMPONENT PLANTS,48.92,12.67,B17,4.0,13.0,239.0,3.0,30.0,,33.0,F.F.F.
36800,109270.0,1944-09-10,15,AUSTRIA,MFG,MANUFACTURING INSTALLATIONS (NOT SPECIFICALLY IDENTIFIED BELOW FROM CLASS 11 THROUGH 59),47.33,14.5,B24,4.0,27.0,206.0,68.0,,,68.0,NOT INDICATED
36776,109271.0,1944-09-10,15,AUSTRIA,NOVA OIL REFINERY,OIL REFINERIES,48.12,16.53,B17,4.0,27.0,260.0,75.0,,,75.0,NOT INDICATED
36770,109272.0,1944-09-10,15,AUSTRIA,NOVA OIL REFINERY,OIL REFINERIES,48.12,16.53,B17,4.0,28.0,280.0,81.0,,,81.0,VISUAL
36778,109273.0,1944-09-10,15,AUSTRIA,NOVA OIL REFINERY,OIL REFINERIES,48.12,16.53,B17,4.0,24.0,250.0,71.0,,,71.0,NOT INDICATED
36772,109277.0,1944-09-10,15,AUSTRIA,OIL REFINERY,OIL REFINERIES,48.2,16.37,B17,4.0,27.0,271.0,54.0,,,54.0,NOT INDICATED
36774,109278.0,1944-09-10,15,AUSTRIA,OIL REFINERY,OIL REFINERIES,48.2,16.37,B17,4.0,27.0,265.0,67.0,,,67.0,NOT INDICATED
36780,109279.0,1944-09-10,15,AUSTRIA,OIL REFINERY,OIL REFINERIES,48.2,16.37,B17,4.0,27.0,250.0,53.0,,,53.0,NOT INDICATED
37085,109295.0,1944-09-10,8,GERMANY,AIRDROME,AIR FIELDS AND AIRDROMES,49.63,9.95,B17,4.0,15.0,193.0,32.0,,,32.0,VISUAL
37079,109296.0,1944-09-10,8,GERMANY,AIRDROME,AIR FIELDS AND AIRDROMES,49.63,9.95,B17,4.0,12.0,203.0,30.0,,,30.0,VISUAL
37097,109297.0,1944-09-10,8,GERMANY,AIRDROME,AIR FIELDS AND AIRDROMES,49.63,9.95,B17,4.0,13.0,188.0,,33.0,,33.0,VISUAL
37091,109298.0,1944-09-10,8,GERMANY,AIRDROME,AIR FIELDS AND AIRDROMES,49.63,9.95,B17,4.0,11.0,191.0,28.0,,,28.0,VISUAL
37094,109299.0,1944-09-10,8,GERMANY,AIRDROME,AIR FIELDS AND AIRDROMES,49.63,9.95,B17,4.0,12.0,190.0,,30.0,,30.0,VISUAL
37303,109300.0,1944-09-10,8,GERMANY,AIRDROME,AIR FIELDS AND AIRDROMES,49.63,9.95,B17,4.0,12.0,186.0,,29.0,,29.0,VISUAL
37086,109301.0,1944-09-10,8,GERMANY,AIRDROME,AIR FIELDS AND AIRDROMES,49.63,9.95,B17,4.0,10.0,193.0,22.0,3.0,,25.0,VISUAL
37082,109302.0,1944-09-10,8,GERMANY,AIRDROME,AIR FIELDS AND AIRDROMES,49.63,9.95,B17,4.0,12.0,199.0,,33.0,,33.0,VISUAL
37098,109303.0,1944-09-10,8,GERMANY,AIRDROME,AIR FIELDS AND AIRDROMES,49.63,9.95,B17,4.0,13.0,188.0,33.0,,,33.0,VISUAL
36797,109304.0,1944-09-10,15,AUSTRIA,GOODS DEPOT,SUPPLY DUMPS AND WAREHOUSES,48.2,16.37,B24,4.0,23.0,227.0,41.0,,,41.0,NOT INDICATED
37006,109305.0,1944-09-10,12,FRANCE,ENEMY STRONG POINT,TACTICAL TARGETS: (UNIDENTIFIED OR NOT LISTED BELOW),45.67,13.0,A20,,,,18.0,,,18.0,VISUAL
37020,109324.0,1944-09-10,8,GERMANY,DAIMLER BENZ MOTOR WOR,VEHICLE MFG. PLANTS,48.78,8.33,B17,4.0,11.0,254.0,,33.0,,33.0,VISUAL
37043,109325.0,1944-09-10,8,GERMANY,DAIMLER BENZ MOTOR WOR,VEHICLE MFG. PLANTS,48.78,8.33,B17,4.0,12.0,248.0,36.0,,,36.0,VISUAL
37068,109326.0,1944-09-10,8,GERMANY,DAIMLER BENZ MOTOR WOR,VEHICLE MFG. PLANTS,48.78,8.33,B17,4.0,12.0,240.0,35.0,,,35.0,VISUAL
37021,109327.0,1944-09-10,8,GERMANY,DAIMLER BENZ MOTOR WOR,VEHICLE MFG. PLANTS,48.78,8.33,B17,4.0,12.0,254.0,36.0,,,36.0,VISUAL
37035,109328.0,1944-09-10,8,GERMANY,DAIMLER BENZ MOTOR WOR,VEHICLE MFG. PLANTS,48.78,8.33,B17,4.0,12.0,249.0,,36.0,,36.0,VISUAL
37055,109329.0,1944-09-10,8,GERMANY,DAIMLER BENZ MOTOR WOR,VEHICLE MFG. PLANTS,48.78,8.33,B17,4.0,12.0,243.0,,36.0,,36.0,VISUAL
37031,109330.0,1944-09-10,8,GERMANY,DAIMLER BENZ MOTOR WOR,VEHICLE MFG. PLANTS,48.78,8.33,B17,4.0,11.0,250.0,30.0,,,30.0,VISUAL
37075,109331.0,1944-09-10,8,GERMANY,DAIMLER BENZ MOTOR WOR,VEHICLE MFG. PLANTS,48.78,8.33,B17,4.0,12.0,238.0,30.0,,,30.0,VISUAL
37016,109332.0,1944-09-10,8,GERMANY,DAIMLER BENZ MOTOR WOR,VEHICLE MFG. PLANTS,48.78,8.33,B17,4.0,12.0,258.0,,36.0,,36.0,VISUAL
37044,109333.0,1944-09-10,8,GERMANY,DAIMLER BENZ MOTOR WOR,VEHICLE MFG. PLANTS,48.78,8.33,B17,4.0,12.0,248.0,36.0,,,36.0,VISUAL
37051,109334.0,1944-09-10,8,GERMANY,DAIMLER BENZ MOTOR WOR,VEHICLE MFG. PLANTS,48.78,8.33,B17,4.0,12.0,246.0,36.0,,,36.0,VISUAL
37036,109335.0,1944-09-10,8,GERMANY,DAIMLER BENZ MOTOR WOR,VEHICLE MFG. PLANTS,48.78,8.33,B17,4.0,10.0,249.0,30.0,,,30.0,VISUAL
37022,109371.0,1944-09-10,8,GERMANY,DAIMLER BENZ MOTOR WOR,VEHICLE MFG. PLANTS,48.78,8.33,B17,4.0,11.0,254.0,,33.0,,33.0,VISUAL
37045,109372.0,1944-09-10,8,GERMANY,DAIMLER BENZ MOTOR WOR,VEHICLE MFG. PLANTS,48.78,8.33,B17,4.0,12.0,248.0,36.0,,,36.0,VISUAL
37069,109373.0,1944-09-10,8,GERMANY,DAIMLER BENZ MOTOR WOR,VEHICLE MFG. PLANTS,48.78,8.33,B17,4.0,12.0,240.0,35.0,,,35.0,VISUAL
37023,109374.0,1944-09-10,8,GERMANY,DAIMLER BENZ MOTOR WOR,VEHICLE MFG. PLANTS,48.78,8.33,B17,4.0,12.0,254.0,36.0,,,36.0,VISUAL
37037,109375.0,1944-09-10,8,GERMANY,DAIMLER BENZ MOTOR WOR,VEHICLE MFG. PLANTS,48.78,8.33,B17,4.0,12.0,249.0,,36.0,,36.0,VISUAL
37056,109376.0,1944-09-10,8,GERMANY,DAIMLER BENZ MOTOR WOR,VEHICLE MFG. PLANTS,48.78,8.33,B17,4.0,12.0,243.0,,36.0,,36.0,VISUAL
37032,109377.0,1944-09-10,8,GERMANY,DAIMLER BENZ MOTOR WOR,VEHICLE MFG. PLANTS,48.78,8.33,B17,4.0,11.0,250.0,30.0,,,30.0,VISUAL
37076,109378.0,1944-09-10,8,GERMANY,DAIMLER BENZ MOTOR WOR,VEHICLE MFG. PLANTS,48.78,8.33,B17,4.0,12.0,238.0,30.0,,,30.0,VISUAL
37017,109379.0,1944-09-10,8,GERMANY,DAIMLER BENZ MOTOR WOR,VEHICLE MFG. PLANTS,48.78,8.33,B17,4.0,12.0,258.0,,36.0,,36.0,VISUAL
37046,109380.0,1944-09-10,8,GERMANY,DAIMLER BENZ MOTOR WOR,VEHICLE MFG. PLANTS,48.78,8.33,B17,4.0,12.0,248.0,36.0,,,36.0,VISUAL
37052,109381.0,1944-09-10,8,GERMANY,DAIMLER BENZ MOTOR WOR,VEHICLE MFG. PLANTS,48.78,8.33,B17,4.0,12.0,246.0,36.0,,,36.0,VISUAL
37038,109382.0,1944-09-10,8,GERMANY,DAIMLER BENZ MOTOR WOR,VEHICLE MFG. PLANTS,48.78,8.33,B17,4.0,10.0,249.0,30.0,,,30.0,VISUAL
37003,109397.0,1944-09-10,15,AUSTRIA,UNIDENTIFIED TARGET,UNIDENTIFIED TARGETS,48.2,16.37,B17,3.0,1.0,,2.0,,,2.0,NOT INDICATED
36785,109398.0,1944-09-10,15,AUSTRIA,CITY AREA,CITIES TOWNS AND URBAN AREAS,48.2,16.37,B24,4.0,27.0,240.0,53.0,,,53.0,F.F.F.
36782,109399.0,1944-09-10,15,AUSTRIA,CITY AREA,CITIES TOWNS AND URBAN AREAS,48.2,16.37,B24,4.0,29.0,243.0,73.0,,,73.0,F.F.F.
36788,109400.0,1944-09-10,15,AUSTRIA,CITY AREA,CITIES TOWNS AND URBAN AREAS,48.2,16.37,B24,4.0,26.0,231.0,64.0,,,64.0,F.F.F.
36794,109401.0,1944-09-10,15,AUSTRIA,CITY AREA,CITIES TOWNS AND URBAN AREAS,48.2,16.37,B24,3.0,27.0,228.0,53.0,,,53.0,NOT INDICATED
36791,109402.0,1944-09-10,15,AUSTRIA,CITY AREA,CITIES TOWNS AND URBAN AREAS,48.2,16.37,B24,3.0,25.0,230.0,63.0,,,63.0,F.F.F.
37312,109405.0,1944-09-10,8,GERMANY,UNIDENTIFIED TARGET,UNIDENTIFIED TARGETS,48.87,8.85,B17,2.0,1.0,,3.0,,,3.0,NOT INDICATED
37009,109407.0,1944-09-10,9,GERMANY,UNIDENTIFIED TARGET,UNIDENTIFIED TARGETS,49.87,8.65,B17,1.0,13.0,223.0,3.0,29.0,,32.0,VISUAL
37309,109410.0,1944-09-10,8,GERMANY,CITY AREA,CITIES TOWNS AND URBAN AREAS,49.63,9.95,B17,4.0,2.0,,2.0,,,2.0,NOT INDICATED
37307,172823.0,1944-09-10,8,GERMANY,AC COMPONENTS,A/C COMPONENT PLANTS,48.92,12.67,B17,4.0,3.0,,5.0,,,5.0,NOT INDICATED
37062,172824.0,1944-09-10,8,GERMANY,AC COMPONENTS,A/C COMPONENT PLANTS,48.92,12.67,B17,4.0,10.0,240.0,25.0,,,25.0,F.F.F.
37063,172825.0,1944-09-10,8,GERMANY,AC COMPONENTS,A/C COMPONENT PLANTS,48.92,12.67,B17,4.0,12.0,240.0,30.0,,,30.0,F.F.F.
37064,172826.0,1944-09-10,8,GERMANY,AC COMPONENTS,A/C COMPONENT PLANTS,48.92,12.67,B17,4.0,13.0,240.0,31.0,,,31.0,F.F.F.
37029,172827.0,1944-09-10,8,GERMANY,AC COMPONENTS,A/C COMPONENT PLANTS,48.92,12.67,B17,4.0,11.0,250.0,28.0,,,28.0,F.F.F.
37073,172828.0,1944-09-10,8,GERMANY,AC COMPONENTS,A/C COMPONENT PLANTS,48.92,12.67,B17,4.0,13.0,239.0,3.0,30.0,,33.0,F.F.F.
37004,172835.0,1944-09-10,15,AUSTRIA,UNIDENTIFIED TARGET,UNIDENTIFIED TARGETS,48.2,16.37,B17,3.0,1.0,,2.0,,,2.0,NOT INDICATED
37010,172837.0,1944-09-10,9,GERMANY,UNIDENTIFIED TARGET,UNIDENTIFIED TARGETS,49.87,8.65,B17,1.0,13.0,223.0,3.0,29.0,,32.0,VISUAL
37313,172841.0,1944-09-10,8,GERMANY,UNIDENTIFIED TARGET,UNIDENTIFIED TARGETS,48.87,8.85,B17,2.0,1.0,,3.0,,,3.0,NOT INDICATED
36786,172863.0,1944-09-10,15,AUSTRIA,CITY AREA,CITIES TOWNS AND URBAN AREAS,48.2,16.37,B24,4.0,27.0,240.0,53.0,,,53.0,F.F.F.
36783,172864.0,1944-09-10,15,AUSTRIA,CITY AREA,CITIES TOWNS AND URBAN AREAS,48.2,16.37,B24,4.0,29.0,243.0,73.0,,,73.0,F.F.F.
36789,172865.0,1944-09-10,15,AUSTRIA,CITY AREA,CITIES TOWNS AND URBAN AREAS,48.2,16.37,B24,4.0,26.0,231.0,64.0,,,64.0,F.F.F.
36795,172866.0,1944-09-10,15,AUSTRIA,CITY AREA,CITIES TOWNS AND URBAN AREAS,48.2,16.37,B24,3.0,27.0,228.0,53.0,,,53.0,NOT INDICATED
36792,172867.0,1944-09-10,15,AUSTRIA,CITY AREA,CITIES TOWNS AND URBAN AREAS,48.2,16.37,B24,3.0,25.0,230.0,63.0,,,63.0,F.F.F.
37310,172868.0,1944-09-10,8,GERMANY,CITY AREA,CITIES TOWNS AND URBAN AREAS,49.63,9.95,B17,4.0,2.0,,2.0,,,2.0,NOT INDICATED
36787,172871.0,1944-09-10,15,AUSTRIA,CITY AREA,CITIES TOWNS AND URBAN AREAS,48.2,16.37,B24,4.0,27.0,240.0,53.0,,,53.0,F.F.F.
36784,172872.0,1944-09-10,15,AUSTRIA,CITY AREA,CITIES TOWNS AND URBAN AREAS,48.2,16.37,B24,4.0,29.0,243.0,73.0,,,73.0,F.F.F.
36790,172873.0,1944-09-10,15,AUSTRIA,CITY AREA,CITIES TOWNS AND URBAN AREAS,48.2,16.37,B24,4.0,26.0,231.0,64.0,,,64.0,F.F.F.
36796,172874.0,1944-09-10,15,AUSTRIA,CITY AREA,CITIES TOWNS AND URBAN AREAS,48.2,16.37,B24,3.0,27.0,228.0,53.0,,,53.0,NOT INDICATED
36793,172875.0,1944-09-10,15,AUSTRIA,CITY AREA,CITIES TOWNS AND URBAN AREAS,48.2,16.37,B24,3.0,25.0,230.0,63.0,,,63.0,F.F.F.
37311,172876.0,1944-09-10,8,GERMANY,CITY AREA,CITIES TOWNS AND URBAN AREAS,49.63,9.95,B17,4.0,2.0,,2.0,,,2.0,NOT INDICATED
37002,172877.0,1944-09-10,15,AUSTRIA,MFG,MANUFACTURING INSTALLATIONS (NOT SPECIFICALLY IDENTIFIED BELOW FROM CLASS 11 THROUGH 59),47.33,14.5,B24,4.0,27.0,203.0,68.0,,,68.0,NOT INDICATED
37001,172878.0,1944-09-10,15,AUSTRIA,MFG,MANUFACTURING INSTALLATIONS (NOT SPECIFICALLY IDENTIFIED BELOW FROM CLASS 11 THROUGH 59),47.33,14.5,B24,4.0,27.0,206.0,68.0,,,68.0,NOT INDICATED
37005,172879.0,1944-09-10,15,AUSTRIA,UNIDENTIFIED TARGET,UNIDENTIFIED TARGETS,48.2,16.37,B17,3.0,1.0,,2.0,,,2.0,NOT INDICATED
37011,172881.0,1944-09-10,9,GERMANY,UNIDENTIFIED TARGET,UNIDENTIFIED TARGETS,49.87,8.65,B17,1.0,13.0,223.0,3.0,29.0,,32.0,VISUAL
37314,172885.0,1944-09-10,8,GERMANY,UNIDENTIFIED TARGET,UNIDENTIFIED TARGETS,48.87,8.85,B17,2.0,1.0,,3.0,,,3.0,NOT INDICATED
37308,172904.0,1944-09-10,8,GERMANY,AC COMPONENTS,A/C COMPONENT PLANTS,48.92,12.67,B17,4.0,3.0,,5.0,,,5.0,NOT INDICATED
37065,172905.0,1944-09-10,8,GERMANY,AC COMPONENTS,A/C COMPONENT PLANTS,48.92,12.67,B17,4.0,10.0,240.0,25.0,,,25.0,F.F.F.
37066,172906.0,1944-09-10,8,GERMANY,AC COMPONENTS,A/C COMPONENT PLANTS,48.92,12.67,B17,4.0,12.0,240.0,30.0,,,30.0,F.F.F.
37067,172907.0,1944-09-10,8,GERMANY,AC COMPONENTS,A/C COMPONENT PLANTS,48.92,12.67,B17,4.0,13.0,240.0,31.0,,,31.0,F.F.F.
37030,172908.0,1944-09-10,8,GERMANY,AC COMPONENTS,A/C COMPONENT PLANTS,48.92,12.67,B17,4.0,11.0,250.0,28.0,,,28.0,F.F.F.
37074,172909.0,1944-09-10,8,GERMANY,AC COMPONENTS,A/C COMPONENT PLANTS,48.92,12.67,B17,4.0,13.0,239.0,3.0,30.0,,33.0,F.F.F.
37024,172934.0,1944-09-10,8,GERMANY,DAIMLER BENZ MOTOR WOR,VEHICLE MFG. PLANTS,48.78,8.33,B17,4.0,11.0,254.0,,33.0,,33.0,VISUAL
37047,172935.0,1944-09-10,8,GERMANY,DAIMLER BENZ MOTOR WOR,VEHICLE MFG. PLANTS,48.78,8.33,B17,4.0,12.0,248.0,36.0,,,36.0,VISUAL
37070,172936.0,1944-09-10,8,GERMANY,DAIMLER BENZ MOTOR WOR,VEHICLE MFG. PLANTS,48.78,8.33,B17,4.0,12.0,240.0,35.0,,,35.0,VISUAL
37025,172937.0,1944-09-10,8,GERMANY,DAIMLER BENZ MOTOR WOR,VEHICLE MFG. PLANTS,48.78,8.33,B17,4.0,12.0,254.0,36.0,,,36.0,VISUAL
37039,172938.0,1944-09-10,8,GERMANY,DAIMLER BENZ MOTOR WOR,VEHICLE MFG. PLANTS,48.78,8.33,B17,4.0,12.0,249.0,,36.0,,36.0,VISUAL
37057,172939.0,1944-09-10,8,GERMANY,DAIMLER BENZ MOTOR WOR,VEHICLE MFG. PLANTS,48.78,8.33,B17,4.0,12.0,243.0,,36.0,,36.0,VISUAL
37033,172940.0,1944-09-10,8,GERMANY,DAIMLER BENZ MOTOR WOR,VEHICLE MFG. PLANTS,48.78,8.33,B17,4.0,11.0,250.0,30.0,,,30.0,VISUAL
37077,172941.0,1944-09-10,8,GERMANY,DAIMLER BENZ MOTOR WOR,VEHICLE MFG. PLANTS,48.78,8.33,B17,4.0,12.0,238.0,30.0,,,30.0,VISUAL
37018,172942.0,1944-09-10,8,GERMANY,DAIMLER BENZ MOTOR WOR,VEHICLE MFG. PLANTS,48.78,8.33,B17,4.0,12.0,258.0,,36.0,,36.0,VISUAL
37048,172943.0,1944-09-10,8,GERMANY,DAIMLER BENZ MOTOR WOR,VEHICLE MFG. PLANTS,48.78,8.33,B17,4.0,12.0,248.0,36.0,,,36.0,VISUAL
37053,172944.0,1944-09-10,8,GERMANY,DAIMLER BENZ MOTOR WOR,VEHICLE MFG. PLANTS,48.78,8.33,B17,4.0,12.0,246.0,36.0,,,36.0,VISUAL
37040,172945.0,1944-09-10,8,GERMANY,DAIMLER BENZ MOTOR WOR,VEHICLE MFG. PLANTS,48.78,8.33,B17,4.0,10.0,249.0,30.0,,,30.0,VISUAL
37026,172953.0,1944-09-10,8,GERMANY,DAIMLER BENZ MOTOR WOR,VEHICLE MFG. PLANTS,48.78,8.33,B17,4.0,11.0,254.0,,33.0,,33.0,VISUAL
37049,172954.0,1944-09-10,8,GERMANY,DAIMLER BENZ MOTOR WOR,VEHICLE MFG. PLANTS,48.78,8.33,B17,4.0,12.0,248.0,36.0,,,36.0,VISUAL
37071,172955.0,1944-09-10,8,GERMANY,DAIMLER BENZ MOTOR WOR,VEHICLE MFG. PLANTS,48.78,8.33,B17,4.0,12.0,240.0,35.0,,,35.0,VISUAL
37027,172956.0,1944-09-10,8,GERMANY,DAIMLER BENZ MOTOR WOR,VEHICLE MFG. PLANTS,48.78,8.33,B17,4.0,12.0,254.0,36.0,,,36.0,VISUAL
37041,172957.0,1944-09-10,8,GERMANY,DAIMLER BENZ MOTOR WOR,VEHICLE MFG. PLANTS,48.78,8.33,B17,4.0,12.0,249.0,,36.0,,36.0,VISUAL
37058,172958.0,1944-09-10,8,GERMANY,DAIMLER BENZ MOTOR WOR,VEHICLE MFG. PLANTS,48.78,8.33,B17,4.0,12.0,243.0,,36.0,,36.0,VISUAL
37034,172959.0,1944-09-10,8,GERMANY,DAIMLER BENZ MOTOR WOR,VEHICLE MFG. PLANTS,48.78,8.33,B17,4.0,11.0,250.0,30.0,,,30.0,VISUAL
37078,172960.0,1944-09-10,8,GERMANY,DAIMLER BENZ MOTOR WOR,VEHICLE MFG. PLANTS,48.78,8.33,B17,4.0,12.0,238.0,30.0,,,30.0,VISUAL
37019,172961.0,1944-09-10,8,GERMANY,DAIMLER BENZ MOTOR WOR,VEHICLE MFG. PLANTS,48.78,8.33,B17,4.0,12.0,258.0,,36.0,,36.0,VISUAL
37050,172962.0,1944-09-10,8,GERMANY,DAIMLER BENZ MOTOR WOR,VEHICLE MFG. PLANTS,48.78,8.33,B17,4.0,12.0,248.0,36.0,,,36.0,VISUAL
37054,172963.0,1944-09-10,8,GERMANY,DAIMLER BENZ MOTOR WOR,VEHICLE MFG. PLANTS,48.78,8.33,B17,4.0,12.0,246.0,36.0,,,36.0,VISUAL
37042,172964.0,1944-09-10,8,GERMANY,DAIMLER BENZ MOTOR WOR,VEHICLE MFG. PLANTS,48.78,8.33,B17,4.0,10.0,249.0,30.0,,,30.0,VISUAL
36777,172989.0,1944-09-10,15,AUSTRIA,NOVA OIL REFINERY,OIL REFINERIES,48.12,16.53,B17,4.0,27.0,260.0,75.0,,,75.0,NOT INDICATED
36771,172990.0,1944-09-10,15,AUSTRIA,NOVA OIL REFINERY,OIL REFINERIES,48.12,16.53,B17,4.0,28.0,280.0,81.0,,,81.0,VISUAL
36779,172991.0,1944-09-10,15,AUSTRIA,NOVA OIL REFINERY,OIL REFINERIES,48.12,16.53,B17,4.0,24.0,250.0,71.0,,,71.0,NOT INDICATED
36773,172992.0,1944-09-10,15,AUSTRIA,OIL REFINERY,OIL REFINERIES,48.2,16.37,B17,4.0,27.0,271.0,54.0,,,54.0,NOT INDICATED
36775,172993.0,1944-09-10,15,AUSTRIA,OIL REFINERY,OIL REFINERIES,48.2,16.37,B17,4.0,27.0,265.0,67.0,,,67.0,NOT INDICATED
36781,172994.0,1944-09-10,15,AUSTRIA,OIL REFINERY,OIL REFINERIES,48.2,16.37,B17,4.0,27.0,250.0,53.0,,,53.0,NOT INDICATED
37087,212412.0,1944-09-10,8,GERMANY,AIRDROME,AIR FIELDS AND AIRDROMES,49.63,9.95,B17,4.0,15.0,193.0,32.0,,,32.0,VISUAL
37080,212413.0,1944-09-10,8,GERMANY,AIRDROME,AIR FIELDS AND AIRDROMES,49.63,9.95,B17,4.0,12.0,203.0,30.0,,,30.0,VISUAL
37099,212414.0,1944-09-10,8,GERMANY,AIRDROME,AIR FIELDS AND AIRDROMES,49.63,9.95,B17,4.0,13.0,188.0,,33.0,,33.0,VISUAL
37092,212415.0,1944-09-10,8,GERMANY,AIRDROME,AIR FIELDS AND AIRDROMES,49.63,9.95,B17,4.0,11.0,191.0,28.0,,,28.0,VISUAL
37095,212416.0,1944-09-10,8,GERMANY,AIRDROME,AIR FIELDS AND AIRDROMES,49.63,9.95,B17,4.0,12.0,190.0,,30.0,,30.0,VISUAL
37304,212417.0,1944-09-10,8,GERMANY,AIRDROME,AIR FIELDS AND AIRDROMES,49.63,9.95,B17,4.0,12.0,186.0,,29.0,,29.0,VISUAL
37088,212418.0,1944-09-10,8,GERMANY,AIRDROME,AIR FIELDS AND AIRDROMES,49.63,9.95,B17,4.0,10.0,193.0,22.0,3.0,,25.0,VISUAL
37083,212419.0,1944-09-10,8,GERMANY,AIRDROME,AIR FIELDS AND AIRDROMES,49.63,9.95,B17,4.0,12.0,199.0,,33.0,,33.0,VISUAL
37100,212420.0,1944-09-10,8,GERMANY,AIRDROME,AIR FIELDS AND AIRDROMES,49.63,9.95,B17,4.0,13.0,188.0,33.0,,,33.0,VISUAL
37007,212443.0,1944-09-10,12,FRANCE,ENEMY STRONG POINT,TACTICAL TARGETS: (UNIDENTIFIED OR NOT LISTED BELOW),45.67,13.0,A20,,,,18.0,,,18.0,VISUAL
37008,212453.0,1944-09-10,12,FRANCE,ENEMY STRONG POINT,TACTICAL TARGETS: (UNIDENTIFIED OR NOT LISTED BELOW),45.67,13.0,A20,,,,18.0,,,18.0,VISUAL
36799,212457.0,1944-09-10,15,AUSTRIA,GOODS DEPOT,SUPPLY DUMPS AND WAREHOUSES,48.2,16.37,B24,4.0,23.0,227.0,41.0,,,41.0,NOT INDICATED
37089,212473.0,1944-09-10,8,GERMANY,AIRDROME,AIR FIELDS AND AIRDROMES,49.63,9.95,B17,4.0,15.0,193.0,32.0,,,32.0,VISUAL
37081,212474.0,1944-09-10,8,GERMANY,AIRDROME,AIR FIELDS AND AIRDROMES,49.63,9.95,B17,4.0,12.0,203.0,30.0,,,30.0,VISUAL
37301,212475.0,1944-09-10,8,GERMANY,AIRDROME,AIR FIELDS AND AIRDROMES,49.63,9.95,B17,4.0,13.0,188.0,,33.0,,33.0,VISUAL
37093,212476.0,1944-09-10,8,GERMANY,AIRDROME,AIR FIELDS AND AIRDROMES,49.63,9.95,B17,4.0,11.0,191.0,28.0,,,28.0,VISUAL
37096,212477.0,1944-09-10,8,GERMANY,AIRDROME,AIR FIELDS AND AIRDROMES,49.63,9.95,B17,4.0,12.0,190.0,,30.0,,30.0,VISUAL
37305,212478.0,1944-09-10,8,GERMANY,AIRDROME,AIR FIELDS AND AIRDROMES,49.63,9.95,B17,4.0,12.0,186.0,,29.0,,29.0,VISUAL
37090,212479.0,1944-09-10,8,GERMANY,AIRDROME,AIR FIELDS AND AIRDROMES,49.63,9.95,B17,4.0,10.0,193.0,22.0,3.0,,25.0,VISUAL
37084,212480.0,1944-09-10,8,GERMANY,AIRDROME,AIR FIELDS AND AIRDROMES,49.63,9.95,B17,4.0,12.0,199.0,,33.0,,33.0,VISUAL
37302,212481.0,1944-09-10,8,GERMANY,AIRDROME,AIR FIELDS AND AIRDROMES,49.63,9.95,B17,4.0,13.0,188.0,33.0,,,33.0,VISUAL
36798,213961.0,1944-09-10,15,AUSTRIA,GOODS DEPOT,SUPPLY DUMPS AND WAREHOUSES,48.2,16.37,B24,4.0,23.0,227.0,41.0,,,41.0,NOT INDICATED
38819,109411.0,1944-09-11,8,GERMANY,BMW AERO ENGINES,ENGINE PLANTS,50.97,10.33,B17,4.0,10.0,268.0,25.0,,,25.0,VISUAL
38856,109412.0,1944-09-11,8,GERMANY,BMW AERO ENGINES,ENGINE PLANTS,50.97,10.33,B17,3.0,2.0,,5.0,,,5.0,NOT INDICATED
38804,109413.0,1944-09-11,8,GERMANY,BMW AERO ENGINES,ENGINE PLANTS,50.97,10.33,B17,3.0,11.0,275.0,28.0,,,28.0,VISUAL
38596,109414.0,1944-09-11,8,GERMANY,BMW AERO ENGINES,ENGINE PLANTS,50.97,10.33,B17,3.0,9.0,294.0,23.0,,,23.0,VISUAL
38805,109415.0,1944-09-11,8,GERMANY,BMW AERO ENGINES,ENGINE PLANTS,50.97,10.33,B17,3.0,10.0,275.0,25.0,,,25.0,VISUAL
38801,109416.0,1944-09-11,8,GERMANY,BMW AERO ENGINES,ENGINE PLANTS,50.97,10.33,B17,3.0,7.0,280.0,17.0,,,17.0,VISUAL
38813,109417.0,1944-09-11,8,GERMANY,BMW AERO ENGINES,ENGINE PLANTS,50.97,10.33,B17,3.0,13.0,270.0,33.0,,,33.0,VISUAL
38810,109418.0,1944-09-11,8,GERMANY,BMW AERO ENGINES,ENGINE PLANTS,50.97,10.33,B17,3.0,12.0,274.0,30.0,,,30.0,VISUAL
38857,109419.0,1944-09-11,8,GERMANY,BMW AERO ENGINES,ENGINE PLANTS,50.97,10.33,B17,3.0,1.0,,1.0,,,1.0,NOT INDICATED
38814,109420.0,1944-09-11,8,GERMANY,BMW AERO ENGINES,ENGINE PLANTS,50.97,10.33,B17,3.0,7.0,270.0,18.0,,,18.0,VISUAL
38822,109421.0,1944-09-11,8,GERMANY,RUBBER TIRE FACTORY,RUBBER AND TIRE MANUFACTURING FACILITIES,50.55,9.67,B17,1.0,10.0,256.0,25.0,,,25.0,VISUAL
38599,109422.0,1944-09-11,8,GERMANY,RUBBER TIRE FACTORY,RUBBER AND TIRE MANUFACTURING FACILITIES,50.55,9.67,B17,1.0,10.0,290.0,25.0,,,25.0,VISUAL
38832,109423.0,1944-09-11,8,GERMANY,RUBBER TIRE FACTORY,RUBBER AND TIRE MANUFACTURING FACILITIES,50.55,9.67,B17,1.0,11.0,246.0,27.0,,,27.0,VISUAL
38854,109424.0,1944-09-11,8,GERMANY,RUBBER TIRE FACTORY,RUBBER AND TIRE MANUFACTURING FACILITIES,50.55,9.67,B17,1.0,10.0,192.0,25.0,,,25.0,VISUAL
38850,109425.0,1944-09-11,8,GERMANY,RUBBER TIRE FACTORY,RUBBER AND TIRE MANUFACTURING FACILITIES,50.55,9.67,B17,1.0,13.0,220.0,33.0,,,33.0,VISUAL
38852,109426.0,1944-09-11,8,GERMANY,RUBBER TIRE FACTORY,RUBBER AND TIRE MANUFACTURING FACILITIES,50.55,9.67,B17,1.0,8.0,194.0,20.0,,,20.0,VISUAL
38868,109427.0,1944-09-11,8,GERMANY,MANUFACTURING,MANUFACTURING INSTALLATIONS (NOT SPECIFICALLY IDENTIFIED BELOW FROM CLASS 11 THROUGH 59),50.55,9.67,B17,1.0,2.0,,2.0,,,2.0,NOT INDICATED
38869,109428.0,1944-09-11,8,GERMANY,MANUFACTURING,MANUFACTURING INSTALLATIONS (NOT SPECIFICALLY IDENTIFIED BELOW FROM CLASS 11 THROUGH 59),50.55,9.67,B17,1.0,1.0,,2.0,,,2.0,NOT INDICATED
38870,109429.0,1944-09-11,8,GERMANY,MANUFACTURING,MANUFACTURING INSTALLATIONS (NOT SPECIFICALLY IDENTIFIED BELOW FROM CLASS 11 THROUGH 59),50.55,9.67,B17,1.0,1.0,,1.0,,,1.0,NOT INDICATED
38880,109430.0,1944-09-11,8,GERMANY,MANUFACTURING,MANUFACTURING INSTALLATIONS (NOT SPECIFICALLY IDENTIFIED BELOW FROM CLASS 11 THROUGH 59),49.45,11.08,B17,2.0,1.0,,3.0,,,3.0,NOT INDICATED
38509,109432.0,1944-09-11,15,CZECHOSLOVAKIA,BERGIUS SYN OR,SYNTHETIC OIL REFINERIES,50.52,13.63,B17,4.0,11.0,258.0,28.0,,,28.0,F.F.F.
38510,109433.0,1944-09-11,15,CZECHOSLOVAKIA,BERGIUS SYN OR,SYNTHETIC OIL REFINERIES,50.52,13.63,B17,4.0,13.0,258.0,31.0,,,31.0,F.F.F.
38511,109434.0,1944-09-11,15,CZECHOSLOVAKIA,BERGIUS SYN OR,SYNTHETIC OIL REFINERIES,50.52,13.63,B17,4.0,13.0,258.0,31.0,,,31.0,F.F.F.
38515,109435.0,1944-09-11,15,CZECHOSLOVAKIA,BERGIUS SYN OR,SYNTHETIC OIL REFINERIES,50.52,13.63,B17,4.0,1.0,,3.0,,,3.0,NOT INDICATED
38527,109446.0,1944-09-11,9,GERMANY,WINTERSHALL SYN OIL,OIL REFINERIES,51.3,11.85,B17,4.0,12.0,282.0,30.0,,,30.0,VISUAL
38533,109447.0,1944-09-11,9,GERMANY,WINTERSHALL SYN OIL,OIL REFINERIES,51.3,11.85,B17,4.0,12.0,273.0,30.0,,,30.0,VISUAL
38522,109448.0,1944-09-11,9,GERMANY,WINTERSHALL SYN OIL,OIL REFINERIES,51.3,11.85,B17,4.0,12.0,287.0,26.0,,,26.0,VISUAL
38529,109449.0,1944-09-11,9,GERMANY,WINTERSHALL SYN OIL,OIL REFINERIES,51.3,11.85,B17,4.0,10.0,279.0,25.0,,,25.0,VISUAL
38539,109450.0,1944-09-11,9,GERMANY,WINTERSHALL SYN OIL,OIL REFINERIES,51.3,11.85,B17,4.0,13.0,268.0,30.0,,,30.0,VISUAL
38541,109451.0,1944-09-11,9,GERMANY,WINTERSHALL SYN OIL,OIL REFINERIES,51.3,11.85,B17,4.0,12.0,265.0,30.0,,,30.0,VISUAL
38580,109452.0,1944-09-11,9,GERMANY,WINTERSHALL SYN OIL,OIL REFINERIES,51.3,11.85,B17,4.0,2.0,,3.0,,,3.0,NOT INDICATED
38530,109453.0,1944-09-11,9,GERMANY,WINTERSHALL SYN OIL,OIL REFINERIES,51.3,11.85,B17,4.0,12.0,279.0,30.0,,,30.0,VISUAL
38520,109472.0,1944-09-11,15,GERMANY,SCWARTZHEIDE SYN OIL,SYNTHETIC OIL REFINERIES,51.48,13.88,B17,4.0,2.0,,3.0,,,3.0,NOT INDICATED
38507,109473.0,1944-09-11,15,GERMANY,SCWARTZHEIDE SYN OIL,SYNTHETIC OIL REFINERIES,51.48,13.88,B17,4.0,9.0,259.0,23.0,,,23.0,F.F.F.
38505,109474.0,1944-09-11,15,GERMANY,SCWARTZHEIDE SYN OIL,SYNTHETIC OIL REFINERIES,51.48,13.88,B17,4.0,11.0,269.0,28.0,,,28.0,F.F.F.
38591,109482.0,1944-09-11,9,FRANCE,STRONG POINT,TACTICAL TARGETS: (UNIDENTIFIED OR NOT LISTED BELOW),47.0,-0.67,A20,,,,8.0,,,8.0,VISUAL
38559,109483.0,1944-09-11,9,FRANCE,STRONG POINTS,TACTICAL TARGETS: (UNIDENTIFIED OR NOT LISTED BELOW),49.0,6.33,A20,,,120.0,33.0,,,33.0,VISUAL
38561,109484.0,1944-09-11,9,FRANCE,TACTICAL,TACTICAL TARGETS: (UNIDENTIFIED OR NOT LISTED BELOW),49.33,6.0,A20,,,120.0,53.0,,,53.0,VISUAL
38562,109485.0,1944-09-11,9,FRANCE,GUN POSITION,GUN EMPLACEMENTS,49.33,6.0,A20,,,120.0,33.0,,,33.0,VISUAL
38549,109497.0,1944-09-11,9,GERMANY,SUPPLY DUMP,SUPPLY DUMPS AND WAREHOUSES,52.13,11.63,B24,4.0,33.0,230.0,77.0,,,77.0,F.F.F.
38583,109498.0,1944-09-11,9,GERMANY,SUPPLY DUMP,SUPPLY DUMPS AND WAREHOUSES,52.13,11.63,B24,4.0,2.0,,1.0,,,1.0,NOT INDICATED
38552,109499.0,1944-09-11,9,GERMANY,SUPPLY DUMP,SUPPLY DUMPS AND WAREHOUSES,52.13,11.63,B24,4.0,25.0,230.0,28.0,25.0,,53.0,F.F.F.
38877,109504.0,1944-09-11,8,GERMANY,CITY AREA,CITIES TOWNS AND URBAN AREAS,50.32,12.72,B17,2.0,3.0,,8.0,,,8.0,NOT INDICATED
38838,109508.0,1944-09-11,8,GERMANY,WANDERWERKE SMALL ARMS,ARMAMENT AND ORDNANCE PLANTS,50.87,12.95,B17,4.0,10.0,241.0,25.0,,,25.0,VISUAL
38828,109509.0,1944-09-11,8,GERMANY,WANDERWERKE SMALL ARMS,ARMAMENT AND ORDNANCE PLANTS,50.87,12.95,B17,4.0,11.0,246.0,28.0,,,28.0,VISUAL
38842,109510.0,1944-09-11,8,GERMANY,WANDERWERKE SMALL ARMS,ARMAMENT AND ORDNANCE PLANTS,50.87,12.95,B17,4.0,13.0,233.0,33.0,,,33.0,VISUAL
38834,109511.0,1944-09-11,8,GERMANY,WANDERWERKE SMALL ARMS,ARMAMENT AND ORDNANCE PLANTS,50.87,12.95,B17,4.0,10.0,242.0,22.0,,,22.0,VISUAL
38824,109512.0,1944-09-11,8,GERMANY,WANDERWERKE SMALL ARMS,ARMAMENT AND ORDNANCE PLANTS,50.87,12.95,B17,4.0,12.0,253.0,3.0,27.0,,30.0,VISUAL
38843,109513.0,1944-09-11,8,GERMANY,WANDERWERKE SMALL ARMS,ARMAMENT AND ORDNANCE PLANTS,50.87,12.95,B17,4.0,18.0,233.0,8.0,33.0,,41.0,VISUAL
38839,109514.0,1944-09-11,8,GERMANY,WANDERWERKE SMALL ARMS,ARMAMENT AND ORDNANCE PLANTS,50.87,12.95,B17,4.0,10.0,241.0,25.0,,,25.0,VISUAL
38829,109515.0,1944-09-11,8,GERMANY,WANDERWERKE SMALL ARMS,ARMAMENT AND ORDNANCE PLANTS,50.87,12.95,B17,4.0,11.0,246.0,28.0,,,28.0,VISUAL
38844,109516.0,1944-09-11,8,GERMANY,WANDERWERKE SMALL ARMS,ARMAMENT AND ORDNANCE PLANTS,50.87,12.95,B17,4.0,13.0,233.0,33.0,,,33.0,VISUAL
38835,109517.0,1944-09-11,8,GERMANY,WANDERWERKE SMALL ARMS,ARMAMENT AND ORDNANCE PLANTS,50.87,12.95,B17,4.0,10.0,242.0,22.0,,,22.0,VISUAL
38825,109518.0,1944-09-11,8,GERMANY,WANDERWERKE SMALL ARMS,ARMAMENT AND ORDNANCE PLANTS,50.87,12.95,B17,4.0,12.0,253.0,3.0,27.0,,30.0,VISUAL
38845,109519.0,1944-09-11,8,GERMANY,WANDERWERKE SMALL ARMS,ARMAMENT AND ORDNANCE PLANTS,50.87,12.95,B17,4.0,18.0,233.0,8.0,33.0,,41.0,VISUAL
38516,109533.0,1944-09-11,15,CZECHOSLOVAKIA,CITY AREA,CITIES TOWNS AND URBAN AREAS,50.52,13.63,B17,4.0,1.0,,2.0,,,2.0,NOT INDICATED
38862,109536.0,1944-09-11,8,GERMANY,UNIDENTIFIED TARGET,UNIDENTIFIED TARGETS,50.97,11.03,B17,2.0,1.0,,3.0,,,3.0,NOT INDICATED
38863,109537.0,1944-09-11,8,GERMANY,UNIDENTIFIED TARGET,UNIDENTIFIED TARGETS,50.97,11.03,B17,2.0,3.0,,8.0,,,8.0,NOT INDICATED
38535,109538.0,1944-09-11,9,GERMANY,UNIDENTIFIED TARGET,UNIDENTIFIED TARGETS,50.33,8.75,B17,2.0,11.0,270.0,28.0,,,28.0,VISUAL
38573,109539.0,1944-09-11,9,GERMANY,UNIDENTIFIED TARGET,UNIDENTIFIED TARGETS,50.6,8.68,B17,2.0,1.0,,3.0,,,3.0,NOT INDICATED
38574,109540.0,1944-09-11,9,GERMANY,UNIDENTIFIED TARGET,UNIDENTIFIED TARGETS,50.6,8.68,B17,2.0,1.0,,3.0,,,3.0,NOT INDICATED
38524,109541.0,1944-09-11,9,GERMANY,UNIDENTIFIED TARGET,UNIDENTIFIED TARGETS,50.87,9.7,B17,2.0,5.0,286.0,13.0,,,13.0,VISUAL
38820,173009.0,1944-09-11,8,GERMANY,BMW AERO ENGINES,ENGINE PLANTS,50.97,10.33,B17,4.0,10.0,268.0,25.0,,,25.0,VISUAL
38858,173010.0,1944-09-11,8,GERMANY,BMW AERO ENGINES,ENGINE PLANTS,50.97,10.33,B17,3.0,2.0,,5.0,,,5.0,NOT INDICATED
38806,173011.0,1944-09-11,8,GERMANY,BMW AERO ENGINES,ENGINE PLANTS,50.97,10.33,B17,3.0,11.0,275.0,28.0,,,28.0,VISUAL
38597,173012.0,1944-09-11,8,GERMANY,BMW AERO ENGINES,ENGINE PLANTS,50.97,10.33,B17,3.0,9.0,294.0,23.0,,,23.0,VISUAL
38807,173013.0,1944-09-11,8,GERMANY,BMW AERO ENGINES,ENGINE PLANTS,50.97,10.33,B17,3.0,10.0,275.0,25.0,,,25.0,VISUAL
38802,173014.0,1944-09-11,8,GERMANY,BMW AERO ENGINES,ENGINE PLANTS,50.97,10.33,B17,3.0,7.0,280.0,17.0,,,17.0,VISUAL
38815,173015.0,1944-09-11,8,GERMANY,BMW AERO ENGINES,ENGINE PLANTS,50.97,10.33,B17,3.0,13.0,270.0,33.0,,,33.0,VISUAL
38811,173016.0,1944-09-11,8,GERMANY,BMW AERO ENGINES,ENGINE PLANTS,50.97,10.33,B17,3.0,12.0,274.0,30.0,,,30.0,VISUAL
38859,173017.0,1944-09-11,8,GERMANY,BMW AERO ENGINES,ENGINE PLANTS,50.97,10.33,B17,3.0,1.0,,1.0,,,1.0,NOT INDICATED
38816,173018.0,1944-09-11,8,GERMANY,BMW AERO ENGINES,ENGINE PLANTS,50.97,10.33,B17,3.0,7.0,270.0,18.0,,,18.0,VISUAL
38864,173019.0,1944-09-11,8,GERMANY,UNIDENTIFIED TARGET,UNIDENTIFIED TARGETS,50.97,11.03,B17,2.0,1.0,,3.0,,,3.0,NOT INDICATED
38865,173020.0,1944-09-11,8,GERMANY,UNIDENTIFIED TARGET,UNIDENTIFIED TARGETS,50.97,11.03,B17,2.0,3.0,,8.0,,,8.0,NOT INDICATED
38536,173021.0,1944-09-11,9,GERMANY,UNIDENTIFIED TARGET,UNIDENTIFIED TARGETS,50.33,8.75,B17,2.0,11.0,270.0,28.0,,,28.0,VISUAL
38575,173022.0,1944-09-11,9,GERMANY,UNIDENTIFIED TARGET,UNIDENTIFIED TARGETS,50.6,8.68,B17,2.0,1.0,,3.0,,,3.0,NOT INDICATED
38576,173023.0,1944-09-11,9,GERMANY,UNIDENTIFIED TARGET,UNIDENTIFIED TARGETS,50.6,8.68,B17,2.0,1.0,,3.0,,,3.0,NOT INDICATED
38525,173024.0,1944-09-11,9,GERMANY,UNIDENTIFIED TARGET,UNIDENTIFIED TARGETS,50.87,9.7,B17,2.0,5.0,286.0,13.0,,,13.0,VISUAL
38517,173054.0,1944-09-11,15,CZECHOSLOVAKIA,CITY AREA,CITIES TOWNS AND URBAN AREAS,50.52,13.63,B17,4.0,1.0,,2.0,,,2.0,NOT INDICATED
38587,173055.0,1944-09-11,9,GERMANY,CITY AREA,CITIES TOWNS AND URBAN AREAS,52.13,11.63,B17,2.0,2.0,,2.0,,,2.0,NOT INDICATED
38588,173056.0,1944-09-11,9,GERMANY,CITY AREA,CITIES TOWNS AND URBAN AREAS,52.13,11.63,B17,2.0,11.0,,28.0,,,28.0,NOT INDICATED
38547,173057.0,1944-09-11,9,GERMANY,CITY AREA,CITIES TOWNS AND URBAN AREAS,52.13,11.63,B24,2.0,30.0,231.0,75.0,,,75.0,VISUAL
38555,173058.0,1944-09-11,9,GERMANY,CITY AREA,CITIES TOWNS AND URBAN AREAS,52.13,11.63,B24,2.0,24.0,224.0,59.0,,,59.0,F.F.F.
38582,173059.0,1944-09-11,9,GERMANY,CITY AREA,CITIES TOWNS AND URBAN AREAS,52.13,11.63,B24,2.0,2.0,,1.0,,,1.0,NOT INDICATED
38878,173060.0,1944-09-11,8,GERMANY,CITY AREA,CITIES TOWNS AND URBAN AREAS,50.32,12.72,B17,2.0,3.0,,8.0,,,8.0,NOT INDICATED
38518,173069.0,1944-09-11,15,CZECHOSLOVAKIA,CITY AREA,CITIES TOWNS AND URBAN AREAS,50.52,13.63,B17,4.0,1.0,,2.0,,,2.0,NOT INDICATED
38589,173070.0,1944-09-11,9,GERMANY,CITY AREA,CITIES TOWNS AND URBAN AREAS,52.13,11.63,B17,2.0,2.0,,2.0,,,2.0,NOT INDICATED
38590,173071.0,1944-09-11,9,GERMANY,CITY AREA,CITIES TOWNS AND URBAN AREAS,52.13,11.63,B17,2.0,11.0,,28.0,,,28.0,NOT INDICATED
38548,173072.0,1944-09-11,9,GERMANY,CITY AREA,CITIES TOWNS AND URBAN AREAS,52.13,11.63,B24,2.0,30.0,231.0,75.0,,,75.0,VISUAL
38556,173073.0,1944-09-11,9,GERMANY,CITY AREA,CITIES TOWNS AND URBAN AREAS,52.13,11.63,B24,2.0,24.0,224.0,59.0,,,59.0,F.F.F.
38585,173074.0,1944-09-11,9,GERMANY,CITY AREA,CITIES TOWNS AND URBAN AREAS,52.13,11.63,B24,2.0,2.0,,1.0,,,1.0,NOT INDICATED
38823,173075.0,1944-09-11,8,GERMANY,RUBBER TIRE FACTORY,RUBBER AND TIRE MANUFACTURING FACILITIES,50.55,9.67,B17,1.0,10.0,256.0,25.0,,,25.0,VISUAL
38600,173076.0,1944-09-11,8,GERMANY,RUBBER TIRE FACTORY,RUBBER AND TIRE MANUFACTURING FACILITIES,50.55,9.67,B17,1.0,10.0,290.0,25.0,,,25.0,VISUAL
38833,173077.0,1944-09-11,8,GERMANY,RUBBER TIRE FACTORY,RUBBER AND TIRE MANUFACTURING FACILITIES,50.55,9.67,B17,1.0,11.0,246.0,27.0,,,27.0,VISUAL
38855,173078.0,1944-09-11,8,GERMANY,RUBBER TIRE FACTORY,RUBBER AND TIRE MANUFACTURING FACILITIES,50.55,9.67,B17,1.0,10.0,192.0,25.0,,,25.0,VISUAL
38851,173079.0,1944-09-11,8,GERMANY,RUBBER TIRE FACTORY,RUBBER AND TIRE MANUFACTURING FACILITIES,50.55,9.67,B17,1.0,13.0,220.0,33.0,,,33.0,VISUAL
38853,173080.0,1944-09-11,8,GERMANY,RUBBER TIRE FACTORY,RUBBER AND TIRE MANUFACTURING FACILITIES,50.55,9.67,B17,1.0,8.0,194.0,20.0,,,20.0,VISUAL
38871,173081.0,1944-09-11,8,GERMANY,MANUFACTURING,MANUFACTURING INSTALLATIONS (NOT SPECIFICALLY IDENTIFIED BELOW FROM CLASS 11 THROUGH 59),50.55,9.67,B17,1.0,2.0,,2.0,,,2.0,NOT INDICATED
38872,173082.0,1944-09-11,8,GERMANY,MANUFACTURING,MANUFACTURING INSTALLATIONS (NOT SPECIFICALLY IDENTIFIED BELOW FROM CLASS 11 THROUGH 59),50.55,9.67,B17,1.0,1.0,,2.0,,,2.0,NOT INDICATED
38873,173083.0,1944-09-11,8,GERMANY,MANUFACTURING,MANUFACTURING INSTALLATIONS (NOT SPECIFICALLY IDENTIFIED BELOW FROM CLASS 11 THROUGH 59),50.55,9.67,B17,1.0,1.0,,1.0,,,1.0,NOT INDICATED
38881,173084.0,1944-09-11,8,GERMANY,MANUFACTURING,MANUFACTURING INSTALLATIONS (NOT SPECIFICALLY IDENTIFIED BELOW FROM CLASS 11 THROUGH 59),49.45,11.08,B17,2.0,1.0,,3.0,,,3.0,NOT INDICATED
38874,173085.0,1944-09-11,8,GERMANY,MANUFACTURING,MANUFACTURING INSTALLATIONS (NOT SPECIFICALLY IDENTIFIED BELOW FROM CLASS 11 THROUGH 59),50.55,9.67,B17,1.0,2.0,,2.0,,,2.0,NOT INDICATED
38875,173086.0,1944-09-11,8,GERMANY,MANUFACTURING,MANUFACTURING INSTALLATIONS (NOT SPECIFICALLY IDENTIFIED BELOW FROM CLASS 11 THROUGH 59),50.55,9.67,B17,1.0,1.0,,2.0,,,2.0,NOT INDICATED
38876,173087.0,1944-09-11,8,GERMANY,MANUFACTURING,MANUFACTURING INSTALLATIONS (NOT SPECIFICALLY IDENTIFIED BELOW FROM CLASS 11 THROUGH 59),50.55,9.67,B17,1.0,1.0,,1.0,,,1.0,NOT INDICATED
38882,173088.0,1944-09-11,8,GERMANY,MANUFACTURING,MANUFACTURING INSTALLATIONS (NOT SPECIFICALLY IDENTIFIED BELOW FROM CLASS 11 THROUGH 59),49.45,11.08,B17,2.0,1.0,,3.0,,,3.0,NOT INDICATED
38866,173089.0,1944-09-11,8,GERMANY,UNIDENTIFIED TARGET,UNIDENTIFIED TARGETS,50.97,11.03,B17,2.0,1.0,,3.0,,,3.0,NOT INDICATED
38867,173090.0,1944-09-11,8,GERMANY,UNIDENTIFIED TARGET,UNIDENTIFIED TARGETS,50.97,11.03,B17,2.0,3.0,,8.0,,,8.0,NOT INDICATED
38537,173091.0,1944-09-11,9,GERMANY,UNIDENTIFIED TARGET,UNIDENTIFIED TARGETS,50.33,8.75,B17,2.0,11.0,270.0,28.0,,,28.0,VISUAL
38577,173092.0,1944-09-11,9,GERMANY,UNIDENTIFIED TARGET,UNIDENTIFIED TARGETS,50.6,8.68,B17,2.0,1.0,,3.0,,,3.0,NOT INDICATED
38578,173093.0,1944-09-11,9,GERMANY,UNIDENTIFIED TARGET,UNIDENTIFIED TARGETS,50.6,8.68,B17,2.0,1.0,,3.0,,,3.0,NOT INDICATED
38526,173094.0,1944-09-11,9,GERMANY,UNIDENTIFIED TARGET,UNIDENTIFIED TARGETS,50.87,9.7,B17,2.0,5.0,286.0,13.0,,,13.0,VISUAL
38821,173119.0,1944-09-11,8,GERMANY,BMW AERO ENGINES,ENGINE PLANTS,50.97,10.33,B17,4.0,10.0,268.0,25.0,,,25.0,VISUAL
38860,173120.0,1944-09-11,8,GERMANY,BMW AERO ENGINES,ENGINE PLANTS,50.97,10.33,B17,3.0,2.0,,5.0,,,5.0,NOT INDICATED
38808,173121.0,1944-09-11,8,GERMANY,BMW AERO ENGINES,ENGINE PLANTS,50.97,10.33,B17,3.0,11.0,275.0,28.0,,,28.0,VISUAL
38598,173122.0,1944-09-11,8,GERMANY,BMW AERO ENGINES,ENGINE PLANTS,50.97,10.33,B17,3.0,9.0,294.0,23.0,,,23.0,VISUAL
38809,173123.0,1944-09-11,8,GERMANY,BMW AERO ENGINES,ENGINE PLANTS,50.97,10.33,B17,3.0,10.0,275.0,25.0,,,25.0,VISUAL
38803,173124.0,1944-09-11,8,GERMANY,BMW AERO ENGINES,ENGINE PLANTS,50.97,10.33,B17,3.0,7.0,280.0,17.0,,,17.0,VISUAL
38817,173125.0,1944-09-11,8,GERMANY,BMW AERO ENGINES,ENGINE PLANTS,50.97,10.33,B17,3.0,13.0,270.0,33.0,,,33.0,VISUAL
38812,173126.0,1944-09-11,8,GERMANY,BMW AERO ENGINES,ENGINE PLANTS,50.97,10.33,B17,3.0,12.0,274.0,30.0,,,30.0,VISUAL
38861,173127.0,1944-09-11,8,GERMANY,BMW AERO ENGINES,ENGINE PLANTS,50.97,10.33,B17,3.0,1.0,,1.0,,,1.0,NOT INDICATED
38818,173128.0,1944-09-11,8,GERMANY,BMW AERO ENGINES,ENGINE PLANTS,50.97,10.33,B17,3.0,7.0,270.0,18.0,,,18.0,VISUAL
38879,173133.0,1944-09-11,8,GERMANY,CITY AREA,CITIES TOWNS AND URBAN AREAS,50.32,12.72,B17,2.0,3.0,,8.0,,,8.0,NOT INDICATED
38840,173137.0,1944-09-11,8,GERMANY,WANDERWERKE SMALL ARMS,ARMAMENT AND ORDNANCE PLANTS,50.87,12.95,B17,4.0,10.0,241.0,25.0,,,25.0,VISUAL
38830,173138.0,1944-09-11,8,GERMANY,WANDERWERKE SMALL ARMS,ARMAMENT AND ORDNANCE PLANTS,50.87,12.95,B17,4.0,11.0,246.0,28.0,,,28.0,VISUAL
38846,173139.0,1944-09-11,8,GERMANY,WANDERWERKE SMALL ARMS,ARMAMENT AND ORDNANCE PLANTS,50.87,12.95,B17,4.0,13.0,233.0,33.0,,,33.0,VISUAL
38836,173140.0,1944-09-11,8,GERMANY,WANDERWERKE SMALL ARMS,ARMAMENT AND ORDNANCE PLANTS,50.87,12.95,B17,4.0,10.0,242.0,22.0,,,22.0,VISUAL
38826,173141.0,1944-09-11,8,GERMANY,WANDERWERKE SMALL ARMS,ARMAMENT AND ORDNANCE PLANTS,50.87,12.95,B17,4.0,12.0,253.0,3.0,27.0,,30.0,VISUAL
38847,173142.0,1944-09-11,8,GERMANY,WANDERWERKE SMALL ARMS,ARMAMENT AND ORDNANCE PLANTS,50.87,12.95,B17,4.0,18.0,233.0,8.0,33.0,,41.0,VISUAL
38841,173148.0,1944-09-11,8,GERMANY,WANDERWERKE SMALL ARMS,ARMAMENT AND ORDNANCE PLANTS,50.87,12.95,B17,4.0,10.0,241.0,25.0,,,25.0,VISUAL
38831,173149.0,1944-09-11,8,GERMANY,WANDERWERKE SMALL ARMS,ARMAMENT AND ORDNANCE PLANTS,50.87,12.95,B17,4.0,11.0,246.0,28.0,,,28.0,VISUAL
38848,173150.0,1944-09-11,8,GERMANY,WANDERWERKE SMALL ARMS,ARMAMENT AND ORDNANCE PLANTS,50.87,12.95,B17,4.0,13.0,233.0,33.0,,,33.0,VISUAL
38837,173151.0,1944-09-11,8,GERMANY,WANDERWERKE SMALL ARMS,ARMAMENT AND ORDNANCE PLANTS,50.87,12.95,B17,4.0,10.0,242.0,22.0,,,22.0,VISUAL
38827,173152.0,1944-09-11,8,GERMANY,WANDERWERKE SMALL ARMS,ARMAMENT AND ORDNANCE PLANTS,50.87,12.95,B17,4.0,12.0,253.0,3.0,27.0,,30.0,VISUAL
38849,173153.0,1944-09-11,8,GERMANY,WANDERWERKE SMALL ARMS,ARMAMENT AND ORDNANCE PLANTS,50.87,12.95,B17,4.0,18.0,233.0,8.0,33.0,,41.0,VISUAL
38512,173159.0,1944-09-11,15,CZECHOSLOVAKIA,BERGIUS SYN OR,SYNTHETIC OIL REFINERIES,50.52,13.63,B17,4.0,11.0,258.0,28.0,,,28.0,F.F.F.
38513,173160.0,1944-09-11,15,CZECHOSLOVAKIA,BERGIUS SYN OR,SYNTHETIC OIL REFINERIES,50.52,13.63,B17,4.0,13.0,258.0,31.0,,,31.0,F.F.F.
38514,173161.0,1944-09-11,15,CZECHOSLOVAKIA,BERGIUS SYN OR,SYNTHETIC OIL REFINERIES,50.52,13.63,B17,4.0,13.0,258.0,31.0,,,31.0,F.F.F.
38519,173162.0,1944-09-11,15,CZECHOSLOVAKIA,BERGIUS SYN OR,SYNTHETIC OIL REFINERIES,50.52,13.63,B17,4.0,1.0,,3.0,,,3.0,NOT INDICATED
38528,173173.0,1944-09-11,9,GERMANY,WINTERSHALL SYN OIL,OIL REFINERIES,51.3,11.85,B17,4.0,12.0,282.0,30.0,,,30.0,VISUAL
38534,173174.0,1944-09-11,9,GERMANY,WINTERSHALL SYN OIL,OIL REFINERIES,51.3,11.85,B17,4.0,12.0,273.0,30.0,,,30.0,VISUAL
38523,173175.0,1944-09-11,9,GERMANY,WINTERSHALL SYN OIL,OIL REFINERIES,51.3,11.85,B17,4.0,12.0,287.0,26.0,,,26.0,VISUAL
38531,173176.0,1944-09-11,9,GERMANY,WINTERSHALL SYN OIL,OIL REFINERIES,51.3,11.85,B17,4.0,10.0,279.0,25.0,,,25.0,VISUAL
38540,173177.0,1944-09-11,9,GERMANY,WINTERSHALL SYN OIL,OIL REFINERIES,51.3,11.85,B17,4.0,13.0,268.0,30.0,,,30.0,VISUAL
38542,173178.0,1944-09-11,9,GERMANY,WINTERSHALL SYN OIL,OIL REFINERIES,51.3,11.85,B17,4.0,12.0,265.0,30.0,,,30.0,VISUAL
38581,173179.0,1944-09-11,9,GERMANY,WINTERSHALL SYN OIL,OIL REFINERIES,51.3,11.85,B17,4.0,2.0,,3.0,,,3.0,NOT INDICATED
38532,173180.0,1944-09-11,9,GERMANY,WINTERSHALL SYN OIL,OIL REFINERIES,51.3,11.85,B17,4.0,12.0,279.0,30.0,,,30.0,VISUAL
38521,173199.0,1944-09-11,15,GERMANY,SCWARTZHEIDE SYN OIL,SYNTHETIC OIL REFINERIES,51.48,13.88,B17,4.0,2.0,,3.0,,,3.0,NOT INDICATED
38508,173200.0,1944-09-11,15,GERMANY,SCWARTZHEIDE SYN OIL,SYNTHETIC OIL REFINERIES,51.48,13.88,B17,4.0,9.0,259.0,23.0,,,23.0,F.F.F.
38506,173201.0,1944-09-11,15,GERMANY,SCWARTZHEIDE SYN OIL,SYNTHETIC OIL REFINERIES,51.48,13.88,B17,4.0,11.0,269.0,28.0,,,28.0,F.F.F.
38545,173202.0,1944-09-11,9,GERMANY,MARSHALLING YARD,"""RR INSTALLATIONS,  TRACKS,  MARSHALLING YARDS,  AND STATIONS""",50.55,9.67,B17,1.0,10.0,248.0,25.0,,,25.0,VISUAL
38538,173203.0,1944-09-11,9,GERMANY,MARSHALLING YARD,"""RR INSTALLATIONS,  TRACKS,  MARSHALLING YARDS,  AND STATIONS""",50.55,9.67,B17,1.0,1.0,268.0,3.0,,,3.0,VISUAL
38544,173204.0,1944-09-11,9,GERMANY,MARSHALLING YARD,"""RR INSTALLATIONS,  TRACKS,  MARSHALLING YARDS,  AND STATIONS""",50.55,9.67,B17,1.0,9.0,252.0,23.0,,,23.0,VISUAL
38543,173205.0,1944-09-11,9,GERMANY,MARSHALLING YARD,"""RR INSTALLATIONS,  TRACKS,  MARSHALLING YARDS,  AND STATIONS""",50.55,9.67,B17,1.0,11.0,262.0,26.0,,,26.0,VISUAL
38546,173206.0,1944-09-11,9,GERMANY,MARSHALLING YARD,"""RR INSTALLATIONS,  TRACKS,  MARSHALLING YARDS,  AND STATIONS""",50.55,9.67,B17,1.0,9.0,244.0,18.0,,,18.0,VISUAL
38883,173207.0,1944-09-11,8,GERMANY,MARSHALLING YARD,"""RR INSTALLATIONS,  TRACKS,  MARSHALLING YARDS,  AND STATIONS""",53.11,9.41,B24,1.0,1.0,,3.0,,,3.0,NOT INDICATED
38550,212486.0,1944-09-11,9,GERMANY,SUPPLY DUMP,SUPPLY DUMPS AND WAREHOUSES,52.13,11.63,B24,4.0,33.0,230.0,77.0,,,77.0,F.F.F.
38584,212487.0,1944-09-11,9,GERMANY,SUPPLY DUMP,SUPPLY DUMPS AND WAREHOUSES,52.13,11.63,B24,4.0,2.0,,1.0,,,1.0,NOT INDICATED
38551,212488.0,1944-09-11,9,GERMANY,SUPPLY DUMP,SUPPLY DUMPS AND WAREHOUSES,52.13,11.63,B24,4.0,25.0,230.0,28.0,25.0,,53.0,F.F.F.
38592,212491.0,1944-09-11,9,FRANCE,STRONG POINT,TACTICAL TARGETS: (UNIDENTIFIED OR NOT LISTED BELOW),47.0,-0.67,A20,,,,8.0,,,8.0,VISUAL
38570,212492.0,1944-09-11,9,FRANCE,STRONG POINTS,TACTICAL TARGETS: (UNIDENTIFIED OR NOT LISTED BELOW),49.0,6.33,A20,,,12.0,33.0,,,33.0,VISUAL
38571,212493.0,1944-09-11,9,FRANCE,TACTICAL,TACTICAL TARGETS: (UNIDENTIFIED OR NOT LISTED BELOW),49.33,6.0,A20,,,12.0,53.0,,,53.0,VISUAL
38572,212505.0,1944-09-11,9,FRANCE,GUN POSITION,GUN EMPLACEMENTS,49.33,6.0,A20,,,12.0,33.0,,,33.0,VISUAL
38593,212510.0,1944-09-11,9,FRANCE,STRONG POINT,TACTICAL TARGETS: (UNIDENTIFIED OR NOT LISTED BELOW),47.0,-0.67,A20,,,,8.0,,,8.0,VISUAL
38560,212511.0,1944-09-11,9,FRANCE,STRONG POINTS,TACTICAL TARGETS: (UNIDENTIFIED OR NOT LISTED BELOW),49.0,6.33,A20,,,120.0,33.0,,,33.0,VISUAL
38563,212512.0,1944-09-11,9,FRANCE,TACTICAL,TACTICAL TARGETS: (UNIDENTIFIED OR NOT LISTED BELOW),49.33,6.0,A20,,,120.0,53.0,,,53.0,VISUAL
38564,212513.0,1944-09-11,9,FRANCE,GUN POSITION,GUN EMPLACEMENTS,49.33,6.0,A20,,,120.0,33.0,,,33.0,VISUAL
38553,212525.0,1944-09-11,9,GERMANY,SUPPLY DUMP,SUPPLY DUMPS AND WAREHOUSES,52.13,11.63,B24,4.0,33.0,230.0,77.0,,,77.0,F.F.F.
38586,212526.0,1944-09-11,9,GERMANY,SUPPLY DUMP,SUPPLY DUMPS AND WAREHOUSES,52.13,11.63,B24,4.0,2.0,,1.0,,,1.0,NOT INDICATED
38554,212527.0,1944-09-11,9,GERMANY,SUPPLY DUMP,SUPPLY DUMPS AND WAREHOUSES,52.13,11.63,B24,4.0,25.0,230.0,28.0,25.0,,53.0,F.F.F.
40019,109555.0,1944-09-12,15,CZECHOSLOVAKIA,BERGIUS SYN OR,SYNTHETIC OIL REFINERIES,50.52,13.63,B17,4.0,13.0,283.0,33.0,,,33.0,VISUAL
40025,109556.0,1944-09-12,15,CZECHOSLOVAKIA,BERGIUS SYN OR,SYNTHETIC OIL REFINERIES,50.52,13.63,B17,4.0,10.0,278.0,20.0,,,20.0,VISUAL
40021,109557.0,1944-09-12,15,CZECHOSLOVAKIA,BERGIUS SYN OR,SYNTHETIC OIL REFINERIES,50.52,13.63,B17,4.0,12.0,281.0,30.0,,,30.0,VISUAL
40038,109558.0,1944-09-12,15,CZECHOSLOVAKIA,BERGIUS SYN OR,SYNTHETIC OIL REFINERIES,50.52,13.63,B17,4.0,9.0,262.0,23.0,,,23.0,VISUAL
40023,109559.0,1944-09-12,15,CZECHOSLOVAKIA,BERGIUS SYN OR,SYNTHETIC OIL REFINERIES,50.52,13.63,B17,4.0,12.0,280.0,30.0,,,30.0,VISUAL
40027,109560.0,1944-09-12,15,CZECHOSLOVAKIA,BERGIUS SYN OR,SYNTHETIC OIL REFINERIES,50.52,13.63,B17,4.0,11.0,273.0,28.0,,,28.0,VISUAL
40015,109561.0,1944-09-12,15,CZECHOSLOVAKIA,BERGIUS SYN OR,SYNTHETIC OIL REFINERIES,50.52,13.63,B17,4.0,11.0,285.0,28.0,,,28.0,VISUAL
40036,109596.0,1944-09-12,15,GERMANY,SCWARTZHEIDE SYN OIL,SYNTHETIC OIL REFINERIES,51.48,13.88,B17,4.0,23.0,266.0,58.0,,,58.0,VISUAL
40013,109597.0,1944-09-12,15,GERMANY,SCWARTZHEIDE SYN OIL,SYNTHETIC OIL REFINERIES,51.48,13.88,B17,4.0,11.0,287.0,28.0,,,28.0,VISUAL
40017,109598.0,1944-09-12,15,GERMANY,SCWARTZHEIDE SYN OIL,SYNTHETIC OIL REFINERIES,51.48,13.88,B17,4.0,11.0,285.0,28.0,,,28.0,VISUAL
40032,109599.0,1944-09-12,15,GERMANY,SCWARTZHEIDE SYN OIL,SYNTHETIC OIL REFINERIES,51.48,13.88,B17,4.0,5.0,267.0,13.0,,,13.0,VISUAL
40033,109600.0,1944-09-12,15,GERMANY,SCWARTZHEIDE SYN OIL,SYNTHETIC OIL REFINERIES,51.48,13.88,B17,4.0,8.0,267.0,18.0,,,18.0,VISUAL
40464,109606.0,1944-09-12,8,GERMANY,BMW AERO ENG PLANT,ENGINE PLANTS,48.17,11.58,B24,4.0,19.0,227.0,38.0,,,38.0,NOT INDICATED
40452,109607.0,1944-09-12,8,GERMANY,BMW AERO ENG PLANT,ENGINE PLANTS,48.17,11.58,B24,4.0,23.0,245.0,46.0,,,46.0,NOT INDICATED
40455,109608.0,1944-09-12,8,GERMANY,BMW AERO ENG PLANT,ENGINE PLANTS,48.17,11.58,B24,4.0,24.0,242.0,48.0,,,48.0,NOT INDICATED
40458,109609.0,1944-09-12,8,GERMANY,BMW AERO ENG PLANT,ENGINE PLANTS,48.17,11.58,B24,4.0,25.0,235.0,48.0,,,48.0,NOT INDICATED
40461,109610.0,1944-09-12,8,GERMANY,AC COMPONENTS FACT,A/C COMPONENT PLANTS,54.33,10.15,B24,4.0,36.0,232.0,103.0,,,103.0,VISUAL
40477,109611.0,1944-09-12,8,GERMANY,AC COMPONENTS FACT,A/C COMPONENT PLANTS,54.33,10.15,B24,4.0,4.0,,1.0,1.0,,2.0,NOT INDICATED
40470,109612.0,1944-09-12,8,GERMANY,AC COMPONENTS FACT,A/C COMPONENT PLANTS,54.33,10.15,B24,4.0,18.0,200.0,,45.0,,45.0,VISUAL
40042,109613.0,1944-09-12,15,GERMANY,AIRDROME,AIR FIELDS AND AIRDROMES,48.17,10.87,B17,4.0,28.0,242.0,70.0,,,70.0,NOT INDICATED
40053,109614.0,1944-09-12,15,GERMANY,AIRDROME,AIR FIELDS AND AIRDROMES,48.17,10.87,B17,4.0,27.0,228.0,68.0,,,68.0,NOT INDICATED
40029,109615.0,1944-09-12,15,GERMANY,AIRDROME,AIR FIELDS AND AIRDROMES,48.17,10.87,B17,4.0,27.0,270.0,53.0,,,53.0,NOT INDICATED
40058,109616.0,1944-09-12,15,GERMANY,AIRDROME,AIR FIELDS AND AIRDROMES,48.17,10.87,B17,4.0,27.0,226.0,68.0,,,68.0,NOT INDICATED
40040,109617.0,1944-09-12,15,GERMANY,AIRDROME,AIR FIELDS AND AIRDROMES,48.17,10.87,B17,4.0,28.0,250.0,55.0,,,55.0,VISUAL
40061,109618.0,1944-09-12,15,GERMANY,AIRDROME,AIR FIELDS AND AIRDROMES,48.17,10.87,B17,4.0,26.0,220.0,65.0,,,65.0,VISUAL
40064,109619.0,1944-09-12,15,GERMANY,AIRDROME,AIR FIELDS AND AIRDROMES,48.17,10.87,B24,4.0,27.0,205.0,,,47.0,47.0,NOT INDICATED
40045,109620.0,1944-09-12,15,GERMANY,AIRDROME,AIR FIELDS AND AIRDROMES,48.17,10.87,B24,4.0,21.0,230.0,50.0,,,50.0,NOT INDICATED
40046,109621.0,1944-09-12,15,GERMANY,AIRDROME,AIR FIELDS AND AIRDROMES,48.17,10.87,B24,4.0,28.0,230.0,67.0,,,67.0,NOT INDICATED
40052,109622.0,1944-09-12,15,GERMANY,AIRDROME,AIR FIELDS AND AIRDROMES,48.17,10.87,B24,4.0,24.0,228.0,,,55.0,55.0,NOT INDICATED
40404,109623.0,1944-09-12,9,GERMANY,FORTIFIED ZONE,TACTICAL TARGETS: (UNIDENTIFIED OR NOT LISTED BELOW),51.18,9.01,A26,,,115.0,20.0,,,20.0,VISUAL
40405,109624.0,1944-09-12,9,GERMANY,FORTIFIED ZONE,TACTICAL TARGETS: (UNIDENTIFIED OR NOT LISTED BELOW),51.18,9.01,B26,,,115.0,70.0,,,70.0,VISUAL
40410,109625.0,1944-09-12,9,GERMANY,FORTIFIED ZONE,TACTICAL TARGETS: (UNIDENTIFIED OR NOT LISTED BELOW),51.18,9.01,B26,,,110.0,58.0,,,58.0,VISUAL
40412,109626.0,1944-09-12,9,GERMANY,FORTIFIED ZONE,TACTICAL TARGETS: (UNIDENTIFIED OR NOT LISTED BELOW),51.18,9.01,B26,,,105.0,72.0,,,72.0,VISUAL
40078,109638.0,1944-09-12,9,GERMANY,SUPPLY DUMP,SUPPLY DUMPS AND WAREHOUSES,52.13,11.63,B17,4.0,12.0,253.0,30.0,,,30.0,VISUAL
40069,109639.0,1944-09-12,9,GERMANY,SUPPLY DUMP,SUPPLY DUMPS AND WAREHOUSES,52.13,11.63,B17,4.0,10.0,259.0,25.0,,,25.0,VISUAL
40084,109640.0,1944-09-12,9,GERMANY,SUPPLY DUMP,SUPPLY DUMPS AND WAREHOUSES,52.13,11.63,B17,4.0,12.0,244.0,29.0,,,29.0,VISUAL
40075,109641.0,1944-09-12,9,GERMANY,SUPPLY DUMP,SUPPLY DUMPS AND WAREHOUSES,52.13,11.63,B17,4.0,11.0,254.0,28.0,,,28.0,VISUAL
40072,109642.0,1944-09-12,9,GERMANY,SUPPLY DUMP,SUPPLY DUMPS AND WAREHOUSES,52.13,11.63,B17,4.0,13.0,257.0,1.0,17.0,,18.0,VISUAL
40081,109643.0,1944-09-12,9,GERMANY,SUPPLY DUMP,SUPPLY DUMPS AND WAREHOUSES,52.13,11.63,B17,4.0,12.0,248.0,2.0,16.0,,18.0,VISUAL
40467,109653.0,1944-09-12,8,GERMANY,SYN RUBBER PLT,SYNTHETIC RUBBER MFG.,50.55,9.67,B17,1.0,11.0,220.0,28.0,,,28.0,VISUAL
40439,109654.0,1944-09-12,8,GERMANY,SYN RUBBER PLT,SYNTHETIC RUBBER MFG.,50.55,9.67,B17,1.0,12.0,255.0,30.0,,,30.0,VISUAL
40445,109655.0,1944-09-12,8,GERMANY,SYN RUBBER PLT,SYNTHETIC RUBBER MFG.,50.55,9.67,B17,1.0,5.0,251.0,13.0,,,13.0,VISUAL
40449,109656.0,1944-09-12,8,GERMANY,SYN RUBBER PLT,SYNTHETIC RUBBER MFG.,50.55,9.67,B17,1.0,11.0,250.0,28.0,,,28.0,VISUAL
40474,109657.0,1944-09-12,8,GERMANY,SYN RUBBER PLT,SYNTHETIC RUBBER MFG.,50.55,9.67,B17,1.0,1.0,,3.0,,,3.0,NOT INDICATED
40442,109659.0,1944-09-12,8,GERMANY,UNIDENTIFIED TARGET,UNIDENTIFIED TARGETS,51.18,12.5,B17,4.0,11.0,252.0,26.0,,,26.0,VISUAL
40433,109665.0,1944-09-12,8,GERMANY,CITY AREA,CITIES TOWNS AND URBAN AREAS,50.88,10.28,B17,2.0,12.0,267.0,30.0,,,30.0,VISUAL
40089,109666.0,1944-09-12,9,GERMANY,CITY AREA,CITIES TOWNS AND URBAN AREAS,52.38,9.73,B24,3.0,11.0,237.0,29.0,,,29.0,VISUAL
40436,109667.0,1944-09-12,8,GERMANY,CITY AREA,CITIES TOWNS AND URBAN AREAS,49.75,10.17,B17,2.0,11.0,258.0,28.0,,,28.0,VISUAL
40428,109668.0,1944-09-12,8,GERMANY,CITY AREA,CITIES TOWNS AND URBAN AREAS,50.67,13.14,B17,2.0,12.0,276.0,30.0,,,30.0,VISUAL
40465,173212.0,1944-09-12,8,GERMANY,BMW AERO ENG PLANT,ENGINE PLANTS,48.17,11.58,B24,4.0,19.0,227.0,38.0,,,38.0,NOT INDICATED
40453,173213.0,1944-09-12,8,GERMANY,BMW AERO ENG PLANT,ENGINE PLANTS,48.17,11.58,B24,4.0,23.0,245.0,46.0,,,46.0,NOT INDICATED
40456,173214.0,1944-09-12,8,GERMANY,BMW AERO ENG PLANT,ENGINE PLANTS,48.17,11.58,B24,4.0,24.0,242.0,48.0,,,48.0,NOT INDICATED
40459,173215.0,1944-09-12,8,GERMANY,BMW AERO ENG PLANT,ENGINE PLANTS,48.17,11.58,B24,4.0,25.0,235.0,48.0,,,48.0,NOT INDICATED
40462,173216.0,1944-09-12,8,GERMANY,AC COMPONENTS FACT,A/C COMPONENT PLANTS,54.33,10.15,B24,4.0,36.0,232.0,103.0,,,103.0,VISUAL
40478,173217.0,1944-09-12,8,GERMANY,AC COMPONENTS FACT,A/C COMPONENT PLANTS,54.33,10.15,B24,4.0,4.0,,1.0,1.0,,2.0,NOT INDICATED
40471,173218.0,1944-09-12,8,GERMANY,AC COMPONENTS FACT,A/C COMPONENT PLANTS,54.33,10.15,B24,4.0,18.0,200.0,,45.0,,45.0,VISUAL
40443,173219.0,1944-09-12,8,GERMANY,UNIDENTIFIED TARGET,UNIDENTIFIED TARGETS,51.18,12.5,B17,4.0,11.0,252.0,26.0,,,26.0,VISUAL
40434,173250.0,1944-09-12,8,GERMANY,CITY AREA,CITIES TOWNS AND URBAN AREAS,50.88,10.28,B17,2.0,12.0,267.0,30.0,,,30.0,VISUAL
40090,173251.0,1944-09-12,9,GERMANY,CITY AREA,CITIES TOWNS AND URBAN AREAS,52.38,9.73,B24,3.0,11.0,237.0,29.0,,,29.0,VISUAL
40437,173252.0,1944-09-12,8,GERMANY,CITY AREA,CITIES TOWNS AND URBAN AREAS,49.75,10.17,B17,2.0,11.0,258.0,28.0,,,28.0,VISUAL
40429,173253.0,1944-09-12,8,GERMANY,CITY AREA,CITIES TOWNS AND URBAN AREAS,50.67,13.14,B17,2.0,12.0,276.0,30.0,,,30.0,VISUAL
40417,173254.0,1944-09-12,9,GERMANY,CITY AREA,CITIES TOWNS AND URBAN AREAS,52.13,11.63,B17,4.0,2.0,,2.0,,,2.0,NOT INDICATED
40435,173267.0,1944-09-12,8,GERMANY,CITY AREA,CITIES TOWNS AND URBAN AREAS,50.88,10.28,B17,2.0,12.0,267.0,30.0,,,30.0,VISUAL
40091,173268.0,1944-09-12,9,GERMANY,CITY AREA,CITIES TOWNS AND URBAN AREAS,52.38,9.73,B24,3.0,11.0,237.0,29.0,,,29.0,VISUAL
40438,173269.0,1944-09-12,8,GERMANY,CITY AREA,CITIES TOWNS AND URBAN AREAS,49.75,10.17,B17,2.0,11.0,258.0,28.0,,,28.0,VISUAL
40430,173270.0,1944-09-12,8,GERMANY,CITY AREA,CITIES TOWNS AND URBAN AREAS,50.67,13.14,B17,2.0,12.0,276.0,30.0,,,30.0,VISUAL
40418,173271.0,1944-09-12,9,GERMANY,CITY AREA,CITIES TOWNS AND URBAN AREAS,52.13,11.63,B17,4.0,2.0,,2.0,,,2.0,NOT INDICATED
40444,173275.0,1944-09-12,8,GERMANY,UNIDENTIFIED TARGET,UNIDENTIFIED TARGETS,51.18,12.5,B17,4.0,11.0,252.0,26.0,,,26.0,VISUAL
40466,173290.0,1944-09-12,8,GERMANY,BMW AERO ENG PLANT,ENGINE PLANTS,48.17,11.58,B24,4.0,19.0,227.0,38.0,,,38.0,NOT INDICATED
40454,173291.0,1944-09-12,8,GERMANY,BMW AERO ENG PLANT,ENGINE PLANTS,48.17,11.58,B24,4.0,23.0,245.0,46.0,,,46.0,NOT INDICATED
40457,173292.0,1944-09-12,8,GERMANY,BMW AERO ENG PLANT,ENGINE PLANTS,48.17,11.58,B24,4.0,24.0,242.0,48.0,,,48.0,NOT INDICATED
40460,173293.0,1944-09-12,8,GERMANY,BMW AERO ENG PLANT,ENGINE PLANTS,48.17,11.58,B24,4.0,25.0,235.0,48.0,,,48.0,NOT INDICATED
40463,173294.0,1944-09-12,8,GERMANY,AC COMPONENTS FACT,A/C COMPONENT PLANTS,54.33,10.15,B24,4.0,36.0,232.0,103.0,,,103.0,VISUAL
40479,173295.0,1944-09-12,8,GERMANY,AC COMPONENTS FACT,A/C COMPONENT PLANTS,54.33,10.15,B24,4.0,4.0,,1.0,1.0,,2.0,NOT INDICATED
40472,173296.0,1944-09-12,8,GERMANY,AC COMPONENTS FACT,A/C COMPONENT PLANTS,54.33,10.15,B24,4.0,18.0,200.0,,45.0,,45.0,VISUAL
40468,173309.0,1944-09-12,8,GERMANY,SYN RUBBER PLT,SYNTHETIC RUBBER MFG.,50.55,9.67,B17,1.0,11.0,220.0,28.0,,,28.0,VISUAL
40440,173310.0,1944-09-12,8,GERMANY,SYN RUBBER PLT,SYNTHETIC RUBBER MFG.,50.55,9.67,B17,1.0,12.0,255.0,30.0,,,30.0,VISUAL
40446,173311.0,1944-09-12,8,GERMANY,SYN RUBBER PLT,SYNTHETIC RUBBER MFG.,50.55,9.67,B17,1.0,5.0,251.0,13.0,,,13.0,VISUAL
40450,173312.0,1944-09-12,8,GERMANY,SYN RUBBER PLT,SYNTHETIC RUBBER MFG.,50.55,9.67,B17,1.0,11.0,250.0,28.0,,,28.0,VISUAL
40475,173313.0,1944-09-12,8,GERMANY,SYN RUBBER PLT,SYNTHETIC RUBBER MFG.,50.55,9.67,B17,1.0,1.0,,3.0,,,3.0,NOT INDICATED
40020,173314.0,1944-09-12,15,CZECHOSLOVAKIA,BERGIUS SYN OR,SYNTHETIC OIL REFINERIES,50.52,13.63,B17,4.0,13.0,283.0,33.0,,,33.0,VISUAL
40026,173315.0,1944-09-12,15,CZECHOSLOVAKIA,BERGIUS SYN OR,SYNTHETIC OIL REFINERIES,50.52,13.63,B17,4.0,10.0,278.0,20.0,,,20.0,VISUAL
40022,173316.0,1944-09-12,15,CZECHOSLOVAKIA,BERGIUS SYN OR,SYNTHETIC OIL REFINERIES,50.52,13.63,B17,4.0,12.0,281.0,30.0,,,30.0,VISUAL
40039,173317.0,1944-09-12,15,CZECHOSLOVAKIA,BERGIUS SYN OR,SYNTHETIC OIL REFINERIES,50.52,13.63,B17,4.0,9.0,262.0,23.0,,,23.0,VISUAL
40024,173318.0,1944-09-12,15,CZECHOSLOVAKIA,BERGIUS SYN OR,SYNTHETIC OIL REFINERIES,50.52,13.63,B17,4.0,12.0,280.0,30.0,,,30.0,VISUAL
40028,173319.0,1944-09-12,15,CZECHOSLOVAKIA,BERGIUS SYN OR,SYNTHETIC OIL REFINERIES,50.52,13.63,B17,4.0,11.0,273.0,28.0,,,28.0,VISUAL
40016,173320.0,1944-09-12,15,CZECHOSLOVAKIA,BERGIUS SYN OR,SYNTHETIC OIL REFINERIES,50.52,13.63,B17,4.0,11.0,285.0,28.0,,,28.0,VISUAL
40037,173349.0,1944-09-12,15,GERMANY,SCWARTZHEIDE SYN OIL,SYNTHETIC OIL REFINERIES,51.48,13.88,B17,4.0,23.0,266.0,58.0,,,58.0,VISUAL
40014,173350.0,1944-09-12,15,GERMANY,SCWARTZHEIDE SYN OIL,SYNTHETIC OIL REFINERIES,51.48,13.88,B17,4.0,11.0,287.0,28.0,,,28.0,VISUAL
40018,173351.0,1944-09-12,15,GERMANY,SCWARTZHEIDE SYN OIL,SYNTHETIC OIL REFINERIES,51.48,13.88,B17,4.0,11.0,285.0,28.0,,,28.0,VISUAL
40034,173352.0,1944-09-12,15,GERMANY,SCWARTZHEIDE SYN OIL,SYNTHETIC OIL REFINERIES,51.48,13.88,B17,4.0,5.0,267.0,13.0,,,13.0,VISUAL
40035,173353.0,1944-09-12,15,GERMANY,SCWARTZHEIDE SYN OIL,SYNTHETIC OIL REFINERIES,51.48,13.88,B17,4.0,8.0,267.0,18.0,,,18.0,VISUAL
40067,173357.0,1944-09-12,15,AUSTRIA,RR BRIDGE,BRIDGES,47.33,11.67,B24,2.0,1.0,,,,2.0,2.0,NOT INDICATED
40473,173358.0,1944-09-12,8,CZECHOSLOVAKIA,MARSHALLING YARDS,"""RR INSTALLATIONS,  TRACKS,  MARSHALLING YARDS,  AND STATIONS""",50.52,13.63,B17,2.0,1.0,,3.0,,,3.0,NOT INDICATED
40403,173365.0,1944-09-12,9,GERMANY,MARSHALLING YARD,"""RR INSTALLATIONS,  TRACKS,  MARSHALLING YARDS,  AND STATIONS""",50.48,12.13,B17,2.0,10.0,160.0,25.0,,,25.0,VISUAL
40068,173366.0,1944-09-12,9,GERMANY,MARSHALLING YARD,"""RR INSTALLATIONS,  TRACKS,  MARSHALLING YARDS,  AND STATIONS""",50.48,12.13,B17,2.0,9.0,277.0,23.0,,,23.0,F.F.F.
40043,212536.0,1944-09-12,15,GERMANY,AIRDROME,AIR FIELDS AND AIRDROMES,48.17,10.87,B17,4.0,28.0,242.0,70.0,,,70.0,NOT INDICATED
40056,212537.0,1944-09-12,15,GERMANY,AIRDROME,AIR FIELDS AND AIRDROMES,48.17,10.87,B17,4.0,27.0,228.0,68.0,,,68.0,NOT INDICATED
40030,212538.0,1944-09-12,15,GERMANY,AIRDROME,AIR FIELDS AND AIRDROMES,48.17,10.87,B17,4.0,27.0,270.0,53.0,,,53.0,NOT INDICATED
40059,212539.0,1944-09-12,15,GERMANY,AIRDROME,AIR FIELDS AND AIRDROMES,48.17,10.87,B17,4.0,27.0,226.0,68.0,,,68.0,NOT INDICATED
40041,212540.0,1944-09-12,15,GERMANY,AIRDROME,AIR FIELDS AND AIRDROMES,48.17,10.87,B17,4.0,28.0,250.0,55.0,,,55.0,VISUAL
40062,212541.0,1944-09-12,15,GERMANY,AIRDROME,AIR FIELDS AND AIRDROMES,48.17,10.87,B17,4.0,26.0,220.0,65.0,,,65.0,VISUAL
40065,212542.0,1944-09-12,15,GERMANY,AIRDROME,AIR FIELDS AND AIRDROMES,48.17,10.87,B24,4.0,27.0,205.0,,,47.0,47.0,NOT INDICATED
40047,212543.0,1944-09-12,15,GERMANY,AIRDROME,AIR FIELDS AND AIRDROMES,48.17,10.87,B24,4.0,21.0,230.0,50.0,,,50.0,NOT INDICATED
40048,212544.0,1944-09-12,15,GERMANY,AIRDROME,AIR FIELDS AND AIRDROMES,48.17,10.87,B24,4.0,28.0,230.0,67.0,,,67.0,NOT INDICATED
40054,212545.0,1944-09-12,15,GERMANY,AIRDROME,AIR FIELDS AND AIRDROMES,48.17,10.87,B24,4.0,24.0,228.0,,,55.0,55.0,NOT INDICATED
40079,212546.0,1944-09-12,9,GERMANY,SUPPLY DUMP,SUPPLY DUMPS AND WAREHOUSES,52.13,11.63,B17,4.0,12.0,253.0,30.0,,,30.0,VISUAL
40070,212547.0,1944-09-12,9,GERMANY,SUPPLY DUMP,SUPPLY DUMPS AND WAREHOUSES,52.13,11.63,B17,4.0,10.0,259.0,25.0,,,25.0,VISUAL
40085,212548.0,1944-09-12,9,GERMANY,SUPPLY DUMP,SUPPLY DUMPS AND WAREHOUSES,52.13,11.63,B17,4.0,12.0,244.0,29.0,,,29.0,VISUAL
40076,212549.0,1944-09-12,9,GERMANY,SUPPLY DUMP,SUPPLY DUMPS AND WAREHOUSES,52.13,11.63,B17,4.0,11.0,254.0,28.0,,,28.0,VISUAL
40073,212550.0,1944-09-12,9,GERMANY,SUPPLY DUMP,SUPPLY DUMPS AND WAREHOUSES,52.13,11.63,B17,4.0,13.0,257.0,1.0,17.0,,18.0,VISUAL
40082,212551.0,1944-09-12,9,GERMANY,SUPPLY DUMP,SUPPLY DUMPS AND WAREHOUSES,52.13,11.63,B17,4.0,12.0,248.0,2.0,16.0,,18.0,VISUAL
40406,212552.0,1944-09-12,9,GERMANY,FORTIFIED ZONE,TACTICAL TARGETS: (UNIDENTIFIED OR NOT LISTED BELOW),51.18,9.01,A26,,,115.0,20.0,,,20.0,VISUAL
40407,212553.0,1944-09-12,9,GERMANY,FORTIFIED ZONE,TACTICAL TARGETS: (UNIDENTIFIED OR NOT LISTED BELOW),51.18,9.01,B26,,,115.0,70.0,,,70.0,VISUAL
40415,212554.0,1944-09-12,9,GERMANY,FORTIFIED ZONE,TACTICAL TARGETS: (UNIDENTIFIED OR NOT LISTED BELOW),51.18,9.01,B26,,,11.0,58.0,,,58.0,VISUAL
40413,212555.0,1944-09-12,9,GERMANY,FORTIFIED ZONE,TACTICAL TARGETS: (UNIDENTIFIED OR NOT LISTED BELOW),51.18,9.01,B26,,,105.0,72.0,,,72.0,VISUAL
40408,212571.0,1944-09-12,9,GERMANY,FORTIFIED ZONE,TACTICAL TARGETS: (UNIDENTIFIED OR NOT LISTED BELOW),51.18,9.01,A26,,,115.0,20.0,,,20.0,VISUAL
40409,212572.0,1944-09-12,9,GERMANY,FORTIFIED ZONE,TACTICAL TARGETS: (UNIDENTIFIED OR NOT LISTED BELOW),51.18,9.01,B26,,,115.0,70.0,,,70.0,VISUAL
40411,212573.0,1944-09-12,9,GERMANY,FORTIFIED ZONE,TACTICAL TARGETS: (UNIDENTIFIED OR NOT LISTED BELOW),51.18,9.01,B26,,,110.0,58.0,,,58.0,VISUAL
40414,212574.0,1944-09-12,9,GERMANY,FORTIFIED ZONE,TACTICAL TARGETS: (UNIDENTIFIED OR NOT LISTED BELOW),51.18,9.01,B26,,,105.0,72.0,,,72.0,VISUAL
40080,212586.0,1944-09-12,9,GERMANY,SUPPLY DUMP,SUPPLY DUMPS AND WAREHOUSES,52.13,11.63,B17,4.0,12.0,253.0,30.0,,,30.0,VISUAL
40071,212587.0,1944-09-12,9,GERMANY,SUPPLY DUMP,SUPPLY DUMPS AND WAREHOUSES,52.13,11.63,B17,4.0,10.0,259.0,25.0,,,25.0,VISUAL
40086,212588.0,1944-09-12,9,GERMANY,SUPPLY DUMP,SUPPLY DUMPS AND WAREHOUSES,52.13,11.63,B17,4.0,12.0,244.0,29.0,,,29.0,VISUAL
40077,212589.0,1944-09-12,9,GERMANY,SUPPLY DUMP,SUPPLY DUMPS AND WAREHOUSES,52.13,11.63,B17,4.0,11.0,254.0,28.0,,,28.0,VISUAL
40074,212590.0,1944-09-12,9,GERMANY,SUPPLY DUMP,SUPPLY DUMPS AND WAREHOUSES,52.13,11.63,B17,4.0,13.0,257.0,1.0,17.0,,18.0,VISUAL
40083,212591.0,1944-09-12,9,GERMANY,SUPPLY DUMP,SUPPLY DUMPS AND WAREHOUSES,52.13,11.63,B17,4.0,12.0,248.0,2.0,16.0,,18.0,VISUAL
40044,212592.0,1944-09-12,15,GERMANY,AIRDROME,AIR FIELDS AND AIRDROMES,48.17,10.87,B17,4.0,28.0,242.0,70.0,,,70.0,NOT INDICATED
40057,212593.0,1944-09-12,15,GERMANY,AIRDROME,AIR FIELDS AND AIRDROMES,48.17,10.87,B17,4.0,27.0,228.0,68.0,,,68.0,NOT INDICATED
40031,212594.0,1944-09-12,15,GERMANY,AIRDROME,AIR FIELDS AND AIRDROMES,48.17,10.87,B17,4.0,27.0,270.0,53.0,,,53.0,NOT INDICATED
40060,212595.0,1944-09-12,15,GERMANY,AIRDROME,AIR FIELDS AND AIRDROMES,48.17,10.87,B17,4.0,27.0,226.0,68.0,,,68.0,NOT INDICATED
40051,212596.0,1944-09-12,15,GERMANY,AIRDROME,AIR FIELDS AND AIRDROMES,48.17,10.87,B17,4.0,28.0,230.0,55.0,,,55.0,VISUAL
40063,212597.0,1944-09-12,15,GERMANY,AIRDROME,AIR FIELDS AND AIRDROMES,48.17,10.87,B17,4.0,26.0,220.0,65.0,,,65.0,VISUAL
40066,212598.0,1944-09-12,15,GERMANY,AIRDROME,AIR FIELDS AND AIRDROMES,48.17,10.87,B24,4.0,27.0,205.0,,,47.0,47.0,NOT INDICATED
40049,212599.0,1944-09-12,15,GERMANY,AIRDROME,AIR FIELDS AND AIRDROMES,48.17,10.87,B24,4.0,21.0,230.0,50.0,,,50.0,NOT INDICATED
40050,212600.0,1944-09-12,15,GERMANY,AIRDROME,AIR FIELDS AND AIRDROMES,48.17,10.87,B24,4.0,28.0,230.0,67.0,,,67.0,NOT INDICATED
40055,212601.0,1944-09-12,15,GERMANY,AIRDROME,AIR FIELDS AND AIRDROMES,48.17,10.87,B24,4.0,24.0,228.0,,,55.0,55.0,NOT INDICATED
40447,300051.0,1944-09-12,8,GERMANY,SYN RUBBER PLT,SYNTHETIC RUBBER MFG.,50.55,9.67,B17,1.0,2.0,251.0,2.0,,,2.0,VISUAL
40469,300052.0,1944-09-12,8,GERMANY,SYN RUBBER PLT,SYNTHETIC RUBBER MFG.,50.55,9.67,B17,1.0,11.0,220.0,28.0,,,28.0,VISUAL
40441,300053.0,1944-09-12,8,GERMANY,SYN RUBBER PLT,SYNTHETIC RUBBER MFG.,50.55,9.67,B17,1.0,12.0,255.0,30.0,,,30.0,VISUAL
40448,300054.0,1944-09-12,8,GERMANY,SYN RUBBER PLT,SYNTHETIC RUBBER MFG.,50.55,9.67,B17,1.0,5.0,251.0,13.0,,,13.0,VISUAL
40451,300055.0,1944-09-12,8,GERMANY,SYN RUBBER PLT,SYNTHETIC RUBBER MFG.,50.55,9.67,B17,1.0,11.0,250.0,28.0,,,28.0,VISUAL
40476,300056.0,1944-09-12,8,GERMANY,SYN RUBBER PLT,SYNTHETIC RUBBER MFG.,50.55,9.67,B17,1.0,1.0,,3.0,,,3.0,NOT INDICATED
41686,109669.0,1944-09-13,8,GERMANY,BMW AERO ENGINES,ENGINE PLANTS,50.97,10.33,B17,3.0,5.0,,11.0,,,11.0,NOT INDICATED
41677,109670.0,1944-09-13,8,GERMANY,BMW AERO ENGINES,ENGINE PLANTS,50.97,10.33,B17,3.0,7.0,291.0,18.0,,,18.0,VISUAL
41630,109671.0,1944-09-13,15,CZECHOSLOVAKIA,MFG INSTALLATION,MANUFACTURING INSTALLATIONS (NOT SPECIFICALLY IDENTIFIED BELOW FROM CLASS 11 THROUGH 59),49.0,17.0,B17,2.0,1.0,,3.0,,,3.0,NOT INDICATED
41611,109679.0,1944-09-13,15,GERMANY,OIL REFINERY SYNTHETIC,SYNTHETIC OIL REFINERIES,50.33,18.3,B17,4.0,27.0,270.0,80.0,,,80.0,F.F.F.
41607,109680.0,1944-09-13,15,GERMANY,OIL REFINERY SYNTHETIC,SYNTHETIC OIL REFINERIES,50.33,18.3,B17,4.0,23.0,285.0,45.0,,,45.0,NOT INDICATED
41609,109682.0,1944-09-13,15,GERMANY,OIL REFINERY SYNTHETIC,SYNTHETIC OIL REFINERIES,50.33,18.3,B17,4.0,18.0,274.0,36.0,,,36.0,NOT INDICATED
41617,109683.0,1944-09-13,15,GERMANY,OIL REFINERY SYNTHETIC,SYNTHETIC OIL REFINERIES,50.33,18.3,B17,4.0,27.0,255.0,72.0,,,72.0,NOT INDICATED
41613,109684.0,1944-09-13,15,GERMANY,OIL REFINERY SYNTHETIC,SYNTHETIC OIL REFINERIES,50.33,18.3,B17,4.0,18.0,260.0,53.0,,,53.0,F.F.F.
41614,109685.0,1944-09-13,15,GERMANY,OIL REFINERY SYNTHETIC,SYNTHETIC OIL REFINERIES,50.33,18.3,B17,4.0,3.0,260.0,6.0,,,6.0,NOT INDICATED
41671,109688.0,1944-09-13,9,GERMANY,WINTERSHALL SYN OIL,OIL REFINERIES,51.3,11.85,B17,,,,27.0,,,27.0,NOT INDICATED
41639,109689.0,1944-09-13,9,GERMANY,WINTERSHALL SYN OIL,OIL REFINERIES,51.3,11.85,B17,4.0,12.0,285.0,30.0,,,30.0,VISUAL
41643,109690.0,1944-09-13,9,GERMANY,WINTERSHALL SYN OIL,OIL REFINERIES,51.3,11.85,B17,4.0,7.0,282.0,18.0,,,18.0,VISUAL
41636,109691.0,1944-09-13,9,GERMANY,WINTERSHALL SYN OIL,OIL REFINERIES,51.3,11.85,B17,4.0,12.0,292.0,27.0,,,27.0,VISUAL
41645,109692.0,1944-09-13,9,GERMANY,WINTERSHALL SYN OIL,OIL REFINERIES,51.3,11.85,B17,4.0,10.0,279.0,25.0,,,25.0,VISUAL
41640,109693.0,1944-09-13,9,GERMANY,WINTERSHALL SYN OIL,OIL REFINERIES,51.3,11.85,B17,4.0,11.0,285.0,28.0,,,28.0,VISUAL
41634,109694.0,1944-09-13,9,GERMANY,WINTERSHALL SYN OIL,OIL REFINERIES,51.3,11.85,B17,4.0,12.0,298.0,3.0,,,3.0,VISUAL
41621,109714.0,1944-09-13,15,POLAND,OIL REFINERY SYNTHETIC,SYNTHETIC OIL REFINERIES,50.03,19.23,B24,4.0,25.0,230.0,63.0,,,63.0,F.F.F.
41625,109715.0,1944-09-13,15,POLAND,OIL REFINERY SYNTHETIC,SYNTHETIC OIL REFINERIES,50.03,19.23,B24,4.0,24.0,210.0,59.0,,,59.0,NOT INDICATED
41623,109716.0,1944-09-13,15,POLAND,OIL REFINERY SYNTHETIC,SYNTHETIC OIL REFINERIES,50.03,19.23,B24,4.0,27.0,223.0,65.0,,,65.0,NOT INDICATED
41619,109717.0,1944-09-13,15,POLAND,OIL REFINERY SYNTHETIC,SYNTHETIC OIL REFINERIES,50.03,19.23,B24,4.0,20.0,240.0,50.0,,,50.0,VISUAL
41689,109732.0,1944-09-13,8,GERMANY,TACTICAL TARGET,TACTICAL TARGETS: (UNIDENTIFIED OR NOT LISTED BELOW),51.3,11.85,B17,4.0,1.0,,3.0,,,3.0,NOT INDICATED
41648,109788.0,1944-09-13,9,FRANCE,UNIDENTIFIED TARGET,UNIDENTIFIED TARGETS,48.4,-4.5,B17,4.0,11.0,260.0,28.0,,,28.0,VISUAL
41684,109791.0,1944-09-13,8,GERMANY,UNIDENTIFIED TARGET,UNIDENTIFIED TARGETS,50.15,8.98,B17,2.0,7.0,235.0,18.0,,,18.0,VISUAL
41664,109792.0,1944-09-13,9,GERMANY,UNIDENTIFIED TARGET,UNIDENTIFIED TARGETS,50.55,9.67,B17,2.0,2.0,,5.0,,,5.0,NOT INDICATED
41680,109793.0,1944-09-13,8,GERMANY,UNIDENTIFIED TARGET,UNIDENTIFIED TARGETS,50.88,12.1,B17,3.0,11.0,290.0,28.0,,,28.0,VISUAL
41692,109794.0,1944-09-13,8,GERMANY,UNIDENTIFIED TARGET,UNIDENTIFIED TARGETS,51.35,12.0,B17,2.0,1.0,,3.0,,,3.0,NOT INDICATED
41668,109796.0,1944-09-13,9,GERMANY,CITY AREA,CITIES TOWNS AND URBAN AREAS,51.33,12.38,B17,2.0,1.0,,3.0,,,3.0,NOT INDICATED
41687,173367.0,1944-09-13,8,GERMANY,BMW AERO ENGINES,ENGINE PLANTS,50.97,10.33,B17,3.0,5.0,,11.0,,,11.0,NOT INDICATED
41678,173368.0,1944-09-13,8,GERMANY,BMW AERO ENGINES,ENGINE PLANTS,50.97,10.33,B17,3.0,7.0,291.0,18.0,,,18.0,VISUAL
41649,173369.0,1944-09-13,9,FRANCE,UNIDENTIFIED TARGET,UNIDENTIFIED TARGETS,48.4,-4.5,B17,4.0,11.0,260.0,28.0,,,28.0,VISUAL
41685,173370.0,1944-09-13,8,GERMANY,UNIDENTIFIED TARGET,UNIDENTIFIED TARGETS,50.15,8.98,B17,2.0,7.0,235.0,18.0,,,18.0,VISUAL
41665,173371.0,1944-09-13,9,GERMANY,UNIDENTIFIED TARGET,UNIDENTIFIED TARGETS,50.55,9.67,B17,2.0,2.0,,5.0,,,5.0,NOT INDICATED
41681,173372.0,1944-09-13,8,GERMANY,UNIDENTIFIED TARGET,UNIDENTIFIED TARGETS,50.88,12.1,B17,3.0,11.0,290.0,28.0,,,28.0,VISUAL
41693,173373.0,1944-09-13,8,GERMANY,UNIDENTIFIED TARGET,UNIDENTIFIED TARGETS,51.35,12.0,B17,2.0,1.0,,3.0,,,3.0,NOT INDICATED
41669,173383.0,1944-09-13,9,GERMANY,CITY AREA,CITIES TOWNS AND URBAN AREAS,51.33,12.38,B17,2.0,1.0,,3.0,,,3.0,NOT INDICATED
41670,173387.0,1944-09-13,9,GERMANY,CITY AREA,CITIES TOWNS AND URBAN AREAS,51.33,12.38,B17,2.0,1.0,,3.0,,,3.0,NOT INDICATED
41631,173395.0,1944-09-13,15,CZECHOSLOVAKIA,MFG INSTALLATION,MANUFACTURING INSTALLATIONS (NOT SPECIFICALLY IDENTIFIED BELOW FROM CLASS 11 THROUGH 59),49.0,17.0,B17,2.0,1.0,,3.0,,,3.0,NOT INDICATED
41632,173396.0,1944-09-13,15,CZECHOSLOVAKIA,MFG INSTALLATION,MANUFACTURING INSTALLATIONS (NOT SPECIFICALLY IDENTIFIED BELOW FROM CLASS 11 THROUGH 59),49.0,17.0,B17,2.0,1.0,,3.0,,,3.0,NOT INDICATED
41650,173397.0,1944-09-13,9,FRANCE,UNIDENTIFIED TARGET,UNIDENTIFIED TARGETS,48.4,-4.5,B17,4.0,11.0,260.0,28.0,,,28.0,VISUAL
41666,173398.0,1944-09-13,9,GERMANY,UNIDENTIFIED TARGET,UNIDENTIFIED TARGETS,50.55,9.67,B17,2.0,2.0,,5.0,,,5.0,NOT INDICATED
41682,173399.0,1944-09-13,8,GERMANY,UNIDENTIFIED TARGET,UNIDENTIFIED TARGETS,50.88,12.1,B17,3.0,11.0,290.0,28.0,,,28.0,VISUAL
41694,173400.0,1944-09-13,8,GERMANY,UNIDENTIFIED TARGET,UNIDENTIFIED TARGETS,51.35,12.0,B17,2.0,1.0,,3.0,,,3.0,NOT INDICATED
41688,173414.0,1944-09-13,8,GERMANY,BMW AERO ENGINES,ENGINE PLANTS,50.97,10.33,B17,3.0,5.0,,11.0,,,11.0,NOT INDICATED
41679,173415.0,1944-09-13,8,GERMANY,BMW AERO ENGINES,ENGINE PLANTS,50.97,10.33,B17,3.0,7.0,291.0,18.0,,,18.0,VISUAL
41612,173469.0,1944-09-13,15,GERMANY,OIL REFINERY SYNTHETIC,SYNTHETIC OIL REFINERIES,50.33,18.3,B17,4.0,27.0,270.0,80.0,,,80.0,F.F.F.
41608,173470.0,1944-09-13,15,GERMANY,OIL REFINERY SYNTHETIC,SYNTHETIC OIL REFINERIES,50.33,18.3,B17,4.0,23.0,285.0,45.0,,,45.0,NOT INDICATED
41610,173471.0,1944-09-13,15,GERMANY,OIL REFINERY SYNTHETIC,SYNTHETIC OIL REFINERIES,50.33,18.3,B17,4.0,18.0,274.0,36.0,,,36.0,NOT INDICATED
41618,173472.0,1944-09-13,15,GERMANY,OIL REFINERY SYNTHETIC,SYNTHETIC OIL REFINERIES,50.33,18.3,B17,4.0,27.0,255.0,72.0,,,72.0,NOT INDICATED
41615,173473.0,1944-09-13,15,GERMANY,OIL REFINERY SYNTHETIC,SYNTHETIC OIL REFINERIES,50.33,18.3,B17,4.0,18.0,260.0,53.0,,,53.0,F.F.F.
41616,173474.0,1944-09-13,15,GERMANY,OIL REFINERY SYNTHETIC,SYNTHETIC OIL REFINERIES,50.33,18.3,B17,4.0,3.0,260.0,6.0,,,6.0,NOT INDICATED
41672,173475.0,1944-09-13,9,GERMANY,WINTERSHALL SYN OIL,OIL REFINERIES,51.3,11.85,B17,,,,27.0,,,27.0,NOT INDICATED
41641,173476.0,1944-09-13,9,GERMANY,WINTERSHALL SYN OIL,OIL REFINERIES,51.3,11.85,B17,4.0,12.0,285.0,30.0,,,30.0,VISUAL
41644,173477.0,1944-09-13,9,GERMANY,WINTERSHALL SYN OIL,OIL REFINERIES,51.3,11.85,B17,4.0,7.0,282.0,18.0,,,18.0,VISUAL
41637,173478.0,1944-09-13,9,GERMANY,WINTERSHALL SYN OIL,OIL REFINERIES,51.3,11.85,B17,4.0,12.0,292.0,27.0,,,27.0,VISUAL
41646,173479.0,1944-09-13,9,GERMANY,WINTERSHALL SYN OIL,OIL REFINERIES,51.3,11.85,B17,4.0,10.0,279.0,25.0,,,25.0,VISUAL
41642,173480.0,1944-09-13,9,GERMANY,WINTERSHALL SYN OIL,OIL REFINERIES,51.3,11.85,B17,4.0,11.0,285.0,28.0,,,28.0,VISUAL
41635,173481.0,1944-09-13,9,GERMANY,WINTERSHALL SYN OIL,OIL REFINERIES,51.3,11.85,B17,4.0,12.0,298.0,3.0,,,3.0,VISUAL
41622,173500.0,1944-09-13,15,POLAND,OIL REFINERY SYNTHETIC,SYNTHETIC OIL REFINERIES,50.03,19.23,B24,4.0,25.0,230.0,63.0,,,63.0,F.F.F.
41626,173501.0,1944-09-13,15,POLAND,OIL REFINERY SYNTHETIC,SYNTHETIC OIL REFINERIES,50.03,19.23,B24,4.0,24.0,210.0,59.0,,,59.0,NOT INDICATED
41624,173502.0,1944-09-13,15,POLAND,OIL REFINERY SYNTHETIC,SYNTHETIC OIL REFINERIES,50.03,19.23,B24,4.0,27.0,223.0,65.0,,,65.0,NOT INDICATED
41620,173503.0,1944-09-13,15,POLAND,OIL REFINERY SYNTHETIC,SYNTHETIC OIL REFINERIES,50.03,19.23,B24,4.0,20.0,240.0,50.0,,,50.0,VISUAL
41628,173504.0,1944-09-13,15,CZECHOSLOVAKIA,MARSHALLING YARDS,"""RR INSTALLATIONS,  TRACKS,  MARSHALLING YARDS,  AND STATIONS""",49.12,18.92,B17,2.0,7.0,,14.0,,,14.0,NOT INDICATED
41660,173505.0,1944-09-13,9,GERMANY,MARSHALLING YARD,"""RR INSTALLATIONS,  TRACKS,  MARSHALLING YARDS,  AND STATIONS""",49.87,8.65,B17,3.0,2.0,,2.0,,,2.0,NOT INDICATED
41655,173506.0,1944-09-13,9,GERMANY,MARSHALLING YARD,"""RR INSTALLATIONS,  TRACKS,  MARSHALLING YARDS,  AND STATIONS""",49.87,8.65,B17,3.0,10.0,251.0,29.0,,,29.0,VISUAL
41656,173507.0,1944-09-13,9,GERMANY,MARSHALLING YARD,"""RR INSTALLATIONS,  TRACKS,  MARSHALLING YARDS,  AND STATIONS""",49.87,8.65,B17,3.0,12.0,251.0,36.0,,,36.0,VISUAL
41657,173508.0,1944-09-13,9,GERMANY,MARSHALLING YARD,"""RR INSTALLATIONS,  TRACKS,  MARSHALLING YARDS,  AND STATIONS""",49.87,8.65,B17,3.0,12.0,251.0,,36.0,,36.0,VISUAL
41659,173509.0,1944-09-13,9,GERMANY,MARSHALLING YARD,"""RR INSTALLATIONS,  TRACKS,  MARSHALLING YARDS,  AND STATIONS""",49.87,8.65,B24,2.0,3.0,,8.0,,,8.0,NOT INDICATED
41661,173510.0,1944-09-13,9,GERMANY,MARSHALLING YARD,"""RR INSTALLATIONS,  TRACKS,  MARSHALLING YARDS,  AND STATIONS""",49.87,8.65,B17,1.0,2.0,,3.0,,,3.0,NOT INDICATED
41652,173511.0,1944-09-13,9,GERMANY,MARSHALLING YARD,"""RR INSTALLATIONS,  TRACKS,  MARSHALLING YARDS,  AND STATIONS""",49.87,8.65,B17,1.0,8.0,257.0,24.0,,,24.0,VISUAL
41658,173512.0,1944-09-13,9,GERMANY,MARSHALLING YARD,"""RR INSTALLATIONS,  TRACKS,  MARSHALLING YARDS,  AND STATIONS""",49.87,8.65,B17,1.0,12.0,248.0,34.0,,,34.0,VISUAL
41662,173513.0,1944-09-13,9,GERMANY,MARSHALLING YARD,"""RR INSTALLATIONS,  TRACKS,  MARSHALLING YARDS,  AND STATIONS""",49.87,8.65,B17,1.0,1.0,,3.0,,,3.0,NOT INDICATED
41663,173514.0,1944-09-13,9,GERMANY,MARSHALLING YARD,"""RR INSTALLATIONS,  TRACKS,  MARSHALLING YARDS,  AND STATIONS""",49.87,8.65,B17,1.0,1.0,,1.0,,,1.0,NOT INDICATED
41653,173515.0,1944-09-13,9,GERMANY,MARSHALLING YARD,"""RR INSTALLATIONS,  TRACKS,  MARSHALLING YARDS,  AND STATIONS""",49.87,8.65,B17,1.0,10.0,255.0,30.0,,,30.0,F.F.F.
41647,173516.0,1944-09-13,9,GERMANY,MARSHALLING YARD,"""RR INSTALLATIONS,  TRACKS,  MARSHALLING YARDS,  AND STATIONS""",49.87,8.65,B17,1.0,12.0,265.0,36.0,,,36.0,F.F.F.
41654,173517.0,1944-09-13,9,GERMANY,MARSHALLING YARD,"""RR INSTALLATIONS,  TRACKS,  MARSHALLING YARDS,  AND STATIONS""",49.87,8.65,B17,1.0,13.0,252.0,,36.0,,36.0,F.F.F.
41638,173518.0,1944-09-13,9,GERMANY,MARSHALLING YARD,"""RR INSTALLATIONS,  TRACKS,  MARSHALLING YARDS,  AND STATIONS""",50.6,8.68,B17,3.0,8.0,285.0,20.0,,,20.0,VISUAL
41651,173519.0,1944-09-13,9,GERMANY,MARSHALLING YARD,"""RR INSTALLATIONS,  TRACKS,  MARSHALLING YARDS,  AND STATIONS""",50.6,8.68,B17,3.0,10.0,260.0,23.0,,,23.0,VISUAL
41667,173520.0,1944-09-13,9,GERMANY,MARSHALLING YARD,"""RR INSTALLATIONS,  TRACKS,  MARSHALLING YARDS,  AND STATIONS""",50.6,8.68,B17,2.0,1.0,,3.0,,,3.0,NOT INDICATED
41629,173533.0,1944-09-13,15,POLAND,MARSHALLING YARDS,"""RR INSTALLATIONS,  TRACKS,  MARSHALLING YARDS,  AND STATIONS""",49.88,19.48,B17,2.0,25.0,,75.0,,,75.0,NOT INDICATED
41683,192470.0,1944-09-13,8,GERMANY,UNIDENTIFIED TARGET,UNIDENTIFIED TARGETS,50.15,8.98,B17,2.0,7.0,235.0,18.0,,,18.0,VISUAL
41690,212610.0,1944-09-13,8,GERMANY,TACTICAL TARGET,TACTICAL TARGETS: (UNIDENTIFIED OR NOT LISTED BELOW),51.3,11.85,B17,4.0,1.0,,3.0,,,3.0,NOT INDICATED
41691,212633.0,1944-09-13,8,GERMANY,TACTICAL TARGET,TACTICAL TARGETS: (UNIDENTIFIED OR NOT LISTED BELOW),51.3,11.85,B17,4.0,1.0,,3.0,,,3.0,NOT INDICATED
42835,109797.0,1944-09-14,9,FRANCE,STRONG POINTS,TACTICAL TARGETS: (UNIDENTIFIED OR NOT LISTED BELOW),48.4,-4.5,A26,,,37.0,24.0,,,24.0,VISUAL
42826,109798.0,1944-09-14,9,FRANCE,STRONG POINTS,TACTICAL TARGETS: (UNIDENTIFIED OR NOT LISTED BELOW),48.4,-4.5,B26,,,118.0,42.0,,,42.0,VISUAL
42843,109799.0,1944-09-14,9,FRANCE,STRONG POINTS,TACTICAL TARGETS: (UNIDENTIFIED OR NOT LISTED BELOW),48.4,-4.5,B26,,,,72.0,,,72.0,VISUAL
42833,109800.0,1944-09-14,9,FRANCE,STRONG POINTS,TACTICAL TARGETS: (UNIDENTIFIED OR NOT LISTED BELOW),48.4,-4.5,A20,,,40.0,6.0,,,6.0,VISUAL
42829,109812.0,1944-09-14,9,FRANCE,CITY AREA,CITIES TOWNS AND URBAN AREAS,48.4,-4.5,B26,,,108.0,72.0,,,72.0,VISUAL
42838,109813.0,1944-09-14,9,FRANCE,CITY AREA,CITIES TOWNS AND URBAN AREAS,48.4,-4.5,B26,,,35.0,69.0,,,69.0,VISUAL
42830,109814.0,1944-09-14,9,FRANCE,CITY AREA,CITIES TOWNS AND URBAN AREAS,48.4,-4.5,B26,,,108.0,72.0,,,72.0,VISUAL
42839,109815.0,1944-09-14,9,FRANCE,CITY AREA,CITIES TOWNS AND URBAN AREAS,48.4,-4.5,B26,,,35.0,69.0,,,69.0,VISUAL
42831,173534.0,1944-09-14,9,FRANCE,CITY AREA,CITIES TOWNS AND URBAN AREAS,48.4,-4.5,B26,,,108.0,72.0,,,72.0,VISUAL
42840,173535.0,1944-09-14,9,FRANCE,CITY AREA,CITIES TOWNS AND URBAN AREAS,48.4,-4.5,B26,,,35.0,69.0,,,69.0,VISUAL
42832,173536.0,1944-09-14,9,FRANCE,CITY AREA,CITIES TOWNS AND URBAN AREAS,48.4,-4.5,B26,,,108.0,72.0,,,72.0,VISUAL
42841,173537.0,1944-09-14,9,FRANCE,CITY AREA,CITIES TOWNS AND URBAN AREAS,48.4,-4.5,B26,,,35.0,69.0,,,69.0,VISUAL
42836,212646.0,1944-09-14,9,FRANCE,STRONG POINTS,TACTICAL TARGETS: (UNIDENTIFIED OR NOT LISTED BELOW),48.4,-4.5,A26,,,37.0,24.0,,,24.0,VISUAL
42827,212647.0,1944-09-14,9,FRANCE,STRONG POINTS,TACTICAL TARGETS: (UNIDENTIFIED OR NOT LISTED BELOW),48.4,-4.5,B26,,,118.0,42.0,,,42.0,VISUAL
42844,212648.0,1944-09-14,9,FRANCE,STRONG POINTS,TACTICAL TARGETS: (UNIDENTIFIED OR NOT LISTED BELOW),48.4,-4.5,B26,,,,72.0,,,72.0,VISUAL
42842,212649.0,1944-09-14,9,FRANCE,STRONG POINTS,TACTICAL TARGETS: (UNIDENTIFIED OR NOT LISTED BELOW),48.4,-4.5,A20,,,4.0,6.0,,,6.0,VISUAL
42837,212655.0,1944-09-14,9,FRANCE,STRONG POINTS,TACTICAL TARGETS: (UNIDENTIFIED OR NOT LISTED BELOW),48.4,-4.5,A26,,,37.0,24.0,,,24.0,VISUAL
42828,212656.0,1944-09-14,9,FRANCE,STRONG POINTS,TACTICAL TARGETS: (UNIDENTIFIED OR NOT LISTED BELOW),48.4,-4.5,B26,,,118.0,42.0,,,42.0,VISUAL
42845,212657.0,1944-09-14,9,FRANCE,STRONG POINTS,TACTICAL TARGETS: (UNIDENTIFIED OR NOT LISTED BELOW),48.4,-4.5,B26,,,,72.0,,,72.0,VISUAL
42834,212658.0,1944-09-14,9,FRANCE,STRONG POINTS,TACTICAL TARGETS: (UNIDENTIFIED OR NOT LISTED BELOW),48.4,-4.5,A20,,,40.0,6.0,,,6.0,VISUAL
45950,173627.0,1944-09-19,9,GERMANY,BRIDGE,BRIDGES,50.35,7.6,B17,2.0,13.0,248.0,39.0,,,39.0,VISUAL
45954,173628.0,1944-09-19,9,GERMANY,MARSHALLING YARD,"""RR INSTALLATIONS,  TRACKS,  MARSHALLING YARDS,  AND STATIONS""",50.35,7.6,B17,2.0,5.0,,5.0,,,5.0,NOT INDICATED
45945,173629.0,1944-09-19,9,GERMANY,MARSHALLING YARD,"""RR INSTALLATIONS,  TRACKS,  MARSHALLING YARDS,  AND STATIONS""",50.35,7.6,B17,2.0,11.0,258.0,33.0,,,33.0,VISUAL
45941,173630.0,1944-09-19,9,GERMANY,MARSHALLING YARD,"""RR INSTALLATIONS,  TRACKS,  MARSHALLING YARDS,  AND STATIONS""",50.35,7.6,B17,2.0,3.0,269.0,9.0,,,9.0,VISUAL
45948,173631.0,1944-09-19,9,GERMANY,MARSHALLING YARD,"""RR INSTALLATIONS,  TRACKS,  MARSHALLING YARDS,  AND STATIONS""",50.35,7.6,B17,2.0,10.0,254.0,30.0,,,30.0,VISUAL
45943,173632.0,1944-09-19,9,GERMANY,MARSHALLING YARD,"""RR INSTALLATIONS,  TRACKS,  MARSHALLING YARDS,  AND STATIONS""",50.35,7.6,B17,2.0,12.0,265.0,36.0,,,36.0,VISUAL
45946,173633.0,1944-09-19,9,GERMANY,MARSHALLING YARD,"""RR INSTALLATIONS,  TRACKS,  MARSHALLING YARDS,  AND STATIONS""",50.35,7.6,B17,2.0,11.0,258.0,33.0,,,33.0,VISUAL
45942,173634.0,1944-09-19,9,GERMANY,MARSHALLING YARD,"""RR INSTALLATIONS,  TRACKS,  MARSHALLING YARDS,  AND STATIONS""",50.35,7.6,B17,2.0,8.0,269.0,24.0,,,24.0,VISUAL
45951,173635.0,1944-09-19,9,GERMANY,MARSHALLING YARD,"""RR INSTALLATIONS,  TRACKS,  MARSHALLING YARDS,  AND STATIONS""",50.35,7.6,B17,2.0,12.0,248.0,33.0,,,33.0,VISUAL
45955,173636.0,1944-09-19,9,GERMANY,MARSHALLING YARD,"""RR INSTALLATIONS,  TRACKS,  MARSHALLING YARDS,  AND STATIONS""",49.87,8.65,B17,2.0,1.0,,1.0,,,1.0,NOT INDICATED
45952,173637.0,1944-09-19,9,GERMANY,MARSHALLING YARD,"""RR INSTALLATIONS,  TRACKS,  MARSHALLING YARDS,  AND STATIONS""",49.87,8.65,B17,2.0,11.0,245.0,33.0,,,33.0,VISUAL
45953,173638.0,1944-09-19,9,GERMANY,MARSHALLING YARD,"""RR INSTALLATIONS,  TRACKS,  MARSHALLING YARDS,  AND STATIONS""",49.87,8.65,B17,2.0,12.0,245.0,36.0,,,36.0,VISUAL
45956,173639.0,1944-09-19,9,GERMANY,MARSHALLING YARD,"""RR INSTALLATIONS,  TRACKS,  MARSHALLING YARDS,  AND STATIONS""",50.73,8.28,B17,2.0,2.0,,2.0,,,2.0,NOT INDICATED
45944,173640.0,1944-09-19,9,GERMANY,MARSHALLING YARD,"""RR INSTALLATIONS,  TRACKS,  MARSHALLING YARDS,  AND STATIONS""",50.73,8.28,B17,2.0,12.0,262.0,36.0,,,36.0,VISUAL
45947,173641.0,1944-09-19,9,GERMANY,MARSHALLING YARD,"""RR INSTALLATIONS,  TRACKS,  MARSHALLING YARDS,  AND STATIONS""",50.73,8.28,B17,2.0,11.0,257.0,33.0,,,33.0,VISUAL
45949,173642.0,1944-09-19,9,GERMANY,MARSHALLING YARD,"""RR INSTALLATIONS,  TRACKS,  MARSHALLING YARDS,  AND STATIONS""",50.73,8.28,B17,2.0,13.0,253.0,36.0,,,36.0,VISUAL
46752,110015.0,1944-09-20,15,CZECHOSLOVAKIA,APPOLLO OIL REFINERY,OIL REFINERIES,48.15,17.12,B24,4.0,28.0,212.0,68.0,,,68.0,NOT INDICATED
46766,110016.0,1944-09-20,15,CZECHOSLOVAKIA,APPOLLO OIL REFINERY,OIL REFINERIES,48.15,17.12,B24,4.0,28.0,193.0,69.0,,,69.0,NOT INDICATED
46754,110018.0,1944-09-20,15,CZECHOSLOVAKIA,AIRDROME,AIR FIELDS AND AIRDROMES,48.45,17.03,B24,4.0,28.0,210.0,,,395.0,395.0,VISUAL
46757,110019.0,1944-09-20,15,CZECHOSLOVAKIA,AIRDROME,AIR FIELDS AND AIRDROMES,48.45,17.03,B24,4.0,27.0,200.0,,,65.0,65.0,VISUAL
46763,110020.0,1944-09-20,15,CZECHOSLOVAKIA,AIRDROME,AIR FIELDS AND AIRDROMES,48.45,17.03,B24,4.0,30.0,195.0,,,59.0,59.0,NOT INDICATED
46760,110021.0,1944-09-20,15,CZECHOSLOVAKIA,MALACKY AD,AIR FIELDS AND AIRDROMES,48.15,17.12,B24,4.0,26.0,198.0,,,56.0,56.0,NOT INDICATED
46753,173690.0,1944-09-20,15,CZECHOSLOVAKIA,APPOLLO OIL REFINERY,OIL REFINERIES,48.15,17.12,B24,4.0,28.0,212.0,68.0,,,68.0,NOT INDICATED
46767,173691.0,1944-09-20,15,CZECHOSLOVAKIA,APPOLLO OIL REFINERY,OIL REFINERIES,48.15,17.12,B24,4.0,28.0,193.0,69.0,,,69.0,NOT INDICATED
46764,213009.0,1944-09-20,15,CZECHOSLOVAKIA,AIRDROME,AIR FIELDS AND AIRDROMES,48.45,17.03,B24,4.0,30.0,195.0,,,59.0,59.0,NOT INDICATED
46755,213010.0,1944-09-20,15,CZECHOSLOVAKIA,AIRDROME,AIR FIELDS AND AIRDROMES,48.45,17.03,B24,4.0,28.0,210.0,,,395.0,395.0,VISUAL
46758,213011.0,1944-09-20,15,CZECHOSLOVAKIA,AIRDROME,AIR FIELDS AND AIRDROMES,48.45,17.03,B24,4.0,27.0,200.0,,,65.0,65.0,VISUAL
46761,213012.0,1944-09-20,15,CZECHOSLOVAKIA,MALACKY AD,AIR FIELDS AND AIRDROMES,48.15,17.12,B24,4.0,26.0,198.0,,,56.0,56.0,NOT INDICATED
46762,213013.0,1944-09-20,15,CZECHOSLOVAKIA,MALACKY AD,AIR FIELDS AND AIRDROMES,48.15,17.12,B24,4.0,26.0,198.0,,,56.0,56.0,NOT INDICATED
46756,213014.0,1944-09-20,15,CZECHOSLOVAKIA,AIRDROME,AIR FIELDS AND AIRDROMES,48.45,17.03,B24,4.0,28.0,210.0,,,395.0,395.0,VISUAL
46759,213015.0,1944-09-20,15,CZECHOSLOVAKIA,AIRDROME,AIR FIELDS AND AIRDROMES,48.45,17.03,B24,4.0,27.0,200.0,,,65.0,65.0,VISUAL
46765,213016.0,1944-09-20,15,CZECHOSLOVAKIA,AIRDROME,AIR FIELDS AND AIRDROMES,48.45,17.03,B24,4.0,30.0,195.0,,,59.0,59.0,NOT INDICATED
47137,173734.0,1944-09-21,9,GERMANY,RR,"""RR INSTALLATIONS,  TRACKS,  MARSHALLING YARDS,  AND STATIONS""",50.4,10.02,B17,4.0,10.0,273.0,14.0,15.0,,29.0,VISUAL
47140,173735.0,1944-09-21,9,GERMANY,RR,"""RR INSTALLATIONS,  TRACKS,  MARSHALLING YARDS,  AND STATIONS""",50.4,10.02,B17,4.0,11.0,268.0,16.0,17.0,,33.0,VISUAL
47135,173736.0,1944-09-21,9,GERMANY,RR,"""RR INSTALLATIONS,  TRACKS,  MARSHALLING YARDS,  AND STATIONS""",50.4,10.02,B17,4.0,12.0,278.0,14.0,15.0,,29.0,VISUAL
47138,173737.0,1944-09-21,9,GERMANY,RR,"""RR INSTALLATIONS,  TRACKS,  MARSHALLING YARDS,  AND STATIONS""",50.4,10.02,B17,4.0,9.0,273.0,14.0,14.0,,28.0,VISUAL
47142,173738.0,1944-09-21,9,GERMANY,RR,"""RR INSTALLATIONS,  TRACKS,  MARSHALLING YARDS,  AND STATIONS""",50.4,10.02,B17,4.0,12.0,266.0,15.0,15.0,,30.0,VISUAL
47144,173739.0,1944-09-21,9,GERMANY,RR,"""RR INSTALLATIONS,  TRACKS,  MARSHALLING YARDS,  AND STATIONS""",50.4,10.02,B17,4.0,6.0,255.0,9.0,9.0,,18.0,VISUAL
47151,173740.0,1944-09-21,9,GERMANY,RR,"""RR INSTALLATIONS,  TRACKS,  MARSHALLING YARDS,  AND STATIONS""",50.4,10.02,B17,4.0,7.0,,11.0,11.0,,22.0,NOT INDICATED
47152,173741.0,1944-09-21,9,GERMANY,RR,"""RR INSTALLATIONS,  TRACKS,  MARSHALLING YARDS,  AND STATIONS""",50.4,10.02,B17,4.0,7.0,,11.0,11.0,,22.0,NOT INDICATED
47133,173742.0,1944-09-21,9,GERMANY,RR,"""RR INSTALLATIONS,  TRACKS,  MARSHALLING YARDS,  AND STATIONS""",50.4,10.02,B17,4.0,12.0,279.0,18.0,18.0,,36.0,VISUAL
47141,173743.0,1944-09-21,9,GERMANY,RR,"""RR INSTALLATIONS,  TRACKS,  MARSHALLING YARDS,  AND STATIONS""",50.4,10.02,B17,4.0,12.0,268.0,18.0,18.0,,36.0,VISUAL
47136,173744.0,1944-09-21,9,GERMANY,RR,"""RR INSTALLATIONS,  TRACKS,  MARSHALLING YARDS,  AND STATIONS""",50.4,10.02,B17,4.0,13.0,274.0,20.0,19.0,,39.0,VISUAL
47139,173745.0,1944-09-21,9,GERMANY,RR,"""RR INSTALLATIONS,  TRACKS,  MARSHALLING YARDS,  AND STATIONS""",50.4,10.02,B17,4.0,12.0,273.0,18.0,18.0,,36.0,VISUAL
47143,173746.0,1944-09-21,9,GERMANY,RR,"""RR INSTALLATIONS,  TRACKS,  MARSHALLING YARDS,  AND STATIONS""",50.4,10.02,B17,4.0,12.0,266.0,18.0,18.0,,36.0,VISUAL
47134,173747.0,1944-09-21,9,GERMANY,RR,"""RR INSTALLATIONS,  TRACKS,  MARSHALLING YARDS,  AND STATIONS""",50.4,10.02,B17,4.0,6.0,279.0,9.0,9.0,,18.0,VISUAL
47149,173748.0,1944-09-21,9,GERMANY,MARSHALLING YARD,"""RR INSTALLATIONS,  TRACKS,  MARSHALLING YARDS,  AND STATIONS""",50.35,7.6,B24,4.0,21.0,217.0,30.0,29.0,,59.0,F.F.F.
47146,173749.0,1944-09-21,9,GERMANY,MARSHALLING YARD,"""RR INSTALLATIONS,  TRACKS,  MARSHALLING YARDS,  AND STATIONS""",50.35,7.6,B24,4.0,21.0,225.0,29.0,27.0,,56.0,VISUAL
47150,173750.0,1944-09-21,9,GERMANY,MARSHALLING YARD,"""RR INSTALLATIONS,  TRACKS,  MARSHALLING YARDS,  AND STATIONS""",50.35,7.6,B24,4.0,30.0,212.0,43.0,42.0,,85.0,F.F.F.
47147,173751.0,1944-09-21,9,GERMANY,MARSHALLING YARD,"""RR INSTALLATIONS,  TRACKS,  MARSHALLING YARDS,  AND STATIONS""",50.35,7.6,B24,4.0,25.0,225.0,38.0,37.0,,75.0,F.F.F.
47148,173752.0,1944-09-21,9,GERMANY,MARSHALLING YARD,"""RR INSTALLATIONS,  TRACKS,  MARSHALLING YARDS,  AND STATIONS""",50.35,7.6,B24,4.0,22.0,222.0,30.0,28.0,,58.0,VISUAL
47153,173753.0,1944-09-21,9,GERMANY,MARSHALLING YARD,"""RR INSTALLATIONS,  TRACKS,  MARSHALLING YARDS,  AND STATIONS""",50.35,7.6,B24,4.0,1.0,,1.0,,,1.0,NOT INDICATED
47145,173754.0,1944-09-21,9,GERMANY,MARSHALLING YARD,"""RR INSTALLATIONS,  TRACKS,  MARSHALLING YARDS,  AND STATIONS""",50.35,7.6,B24,4.0,24.0,233.0,34.0,33.0,,67.0,F.F.F.
47600,110052.0,1944-09-22,15,GERMANY,BMW ENGINE WORKS,ENGINE PLANTS,48.13,11.58,B17,4.0,24.0,260.0,59.0,,,59.0,F.F.F.
48003,110053.0,1944-09-22,15,GERMANY,INDUSTRIAL CENTER,MANUFACTURING INSTALLATIONS (NOT SPECIFICALLY IDENTIFIED BELOW FROM CLASS 11 THROUGH 59),48.13,11.58,B17,4.0,26.0,256.0,77.0,,,77.0,NOT INDICATED
47594,110054.0,1944-09-22,15,GERMANY,INDUSTRIAL CENTER,MANUFACTURING INSTALLATIONS (NOT SPECIFICALLY IDENTIFIED BELOW FROM CLASS 11 THROUGH 59),48.13,11.58,B17,4.0,22.0,277.0,63.0,,,63.0,NOT INDICATED
48012,110055.0,1944-09-22,15,GERMANY,INDUSTRIAL CENTER,MANUFACTURING INSTALLATIONS (NOT SPECIFICALLY IDENTIFIED BELOW FROM CLASS 11 THROUGH 59),48.13,11.58,B24,3.0,26.0,230.0,66.0,,,65.0,F.F.F.
47597,110056.0,1944-09-22,15,GERMANY,INDUSTRIAL CENTER,MANUFACTURING INSTALLATIONS (NOT SPECIFICALLY IDENTIFIED BELOW FROM CLASS 11 THROUGH 59),48.13,11.58,B17,3.0,26.0,270.0,75.0,,,75.0,NOT INDICATED
48006,110057.0,1944-09-22,15,GERMANY,INDUSTRIAL CENTER,MANUFACTURING INSTALLATIONS (NOT SPECIFICALLY IDENTIFIED BELOW FROM CLASS 11 THROUGH 59),48.13,11.58,B17,3.0,26.0,250.0,75.0,,,75.0,F.F.F.
48015,110058.0,1944-09-22,15,GERMANY,RR SHOP,R.R. MANUFACTURING WORKS AND ROUNDHOUSES,48.13,11.58,B24,4.0,30.0,223.0,73.0,,,73.0,NOT INDICATED
48027,110072.0,1944-09-22,8,GERMANY,BMW AERO ENG PLANT,ENGINE PLANTS,48.17,11.58,B17,4.0,26.0,260.0,75.0,,,75.0,F.F.F.
48034,110073.0,1944-09-22,8,GERMANY,BMW AERO ENG PLANT,ENGINE PLANTS,48.17,11.58,B24,4.0,25.0,221.0,63.0,,,63.0,NOT INDICATED
48030,110074.0,1944-09-22,8,GERMANY,BMW AERO ENG PLANT,ENGINE PLANTS,48.17,11.58,B24,4.0,26.0,243.0,65.0,,,65.0,F.F.F.
48019,110075.0,1944-09-22,15,GERMANY,AIRDROME,AIR FIELDS AND AIRDROMES,48.13,11.58,B24,4.0,25.0,220.0,,,66.0,66.0,NOT INDICATED
48009,110076.0,1944-09-22,15,GERMANY,AIRDROME,AIR FIELDS AND AIRDROMES,48.13,11.58,B24,4.0,28.0,237.0,67.0,,,67.0,VISUAL
48021,110077.0,1944-09-22,15,GERMANY,AIRDROME,AIR FIELDS AND AIRDROMES,48.13,11.58,B24,4.0,29.0,210.0,,,62.0,62.0,VISUAL
48024,110078.0,1944-09-22,15,GERMANY,AIRDROME,AIR FIELDS AND AIRDROMES,48.13,11.58,B24,4.0,26.0,207.0,64.0,,,64.0,VISUAL
48016,110178.0,1944-09-22,15,GERMANY,RR SHOP,R.R. MANUFACTURING WORKS AND ROUNDHOUSES,48.13,11.58,B24,4.0,30.0,223.0,73.0,,,73.0,NOT INDICATED
48028,173772.0,1944-09-22,8,GERMANY,BMW AERO ENG PLANT,ENGINE PLANTS,48.17,11.58,B17,4.0,26.0,260.0,75.0,,,75.0,F.F.F.
48035,173773.0,1944-09-22,8,GERMANY,BMW AERO ENG PLANT,ENGINE PLANTS,48.17,11.58,B24,4.0,25.0,221.0,63.0,,,63.0,NOT INDICATED
48031,173774.0,1944-09-22,8,GERMANY,BMW AERO ENG PLANT,ENGINE PLANTS,48.17,11.58,B24,4.0,26.0,243.0,65.0,,,65.0,F.F.F.
48001,173775.0,1944-09-22,15,GERMANY,BMW ENGINE WORKS,ENGINE PLANTS,48.13,11.58,B17,4.0,24.0,260.0,59.0,,,59.0,F.F.F.
48018,173785.0,1944-09-22,15,GERMANY,RR SHOP,R.R. MANUFACTURING WORKS AND ROUNDHOUSES,48.13,11.58,B24,4.0,30.0,223.0,73.0,,,73.0,NOT INDICATED
48004,173786.0,1944-09-22,15,GERMANY,INDUSTRIAL CENTER,MANUFACTURING INSTALLATIONS (NOT SPECIFICALLY IDENTIFIED BELOW FROM CLASS 11 THROUGH 59),48.13,11.58,B17,4.0,26.0,256.0,77.0,,,77.0,NOT INDICATED
47595,173787.0,1944-09-22,15,GERMANY,INDUSTRIAL CENTER,MANUFACTURING INSTALLATIONS (NOT SPECIFICALLY IDENTIFIED BELOW FROM CLASS 11 THROUGH 59),48.13,11.58,B17,4.0,22.0,277.0,63.0,,,63.0,NOT INDICATED
48013,173788.0,1944-09-22,15,GERMANY,INDUSTRIAL CENTER,MANUFACTURING INSTALLATIONS (NOT SPECIFICALLY IDENTIFIED BELOW FROM CLASS 11 THROUGH 59),48.13,11.58,B24,3.0,26.0,230.0,65.0,,,65.0,F.F.F.
47598,173789.0,1944-09-22,15,GERMANY,INDUSTRIAL CENTER,MANUFACTURING INSTALLATIONS (NOT SPECIFICALLY IDENTIFIED BELOW FROM CLASS 11 THROUGH 59),48.13,11.58,B17,3.0,26.0,270.0,78.0,,,78.0,NOT INDICATED
48007,173790.0,1944-09-22,15,GERMANY,INDUSTRIAL CENTER,MANUFACTURING INSTALLATIONS (NOT SPECIFICALLY IDENTIFIED BELOW FROM CLASS 11 THROUGH 59),48.13,11.58,B17,3.0,26.0,250.0,75.0,,,75.0,F.F.F.
48005,173791.0,1944-09-22,15,GERMANY,INDUSTRIAL CENTER,MANUFACTURING INSTALLATIONS (NOT SPECIFICALLY IDENTIFIED BELOW FROM CLASS 11 THROUGH 59),48.13,11.58,B17,4.0,26.0,256.0,77.0,,,77.0,NOT INDICATED
47596,173792.0,1944-09-22,15,GERMANY,INDUSTRIAL CENTER,MANUFACTURING INSTALLATIONS (NOT SPECIFICALLY IDENTIFIED BELOW FROM CLASS 11 THROUGH 59),48.13,11.58,B17,4.0,22.0,277.0,63.0,,,63.0,NOT INDICATED
48014,173793.0,1944-09-22,15,GERMANY,INDUSTRIAL CENTER,MANUFACTURING INSTALLATIONS (NOT SPECIFICALLY IDENTIFIED BELOW FROM CLASS 11 THROUGH 59),48.13,11.58,B24,3.0,26.0,230.0,66.0,,,65.0,F.F.F.
47599,173794.0,1944-09-22,15,GERMANY,INDUSTRIAL CENTER,MANUFACTURING INSTALLATIONS (NOT SPECIFICALLY IDENTIFIED BELOW FROM CLASS 11 THROUGH 59),48.13,11.58,B17,3.0,26.0,270.0,75.0,,,75.0,NOT INDICATED
48008,173795.0,1944-09-22,15,GERMANY,INDUSTRIAL CENTER,MANUFACTURING INSTALLATIONS (NOT SPECIFICALLY IDENTIFIED BELOW FROM CLASS 11 THROUGH 59),48.13,11.58,B17,3.0,26.0,250.0,75.0,,,75.0,F.F.F.
48029,173804.0,1944-09-22,8,GERMANY,BMW AERO ENG PLANT,ENGINE PLANTS,48.17,11.58,B17,4.0,26.0,260.0,75.0,,,75.0,F.F.F.
48036,173805.0,1944-09-22,8,GERMANY,BMW AERO ENG PLANT,ENGINE PLANTS,48.17,11.58,B24,4.0,25.0,221.0,63.0,,,63.0,NOT INDICATED
48032,173806.0,1944-09-22,8,GERMANY,BMW AERO ENG PLANT,ENGINE PLANTS,48.17,11.58,B24,4.0,26.0,243.0,65.0,,,65.0,F.F.F.
48002,173807.0,1944-09-22,15,GERMANY,BMW ENGINE WORKS,ENGINE PLANTS,48.13,11.58,B17,4.0,24.0,260.0,59.0,,,59.0,F.F.F.
48033,173907.0,1944-09-22,8,GERMANY,BRIDGE,BRIDGES,51.32,9.47,B24,3.0,23.0,230.0,54.0,,,54.0,F.F.F.
48017,173913.0,1944-09-22,15,GERMANY,RR SHOP,R.R. MANUFACTURING WORKS AND ROUNDHOUSES,48.13,11.58,B24,4.0,30.0,223.0,73.0,,,73.0,NOT INDICATED
48020,213033.0,1944-09-22,15,GERMANY,AIRDROME,AIR FIELDS AND AIRDROMES,48.13,11.58,B24,4.0,25.0,220.0,,,66.0,66.0,NOT INDICATED
48010,213034.0,1944-09-22,15,GERMANY,AIRDROME,AIR FIELDS AND AIRDROMES,48.13,11.58,B24,4.0,28.0,237.0,67.0,,,67.0,VISUAL
48022,213035.0,1944-09-22,15,GERMANY,AIRDROME,AIR FIELDS AND AIRDROMES,48.13,11.58,B24,4.0,29.0,210.0,,,62.0,62.0,VISUAL
48025,213036.0,1944-09-22,15,GERMANY,AIRDROME,AIR FIELDS AND AIRDROMES,48.13,11.58,B24,4.0,26.0,207.0,64.0,,,64.0,VISUAL
48011,213038.0,1944-09-22,15,GERMANY,AIRDROME,AIR FIELDS AND AIRDROMES,48.13,11.58,B24,4.0,28.0,237.0,67.0,,,67.0,VISUAL
48023,213039.0,1944-09-22,15,GERMANY,AIRDROME,AIR FIELDS AND AIRDROMES,48.13,11.58,B24,4.0,29.0,210.0,,,62.0,62.0,VISUAL
48026,213040.0,1944-09-22,15,GERMANY,AIRDROME,AIR FIELDS AND AIRDROMES,48.13,11.58,B24,4.0,26.0,207.0,64.0,,,64.0,VISUAL
49141,110181.0,1944-09-23,15,CZECHOSLOVAKIA,BERGIUS SYN OR,SYNTHETIC OIL REFINERIES,50.52,13.63,B17,4.0,27.0,265.0,80.0,,,80.0,F.F.F.
49135,110182.0,1944-09-23,15,CZECHOSLOVAKIA,BERGIUS SYN OR,SYNTHETIC OIL REFINERIES,50.52,13.63,B17,4.0,4.0,285.0,8.0,,,8.0,NOT INDICATED
49139,110183.0,1944-09-23,15,CZECHOSLOVAKIA,BERGIUS SYN OR,SYNTHETIC OIL REFINERIES,50.52,13.63,B17,4.0,26.0,274.0,75.0,,,75.0,F.F.F.
49145,110184.0,1944-09-23,15,CZECHOSLOVAKIA,BERGIUS SYN OR,SYNTHETIC OIL REFINERIES,50.52,13.63,B17,4.0,26.0,222.0,77.0,,,77.0,F.F.F.
49137,110185.0,1944-09-23,15,CZECHOSLOVAKIA,BERGIUS SYN OR,SYNTHETIC OIL REFINERIES,50.52,13.63,B17,4.0,26.0,275.0,78.0,,,78.0,F.F.F.
49142,110186.0,1944-09-23,15,CZECHOSLOVAKIA,BERGIUS SYN OR,SYNTHETIC OIL REFINERIES,50.52,13.63,B17,4.0,21.0,265.0,61.0,,,61.0,F.F.F.
49143,173914.0,1944-09-23,15,CZECHOSLOVAKIA,BERGIUS SYN OR,SYNTHETIC OIL REFINERIES,50.52,13.63,B17,4.0,27.0,265.0,80.0,,,80.0,F.F.F.
49136,173915.0,1944-09-23,15,CZECHOSLOVAKIA,BERGIUS SYN OR,SYNTHETIC OIL REFINERIES,50.52,13.63,B17,4.0,4.0,285.0,8.0,,,8.0,NOT INDICATED
49140,173916.0,1944-09-23,15,CZECHOSLOVAKIA,BERGIUS SYN OR,SYNTHETIC OIL REFINERIES,50.52,13.63,B17,4.0,26.0,274.0,75.0,,,75.0,F.F.F.
49146,173917.0,1944-09-23,15,CZECHOSLOVAKIA,BERGIUS SYN OR,SYNTHETIC OIL REFINERIES,50.52,13.63,B17,4.0,26.0,222.0,77.0,,,77.0,F.F.F.
49138,173918.0,1944-09-23,15,CZECHOSLOVAKIA,BERGIUS SYN OR,SYNTHETIC OIL REFINERIES,50.52,13.63,B17,4.0,26.0,275.0,78.0,,,78.0,F.F.F.
49144,173919.0,1944-09-23,15,CZECHOSLOVAKIA,BERGIUS SYN OR,SYNTHETIC OIL REFINERIES,50.52,13.63,B17,4.0,21.0,265.0,61.0,,,61.0,F.F.F.
50326,110245.0,1944-09-25,9,GERMANY,UNIDENTIFIED TARGET,UNIDENTIFIED TARGETS,50.35,8.2,B17,2.0,1.0,,3.0,,,3.0,NOT INDICATED
50331,110246.0,1944-09-25,9,GERMANY,UNIDENTIFIED TARGET,UNIDENTIFIED TARGETS,50.33,8.75,B17,2.0,1.0,,2.0,,,2.0,NOT INDICATED
50327,173942.0,1944-09-25,9,GERMANY,UNIDENTIFIED TARGET,UNIDENTIFIED TARGETS,50.35,8.2,B17,2.0,1.0,,3.0,,,3.0,NOT INDICATED
50332,173943.0,1944-09-25,9,GERMANY,UNIDENTIFIED TARGET,UNIDENTIFIED TARGETS,50.33,8.75,B17,2.0,1.0,,2.0,,,2.0,NOT INDICATED
50328,173968.0,1944-09-25,9,GERMANY,UNIDENTIFIED TARGET,UNIDENTIFIED TARGETS,50.35,8.2,B17,2.0,1.0,,3.0,,,3.0,NOT INDICATED
50333,173969.0,1944-09-25,9,GERMANY,UNIDENTIFIED TARGET,UNIDENTIFIED TARGETS,50.33,8.75,B17,2.0,1.0,,2.0,,,2.0,NOT INDICATED
50325,174004.0,1944-09-25,9,GERMANY,MARSHALLING YARD,"""RR INSTALLATIONS,  TRACKS,  MARSHALLING YARDS,  AND STATIONS""",50.35,7.6,B24,3.0,29.0,213.0,79.0,,,79.0,F.F.F.
50317,174005.0,1944-09-25,9,GERMANY,MARSHALLING YARD,"""RR INSTALLATIONS,  TRACKS,  MARSHALLING YARDS,  AND STATIONS""",50.35,7.6,B24,3.0,35.0,225.0,64.0,36.0,,100.0,F.F.F.
50324,174006.0,1944-09-25,9,GERMANY,MARSHALLING YARD,"""RR INSTALLATIONS,  TRACKS,  MARSHALLING YARDS,  AND STATIONS""",50.35,7.6,B24,3.0,20.0,215.0,46.0,,,46.0,F.F.F.
50318,174007.0,1944-09-25,9,GERMANY,MARSHALLING YARD,"""RR INSTALLATIONS,  TRACKS,  MARSHALLING YARDS,  AND STATIONS""",50.35,7.6,B24,3.0,30.0,225.0,56.0,30.0,,86.0,F.F.F.
50320,174008.0,1944-09-25,9,GERMANY,MARSHALLING YARD,"""RR INSTALLATIONS,  TRACKS,  MARSHALLING YARDS,  AND STATIONS""",50.35,7.6,B24,3.0,37.0,220.0,66.0,23.0,,89.0,F.F.F.
50319,174009.0,1944-09-25,9,GERMANY,MARSHALLING YARD,"""RR INSTALLATIONS,  TRACKS,  MARSHALLING YARDS,  AND STATIONS""",50.35,7.6,B24,3.0,34.0,221.0,96.0,,,96.0,F.F.F.
50316,174010.0,1944-09-25,9,GERMANY,MARSHALLING YARD,"""RR INSTALLATIONS,  TRACKS,  MARSHALLING YARDS,  AND STATIONS""",50.35,7.6,B24,3.0,1.0,238.0,,3.0,,3.0,F.F.F.
50321,174011.0,1944-09-25,9,GERMANY,MARSHALLING YARD,"""RR INSTALLATIONS,  TRACKS,  MARSHALLING YARDS,  AND STATIONS""",50.35,7.6,B24,3.0,41.0,220.0,98.0,,,98.0,F.F.F.
50329,174012.0,1944-09-25,9,GERMANY,MARSHALLING YARD,"""RR INSTALLATIONS,  TRACKS,  MARSHALLING YARDS,  AND STATIONS""",50.35,7.6,B24,3.0,2.0,,1.0,,,1.0,NOT INDICATED
50322,174013.0,1944-09-25,9,GERMANY,MARSHALLING YARD,"""RR INSTALLATIONS,  TRACKS,  MARSHALLING YARDS,  AND STATIONS""",50.35,7.6,B24,3.0,25.0,220.0,70.0,,,70.0,F.F.F.
50323,174014.0,1944-09-25,9,GERMANY,MARSHALLING YARD,"""RR INSTALLATIONS,  TRACKS,  MARSHALLING YARDS,  AND STATIONS""",50.35,7.6,B24,3.0,28.0,220.0,79.0,,,79.0,F.F.F.
49993,174015.0,1944-09-25,9,GERMANY,MARSHALLING YARD,"""RR INSTALLATIONS,  TRACKS,  MARSHALLING YARDS,  AND STATIONS""",50.1,8.67,B17,3.0,12.0,268.0,35.0,,,35.0,F.F.F.
50312,174016.0,1944-09-25,9,GERMANY,MARSHALLING YARD,"""RR INSTALLATIONS,  TRACKS,  MARSHALLING YARDS,  AND STATIONS""",50.1,8.67,B17,3.0,12.0,249.0,36.0,,,36.0,F.F.F.
49987,174017.0,1944-09-25,9,GERMANY,MARSHALLING YARD,"""RR INSTALLATIONS,  TRACKS,  MARSHALLING YARDS,  AND STATIONS""",50.1,8.67,B17,3.0,12.0,273.0,36.0,,,36.0,F.F.F.
50308,174018.0,1944-09-25,9,GERMANY,MARSHALLING YARD,"""RR INSTALLATIONS,  TRACKS,  MARSHALLING YARDS,  AND STATIONS""",50.1,8.67,B17,3.0,12.0,254.0,,25.0,,25.0,F.F.F.
50313,174019.0,1944-09-25,9,GERMANY,MARSHALLING YARD,"""RR INSTALLATIONS,  TRACKS,  MARSHALLING YARDS,  AND STATIONS""",50.1,8.67,B17,3.0,12.0,249.0,,26.0,,26.0,F.F.F.
49988,174020.0,1944-09-25,9,GERMANY,MARSHALLING YARD,"""RR INSTALLATIONS,  TRACKS,  MARSHALLING YARDS,  AND STATIONS""",50.1,8.67,B17,3.0,12.0,272.0,,25.0,,25.0,F.F.F.
50305,174021.0,1944-09-25,9,GERMANY,MARSHALLING YARD,"""RR INSTALLATIONS,  TRACKS,  MARSHALLING YARDS,  AND STATIONS""",50.1,8.67,B17,3.0,11.0,255.0,31.0,,,31.0,F.F.F.
50314,174022.0,1944-09-25,9,GERMANY,MARSHALLING YARD,"""RR INSTALLATIONS,  TRACKS,  MARSHALLING YARDS,  AND STATIONS""",50.1,8.67,B17,3.0,12.0,249.0,36.0,,,36.0,F.F.F.
50301,174023.0,1944-09-25,9,GERMANY,MARSHALLING YARD,"""RR INSTALLATIONS,  TRACKS,  MARSHALLING YARDS,  AND STATIONS""",50.1,8.67,B17,3.0,12.0,261.0,35.0,,,35.0,F.F.F.
50303,174024.0,1944-09-25,9,GERMANY,MARSHALLING YARD,"""RR INSTALLATIONS,  TRACKS,  MARSHALLING YARDS,  AND STATIONS""",50.1,8.67,B17,3.0,10.0,256.0,30.0,,,30.0,F.F.F.
50310,174025.0,1944-09-25,9,GERMANY,MARSHALLING YARD,"""RR INSTALLATIONS,  TRACKS,  MARSHALLING YARDS,  AND STATIONS""",50.1,8.67,B17,3.0,10.0,251.0,30.0,,,30.0,F.F.F.
49995,174026.0,1944-09-25,9,GERMANY,MARSHALLING YARD,"""RR INSTALLATIONS,  TRACKS,  MARSHALLING YARDS,  AND STATIONS""",50.1,8.67,B17,3.0,13.0,266.0,36.0,,,36.0,F.F.F.
50306,174027.0,1944-09-25,9,GERMANY,MARSHALLING YARD,"""RR INSTALLATIONS,  TRACKS,  MARSHALLING YARDS,  AND STATIONS""",50.1,8.67,B17,3.0,12.0,255.0,36.0,,,36.0,F.F.F.
50307,174028.0,1944-09-25,9,GERMANY,MARSHALLING YARD,"""RR INSTALLATIONS,  TRACKS,  MARSHALLING YARDS,  AND STATIONS""",50.1,8.67,B17,3.0,12.0,255.0,36.0,,,36.0,F.F.F.
50311,174029.0,1944-09-25,9,GERMANY,MARSHALLING YARD,"""RR INSTALLATIONS,  TRACKS,  MARSHALLING YARDS,  AND STATIONS""",50.1,8.67,B17,3.0,11.0,250.0,33.0,,,33.0,F.F.F.
49999,174030.0,1944-09-25,9,GERMANY,MARSHALLING YARD,"""RR INSTALLATIONS,  TRACKS,  MARSHALLING YARDS,  AND STATIONS""",50.1,8.67,B17,3.0,12.0,262.0,36.0,,,36.0,F.F.F.
50304,174031.0,1944-09-25,9,GERMANY,MARSHALLING YARD,"""RR INSTALLATIONS,  TRACKS,  MARSHALLING YARDS,  AND STATIONS""",50.1,8.67,B17,3.0,11.0,256.0,33.0,,,33.0,F.F.F.
50315,174032.0,1944-09-25,9,GERMANY,MARSHALLING YARD,"""RR INSTALLATIONS,  TRACKS,  MARSHALLING YARDS,  AND STATIONS""",50.1,8.67,B17,3.0,12.0,246.0,36.0,,,36.0,F.F.F.
49996,174033.0,1944-09-25,9,GERMANY,MARSHALLING YARD,"""RR INSTALLATIONS,  TRACKS,  MARSHALLING YARDS,  AND STATIONS""",50.1,8.67,B17,3.0,12.0,266.0,35.0,,,35.0,F.F.F.
49990,174034.0,1944-09-25,9,GERMANY,MARSHALLING YARD,"""RR INSTALLATIONS,  TRACKS,  MARSHALLING YARDS,  AND STATIONS""",50.1,8.67,B17,3.0,13.0,270.0,39.0,,,39.0,F.F.F.
49998,174035.0,1944-09-25,9,GERMANY,MARSHALLING YARD,"""RR INSTALLATIONS,  TRACKS,  MARSHALLING YARDS,  AND STATIONS""",50.1,8.67,B17,3.0,12.0,263.0,36.0,,,36.0,F.F.F.
49984,174036.0,1944-09-25,9,GERMANY,MARSHALLING YARD,"""RR INSTALLATIONS,  TRACKS,  MARSHALLING YARDS,  AND STATIONS""",50.1,8.67,B17,3.0,12.0,277.0,30.0,,,30.0,F.F.F.
49997,174037.0,1944-09-25,9,GERMANY,MARSHALLING YARD,"""RR INSTALLATIONS,  TRACKS,  MARSHALLING YARDS,  AND STATIONS""",50.1,8.67,B17,3.0,12.0,265.0,,36.0,,36.0,F.F.F.
50302,174038.0,1944-09-25,9,GERMANY,MARSHALLING YARD,"""RR INSTALLATIONS,  TRACKS,  MARSHALLING YARDS,  AND STATIONS""",50.1,8.67,B17,3.0,12.0,260.0,,36.0,,36.0,F.F.F.
49991,174039.0,1944-09-25,9,GERMANY,MARSHALLING YARD,"""RR INSTALLATIONS,  TRACKS,  MARSHALLING YARDS,  AND STATIONS""",50.1,8.67,B17,3.0,11.0,270.0,,33.0,,33.0,F.F.F.
50000,174040.0,1944-09-25,9,GERMANY,MARSHALLING YARD,"""RR INSTALLATIONS,  TRACKS,  MARSHALLING YARDS,  AND STATIONS""",50.1,8.67,B17,3.0,12.0,262.0,35.0,,,35.0,F.F.F.
50309,174041.0,1944-09-25,9,GERMANY,MARSHALLING YARD,"""RR INSTALLATIONS,  TRACKS,  MARSHALLING YARDS,  AND STATIONS""",50.1,8.67,B17,3.0,11.0,253.0,33.0,,,33.0,F.F.F.
49994,174042.0,1944-09-25,9,GERMANY,MARSHALLING YARD,"""RR INSTALLATIONS,  TRACKS,  MARSHALLING YARDS,  AND STATIONS""",50.1,8.67,B17,3.0,11.0,267.0,33.0,,,33.0,F.F.F.
50330,174043.0,1944-09-25,9,GERMANY,MARSHALLING YARD,"""RR INSTALLATIONS,  TRACKS,  MARSHALLING YARDS,  AND STATIONS""",50.1,8.67,B17,3.0,3.0,,9.0,,,9.0,NOT INDICATED
49980,174044.0,1944-09-25,9,GERMANY,MARSHALLING YARD,"""RR INSTALLATIONS,  TRACKS,  MARSHALLING YARDS,  AND STATIONS""",50.1,8.67,B17,3.0,11.0,282.0,,33.0,,33.0,F.F.F.
49981,174045.0,1944-09-25,9,GERMANY,MARSHALLING YARD,"""RR INSTALLATIONS,  TRACKS,  MARSHALLING YARDS,  AND STATIONS""",50.1,8.67,B17,3.0,11.0,280.0,32.0,,,32.0,F.F.F.
49982,174046.0,1944-09-25,9,GERMANY,MARSHALLING YARD,"""RR INSTALLATIONS,  TRACKS,  MARSHALLING YARDS,  AND STATIONS""",50.1,8.67,B17,3.0,11.0,278.0,33.0,,,33.0,F.F.F.
49979,174047.0,1944-09-25,9,GERMANY,MARSHALLING YARD,"""RR INSTALLATIONS,  TRACKS,  MARSHALLING YARDS,  AND STATIONS""",50.1,8.67,B17,3.0,13.0,288.0,39.0,,,39.0,F.F.F.
49992,174048.0,1944-09-25,9,GERMANY,MARSHALLING YARD,"""RR INSTALLATIONS,  TRACKS,  MARSHALLING YARDS,  AND STATIONS""",50.1,8.67,B17,3.0,9.0,269.0,27.0,,,27.0,F.F.F.
49989,174049.0,1944-09-25,9,GERMANY,MARSHALLING YARD,"""RR INSTALLATIONS,  TRACKS,  MARSHALLING YARDS,  AND STATIONS""",50.1,8.67,B17,3.0,6.0,272.0,18.0,,,18.0,F.F.F.
49986,174050.0,1944-09-25,9,GERMANY,MARSHALLING YARD,"""RR INSTALLATIONS,  TRACKS,  MARSHALLING YARDS,  AND STATIONS""",50.1,8.67,B17,3.0,11.0,275.0,,33.0,,33.0,F.F.F.
49983,174051.0,1944-09-25,9,GERMANY,MARSHALLING YARD,"""RR INSTALLATIONS,  TRACKS,  MARSHALLING YARDS,  AND STATIONS""",50.1,8.67,B17,3.0,8.0,278.0,24.0,,,24.0,F.F.F.
49985,174052.0,1944-09-25,9,GERMANY,MARSHALLING YARD,"""RR INSTALLATIONS,  TRACKS,  MARSHALLING YARDS,  AND STATIONS""",50.1,8.67,B17,3.0,9.0,276.0,27.0,,,27.0,F.F.F.
50339,174056.0,1944-09-25,8,GERMANY,MARSHALLING YARD,"""RR INSTALLATIONS,  TRACKS,  MARSHALLING YARDS,  AND STATIONS""",49.47,8.37,B17,3.0,6.0,,9.0,,,9.0,NOT INDICATED
50336,174057.0,1944-09-25,8,GERMANY,MARSHALLING YARD,"""RR INSTALLATIONS,  TRACKS,  MARSHALLING YARDS,  AND STATIONS""",49.47,8.37,B17,3.0,11.0,254.0,33.0,,,33.0,F.F.F.
50334,174058.0,1944-09-25,8,GERMANY,MARSHALLING YARD,"""RR INSTALLATIONS,  TRACKS,  MARSHALLING YARDS,  AND STATIONS""",49.47,8.37,B17,3.0,12.0,267.0,36.0,,,36.0,F.F.F.
50338,174059.0,1944-09-25,8,GERMANY,MARSHALLING YARD,"""RR INSTALLATIONS,  TRACKS,  MARSHALLING YARDS,  AND STATIONS""",49.47,8.37,B17,3.0,11.0,244.0,33.0,,,33.0,F.F.F.
50337,174060.0,1944-09-25,8,GERMANY,MARSHALLING YARD,"""RR INSTALLATIONS,  TRACKS,  MARSHALLING YARDS,  AND STATIONS""",49.47,8.37,B17,3.0,10.0,254.0,29.0,,,29.0,F.F.F.
50335,174061.0,1944-09-25,8,GERMANY,MARSHALLING YARD,"""RR INSTALLATIONS,  TRACKS,  MARSHALLING YARDS,  AND STATIONS""",49.47,8.37,B17,3.0,11.0,264.0,,28.0,,28.0,F.F.F.
50340,174062.0,1944-09-25,8,GERMANY,MARSHALLING YARD,"""RR INSTALLATIONS,  TRACKS,  MARSHALLING YARDS,  AND STATIONS""",49.47,8.37,B17,3.0,2.0,,,5.0,,5.0,NOT INDICATED
51108,110254.0,1944-09-26,12,FRANCE,ROAD BRIDGE,BRIDGES,43.93,7.52,B26,4.0,17.0,92.0,34.0,,,34.0,NOT INDICATED
51551,110273.0,1944-09-26,8,GERMANY,AIRDROME,AIR FIELDS AND AIRDROMES,52.45,10.63,B17,2.0,3.0,,8.0,,,8.0,NOT INDICATED
51169,110275.0,1944-09-26,9,GERMANY,KF BORGWARD AG,VEHICLE MFG. PLANTS,53.08,8.72,B17,4.0,10.0,260.0,30.0,,,30.0,VISUAL
51123,110276.0,1944-09-26,9,GERMANY,KF BORGWARD AG,VEHICLE MFG. PLANTS,53.08,8.72,B17,4.0,11.0,272.0,33.0,,,33.0,VISUAL
51535,110277.0,1944-09-26,9,GERMANY,KF BORGWARD AG,VEHICLE MFG. PLANTS,53.08,8.72,B17,4.0,13.0,247.0,39.0,,,39.0,VISUAL
51170,110278.0,1944-09-26,9,GERMANY,KF BORGWARD AG,VEHICLE MFG. PLANTS,53.08,8.72,B17,4.0,9.0,260.0,23.0,,,23.0,VISUAL
51129,110279.0,1944-09-26,9,GERMANY,KF BORGWARD AG,VEHICLE MFG. PLANTS,53.08,8.72,B17,4.0,12.0,270.0,36.0,,,36.0,VISUAL
51171,110280.0,1944-09-26,9,GERMANY,KF BORGWARD AG,VEHICLE MFG. PLANTS,53.08,8.72,B17,4.0,9.0,260.0,27.0,,,27.0,VISUAL
51133,110281.0,1944-09-26,9,GERMANY,KF BORGWARD AG,VEHICLE MFG. PLANTS,53.08,8.72,B17,4.0,13.0,266.0,,39.0,,39.0,VISUAL
51509,110282.0,1944-09-26,9,GERMANY,KF BORGWARD AG,VEHICLE MFG. PLANTS,53.08,8.72,B17,4.0,13.0,255.0,,39.0,,39.0,VISUAL
51510,110283.0,1944-09-26,9,GERMANY,KF BORGWARD AG,VEHICLE MFG. PLANTS,53.08,8.72,B17,4.0,13.0,255.0,,39.0,,39.0,VISUAL
51511,110284.0,1944-09-26,9,GERMANY,KF BORGWARD AG,VEHICLE MFG. PLANTS,53.08,8.72,B17,4.0,13.0,255.0,38.0,,,38.0,VISUAL
51541,110285.0,1944-09-26,9,GERMANY,KF BORGWARD AG,VEHICLE MFG. PLANTS,53.08,8.72,B24,0.0,,,2.0,,,2.0,NOT INDICATED
51195,110286.0,1944-09-26,9,GERMANY,KF BORGWARD AG,VEHICLE MFG. PLANTS,53.08,8.72,B24,4.0,10.0,259.0,27.0,,,27.0,VISUAL
51152,110287.0,1944-09-26,9,GERMANY,KF BORGWARD AG,VEHICLE MFG. PLANTS,53.08,8.72,B24,4.0,13.0,265.0,36.0,,,36.0,VISUAL
51507,110288.0,1944-09-26,9,GERMANY,KF BORGWARD AG,VEHICLE MFG. PLANTS,53.08,8.72,B24,4.0,11.0,256.0,32.0,,,32.0,VISUAL
51172,110289.0,1944-09-26,9,GERMANY,KF BORGWARD AG,VEHICLE MFG. PLANTS,53.08,8.72,B17,3.0,12.0,260.0,29.0,,,29.0,F.F.F.
51142,110290.0,1944-09-26,9,GERMANY,KF BORGWARD AG,VEHICLE MFG. PLANTS,53.08,8.72,B17,3.0,13.0,265.0,31.0,,,31.0,F.F.F.
51531,110291.0,1944-09-26,9,GERMANY,KF BORGWARD AG,VEHICLE MFG. PLANTS,53.08,8.72,B17,3.0,10.0,250.0,25.0,,,25.0,F.F.F.
51173,110292.0,1944-09-26,9,GERMANY,KF BORGWARD AG,VEHICLE MFG. PLANTS,53.08,8.72,B17,3.0,13.0,260.0,2.0,30.0,,32.0,F.F.F.
51119,110293.0,1944-09-26,9,GERMANY,KF BORGWARD AG,VEHICLE MFG. PLANTS,53.08,8.72,B17,3.0,12.0,273.0,2.0,28.0,,30.0,F.F.F.
51512,110294.0,1944-09-26,9,GERMANY,KF BORGWARD AG,VEHICLE MFG. PLANTS,53.08,8.72,B17,3.0,13.0,255.0,2.0,30.0,,32.0,F.F.F.
51523,110295.0,1944-09-26,9,GERMANY,KF BORGWARD AG,VEHICLE MFG. PLANTS,53.08,8.72,B17,3.0,11.0,254.0,28.0,,,28.0,F.F.F.
51134,110296.0,1944-09-26,9,GERMANY,KF BORGWARD AG,VEHICLE MFG. PLANTS,53.08,8.72,B17,3.0,12.0,266.0,30.0,,,30.0,F.F.F.
51527,110297.0,1944-09-26,9,GERMANY,KF BORGWARD AG,VEHICLE MFG. PLANTS,53.08,8.72,B17,3.0,12.0,252.0,30.0,,,30.0,F.F.F.
51161,110298.0,1944-09-26,9,GERMANY,KF BORGWARD AG,VEHICLE MFG. PLANTS,53.08,8.72,B17,3.0,12.0,261.0,32.0,,,32.0,F.F.F.
51143,110299.0,1944-09-26,9,GERMANY,KF BORGWARD AG,VEHICLE MFG. PLANTS,53.08,8.72,B17,3.0,10.0,265.0,29.0,,,29.0,F.F.F.
51197,110300.0,1944-09-26,9,GERMANY,KF BORGWARD AG,VEHICLE MFG. PLANTS,53.08,8.72,B17,3.0,11.0,258.0,33.0,,,33.0,F.F.F.
51174,110301.0,1944-09-26,9,GERMANY,KF BORGWARD AG,VEHICLE MFG. PLANTS,53.08,8.72,B17,3.0,10.0,260.0,25.0,,,25.0,F.F.F.
51127,110302.0,1944-09-26,9,GERMANY,KF BORGWARD AG,VEHICLE MFG. PLANTS,53.08,8.72,B17,3.0,12.0,271.0,30.0,,,30.0,F.F.F.
51162,110303.0,1944-09-26,9,GERMANY,KF BORGWARD AG,VEHICLE MFG. PLANTS,53.08,8.72,B17,3.0,12.0,261.0,2.0,30.0,,32.0,F.F.F.
51157,110304.0,1944-09-26,9,GERMANY,KF BORGWARD AG,VEHICLE MFG. PLANTS,53.08,8.72,B17,3.0,12.0,264.0,,36.0,,36.0,F.F.F.
51501,110305.0,1944-09-26,9,GERMANY,KF BORGWARD AG,VEHICLE MFG. PLANTS,53.08,8.72,B17,3.0,12.0,257.0,,36.0,,36.0,F.F.F.
51115,110306.0,1944-09-26,9,GERMANY,KF BORGWARD AG,VEHICLE MFG. PLANTS,53.08,8.72,B17,3.0,9.0,275.0,,27.0,,27.0,F.F.F.
51111,110307.0,1944-09-26,9,GERMANY,KF BORGWARD AG,VEHICLE MFG. PLANTS,53.08,8.72,B17,3.0,11.0,282.0,,33.0,,33.0,F.F.F.
51144,110308.0,1944-09-26,9,GERMANY,KF BORGWARD AG,VEHICLE MFG. PLANTS,53.08,8.72,B17,3.0,13.0,265.0,,36.0,,36.0,F.F.F.
51175,110309.0,1944-09-26,9,GERMANY,KF BORGWARD AG,VEHICLE MFG. PLANTS,53.08,8.72,B17,4.0,10.0,260.0,30.0,,,30.0,VISUAL
51124,110310.0,1944-09-26,9,GERMANY,KF BORGWARD AG,VEHICLE MFG. PLANTS,53.08,8.72,B17,4.0,11.0,272.0,33.0,,,33.0,VISUAL
51536,110311.0,1944-09-26,9,GERMANY,KF BORGWARD AG,VEHICLE MFG. PLANTS,53.08,8.72,B17,4.0,13.0,247.0,39.0,,,39.0,VISUAL
51176,110312.0,1944-09-26,9,GERMANY,KF BORGWARD AG,VEHICLE MFG. PLANTS,53.08,8.72,B17,4.0,9.0,260.0,23.0,,,23.0,VISUAL
51130,110313.0,1944-09-26,9,GERMANY,KF BORGWARD AG,VEHICLE MFG. PLANTS,53.08,8.72,B17,4.0,12.0,270.0,36.0,,,36.0,VISUAL
51177,110314.0,1944-09-26,9,GERMANY,KF BORGWARD AG,VEHICLE MFG. PLANTS,53.08,8.72,B17,4.0,9.0,260.0,27.0,,,27.0,VISUAL
51135,110315.0,1944-09-26,9,GERMANY,KF BORGWARD AG,VEHICLE MFG. PLANTS,53.08,8.72,B17,4.0,13.0,266.0,,39.0,,39.0,VISUAL
51513,110316.0,1944-09-26,9,GERMANY,KF BORGWARD AG,VEHICLE MFG. PLANTS,53.08,8.72,B17,4.0,13.0,255.0,,39.0,,39.0,VISUAL
51514,110317.0,1944-09-26,9,GERMANY,KF BORGWARD AG,VEHICLE MFG. PLANTS,53.08,8.72,B17,4.0,13.0,255.0,38.0,,,38.0,VISUAL
51539,110318.0,1944-09-26,9,GERMANY,KF BORGWARD AG,VEHICLE MFG. PLANTS,53.08,8.72,B24,0.0,,,2.0,,,2.0,NOT INDICATED
51193,110319.0,1944-09-26,9,GERMANY,KF BORGWARD AG,VEHICLE MFG. PLANTS,53.08,8.72,B24,4.0,10.0,259.0,27.0,,,27.0,VISUAL
51141,110320.0,1944-09-26,9,GERMANY,KF BORGWARD AG,VEHICLE MFG. PLANTS,53.08,8.72,B24,4.0,13.0,265.0,36.0,,,36.0,VISUAL
51505,110321.0,1944-09-26,9,GERMANY,KF BORGWARD AG,VEHICLE MFG. PLANTS,53.08,8.72,B24,4.0,11.0,256.0,32.0,,,32.0,VISUAL
51178,110322.0,1944-09-26,9,GERMANY,KF BORGWARD AG,VEHICLE MFG. PLANTS,53.08,8.72,B17,3.0,12.0,260.0,29.0,,,29.0,F.F.F.
51146,110323.0,1944-09-26,9,GERMANY,KF BORGWARD AG,VEHICLE MFG. PLANTS,53.08,8.72,B17,3.0,13.0,265.0,31.0,,,31.0,F.F.F.
51532,110324.0,1944-09-26,9,GERMANY,KF BORGWARD AG,VEHICLE MFG. PLANTS,53.08,8.72,B17,3.0,10.0,250.0,25.0,,,25.0,F.F.F.
51179,110325.0,1944-09-26,9,GERMANY,KF BORGWARD AG,VEHICLE MFG. PLANTS,53.08,8.72,B17,3.0,13.0,260.0,2.0,30.0,,32.0,F.F.F.
51120,110326.0,1944-09-26,9,GERMANY,KF BORGWARD AG,VEHICLE MFG. PLANTS,53.08,8.72,B17,3.0,12.0,273.0,2.0,28.0,,30.0,F.F.F.
51515,110327.0,1944-09-26,9,GERMANY,KF BORGWARD AG,VEHICLE MFG. PLANTS,53.08,8.72,B17,3.0,13.0,255.0,2.0,30.0,,32.0,F.F.F.
51524,110328.0,1944-09-26,9,GERMANY,KF BORGWARD AG,VEHICLE MFG. PLANTS,53.08,8.72,B17,3.0,11.0,254.0,28.0,,,28.0,F.F.F.
51136,110329.0,1944-09-26,9,GERMANY,KF BORGWARD AG,VEHICLE MFG. PLANTS,53.08,8.72,B17,3.0,12.0,266.0,30.0,,,30.0,F.F.F.
51528,110330.0,1944-09-26,9,GERMANY,KF BORGWARD AG,VEHICLE MFG. PLANTS,53.08,8.72,B17,3.0,12.0,252.0,30.0,,,30.0,F.F.F.
51163,110331.0,1944-09-26,9,GERMANY,KF BORGWARD AG,VEHICLE MFG. PLANTS,53.08,8.72,B17,3.0,12.0,261.0,32.0,,,32.0,F.F.F.
51147,110332.0,1944-09-26,9,GERMANY,KF BORGWARD AG,VEHICLE MFG. PLANTS,53.08,8.72,B17,3.0,10.0,265.0,29.0,,,29.0,F.F.F.
51198,110333.0,1944-09-26,9,GERMANY,KF BORGWARD AG,VEHICLE MFG. PLANTS,53.08,8.72,B17,3.0,11.0,258.0,33.0,,,33.0,F.F.F.
51180,110334.0,1944-09-26,9,GERMANY,KF BORGWARD AG,VEHICLE MFG. PLANTS,53.08,8.72,B17,3.0,10.0,260.0,25.0,,,25.0,F.F.F.
51164,110335.0,1944-09-26,9,GERMANY,KF BORGWARD AG,VEHICLE MFG. PLANTS,53.08,8.72,B17,3.0,12.0,261.0,2.0,30.0,,32.0,F.F.F.
51158,110336.0,1944-09-26,9,GERMANY,KF BORGWARD AG,VEHICLE MFG. PLANTS,53.08,8.72,B17,3.0,12.0,264.0,,36.0,,36.0,F.F.F.
51502,110337.0,1944-09-26,9,GERMANY,KF BORGWARD AG,VEHICLE MFG. PLANTS,53.08,8.72,B17,3.0,12.0,257.0,,36.0,,36.0,F.F.F.
51116,110338.0,1944-09-26,9,GERMANY,KF BORGWARD AG,VEHICLE MFG. PLANTS,53.08,8.72,B17,3.0,9.0,275.0,,27.0,,27.0,F.F.F.
51112,110339.0,1944-09-26,9,GERMANY,KF BORGWARD AG,VEHICLE MFG. PLANTS,53.08,8.72,B17,3.0,11.0,282.0,,33.0,,33.0,F.F.F.
51148,110340.0,1944-09-26,9,GERMANY,KF BORGWARD AG,VEHICLE MFG. PLANTS,53.08,8.72,B17,3.0,13.0,265.0,,36.0,,36.0,F.F.F.
51181,174075.0,1944-09-26,9,GERMANY,KF BORGWARD AG,VEHICLE MFG. PLANTS,53.08,8.72,B17,4.0,10.0,260.0,30.0,,,30.0,VISUAL
51125,174076.0,1944-09-26,9,GERMANY,KF BORGWARD AG,VEHICLE MFG. PLANTS,53.08,8.72,B17,4.0,11.0,272.0,33.0,,,33.0,VISUAL
51537,174077.0,1944-09-26,9,GERMANY,KF BORGWARD AG,VEHICLE MFG. PLANTS,53.08,8.72,B17,4.0,13.0,247.0,39.0,,,39.0,VISUAL
51182,174078.0,1944-09-26,9,GERMANY,KF BORGWARD AG,VEHICLE MFG. PLANTS,53.08,8.72,B17,4.0,9.0,260.0,23.0,,,23.0,VISUAL
51131,174079.0,1944-09-26,9,GERMANY,KF BORGWARD AG,VEHICLE MFG. PLANTS,53.08,8.72,B17,4.0,12.0,270.0,36.0,,,36.0,VISUAL
51183,174080.0,1944-09-26,9,GERMANY,KF BORGWARD AG,VEHICLE MFG. PLANTS,53.08,8.72,B17,4.0,9.0,260.0,27.0,,,27.0,VISUAL
51137,174081.0,1944-09-26,9,GERMANY,KF BORGWARD AG,VEHICLE MFG. PLANTS,53.08,8.72,B17,4.0,13.0,266.0,,39.0,,39.0,VISUAL
51516,174082.0,1944-09-26,9,GERMANY,KF BORGWARD AG,VEHICLE MFG. PLANTS,53.08,8.72,B17,4.0,13.0,255.0,,39.0,,39.0,VISUAL
51517,174083.0,1944-09-26,9,GERMANY,KF BORGWARD AG,VEHICLE MFG. PLANTS,53.08,8.72,B17,4.0,13.0,255.0,38.0,,,38.0,VISUAL
51540,174084.0,1944-09-26,9,GERMANY,KF BORGWARD AG,VEHICLE MFG. PLANTS,53.08,8.72,B24,0.0,,,2.0,,,2.0,NOT INDICATED
51194,174085.0,1944-09-26,9,GERMANY,KF BORGWARD AG,VEHICLE MFG. PLANTS,53.08,8.72,B24,4.0,10.0,259.0,27.0,,,27.0,VISUAL
51145,174086.0,1944-09-26,9,GERMANY,KF BORGWARD AG,VEHICLE MFG. PLANTS,53.08,8.72,B24,4.0,13.0,265.0,36.0,,,36.0,VISUAL
51506,174087.0,1944-09-26,9,GERMANY,KF BORGWARD AG,VEHICLE MFG. PLANTS,53.08,8.72,B24,4.0,11.0,256.0,32.0,,,32.0,VISUAL
51184,174088.0,1944-09-26,9,GERMANY,KF BORGWARD AG,VEHICLE MFG. PLANTS,53.08,8.72,B17,3.0,12.0,260.0,29.0,,,29.0,F.F.F.
51149,174089.0,1944-09-26,9,GERMANY,KF BORGWARD AG,VEHICLE MFG. PLANTS,53.08,8.72,B17,3.0,13.0,265.0,31.0,,,31.0,F.F.F.
51533,174090.0,1944-09-26,9,GERMANY,KF BORGWARD AG,VEHICLE MFG. PLANTS,53.08,8.72,B17,3.0,10.0,250.0,25.0,,,25.0,F.F.F.
51185,174091.0,1944-09-26,9,GERMANY,KF BORGWARD AG,VEHICLE MFG. PLANTS,53.08,8.72,B17,3.0,13.0,260.0,2.0,30.0,,32.0,F.F.F.
51121,174092.0,1944-09-26,9,GERMANY,KF BORGWARD AG,VEHICLE MFG. PLANTS,53.08,8.72,B17,3.0,12.0,273.0,2.0,28.0,,30.0,F.F.F.
51518,174093.0,1944-09-26,9,GERMANY,KF BORGWARD AG,VEHICLE MFG. PLANTS,53.08,8.72,B17,3.0,13.0,255.0,2.0,30.0,,32.0,F.F.F.
51525,174094.0,1944-09-26,9,GERMANY,KF BORGWARD AG,VEHICLE MFG. PLANTS,53.08,8.72,B17,3.0,11.0,254.0,28.0,,,28.0,F.F.F.
51138,174095.0,1944-09-26,9,GERMANY,KF BORGWARD AG,VEHICLE MFG. PLANTS,53.08,8.72,B17,3.0,12.0,266.0,30.0,,,30.0,F.F.F.
51529,174096.0,1944-09-26,9,GERMANY,KF BORGWARD AG,VEHICLE MFG. PLANTS,53.08,8.72,B17,3.0,12.0,252.0,30.0,,,30.0,F.F.F.
51165,174097.0,1944-09-26,9,GERMANY,KF BORGWARD AG,VEHICLE MFG. PLANTS,53.08,8.72,B17,3.0,12.0,261.0,32.0,,,32.0,F.F.F.
51150,174098.0,1944-09-26,9,GERMANY,KF BORGWARD AG,VEHICLE MFG. PLANTS,53.08,8.72,B17,3.0,10.0,265.0,29.0,,,29.0,F.F.F.
51199,174099.0,1944-09-26,9,GERMANY,KF BORGWARD AG,VEHICLE MFG. PLANTS,53.08,8.72,B17,3.0,11.0,258.0,33.0,,,33.0,F.F.F.
51186,174100.0,1944-09-26,9,GERMANY,KF BORGWARD AG,VEHICLE MFG. PLANTS,53.08,8.72,B17,3.0,10.0,260.0,25.0,,,25.0,F.F.F.
51166,174101.0,1944-09-26,9,GERMANY,KF BORGWARD AG,VEHICLE MFG. PLANTS,53.08,8.72,B17,3.0,12.0,261.0,2.0,30.0,,32.0,F.F.F.
51159,174102.0,1944-09-26,9,GERMANY,KF BORGWARD AG,VEHICLE MFG. PLANTS,53.08,8.72,B17,3.0,12.0,264.0,,36.0,,36.0,F.F.F.
51503,174103.0,1944-09-26,9,GERMANY,KF BORGWARD AG,VEHICLE MFG. PLANTS,53.08,8.72,B17,3.0,12.0,257.0,,36.0,,36.0,F.F.F.
51117,174104.0,1944-09-26,9,GERMANY,KF BORGWARD AG,VEHICLE MFG. PLANTS,53.08,8.72,B17,3.0,9.0,275.0,,27.0,,27.0,F.F.F.
51113,174105.0,1944-09-26,9,GERMANY,KF BORGWARD AG,VEHICLE MFG. PLANTS,53.08,8.72,B17,3.0,11.0,282.0,,33.0,,33.0,F.F.F.
51151,174106.0,1944-09-26,9,GERMANY,KF BORGWARD AG,VEHICLE MFG. PLANTS,53.08,8.72,B17,3.0,13.0,265.0,,36.0,,36.0,F.F.F.
51187,174107.0,1944-09-26,9,GERMANY,KF BORGWARD AG,VEHICLE MFG. PLANTS,53.08,8.72,B17,4.0,10.0,260.0,30.0,,,30.0,VISUAL
51126,174108.0,1944-09-26,9,GERMANY,KF BORGWARD AG,VEHICLE MFG. PLANTS,53.08,8.72,B17,4.0,11.0,272.0,33.0,,,33.0,VISUAL
51538,174109.0,1944-09-26,9,GERMANY,KF BORGWARD AG,VEHICLE MFG. PLANTS,53.08,8.72,B17,4.0,13.0,247.0,39.0,,,39.0,VISUAL
51188,174110.0,1944-09-26,9,GERMANY,KF BORGWARD AG,VEHICLE MFG. PLANTS,53.08,8.72,B17,4.0,9.0,260.0,23.0,,,23.0,VISUAL
51132,174111.0,1944-09-26,9,GERMANY,KF BORGWARD AG,VEHICLE MFG. PLANTS,53.08,8.72,B17,4.0,12.0,270.0,36.0,,,36.0,VISUAL
51189,174112.0,1944-09-26,9,GERMANY,KF BORGWARD AG,VEHICLE MFG. PLANTS,53.08,8.72,B17,4.0,9.0,260.0,27.0,,,27.0,VISUAL
51139,174113.0,1944-09-26,9,GERMANY,KF BORGWARD AG,VEHICLE MFG. PLANTS,53.08,8.72,B17,4.0,13.0,266.0,,39.0,,39.0,VISUAL
51519,174114.0,1944-09-26,9,GERMANY,KF BORGWARD AG,VEHICLE MFG. PLANTS,53.08,8.72,B17,4.0,13.0,255.0,,39.0,,39.0,VISUAL
51520,174115.0,1944-09-26,9,GERMANY,KF BORGWARD AG,VEHICLE MFG. PLANTS,53.08,8.72,B17,4.0,13.0,255.0,,39.0,,39.0,VISUAL
51521,174116.0,1944-09-26,9,GERMANY,KF BORGWARD AG,VEHICLE MFG. PLANTS,53.08,8.72,B17,4.0,13.0,255.0,38.0,,,38.0,VISUAL
51542,174117.0,1944-09-26,9,GERMANY,KF BORGWARD AG,VEHICLE MFG. PLANTS,53.08,8.72,B24,0.0,,,2.0,,,2.0,NOT INDICATED
51196,174118.0,1944-09-26,9,GERMANY,KF BORGWARD AG,VEHICLE MFG. PLANTS,53.08,8.72,B24,4.0,10.0,259.0,27.0,,,27.0,VISUAL
51153,174119.0,1944-09-26,9,GERMANY,KF BORGWARD AG,VEHICLE MFG. PLANTS,53.08,8.72,B24,4.0,13.0,265.0,36.0,,,36.0,VISUAL
51508,174120.0,1944-09-26,9,GERMANY,KF BORGWARD AG,VEHICLE MFG. PLANTS,53.08,8.72,B24,4.0,11.0,256.0,32.0,,,32.0,VISUAL
51190,174121.0,1944-09-26,9,GERMANY,KF BORGWARD AG,VEHICLE MFG. PLANTS,53.08,8.72,B17,3.0,12.0,260.0,29.0,,,29.0,F.F.F.
51154,174122.0,1944-09-26,9,GERMANY,KF BORGWARD AG,VEHICLE MFG. PLANTS,53.08,8.72,B17,3.0,13.0,265.0,31.0,,,31.0,F.F.F.
51534,174123.0,1944-09-26,9,GERMANY,KF BORGWARD AG,VEHICLE MFG. PLANTS,53.08,8.72,B17,3.0,10.0,250.0,25.0,,,25.0,F.F.F.
51191,174124.0,1944-09-26,9,GERMANY,KF BORGWARD AG,VEHICLE MFG. PLANTS,53.08,8.72,B17,3.0,13.0,260.0,2.0,30.0,,32.0,F.F.F.
51122,174125.0,1944-09-26,9,GERMANY,KF BORGWARD AG,VEHICLE MFG. PLANTS,53.08,8.72,B17,3.0,12.0,273.0,2.0,28.0,,30.0,F.F.F.
51522,174126.0,1944-09-26,9,GERMANY,KF BORGWARD AG,VEHICLE MFG. PLANTS,53.08,8.72,B17,3.0,13.0,255.0,2.0,30.0,,32.0,F.F.F.
51526,174127.0,1944-09-26,9,GERMANY,KF BORGWARD AG,VEHICLE MFG. PLANTS,53.08,8.72,B17,3.0,11.0,254.0,28.0,,,28.0,F.F.F.
51140,174128.0,1944-09-26,9,GERMANY,KF BORGWARD AG,VEHICLE MFG. PLANTS,53.08,8.72,B17,3.0,12.0,266.0,30.0,,,30.0,F.F.F.
51530,174129.0,1944-09-26,9,GERMANY,KF BORGWARD AG,VEHICLE MFG. PLANTS,53.08,8.72,B17,3.0,12.0,252.0,30.0,,,30.0,F.F.F.
51167,174130.0,1944-09-26,9,GERMANY,KF BORGWARD AG,VEHICLE MFG. PLANTS,53.08,8.72,B17,3.0,12.0,261.0,32.0,,,32.0,F.F.F.
51155,174131.0,1944-09-26,9,GERMANY,KF BORGWARD AG,VEHICLE MFG. PLANTS,53.08,8.72,B17,3.0,10.0,265.0,29.0,,,29.0,F.F.F.
51200,174132.0,1944-09-26,9,GERMANY,KF BORGWARD AG,VEHICLE MFG. PLANTS,53.08,8.72,B17,3.0,11.0,258.0,33.0,,,33.0,F.F.F.
51192,174133.0,1944-09-26,9,GERMANY,KF BORGWARD AG,VEHICLE MFG. PLANTS,53.08,8.72,B17,3.0,10.0,260.0,25.0,,,25.0,F.F.F.
51128,174134.0,1944-09-26,9,GERMANY,KF BORGWARD AG,VEHICLE MFG. PLANTS,53.08,8.72,B17,3.0,12.0,271.0,30.0,,,30.0,F.F.F.
51168,174135.0,1944-09-26,9,GERMANY,KF BORGWARD AG,VEHICLE MFG. PLANTS,53.08,8.72,B17,3.0,12.0,261.0,2.0,30.0,,32.0,F.F.F.
51160,174136.0,1944-09-26,9,GERMANY,KF BORGWARD AG,VEHICLE MFG. PLANTS,53.08,8.72,B17,3.0,12.0,264.0,,36.0,,36.0,F.F.F.
51504,174137.0,1944-09-26,9,GERMANY,KF BORGWARD AG,VEHICLE MFG. PLANTS,53.08,8.72,B17,3.0,12.0,257.0,,36.0,,36.0,F.F.F.
51118,174138.0,1944-09-26,9,GERMANY,KF BORGWARD AG,VEHICLE MFG. PLANTS,53.08,8.72,B17,3.0,9.0,275.0,,27.0,,27.0,F.F.F.
51114,174139.0,1944-09-26,9,GERMANY,KF BORGWARD AG,VEHICLE MFG. PLANTS,53.08,8.72,B17,3.0,11.0,282.0,,33.0,,33.0,F.F.F.
51156,174140.0,1944-09-26,9,GERMANY,KF BORGWARD AG,VEHICLE MFG. PLANTS,53.08,8.72,B17,3.0,13.0,265.0,,36.0,,36.0,F.F.F.
51109,213088.0,1944-09-26,12,FRANCE,ROAD BRIDGE,BRIDGES,43.93,7.52,B26,4.0,17.0,92.0,34.0,,,34.0,NOT INDICATED
51552,213107.0,1944-09-26,8,GERMANY,AIRDROME,AIR FIELDS AND AIRDROMES,52.45,10.63,B17,2.0,3.0,,8.0,,,8.0,NOT INDICATED
51553,213109.0,1944-09-26,8,GERMANY,AIRDROME,AIR FIELDS AND AIRDROMES,52.45,10.63,B17,2.0,3.0,,8.0,,,8.0,NOT INDICATED
52328,174290.0,1944-09-27,9,GERMANY,MARSHALLING YARD,"""RR INSTALLATIONS,  TRACKS,  MARSHALLING YARDS,  AND STATIONS""",50.88,8.77,B24,4.0,,,3.0,,,3.0,NOT INDICATED
52322,174291.0,1944-09-27,9,GERMANY,MARSHALLING YARD,"""RR INSTALLATIONS,  TRACKS,  MARSHALLING YARDS,  AND STATIONS""",50.88,8.77,B24,2.0,35.0,229.0,90.0,,,90.0,F.F.F.
52338,174292.0,1944-09-27,1,GERMANY,MARSHALLING YARD,"""RR INSTALLATIONS,  TRACKS,  MARSHALLING YARDS,  AND STATIONS""",49.47,8.37,B17,3.0,2.0,,3.0,,,3.0,NOT INDICATED
52333,174293.0,1944-09-27,1,GERMANY,MARSHALLING YARD,"""RR INSTALLATIONS,  TRACKS,  MARSHALLING YARDS,  AND STATIONS""",49.47,8.37,B17,3.0,8.0,258.0,24.0,,,24.0,F.F.F.
52330,174294.0,1944-09-27,8,GERMANY,MARSHALLING YARD,"""RR INSTALLATIONS,  TRACKS,  MARSHALLING YARDS,  AND STATIONS""",49.47,8.37,B17,3.0,13.0,263.0,39.0,,,39.0,F.F.F.
52336,174295.0,1944-09-27,1,GERMANY,MARSHALLING YARD,"""RR INSTALLATIONS,  TRACKS,  MARSHALLING YARDS,  AND STATIONS""",49.47,8.37,B17,3.0,13.0,254.0,39.0,,,39.0,F.F.F.
52335,174296.0,1944-09-27,1,GERMANY,MARSHALLING YARD,"""RR INSTALLATIONS,  TRACKS,  MARSHALLING YARDS,  AND STATIONS""",49.47,8.37,B17,3.0,10.0,256.0,30.0,,,30.0,F.F.F.
52332,174297.0,1944-09-27,1,GERMANY,MARSHALLING YARD,"""RR INSTALLATIONS,  TRACKS,  MARSHALLING YARDS,  AND STATIONS""",49.47,8.37,B17,3.0,12.0,260.0,36.0,,,36.0,F.F.F.
52337,174298.0,1944-09-27,1,GERMANY,MARSHALLING YARD,"""RR INSTALLATIONS,  TRACKS,  MARSHALLING YARDS,  AND STATIONS""",49.47,8.37,B17,3.0,11.0,251.0,33.0,,,33.0,F.F.F.
52331,174299.0,1944-09-27,1,GERMANY,MARSHALLING YARD,"""RR INSTALLATIONS,  TRACKS,  MARSHALLING YARDS,  AND STATIONS""",49.47,8.37,B24,3.0,10.0,261.0,30.0,,,30.0,F.F.F.
52329,174300.0,1944-09-27,8,GERMANY,MARSHALLING YARD,"""RR INSTALLATIONS,  TRACKS,  MARSHALLING YARDS,  AND STATIONS""",49.47,8.37,B24,3.0,12.0,266.0,33.0,,,33.0,F.F.F.
52334,174301.0,1944-09-27,1,GERMANY,MARSHALLING YARD,"""RR INSTALLATIONS,  TRACKS,  MARSHALLING YARDS,  AND STATIONS""",49.47,8.37,B24,3.0,14.0,256.0,39.0,,,39.0,F.F.F.
52339,174302.0,1944-09-27,1,GERMANY,MARSHALLING YARD,"""RR INSTALLATIONS,  TRACKS,  MARSHALLING YARDS,  AND STATIONS""",49.47,8.37,B17,3.0,1.0,,2.0,,,2.0,NOT INDICATED
52340,174303.0,1944-09-27,1,GERMANY,MARSHALLING YARD,"""RR INSTALLATIONS,  TRACKS,  MARSHALLING YARDS,  AND STATIONS""",49.47,8.37,B17,3.0,1.0,,2.0,,,2.0,NOT INDICATED
53180,110465.0,1944-09-28,9,GERMANY,UNIDENTIFIED TARGET,UNIDENTIFIED TARGETS,52.13,11.63,B17,3.0,12.0,262.0,,30.0,,30.0,F.F.F.
53192,110466.0,1944-09-28,9,GERMANY,UNIDENTIFIED TARGET,UNIDENTIFIED TARGETS,53.15,8.71,B17,2.0,1.0,,3.0,,,3.0,NOT INDICATED
53199,110467.0,1944-09-28,9,GERMANY,UNIDENTIFIED TARGET,UNIDENTIFIED TARGETS,50.55,9.67,B17,2.0,1.0,,3.0,,,3.0,NOT INDICATED
53502,110468.0,1944-09-28,9,GERMANY,UNIDENTIFIED TARGET,UNIDENTIFIED TARGETS,50.6,8.68,B17,2.0,1.0,,3.0,,,3.0,NOT INDICATED
53503,110469.0,1944-09-28,9,GERMANY,UNIDENTIFIED TARGET,UNIDENTIFIED TARGETS,50.6,8.68,B17,2.0,1.0,,3.0,,,3.0,NOT INDICATED
53508,110470.0,1944-09-28,9,GERMANY,UNIDENTIFIED TARGET,UNIDENTIFIED TARGETS,50.88,8.77,B17,2.0,1.0,,3.0,,,3.0,NOT INDICATED
53517,110471.0,1944-09-28,1,GERMANY,UNIDENTIFIED TARGET,UNIDENTIFIED TARGETS,52.23,10.98,B17,2.0,13.0,265.0,33.0,1.0,,34.0,VISUAL
53195,110472.0,1944-09-28,9,GERMANY,CITY AREA,CITIES TOWNS AND URBAN AREAS,50.35,7.6,B24,2.0,1.0,,4.0,,,4.0,NOT INDICATED
53520,110474.0,1944-09-28,1,GERMANY,UNIDENTIFIED TARGET,UNIDENTIFIED TARGETS,52.9,8.4,B17,2.0,1.0,,3.0,,,3.0,NOT INDICATED
53193,174320.0,1944-09-28,9,GERMANY,UNIDENTIFIED TARGET,UNIDENTIFIED TARGETS,53.15,8.71,B17,2.0,1.0,,3.0,,,3.0,NOT INDICATED
53200,174321.0,1944-09-28,9,GERMANY,UNIDENTIFIED TARGET,UNIDENTIFIED TARGETS,50.55,9.67,B17,2.0,1.0,,3.0,,,3.0,NOT INDICATED
53504,174322.0,1944-09-28,9,GERMANY,UNIDENTIFIED TARGET,UNIDENTIFIED TARGETS,50.6,8.68,B17,2.0,1.0,,3.0,,,3.0,NOT INDICATED
53505,174323.0,1944-09-28,9,GERMANY,UNIDENTIFIED TARGET,UNIDENTIFIED TARGETS,50.6,8.68,B17,2.0,1.0,,3.0,,,3.0,NOT INDICATED
53509,174324.0,1944-09-28,9,GERMANY,UNIDENTIFIED TARGET,UNIDENTIFIED TARGETS,50.88,8.77,B17,2.0,1.0,,3.0,,,3.0,NOT INDICATED
53518,174325.0,1944-09-28,1,GERMANY,UNIDENTIFIED TARGET,UNIDENTIFIED TARGETS,52.23,10.98,B17,2.0,13.0,265.0,33.0,1.0,,34.0,VISUAL
53181,174326.0,1944-09-28,9,GERMANY,UNIDENTIFIED TARGET,UNIDENTIFIED TARGETS,52.13,11.63,B17,3.0,12.0,262.0,,30.0,,30.0,F.F.F.
53521,174328.0,1944-09-28,1,GERMANY,UNIDENTIFIED TARGET,UNIDENTIFIED TARGETS,52.9,8.4,B17,2.0,1.0,,3.0,,,3.0,NOT INDICATED
53196,174343.0,1944-09-28,9,GERMANY,CITY AREA,CITIES TOWNS AND URBAN AREAS,50.35,7.6,B24,2.0,1.0,,4.0,,,4.0,NOT INDICATED
53183,174344.0,1944-09-28,9,GERMANY,CITY AREA,CITIES TOWNS AND URBAN AREAS,52.13,11.63,B17,3.0,12.0,259.0,30.0,,,30.0,VISUAL
53185,174345.0,1944-09-28,9,GERMANY,CITY AREA,CITIES TOWNS AND URBAN AREAS,52.13,11.63,B17,3.0,12.0,249.0,30.0,,,30.0,VISUAL
53197,174346.0,1944-09-28,9,GERMANY,CITY AREA,CITIES TOWNS AND URBAN AREAS,50.35,7.6,B24,2.0,1.0,,4.0,,,4.0,NOT INDICATED
53184,174347.0,1944-09-28,9,GERMANY,CITY AREA,CITIES TOWNS AND URBAN AREAS,52.13,11.63,B17,3.0,12.0,259.0,30.0,,,30.0,VISUAL
53186,174348.0,1944-09-28,9,GERMANY,CITY AREA,CITIES TOWNS AND URBAN AREAS,52.13,11.63,B17,3.0,12.0,249.0,30.0,,,30.0,VISUAL
53194,174353.0,1944-09-28,9,GERMANY,UNIDENTIFIED TARGET,UNIDENTIFIED TARGETS,53.15,8.71,B17,2.0,1.0,,3.0,,,3.0,NOT INDICATED
53501,174354.0,1944-09-28,9,GERMANY,UNIDENTIFIED TARGET,UNIDENTIFIED TARGETS,50.55,9.67,B17,2.0,1.0,,3.0,,,3.0,NOT INDICATED
53506,174355.0,1944-09-28,9,GERMANY,UNIDENTIFIED TARGET,UNIDENTIFIED TARGETS,50.6,8.68,B17,2.0,1.0,,3.0,,,3.0,NOT INDICATED
53507,174356.0,1944-09-28,9,GERMANY,UNIDENTIFIED TARGET,UNIDENTIFIED TARGETS,50.6,8.68,B17,2.0,1.0,,3.0,,,3.0,NOT INDICATED
53510,174357.0,1944-09-28,9,GERMANY,UNIDENTIFIED TARGET,UNIDENTIFIED TARGETS,50.88,8.77,B17,2.0,1.0,,3.0,,,3.0,NOT INDICATED
53519,174358.0,1944-09-28,1,GERMANY,UNIDENTIFIED TARGET,UNIDENTIFIED TARGETS,52.23,10.98,B17,2.0,13.0,265.0,33.0,1.0,,34.0,VISUAL
53182,174359.0,1944-09-28,9,GERMANY,UNIDENTIFIED TARGET,UNIDENTIFIED TARGETS,52.13,11.63,B17,3.0,12.0,262.0,,30.0,,30.0,F.F.F.
53522,174361.0,1944-09-28,1,GERMANY,UNIDENTIFIED TARGET,UNIDENTIFIED TARGETS,52.9,8.4,B17,2.0,1.0,,3.0,,,3.0,NOT INDICATED
54366,110475.0,1944-09-29,9,GERMANY,MARSHALLING YARD,"""RR INSTALLATIONS,  TRACKS,  MARSHALLING YARDS,  AND STATIONS""",49.97,7.9,A20,,,105.0,51.0,,,51.0,VISUAL
54364,110476.0,1944-09-29,9,GERMANY,MARSHALLING YARD,"""RR INSTALLATIONS,  TRACKS,  MARSHALLING YARDS,  AND STATIONS""",49.97,7.9,A20,,,120.0,49.0,,,49.0,VISUAL
54362,110491.0,1944-09-29,9,GERMANY,KF BORGWARD AG,VEHICLE MFG. PLANTS,53.08,8.72,B17,3.0,12.0,271.0,30.0,,,30.0,F.F.F.
54363,174468.0,1944-09-29,9,GERMANY,KF BORGWARD AG,VEHICLE MFG. PLANTS,53.08,8.72,B17,3.0,12.0,271.0,30.0,,,30.0,F.F.F.
54367,213123.0,1944-09-29,9,GERMANY,MARSHALLING YARD,"""RR INSTALLATIONS,  TRACKS,  MARSHALLING YARDS,  AND STATIONS""",49.97,7.9,A20,,,105.0,51.0,,,51.0,VISUAL
54365,213124.0,1944-09-29,9,GERMANY,MARSHALLING YARD,"""RR INSTALLATIONS,  TRACKS,  MARSHALLING YARDS,  AND STATIONS""",49.97,7.9,A20,,,120.0,49.0,,,49.0,VISUAL
55114,110501.0,1944-09-30,9,GERMANY,ROAD BLOCK,HIGHWAYS AND VEHICLES,52.62,11.98,B26,,,108.0,28.0,,,28.0,VISUAL
55138,110509.0,1944-09-30,1,GERMANY,AIRDROME,AIR FIELDS AND AIRDROMES,51.58,15.18,B17,4.0,14.0,245.0,42.0,,,42.0,VISUAL
55156,110513.0,1944-09-30,1,GERMANY,ORD DEPOT,SUPPLY DUMPS AND WAREHOUSES,52.03,8.53,B17,4.0,13.0,232.0,33.0,,,33.0,F.F.F.
55141,110514.0,1944-09-30,1,GERMANY,ORD DEPOT,SUPPLY DUMPS AND WAREHOUSES,52.03,8.53,B17,4.0,13.0,242.0,38.0,,,38.0,F.F.F.
55150,110515.0,1944-09-30,1,GERMANY,ORD DEPOT,SUPPLY DUMPS AND WAREHOUSES,52.03,8.53,B17,4.0,11.0,236.0,33.0,,,33.0,F.F.F.
55135,110516.0,1944-09-30,1,GERMANY,ORD DEPOT,SUPPLY DUMPS AND WAREHOUSES,52.03,8.53,B17,4.0,12.0,245.0,36.0,,,36.0,F.F.F.
55165,110517.0,1944-09-30,1,GERMANY,ORD DEPOT,SUPPLY DUMPS AND WAREHOUSES,52.03,8.53,B17,4.0,13.0,224.0,,30.0,,30.0,F.F.F.
55166,110518.0,1944-09-30,1,GERMANY,ORD DEPOT,SUPPLY DUMPS AND WAREHOUSES,52.03,8.53,B17,4.0,13.0,224.0,,30.0,,30.0,F.F.F.
55171,110519.0,1944-09-30,1,GERMANY,ORD DEPOT,SUPPLY DUMPS AND WAREHOUSES,52.03,8.53,B17,3.0,2.0,,3.0,,,3.0,NOT INDICATED
55172,110520.0,1944-09-30,1,GERMANY,ORD DEPOT,SUPPLY DUMPS AND WAREHOUSES,52.03,8.53,B17,3.0,1.0,,2.0,,,2.0,NOT INDICATED
55173,110521.0,1944-09-30,1,GERMANY,ORD DEPOT,SUPPLY DUMPS AND WAREHOUSES,52.03,8.53,B17,3.0,2.0,,2.0,,,2.0,NOT INDICATED
55142,110522.0,1944-09-30,1,GERMANY,ORD DEPOT,SUPPLY DUMPS AND WAREHOUSES,52.03,8.53,B17,3.0,10.0,242.0,29.0,,,29.0,F.F.F.
55132,110523.0,1944-09-30,1,GERMANY,ORD DEPOT,SUPPLY DUMPS AND WAREHOUSES,52.03,8.53,B17,3.0,13.0,253.0,36.0,,,36.0,F.F.F.
55147,110524.0,1944-09-30,1,GERMANY,ORD DEPOT,SUPPLY DUMPS AND WAREHOUSES,52.03,8.53,B17,3.0,12.0,239.0,33.0,,,33.0,F.F.F.
55126,110525.0,1944-09-30,1,GERMANY,ORD DEPOT,SUPPLY DUMPS AND WAREHOUSES,52.03,8.53,B17,3.0,10.0,258.0,25.0,,,25.0,F.F.F.
55123,110526.0,1944-09-30,1,GERMANY,ORD DEPOT,SUPPLY DUMPS AND WAREHOUSES,52.03,8.53,B17,3.0,13.0,261.0,31.0,,,31.0,F.F.F.
55129,110527.0,1944-09-30,1,GERMANY,ORD DEPOT,SUPPLY DUMPS AND WAREHOUSES,52.03,8.53,B17,3.0,13.0,255.0,33.0,,,33.0,F.F.F.
55159,110528.0,1944-09-30,1,GERMANY,ORD DEPOT,SUPPLY DUMPS AND WAREHOUSES,52.03,8.53,B17,3.0,10.0,231.0,24.0,,,24.0,F.F.F.
55151,110529.0,1944-09-30,1,GERMANY,ORD DEPOT,SUPPLY DUMPS AND WAREHOUSES,52.03,8.53,B17,3.0,13.0,236.0,,32.0,,32.0,F.F.F.
55162,110530.0,1944-09-30,1,GERMANY,ORD DEPOT,SUPPLY DUMPS AND WAREHOUSES,52.03,8.53,B17,3.0,12.0,228.0,,30.0,,30.0,F.F.F.
55175,110531.0,1944-09-30,1,GERMANY,ORD DEPOT,SUPPLY DUMPS AND WAREHOUSES,52.03,8.53,B24,3.0,2.0,,3.0,,,3.0,NOT INDICATED
55110,174475.0,1944-09-30,9,GERMANY,MARSHALLING YARD,"""RR INSTALLATIONS,  TRACKS,  MARSHALLING YARDS,  AND STATIONS""",52.03,8.53,B17,3.0,11.0,232.0,30.0,,,30.0,F.F.F.
55108,174476.0,1944-09-30,9,GERMANY,MARSHALLING YARD,"""RR INSTALLATIONS,  TRACKS,  MARSHALLING YARDS,  AND STATIONS""",52.03,8.53,B17,3.0,13.0,235.0,38.0,,,38.0,GEE
55113,174477.0,1944-09-30,9,GERMANY,MARSHALLING YARD,"""RR INSTALLATIONS,  TRACKS,  MARSHALLING YARDS,  AND STATIONS""",52.03,8.53,B17,3.0,13.0,225.0,,39.0,,39.0,F.F.F.
55111,174478.0,1944-09-30,9,GERMANY,MARSHALLING YARD,"""RR INSTALLATIONS,  TRACKS,  MARSHALLING YARDS,  AND STATIONS""",52.03,8.53,B17,3.0,9.0,232.0,26.0,,,26.0,F.F.F.
55109,174479.0,1944-09-30,9,GERMANY,MARSHALLING YARD,"""RR INSTALLATIONS,  TRACKS,  MARSHALLING YARDS,  AND STATIONS""",52.03,8.53,B17,3.0,12.0,235.0,36.0,,,36.0,F.F.F.
55112,174480.0,1944-09-30,9,GERMANY,MARSHALLING YARD,"""RR INSTALLATIONS,  TRACKS,  MARSHALLING YARDS,  AND STATIONS""",52.03,8.53,B17,3.0,12.0,226.0,,36.0,,36.0,F.F.F.
54796,174492.0,1944-09-30,9,GERMANY,R R,"""RR INSTALLATIONS,  TRACKS,  MARSHALLING YARDS,  AND STATIONS""",50.13,8.46,B17,3.0,12.0,265.0,36.0,,,36.0,F.F.F.
55104,174493.0,1944-09-30,9,GERMANY,R R,"""RR INSTALLATIONS,  TRACKS,  MARSHALLING YARDS,  AND STATIONS""",50.13,8.46,B17,3.0,11.0,259.0,33.0,,,33.0,F.F.F.
54786,174494.0,1944-09-30,9,GERMANY,R R,"""RR INSTALLATIONS,  TRACKS,  MARSHALLING YARDS,  AND STATIONS""",50.13,8.46,B17,3.0,13.0,271.0,36.0,,,36.0,F.F.F.
54789,174495.0,1944-09-30,9,GERMANY,R R,"""RR INSTALLATIONS,  TRACKS,  MARSHALLING YARDS,  AND STATIONS""",50.13,8.46,B17,3.0,12.0,270.0,36.0,,,36.0,F.F.F.
54790,174496.0,1944-09-30,9,GERMANY,R R,"""RR INSTALLATIONS,  TRACKS,  MARSHALLING YARDS,  AND STATIONS""",50.13,8.46,B17,3.0,10.0,270.0,30.0,,,30.0,F.F.F.
54792,174497.0,1944-09-30,9,GERMANY,R R,"""RR INSTALLATIONS,  TRACKS,  MARSHALLING YARDS,  AND STATIONS""",50.13,8.46,B17,3.0,12.0,268.0,35.0,,,35.0,F.F.F.
55102,174498.0,1944-09-30,9,GERMANY,R R,"""RR INSTALLATIONS,  TRACKS,  MARSHALLING YARDS,  AND STATIONS""",50.13,8.46,B17,3.0,12.0,260.0,36.0,,,36.0,F.F.F.
54794,174499.0,1944-09-30,9,GERMANY,R R,"""RR INSTALLATIONS,  TRACKS,  MARSHALLING YARDS,  AND STATIONS""",50.13,8.46,B17,3.0,12.0,266.0,33.0,,,33.0,F.F.F.
55103,174500.0,1944-09-30,9,GERMANY,R R,"""RR INSTALLATIONS,  TRACKS,  MARSHALLING YARDS,  AND STATIONS""",50.13,8.46,B17,3.0,11.0,260.0,33.0,,,33.0,F.F.F.
54797,174501.0,1944-09-30,9,GERMANY,R R,"""RR INSTALLATIONS,  TRACKS,  MARSHALLING YARDS,  AND STATIONS""",50.13,8.46,B17,3.0,14.0,265.0,41.0,,,41.0,VISUAL
55107,174502.0,1944-09-30,9,GERMANY,R R,"""RR INSTALLATIONS,  TRACKS,  MARSHALLING YARDS,  AND STATIONS""",50.13,8.46,B17,3.0,14.0,253.0,42.0,,,42.0,VISUAL
54783,174503.0,1944-09-30,9,GERMANY,R R,"""RR INSTALLATIONS,  TRACKS,  MARSHALLING YARDS,  AND STATIONS""",50.13,8.46,B17,3.0,12.0,277.0,,36.0,,36.0,VISUAL
55105,174504.0,1944-09-30,9,GERMANY,R R,"""RR INSTALLATIONS,  TRACKS,  MARSHALLING YARDS,  AND STATIONS""",50.13,8.46,B17,3.0,12.0,257.0,,36.0,,36.0,VISUAL
54799,174505.0,1944-09-30,9,GERMANY,R R,"""RR INSTALLATIONS,  TRACKS,  MARSHALLING YARDS,  AND STATIONS""",50.13,8.46,B17,3.0,11.0,264.0,,33.0,,33.0,VISUAL
54793,174506.0,1944-09-30,9,GERMANY,R R,"""RR INSTALLATIONS,  TRACKS,  MARSHALLING YARDS,  AND STATIONS""",50.13,8.46,B17,3.0,11.0,267.0,32.0,,,32.0,F.F.F.
54798,174507.0,1944-09-30,9,GERMANY,R R,"""RR INSTALLATIONS,  TRACKS,  MARSHALLING YARDS,  AND STATIONS""",50.13,8.46,B17,3.0,11.0,265.0,33.0,,,33.0,F.F.F.
54791,174508.0,1944-09-30,9,GERMANY,R R,"""RR INSTALLATIONS,  TRACKS,  MARSHALLING YARDS,  AND STATIONS""",50.13,8.46,B17,3.0,12.0,270.0,39.0,,,39.0,F.F.F.
54787,174509.0,1944-09-30,9,GERMANY,R R,"""RR INSTALLATIONS,  TRACKS,  MARSHALLING YARDS,  AND STATIONS""",50.13,8.46,B17,3.0,12.0,271.0,36.0,,,36.0,F.F.F.
55106,174510.0,1944-09-30,9,GERMANY,R R,"""RR INSTALLATIONS,  TRACKS,  MARSHALLING YARDS,  AND STATIONS""",50.13,8.46,B17,3.0,12.0,255.0,36.0,,,36.0,F.F.F.
54784,174511.0,1944-09-30,9,GERMANY,R R,"""RR INSTALLATIONS,  TRACKS,  MARSHALLING YARDS,  AND STATIONS""",50.13,8.46,B17,3.0,11.0,276.0,32.0,,,32.0,F.F.F.
54785,174512.0,1944-09-30,9,GERMANY,R R,"""RR INSTALLATIONS,  TRACKS,  MARSHALLING YARDS,  AND STATIONS""",50.13,8.46,B17,3.0,12.0,275.0,34.0,,,34.0,F.F.F.
54795,174513.0,1944-09-30,9,GERMANY,R R,"""RR INSTALLATIONS,  TRACKS,  MARSHALLING YARDS,  AND STATIONS""",50.13,8.46,B17,3.0,12.0,266.0,,36.0,,36.0,F.F.F.
54782,174514.0,1944-09-30,9,GERMANY,R R,"""RR INSTALLATIONS,  TRACKS,  MARSHALLING YARDS,  AND STATIONS""",50.13,8.46,B17,3.0,12.0,281.0,,33.0,,33.0,F.F.F.
55119,174515.0,1944-09-30,9,GERMANY,R R,"""RR INSTALLATIONS,  TRACKS,  MARSHALLING YARDS,  AND STATIONS""",50.13,8.46,B24,2.0,12.0,,36.0,,,36.0,NOT INDICATED
55115,213145.0,1944-09-30,9,GERMANY,ROAD BLOCK,HIGHWAYS AND VEHICLES,52.62,11.98,B26,,,108.0,28.0,,,28.0,VISUAL
55139,213157.0,1944-09-30,1,GERMANY,AIRDROME,AIR FIELDS AND AIRDROMES,51.58,15.18,B17,4.0,14.0,245.0,42.0,,,42.0,VISUAL
55157,213158.0,1944-09-30,1,GERMANY,ORD DEPOT,SUPPLY DUMPS AND WAREHOUSES,52.03,8.53,B17,4.0,13.0,232.0,33.0,,,33.0,F.F.F.
55143,213159.0,1944-09-30,1,GERMANY,ORD DEPOT,SUPPLY DUMPS AND WAREHOUSES,52.03,8.53,B17,4.0,13.0,242.0,38.0,,,38.0,F.F.F.
55152,213160.0,1944-09-30,1,GERMANY,ORD DEPOT,SUPPLY DUMPS AND WAREHOUSES,52.03,8.53,B17,4.0,11.0,236.0,33.0,,,33.0,F.F.F.
55136,213161.0,1944-09-30,1,GERMANY,ORD DEPOT,SUPPLY DUMPS AND WAREHOUSES,52.03,8.53,B17,4.0,12.0,245.0,36.0,,,36.0,F.F.F.
55167,213162.0,1944-09-30,1,GERMANY,ORD DEPOT,SUPPLY DUMPS AND WAREHOUSES,52.03,8.53,B17,4.0,13.0,224.0,,30.0,,30.0,F.F.F.
55168,213163.0,1944-09-30,1,GERMANY,ORD DEPOT,SUPPLY DUMPS AND WAREHOUSES,52.03,8.53,B17,4.0,13.0,224.0,,30.0,,30.0,F.F.F.
55177,213164.0,1944-09-30,1,GERMANY,ORD DEPOT,SUPPLY DUMPS AND WAREHOUSES,52.03,8.53,B17,3.0,2.0,,3.0,,,3.0,NOT INDICATED
55178,213165.0,1944-09-30,1,GERMANY,ORD DEPOT,SUPPLY DUMPS AND WAREHOUSES,52.03,8.53,B17,3.0,1.0,,2.0,,,2.0,NOT INDICATED
55179,213166.0,1944-09-30,1,GERMANY,ORD DEPOT,SUPPLY DUMPS AND WAREHOUSES,52.03,8.53,B17,3.0,2.0,,2.0,,,2.0,NOT INDICATED
55144,213167.0,1944-09-30,1,GERMANY,ORD DEPOT,SUPPLY DUMPS AND WAREHOUSES,52.03,8.53,B17,3.0,10.0,242.0,29.0,,,29.0,F.F.F.
55133,213168.0,1944-09-30,1,GERMANY,ORD DEPOT,SUPPLY DUMPS AND WAREHOUSES,52.03,8.53,B17,3.0,13.0,253.0,36.0,,,36.0,F.F.F.
55148,213169.0,1944-09-30,1,GERMANY,ORD DEPOT,SUPPLY DUMPS AND WAREHOUSES,52.03,8.53,B17,3.0,12.0,239.0,33.0,,,33.0,F.F.F.
55127,213170.0,1944-09-30,1,GERMANY,ORD DEPOT,SUPPLY DUMPS AND WAREHOUSES,52.03,8.53,B17,3.0,10.0,258.0,25.0,,,25.0,F.F.F.
55124,213171.0,1944-09-30,1,GERMANY,ORD DEPOT,SUPPLY DUMPS AND WAREHOUSES,52.03,8.53,B17,3.0,13.0,261.0,31.0,,,31.0,F.F.F.
55130,213172.0,1944-09-30,1,GERMANY,ORD DEPOT,SUPPLY DUMPS AND WAREHOUSES,52.03,8.53,B17,3.0,13.0,255.0,33.0,,,33.0,F.F.F.
55160,213173.0,1944-09-30,1,GERMANY,ORD DEPOT,SUPPLY DUMPS AND WAREHOUSES,52.03,8.53,B17,3.0,10.0,231.0,24.0,,,24.0,F.F.F.
55153,213174.0,1944-09-30,1,GERMANY,ORD DEPOT,SUPPLY DUMPS AND WAREHOUSES,52.03,8.53,B17,3.0,13.0,236.0,,32.0,,32.0,F.F.F.
55163,213175.0,1944-09-30,1,GERMANY,ORD DEPOT,SUPPLY DUMPS AND WAREHOUSES,52.03,8.53,B17,3.0,12.0,228.0,,30.0,,30.0,F.F.F.
55174,213176.0,1944-09-30,1,GERMANY,ORD DEPOT,SUPPLY DUMPS AND WAREHOUSES,52.03,8.53,B24,3.0,2.0,,3.0,,,3.0,NOT INDICATED
55158,213183.0,1944-09-30,1,GERMANY,ORD DEPOT,SUPPLY DUMPS AND WAREHOUSES,52.03,8.53,B17,4.0,13.0,232.0,33.0,,,33.0,F.F.F.
55145,213184.0,1944-09-30,1,GERMANY,ORD DEPOT,SUPPLY DUMPS AND WAREHOUSES,52.03,8.53,B17,4.0,13.0,242.0,38.0,,,38.0,F.F.F.
55154,213185.0,1944-09-30,1,GERMANY,ORD DEPOT,SUPPLY DUMPS AND WAREHOUSES,52.03,8.53,B17,4.0,11.0,236.0,33.0,,,33.0,F.F.F.
55137,213186.0,1944-09-30,1,GERMANY,ORD DEPOT,SUPPLY DUMPS AND WAREHOUSES,52.03,8.53,B17,4.0,12.0,245.0,36.0,,,36.0,F.F.F.
55169,213187.0,1944-09-30,1,GERMANY,ORD DEPOT,SUPPLY DUMPS AND WAREHOUSES,52.03,8.53,B17,4.0,13.0,224.0,,30.0,,30.0,F.F.F.
55170,213188.0,1944-09-30,1,GERMANY,ORD DEPOT,SUPPLY DUMPS AND WAREHOUSES,52.03,8.53,B17,4.0,13.0,224.0,,30.0,,30.0,F.F.F.
55180,213189.0,1944-09-30,1,GERMANY,ORD DEPOT,SUPPLY DUMPS AND WAREHOUSES,52.03,8.53,B17,3.0,2.0,,3.0,,,3.0,NOT INDICATED
55181,213190.0,1944-09-30,1,GERMANY,ORD DEPOT,SUPPLY DUMPS AND WAREHOUSES,52.03,8.53,B17,3.0,1.0,,2.0,,,2.0,NOT INDICATED
55182,213191.0,1944-09-30,1,GERMANY,ORD DEPOT,SUPPLY DUMPS AND WAREHOUSES,52.03,8.53,B17,3.0,2.0,,2.0,,,2.0,NOT INDICATED
55146,213192.0,1944-09-30,1,GERMANY,ORD DEPOT,SUPPLY DUMPS AND WAREHOUSES,52.03,8.53,B17,3.0,10.0,242.0,29.0,,,29.0,F.F.F.
55134,213193.0,1944-09-30,1,GERMANY,ORD DEPOT,SUPPLY DUMPS AND WAREHOUSES,52.03,8.53,B17,3.0,13.0,253.0,36.0,,,36.0,F.F.F.
55149,213194.0,1944-09-30,1,GERMANY,ORD DEPOT,SUPPLY DUMPS AND WAREHOUSES,52.03,8.53,B17,3.0,12.0,239.0,33.0,,,33.0,F.F.F.
55128,213195.0,1944-09-30,1,GERMANY,ORD DEPOT,SUPPLY DUMPS AND WAREHOUSES,52.03,8.53,B17,3.0,10.0,258.0,25.0,,,25.0,F.F.F.
55125,213196.0,1944-09-30,1,GERMANY,ORD DEPOT,SUPPLY DUMPS AND WAREHOUSES,52.03,8.53,B17,3.0,13.0,261.0,31.0,,,31.0,F.F.F.
55131,213197.0,1944-09-30,1,GERMANY,ORD DEPOT,SUPPLY DUMPS AND WAREHOUSES,52.03,8.53,B17,3.0,13.0,255.0,33.0,,,33.0,F.F.F.
55161,213198.0,1944-09-30,1,GERMANY,ORD DEPOT,SUPPLY DUMPS AND WAREHOUSES,52.03,8.53,B17,3.0,10.0,231.0,24.0,,,24.0,F.F.F.
55155,213199.0,1944-09-30,1,GERMANY,ORD DEPOT,SUPPLY DUMPS AND WAREHOUSES,52.03,8.53,B17,3.0,13.0,236.0,,32.0,,32.0,F.F.F.
55164,213200.0,1944-09-30,1,GERMANY,ORD DEPOT,SUPPLY DUMPS AND WAREHOUSES,52.03,8.53,B17,3.0,12.0,228.0,,30.0,,30.0,F.F.F.
55176,213201.0,1944-09-30,1,GERMANY,ORD DEPOT,SUPPLY DUMPS AND WAREHOUSES,52.03,8.53,B24,3.0,2.0,,3.0,,,3.0,NOT INDICATED
55140,213202.0,1944-09-30,1,GERMANY,AIRDROME,AIR FIELDS AND AIRDROMES,51.58,15.18,B17,4.0,4.0,245.0,42.0,,,42.0,VISUAL
55909,110543.0,1944-10-01,12,FRANCE,GUN POSITIONS,GUN EMPLACEMENTS,48.33,5.33,B25,4.0,33.0,115.0,66.0,,,66.0,NOT INDICATED
55910,213221.0,1944-10-01,12,FRANCE,GUN POSITIONS,GUN EMPLACEMENTS,48.33,5.33,B25,4.0,33.0,115.0,66.0,,,66.0,NOT INDICATED
55911,213228.0,1944-10-01,12,FRANCE,GUN POSITIONS,GUN EMPLACEMENTS,48.33,5.33,B25,4.0,33.0,115.0,66.0,,,66.0,NOT INDICATED
56478,110561.0,1944-10-02,1,GERMANY,HENSCHEL FACTORY,MANUFACTURING INSTALLATIONS (NOT SPECIFICALLY IDENTIFIED BELOW FROM CLASS 11 THROUGH 59),51.32,9.47,B17,3.0,12.0,244.0,30.0,,,30.0,F.F.F.
56487,110565.0,1944-10-02,1,GERMANY,ORD DEPOT,SUPPLY DUMPS AND WAREHOUSES,51.32,9.47,B17,3.0,10.0,240.0,23.0,3.0,,26.0,F.F.F.
56805,110566.0,1944-10-02,1,GERMANY,ORD DEPOT,SUPPLY DUMPS AND WAREHOUSES,51.32,9.47,B17,3.0,13.0,234.0,,33.0,,33.0,F.F.F.
56499,110567.0,1944-10-02,1,GERMANY,ORD DEPOT,SUPPLY DUMPS AND WAREHOUSES,51.32,9.47,B17,3.0,12.0,238.0,29.0,,,29.0,F.F.F.
56814,110568.0,1944-10-02,1,GERMANY,ORD DEPOT,SUPPLY DUMPS AND WAREHOUSES,51.32,9.47,B17,3.0,3.0,,8.0,,,8.0,NOT INDICATED
56475,110569.0,1944-10-02,1,GERMANY,ORD DEPOT,SUPPLY DUMPS AND WAREHOUSES,51.32,9.47,B17,3.0,9.0,245.0,23.0,,,23.0,VISUAL
56463,110570.0,1944-10-02,1,GERMANY,ORD DEPOT,SUPPLY DUMPS AND WAREHOUSES,51.32,9.47,B17,3.0,13.0,255.0,33.0,,,33.0,VISUAL
56802,110571.0,1944-10-02,1,GERMANY,ORD DEPOT,SUPPLY DUMPS AND WAREHOUSES,51.32,9.47,B17,3.0,13.0,235.0,,33.0,,33.0,VISUAL
56488,110572.0,1944-10-02,1,GERMANY,ORD DEPOT,SUPPLY DUMPS AND WAREHOUSES,51.32,9.47,B17,4.0,12.0,240.0,30.0,,,30.0,VISUAL
56496,110573.0,1944-10-02,1,GERMANY,ORD DEPOT,SUPPLY DUMPS AND WAREHOUSES,51.32,9.47,B17,4.0,12.0,239.0,30.0,,,30.0,VISUAL
56479,110574.0,1944-10-02,1,GERMANY,ORD DEPOT,SUPPLY DUMPS AND WAREHOUSES,51.32,9.47,B17,4.0,12.0,244.0,30.0,,,30.0,VISUAL
56489,110575.0,1944-10-02,1,GERMANY,ORD DEPOT,SUPPLY DUMPS AND WAREHOUSES,51.32,9.47,B17,4.0,12.0,240.0,28.0,,,28.0,F.F.F.
56806,110576.0,1944-10-02,1,GERMANY,ORD DEPOT,SUPPLY DUMPS AND WAREHOUSES,51.32,9.47,B17,4.0,11.0,234.0,,28.0,,28.0,F.F.F.
56472,110577.0,1944-10-02,1,GERMANY,ORD DEPOT,SUPPLY DUMPS AND WAREHOUSES,51.32,9.47,B17,4.0,11.0,246.0,28.0,,,28.0,F.F.F.
56484,110578.0,1944-10-02,1,GERMANY,ORD DEPOT,SUPPLY DUMPS AND WAREHOUSES,51.32,9.47,B17,4.0,12.0,241.0,30.0,,,30.0,VISUAL
56807,110579.0,1944-10-02,1,GERMANY,ORD DEPOT,SUPPLY DUMPS AND WAREHOUSES,51.32,9.47,B17,4.0,12.0,234.0,,28.0,,28.0,VISUAL
56469,110580.0,1944-10-02,1,GERMANY,ORD DEPOT,SUPPLY DUMPS AND WAREHOUSES,51.32,9.47,B17,4.0,11.0,247.0,,25.0,,25.0,VISUAL
56815,110668.0,1944-10-02,1,GERMANY,BETTENHAUSEN,VEHICLE MFG. PLANTS,51.32,9.47,B17,4.0,1.0,,3.0,,,3.0,NOT INDICATED
56816,110678.0,1944-10-02,1,GERMANY,BETTENHAUSEN,VEHICLE MFG. PLANTS,51.32,9.47,B17,4.0,1.0,,3.0,,,3.0,NOT INDICATED
56466,110686.0,1944-10-02,1,GERMANY,CITY AREA,CITIES TOWNS AND URBAN AREAS,51.63,8.5,B17,2.0,9.0,250.0,22.0,,,22.0,F.F.F.
56467,174524.0,1944-10-02,1,GERMANY,CITY AREA,CITIES TOWNS AND URBAN AREAS,51.63,8.5,B17,2.0,9.0,250.0,22.0,,,22.0,F.F.F.
56468,174533.0,1944-10-02,1,GERMANY,CITY AREA,CITIES TOWNS AND URBAN AREAS,51.63,8.5,B17,2.0,9.0,250.0,22.0,,,22.0,F.F.F.
56480,174536.0,1944-10-02,1,GERMANY,HENSCHEL FACTORY,MANUFACTURING INSTALLATIONS (NOT SPECIFICALLY IDENTIFIED BELOW FROM CLASS 11 THROUGH 59),51.32,9.47,B17,3.0,12.0,244.0,30.0,,,30.0,F.F.F.
56481,174537.0,1944-10-02,1,GERMANY,HENSCHEL FACTORY,MANUFACTURING INSTALLATIONS (NOT SPECIFICALLY IDENTIFIED BELOW FROM CLASS 11 THROUGH 59),51.32,9.47,B17,3.0,12.0,244.0,30.0,,,30.0,F.F.F.
56817,174591.0,1944-10-02,1,GERMANY,BETTENHAUSEN,VEHICLE MFG. PLANTS,51.32,9.47,B17,4.0,1.0,,3.0,,,3.0,NOT INDICATED
56818,174639.0,1944-10-02,1,GERMANY,BETTENHAUSEN,VEHICLE MFG. PLANTS,51.32,9.47,B17,4.0,1.0,,3.0,,,3.0,NOT INDICATED
56490,213246.0,1944-10-02,1,GERMANY,ORD DEPOT,SUPPLY DUMPS AND WAREHOUSES,51.32,9.47,B17,3.0,10.0,240.0,23.0,3.0,,26.0,F.F.F.
56808,213247.0,1944-10-02,1,GERMANY,ORD DEPOT,SUPPLY DUMPS AND WAREHOUSES,51.32,9.47,B17,3.0,13.0,234.0,,33.0,,33.0,F.F.F.
56500,213248.0,1944-10-02,1,GERMANY,ORD DEPOT,SUPPLY DUMPS AND WAREHOUSES,51.32,9.47,B17,3.0,12.0,238.0,29.0,,,29.0,F.F.F.
56819,213249.0,1944-10-02,1,GERMANY,ORD DEPOT,SUPPLY DUMPS AND WAREHOUSES,51.32,9.47,B17,3.0,3.0,,8.0,,,8.0,NOT INDICATED
56476,213250.0,1944-10-02,1,GERMANY,ORD DEPOT,SUPPLY DUMPS AND WAREHOUSES,51.32,9.47,B17,3.0,9.0,245.0,23.0,,,23.0,VISUAL
56464,213251.0,1944-10-02,1,GERMANY,ORD DEPOT,SUPPLY DUMPS AND WAREHOUSES,51.32,9.47,B17,3.0,13.0,255.0,33.0,,,33.0,VISUAL
56803,213252.0,1944-10-02,1,GERMANY,ORD DEPOT,SUPPLY DUMPS AND WAREHOUSES,51.32,9.47,B17,3.0,13.0,235.0,,33.0,,33.0,VISUAL
56491,213256.0,1944-10-02,1,GERMANY,ORD DEPOT,SUPPLY DUMPS AND WAREHOUSES,51.32,9.47,B17,4.0,12.0,240.0,30.0,,,30.0,VISUAL
56497,213257.0,1944-10-02,1,GERMANY,ORD DEPOT,SUPPLY DUMPS AND WAREHOUSES,51.32,9.47,B17,4.0,12.0,239.0,30.0,,,30.0,VISUAL
56482,213258.0,1944-10-02,1,GERMANY,ORD DEPOT,SUPPLY DUMPS AND WAREHOUSES,51.32,9.47,B17,4.0,12.0,244.0,30.0,,,30.0,VISUAL
56492,213259.0,1944-10-02,1,GERMANY,ORD DEPOT,SUPPLY DUMPS AND WAREHOUSES,51.32,9.47,B17,4.0,12.0,240.0,28.0,,,28.0,F.F.F.
56809,213260.0,1944-10-02,1,GERMANY,ORD DEPOT,SUPPLY DUMPS AND WAREHOUSES,51.32,9.47,B17,4.0,11.0,234.0,,28.0,,28.0,F.F.F.
56473,213261.0,1944-10-02,1,GERMANY,ORD DEPOT,SUPPLY DUMPS AND WAREHOUSES,51.32,9.47,B17,4.0,11.0,246.0,28.0,,,28.0,F.F.F.
56485,213262.0,1944-10-02,1,GERMANY,ORD DEPOT,SUPPLY DUMPS AND WAREHOUSES,51.32,9.47,B17,4.0,12.0,241.0,30.0,,,30.0,VISUAL
56810,213263.0,1944-10-02,1,GERMANY,ORD DEPOT,SUPPLY DUMPS AND WAREHOUSES,51.32,9.47,B17,4.0,12.0,234.0,,28.0,,28.0,VISUAL
56470,213264.0,1944-10-02,1,GERMANY,ORD DEPOT,SUPPLY DUMPS AND WAREHOUSES,51.32,9.47,B17,4.0,11.0,247.0,,25.0,,25.0,VISUAL
56493,213267.0,1944-10-02,1,GERMANY,ORD DEPOT,SUPPLY DUMPS AND WAREHOUSES,51.32,9.47,B17,3.0,10.0,240.0,23.0,3.0,,26.0,F.F.F.
56811,213268.0,1944-10-02,1,GERMANY,ORD DEPOT,SUPPLY DUMPS AND WAREHOUSES,51.32,9.47,B17,3.0,13.0,234.0,,33.0,,33.0,F.F.F.
56801,213269.0,1944-10-02,1,GERMANY,ORD DEPOT,SUPPLY DUMPS AND WAREHOUSES,51.32,9.47,B17,3.0,12.0,238.0,29.0,,,29.0,F.F.F.
56820,213270.0,1944-10-02,1,GERMANY,ORD DEPOT,SUPPLY DUMPS AND WAREHOUSES,51.32,9.47,B17,3.0,3.0,,8.0,,,8.0,NOT INDICATED
56477,213271.0,1944-10-02,1,GERMANY,ORD DEPOT,SUPPLY DUMPS AND WAREHOUSES,51.32,9.47,B17,3.0,9.0,245.0,23.0,,,23.0,VISUAL
56465,213272.0,1944-10-02,1,GERMANY,ORD DEPOT,SUPPLY DUMPS AND WAREHOUSES,51.32,9.47,B17,3.0,13.0,255.0,33.0,,,33.0,VISUAL
56804,213273.0,1944-10-02,1,GERMANY,ORD DEPOT,SUPPLY DUMPS AND WAREHOUSES,51.32,9.47,B17,3.0,13.0,235.0,,33.0,,33.0,VISUAL
56494,213274.0,1944-10-02,1,GERMANY,ORD DEPOT,SUPPLY DUMPS AND WAREHOUSES,51.32,9.47,B17,4.0,12.0,240.0,30.0,,,30.0,VISUAL
56498,213275.0,1944-10-02,1,GERMANY,ORD DEPOT,SUPPLY DUMPS AND WAREHOUSES,51.32,9.47,B17,4.0,12.0,239.0,30.0,,,30.0,VISUAL
56483,213276.0,1944-10-02,1,GERMANY,ORD DEPOT,SUPPLY DUMPS AND WAREHOUSES,51.32,9.47,B17,4.0,12.0,244.0,30.0,,,30.0,VISUAL
56495,213277.0,1944-10-02,1,GERMANY,ORD DEPOT,SUPPLY DUMPS AND WAREHOUSES,51.32,9.47,B17,4.0,12.0,240.0,28.0,,,28.0,F.F.F.
56812,213278.0,1944-10-02,1,GERMANY,ORD DEPOT,SUPPLY DUMPS AND WAREHOUSES,51.32,9.47,B17,4.0,11.0,234.0,,28.0,,28.0,F.F.F.
56474,213279.0,1944-10-02,1,GERMANY,ORD DEPOT,SUPPLY DUMPS AND WAREHOUSES,51.32,9.47,B17,4.0,11.0,246.0,28.0,,,28.0,F.F.F.
56486,213280.0,1944-10-02,1,GERMANY,ORD DEPOT,SUPPLY DUMPS AND WAREHOUSES,51.32,9.47,B17,4.0,12.0,241.0,30.0,,,30.0,VISUAL
56813,213281.0,1944-10-02,1,GERMANY,ORD DEPOT,SUPPLY DUMPS AND WAREHOUSES,51.32,9.47,B17,4.0,12.0,234.0,,28.0,,28.0,VISUAL
56471,213282.0,1944-10-02,1,GERMANY,ORD DEPOT,SUPPLY DUMPS AND WAREHOUSES,51.32,9.47,B17,4.0,11.0,247.0,,25.0,,25.0,VISUAL
58071,110709.0,1944-10-03,1,GERMANY,AIRDROME,AIR FIELDS AND AIRDROMES,49.63,9.95,B17,4.0,5.0,241.0,1.0,10.0,,11.0,VISUAL
58062,110710.0,1944-10-03,1,GERMANY,AIRDROME,AIR FIELDS AND AIRDROMES,49.63,9.95,B17,4.0,13.0,249.0,27.0,3.0,,30.0,VISUAL
58072,110711.0,1944-10-03,1,GERMANY,AIRDROME,AIR FIELDS AND AIRDROMES,49.63,9.95,B17,4.0,9.0,241.0,,23.0,,23.0,VISUAL
58085,110712.0,1944-10-03,1,GERMANY,AIRDROME,AIR FIELDS AND AIRDROMES,49.63,9.95,B17,4.0,12.0,232.0,,30.0,,30.0,VISUAL
58068,110713.0,1944-10-03,1,GERMANY,AIRDROME,AIR FIELDS AND AIRDROMES,49.63,9.95,B17,3.0,11.0,242.0,28.0,,,28.0,VISUAL
58404,110729.0,1944-10-03,1,GERMANY,DAIMLER BENZ MOTOR WOR,VEHICLE MFG. PLANTS,48.78,8.33,B24,4.0,9.0,,27.0,,,27.0,NOT INDICATED
58405,110730.0,1944-10-03,1,GERMANY,DAIMLER BENZ MOTOR WOR,VEHICLE MFG. PLANTS,48.78,8.33,B24,4.0,2.0,,3.0,3.0,,6.0,NOT INDICATED
58081,110731.0,1944-10-03,1,GERMANY,DAIMLER BENZ MOTOR WOR,VEHICLE MFG. PLANTS,48.78,8.33,B24,4.0,19.0,235.0,72.0,,,72.0,VISUAL
58088,110732.0,1944-10-03,1,GERMANY,DAIMLER BENZ MOTOR WOR,VEHICLE MFG. PLANTS,48.78,8.33,B24,4.0,37.0,230.0,109.0,,,109.0,VISUAL
58406,110733.0,1944-10-03,1,GERMANY,DAIMLER BENZ MOTOR WOR,VEHICLE MFG. PLANTS,48.78,8.33,B24,4.0,11.0,,,32.0,,32.0,NOT INDICATED
58077,110734.0,1944-10-03,1,GERMANY,DAIMLER BENZ MOTOR WOR,VEHICLE MFG. PLANTS,48.78,8.33,B24,4.0,10.0,238.0,,27.0,,27.0,VISUAL
58407,110735.0,1944-10-03,1,GERMANY,DAIMLER BENZ MOTOR WOR,VEHICLE MFG. PLANTS,48.78,8.33,B24,4.0,3.0,,1.0,1.0,,2.0,NOT INDICATED
58402,110736.0,1944-10-03,1,GERMANY,DAIMLER BENZ MOTOR WOR,VEHICLE MFG. PLANTS,48.78,8.33,B24,4.0,11.0,220.0,,31.0,,31.0,VISUAL
58095,110737.0,1944-10-03,1,GERMANY,DAIMLER BENZ MOTOR WOR,VEHICLE MFG. PLANTS,48.78,8.33,B24,4.0,12.0,230.0,1.0,28.0,,29.0,VISUAL
58418,110738.0,1944-10-03,1,GERMANY,DAIMLER BENZ MOTOR WOR,VEHICLE MFG. PLANTS,48.78,8.33,B24,4.0,2.0,,,2.0,,2.0,NOT INDICATED
58096,110739.0,1944-10-03,1,GERMANY,DAIMLER BENZ MOTOR WOR,VEHICLE MFG. PLANTS,48.78,8.33,B24,4.0,30.0,230.0,88.0,,,88.0,VISUAL
58408,110760.0,1944-10-03,1,GERMANY,DAIMLER BENZ MOTOR WOR,VEHICLE MFG. PLANTS,48.78,8.33,B24,4.0,9.0,,27.0,,,27.0,NOT INDICATED
58409,110761.0,1944-10-03,1,GERMANY,DAIMLER BENZ MOTOR WOR,VEHICLE MFG. PLANTS,48.78,8.33,B24,4.0,2.0,,3.0,3.0,,6.0,NOT INDICATED
58082,110762.0,1944-10-03,1,GERMANY,DAIMLER BENZ MOTOR WOR,VEHICLE MFG. PLANTS,48.78,8.33,B24,4.0,19.0,235.0,72.0,,,72.0,VISUAL
58089,110763.0,1944-10-03,1,GERMANY,DAIMLER BENZ MOTOR WOR,VEHICLE MFG. PLANTS,48.78,8.33,B24,4.0,37.0,230.0,109.0,,,109.0,VISUAL
58410,110764.0,1944-10-03,1,GERMANY,DAIMLER BENZ MOTOR WOR,VEHICLE MFG. PLANTS,48.78,8.33,B24,4.0,11.0,,,32.0,,32.0,NOT INDICATED
58078,110765.0,1944-10-03,1,GERMANY,DAIMLER BENZ MOTOR WOR,VEHICLE MFG. PLANTS,48.78,8.33,B24,4.0,10.0,238.0,,27.0,,27.0,VISUAL
58411,110766.0,1944-10-03,1,GERMANY,DAIMLER BENZ MOTOR WOR,VEHICLE MFG. PLANTS,48.78,8.33,B24,4.0,3.0,,1.0,1.0,,2.0,NOT INDICATED
58100,110767.0,1944-10-03,1,GERMANY,DAIMLER BENZ MOTOR WOR,VEHICLE MFG. PLANTS,48.78,8.33,B24,4.0,11.0,220.0,,31.0,,31.0,VISUAL
58090,110768.0,1944-10-03,1,GERMANY,DAIMLER BENZ MOTOR WOR,VEHICLE MFG. PLANTS,48.78,8.33,B24,4.0,12.0,230.0,1.0,28.0,,29.0,VISUAL
58412,110769.0,1944-10-03,1,GERMANY,DAIMLER BENZ MOTOR WOR,VEHICLE MFG. PLANTS,48.78,8.33,B24,4.0,2.0,,,2.0,,2.0,NOT INDICATED
58091,110770.0,1944-10-03,1,GERMANY,DAIMLER BENZ MOTOR WOR,VEHICLE MFG. PLANTS,48.78,8.33,B24,4.0,30.0,230.0,88.0,,,88.0,VISUAL
58065,110790.0,1944-10-03,1,GERMANY,UNIDENTIFIED TARGET,UNIDENTIFIED TARGETS,48.47,8.42,B17,2.0,11.0,243.0,27.0,,,27.0,VISUAL
58066,174656.0,1944-10-03,1,GERMANY,UNIDENTIFIED TARGET,UNIDENTIFIED TARGETS,48.47,8.42,B17,2.0,11.0,243.0,27.0,,,27.0,VISUAL
58067,174665.0,1944-10-03,1,GERMANY,UNIDENTIFIED TARGET,UNIDENTIFIED TARGETS,48.47,8.42,B17,2.0,11.0,243.0,27.0,,,27.0,VISUAL
58413,174677.0,1944-10-03,1,GERMANY,DAIMLER BENZ MOTOR WOR,VEHICLE MFG. PLANTS,48.78,8.33,B24,4.0,9.0,,27.0,,,27.0,NOT INDICATED
58414,174678.0,1944-10-03,1,GERMANY,DAIMLER BENZ MOTOR WOR,VEHICLE MFG. PLANTS,48.78,8.33,B24,4.0,2.0,,3.0,3.0,,6.0,NOT INDICATED
58083,174679.0,1944-10-03,1,GERMANY,DAIMLER BENZ MOTOR WOR,VEHICLE MFG. PLANTS,48.78,8.33,B24,4.0,19.0,235.0,72.0,,,72.0,VISUAL
58092,174680.0,1944-10-03,1,GERMANY,DAIMLER BENZ MOTOR WOR,VEHICLE MFG. PLANTS,48.78,8.33,B24,4.0,37.0,230.0,109.0,,,109.0,VISUAL
58415,174681.0,1944-10-03,1,GERMANY,DAIMLER BENZ MOTOR WOR,VEHICLE MFG. PLANTS,48.78,8.33,B24,4.0,11.0,,,32.0,,32.0,NOT INDICATED
58079,174682.0,1944-10-03,1,GERMANY,DAIMLER BENZ MOTOR WOR,VEHICLE MFG. PLANTS,48.78,8.33,B24,4.0,10.0,238.0,,27.0,,27.0,VISUAL
58416,174683.0,1944-10-03,1,GERMANY,DAIMLER BENZ MOTOR WOR,VEHICLE MFG. PLANTS,48.78,8.33,B24,4.0,3.0,,1.0,1.0,,2.0,NOT INDICATED
58401,174684.0,1944-10-03,1,GERMANY,DAIMLER BENZ MOTOR WOR,VEHICLE MFG. PLANTS,48.78,8.33,B24,4.0,11.0,220.0,,31.0,,31.0,VISUAL
58093,174685.0,1944-10-03,1,GERMANY,DAIMLER BENZ MOTOR WOR,VEHICLE MFG. PLANTS,48.78,8.33,B24,4.0,12.0,230.0,1.0,28.0,,29.0,VISUAL
58417,174686.0,1944-10-03,1,GERMANY,DAIMLER BENZ MOTOR WOR,VEHICLE MFG. PLANTS,48.78,8.33,B24,4.0,2.0,,,2.0,,2.0,NOT INDICATED
58094,174687.0,1944-10-03,1,GERMANY,DAIMLER BENZ MOTOR WOR,VEHICLE MFG. PLANTS,48.78,8.33,B24,4.0,30.0,230.0,88.0,,,88.0,VISUAL
58419,174708.0,1944-10-03,1,GERMANY,DAIMLER BENZ MOTOR WOR,VEHICLE MFG. PLANTS,48.78,8.33,B24,4.0,9.0,,27.0,,,27.0,NOT INDICATED
58420,174709.0,1944-10-03,1,GERMANY,DAIMLER BENZ MOTOR WOR,VEHICLE MFG. PLANTS,48.78,8.33,B24,4.0,2.0,,3.0,3.0,,6.0,NOT INDICATED
58084,174710.0,1944-10-03,1,GERMANY,DAIMLER BENZ MOTOR WOR,VEHICLE MFG. PLANTS,48.78,8.33,B24,4.0,19.0,235.0,72.0,,,72.0,VISUAL
58097,174711.0,1944-10-03,1,GERMANY,DAIMLER BENZ MOTOR WOR,VEHICLE MFG. PLANTS,48.78,8.33,B24,4.0,37.0,230.0,109.0,,,109.0,VISUAL
58421,174712.0,1944-10-03,1,GERMANY,DAIMLER BENZ MOTOR WOR,VEHICLE MFG. PLANTS,48.78,8.33,B24,4.0,11.0,,,32.0,,32.0,NOT INDICATED
58080,174713.0,1944-10-03,1,GERMANY,DAIMLER BENZ MOTOR WOR,VEHICLE MFG. PLANTS,48.78,8.33,B24,4.0,10.0,238.0,,27.0,,27.0,VISUAL
58422,174714.0,1944-10-03,1,GERMANY,DAIMLER BENZ MOTOR WOR,VEHICLE MFG. PLANTS,48.78,8.33,B24,4.0,3.0,,1.0,1.0,,2.0,NOT INDICATED
58403,174715.0,1944-10-03,1,GERMANY,DAIMLER BENZ MOTOR WOR,VEHICLE MFG. PLANTS,48.78,8.33,B24,4.0,11.0,220.0,,31.0,,31.0,VISUAL
58098,174716.0,1944-10-03,1,GERMANY,DAIMLER BENZ MOTOR WOR,VEHICLE MFG. PLANTS,48.78,8.33,B24,4.0,12.0,230.0,1.0,28.0,,29.0,VISUAL
58423,174717.0,1944-10-03,1,GERMANY,DAIMLER BENZ MOTOR WOR,VEHICLE MFG. PLANTS,48.78,8.33,B24,4.0,2.0,,,2.0,,2.0,NOT INDICATED
58099,174718.0,1944-10-03,1,GERMANY,DAIMLER BENZ MOTOR WOR,VEHICLE MFG. PLANTS,48.78,8.33,B24,4.0,30.0,230.0,88.0,,,88.0,VISUAL
58073,213301.0,1944-10-03,1,GERMANY,AIRDROME,AIR FIELDS AND AIRDROMES,49.63,9.95,B17,4.0,5.0,241.0,1.0,10.0,,11.0,VISUAL
58063,213302.0,1944-10-03,1,GERMANY,AIRDROME,AIR FIELDS AND AIRDROMES,49.63,9.95,B17,4.0,13.0,249.0,27.0,3.0,,30.0,VISUAL
58074,213303.0,1944-10-03,1,GERMANY,AIRDROME,AIR FIELDS AND AIRDROMES,49.63,9.95,B17,4.0,9.0,241.0,,23.0,,23.0,VISUAL
58086,213304.0,1944-10-03,1,GERMANY,AIRDROME,AIR FIELDS AND AIRDROMES,49.63,9.95,B17,4.0,12.0,232.0,,30.0,,30.0,VISUAL
58069,213305.0,1944-10-03,1,GERMANY,AIRDROME,AIR FIELDS AND AIRDROMES,49.63,9.95,B17,3.0,11.0,242.0,28.0,,,28.0,VISUAL
58075,213324.0,1944-10-03,1,GERMANY,AIRDROME,AIR FIELDS AND AIRDROMES,49.63,9.95,B17,4.0,5.0,241.0,1.0,10.0,,11.0,VISUAL
58064,213325.0,1944-10-03,1,GERMANY,AIRDROME,AIR FIELDS AND AIRDROMES,49.63,9.95,B17,4.0,13.0,249.0,27.0,3.0,,30.0,VISUAL
58076,213326.0,1944-10-03,1,GERMANY,AIRDROME,AIR FIELDS AND AIRDROMES,49.63,9.95,B17,4.0,9.0,241.0,,23.0,,23.0,VISUAL
58087,213327.0,1944-10-03,1,GERMANY,AIRDROME,AIR FIELDS AND AIRDROMES,49.63,9.95,B17,4.0,12.0,232.0,,30.0,,30.0,VISUAL
58070,213328.0,1944-10-03,1,GERMANY,AIRDROME,AIR FIELDS AND AIRDROMES,49.63,9.95,B17,3.0,11.0,242.0,28.0,,,28.0,VISUAL
59704,174772.0,1944-10-04,9,GERMANY,MARSHALLING YARD,"""RR INSTALLATIONS,  TRACKS,  MARSHALLING YARDS,  AND STATIONS""",48.13,11.58,B24,4.0,20.0,218.0,48.0,,,48.0,NOT INDICATED
59702,174773.0,1944-10-04,9,GERMANY,MARSHALLING YARD,"""RR INSTALLATIONS,  TRACKS,  MARSHALLING YARDS,  AND STATIONS""",48.13,11.58,B24,4.0,22.0,220.0,52.0,,,52.0,VISUAL
59701,174774.0,1944-10-04,9,GERMANY,MARSHALLING YARD,"""RR INSTALLATIONS,  TRACKS,  MARSHALLING YARDS,  AND STATIONS""",48.13,11.58,B24,4.0,22.0,225.0,48.0,,,48.0,NOT INDICATED
59705,174775.0,1944-10-04,9,GERMANY,MARSHALLING YARD,"""RR INSTALLATIONS,  TRACKS,  MARSHALLING YARDS,  AND STATIONS""",48.13,11.58,B24,4.0,46.0,215.0,112.0,,,112.0,NOT INDICATED
59703,174776.0,1944-10-04,9,GERMANY,MARSHALLING YARD,"""RR INSTALLATIONS,  TRACKS,  MARSHALLING YARDS,  AND STATIONS""",48.13,11.58,B24,4.0,45.0,219.0,113.0,,,113.0,NOT INDICATED
59293,174777.0,1944-10-04,9,GERMANY,MARSHALLING YARD,"""RR INSTALLATIONS,  TRACKS,  MARSHALLING YARDS,  AND STATIONS""",48.13,11.58,B17,4.0,20.0,285.0,47.0,,,47.0,NOT INDICATED
59298,174778.0,1944-10-04,9,GERMANY,MARSHALLING YARD,"""RR INSTALLATIONS,  TRACKS,  MARSHALLING YARDS,  AND STATIONS""",48.13,11.58,B24,4.0,20.0,240.0,49.0,,,49.0,NOT INDICATED
59299,174779.0,1944-10-04,9,GERMANY,MARSHALLING YARD,"""RR INSTALLATIONS,  TRACKS,  MARSHALLING YARDS,  AND STATIONS""",48.13,11.58,B24,4.0,25.0,240.0,47.0,,,47.0,F.F.F.
59294,174780.0,1944-10-04,9,GERMANY,MARSHALLING YARD,"""RR INSTALLATIONS,  TRACKS,  MARSHALLING YARDS,  AND STATIONS""",48.13,11.58,B17,4.0,23.0,285.0,46.0,,,46.0,F.F.F.
59295,174781.0,1944-10-04,9,GERMANY,MARSHALLING YARD,"""RR INSTALLATIONS,  TRACKS,  MARSHALLING YARDS,  AND STATIONS""",48.13,11.58,B17,4.0,24.0,275.0,55.0,,,55.0,F.F.F.
59296,174782.0,1944-10-04,9,GERMANY,MARSHALLING YARD,"""RR INSTALLATIONS,  TRACKS,  MARSHALLING YARDS,  AND STATIONS""",48.13,11.58,B17,4.0,22.0,265.0,65.0,,,65.0,F.F.F.
59297,174783.0,1944-10-04,9,GERMANY,MARSHALLING YARD,"""RR INSTALLATIONS,  TRACKS,  MARSHALLING YARDS,  AND STATIONS""",48.13,11.58,B17,4.0,23.0,250.0,67.0,,,67.0,F.F.F.
59300,174784.0,1944-10-04,9,GERMANY,MARSHALLING YARD,"""RR INSTALLATIONS,  TRACKS,  MARSHALLING YARDS,  AND STATIONS""",48.13,11.58,B24,4.0,19.0,230.0,44.0,,,44.0,NOT INDICATED
60147,110822.0,1944-10-05,9,GERMANY,AIRDROME,AIR FIELDS AND AIRDROMES,50.13,8.46,B17,4.0,12.0,246.0,35.0,,,35.0,VISUAL
60127,110823.0,1944-10-05,9,GERMANY,AIRDROME,AIR FIELDS AND AIRDROMES,50.13,8.46,B17,4.0,1.0,254.0,33.0,,,33.0,VISUAL
60166,110824.0,1944-10-05,9,GERMANY,AIRDROME,AIR FIELDS AND AIRDROMES,50.13,8.46,B17,4.0,3.0,241.0,,36.0,,36.0,VISUAL
60154,110825.0,1944-10-05,9,GERMANY,AIRDROME,AIR FIELDS AND AIRDROMES,50.13,8.46,B17,4.0,11.0,245.0,16.0,15.0,,31.0,VISUAL
60130,110826.0,1944-10-05,9,GERMANY,AIRDROME,AIR FIELDS AND AIRDROMES,50.13,8.46,B17,4.0,12.0,252.0,18.0,17.0,,35.0,VISUAL
60148,110827.0,1944-10-05,9,GERMANY,AIRDROME,AIR FIELDS AND AIRDROMES,50.13,8.46,B17,4.0,9.0,246.0,25.0,,,25.0,VISUAL
60178,110828.0,1944-10-05,9,GERMANY,AIRDROME,AIR FIELDS AND AIRDROMES,50.13,8.46,B17,4.0,12.0,236.0,18.0,18.0,,36.0,VISUAL
60196,110829.0,1944-10-05,9,GERMANY,AIRDROME,AIR FIELDS AND AIRDROMES,50.13,8.46,B17,4.0,4.0,,6.0,,,6.0,NOT INDICATED
60155,110830.0,1944-10-05,9,GERMANY,AIRDROME,AIR FIELDS AND AIRDROMES,50.13,8.46,B17,4.0,11.0,245.0,32.0,,,32.0,VISUAL
60139,110831.0,1944-10-05,9,GERMANY,AIRDROME,AIR FIELDS AND AIRDROMES,50.13,8.46,B17,4.0,11.0,248.0,33.0,,,33.0,VISUAL
60169,110832.0,1944-10-05,9,GERMANY,AIRDROME,AIR FIELDS AND AIRDROMES,50.13,8.46,B17,4.0,13.0,237.0,3.0,35.0,,38.0,VISUAL
60156,110833.0,1944-10-05,9,GERMANY,AIRDROME,AIR FIELDS AND AIRDROMES,50.13,8.46,B17,4.0,10.0,245.0,30.0,,,30.0,VISUAL
60144,110834.0,1944-10-05,9,GERMANY,AIRDROME,AIR FIELDS AND AIRDROMES,50.13,8.46,B17,4.0,11.0,247.0,33.0,,,33.0,VISUAL
60170,110835.0,1944-10-05,9,GERMANY,AIRDROME,AIR FIELDS AND AIRDROMES,50.13,8.46,B17,4.0,12.0,237.0,,36.0,,36.0,VISUAL
60131,110836.0,1944-10-05,9,GERMANY,AIRDROME,AIR FIELDS AND AIRDROMES,50.13,8.46,B17,3.0,11.0,252.0,32.0,,,32.0,F.F.F.
60136,110837.0,1944-10-05,9,GERMANY,AIRDROME,AIR FIELDS AND AIRDROMES,50.13,8.46,B17,3.0,11.0,251.0,32.0,,,32.0,F.F.F.
60140,110838.0,1944-10-05,9,GERMANY,AIRDROME,AIR FIELDS AND AIRDROMES,50.13,8.46,B17,3.0,10.0,248.0,30.0,,,30.0,F.F.F.
60171,110839.0,1944-10-05,9,GERMANY,AIRDROME,AIR FIELDS AND AIRDROMES,50.13,8.46,B17,3.0,13.0,237.0,3.0,36.0,,39.0,F.F.F.
60181,110840.0,1944-10-05,9,GERMANY,AIRDROME,AIR FIELDS AND AIRDROMES,50.13,8.46,B17,3.0,6.0,230.0,17.0,,,17.0,F.F.F.
60197,110841.0,1944-10-05,9,GERMANY,AIRDROME,AIR FIELDS AND AIRDROMES,50.13,8.46,B17,3.0,1.0,,3.0,,,3.0,NOT INDICATED
60157,110842.0,1944-10-05,9,GERMANY,AIRDROME,AIR FIELDS AND AIRDROMES,50.13,8.46,B17,3.0,10.0,245.0,28.0,,,28.0,F.F.F.
60124,110843.0,1944-10-05,9,GERMANY,AIRDROME,AIR FIELDS AND AIRDROMES,50.13,8.46,B17,3.0,16.0,255.0,40.0,,,40.0,F.F.F.
60506,110845.0,1944-10-05,1,GERMANY,CITY AREA,CITIES TOWNS AND URBAN AREAS,50.35,8.2,B17,2.0,13.0,280.0,38.0,,,38.0,VISUAL
60503,110846.0,1944-10-05,1,GERMANY,CITY AREA,CITIES TOWNS AND URBAN AREAS,50.35,8.2,B17,2.0,14.0,284.0,42.0,,,42.0,VISUAL
60507,174814.0,1944-10-05,1,GERMANY,CITY AREA,CITIES TOWNS AND URBAN AREAS,50.35,8.2,B17,2.0,13.0,280.0,38.0,,,38.0,VISUAL
60504,174815.0,1944-10-05,1,GERMANY,CITY AREA,CITIES TOWNS AND URBAN AREAS,50.35,8.2,B17,2.0,14.0,284.0,42.0,,,42.0,VISUAL
60508,174817.0,1944-10-05,1,GERMANY,CITY AREA,CITIES TOWNS AND URBAN AREAS,50.35,8.2,B17,2.0,13.0,280.0,38.0,,,38.0,VISUAL
60505,174818.0,1944-10-05,1,GERMANY,CITY AREA,CITIES TOWNS AND URBAN AREAS,50.35,8.2,B17,2.0,14.0,284.0,42.0,,,42.0,VISUAL
60122,174822.0,1944-10-05,9,GERMANY,MARSHALLING YARD,"""RR INSTALLATIONS,  TRACKS,  MARSHALLING YARDS,  AND STATIONS""",50.35,7.6,B17,2.0,11.0,288.0,,33.0,,33.0,F.F.F.
60149,213371.0,1944-10-05,9,GERMANY,AIRDROME,AIR FIELDS AND AIRDROMES,50.13,8.46,B17,4.0,12.0,246.0,35.0,,,35.0,VISUAL
60128,213372.0,1944-10-05,9,GERMANY,AIRDROME,AIR FIELDS AND AIRDROMES,50.13,8.46,B17,4.0,1.0,254.0,33.0,,,33.0,VISUAL
60167,213373.0,1944-10-05,9,GERMANY,AIRDROME,AIR FIELDS AND AIRDROMES,50.13,8.46,B17,4.0,3.0,241.0,,36.0,,36.0,VISUAL
60158,213374.0,1944-10-05,9,GERMANY,AIRDROME,AIR FIELDS AND AIRDROMES,50.13,8.46,B17,4.0,11.0,245.0,16.0,15.0,,31.0,VISUAL
60132,213375.0,1944-10-05,9,GERMANY,AIRDROME,AIR FIELDS AND AIRDROMES,50.13,8.46,B17,4.0,12.0,252.0,18.0,17.0,,35.0,VISUAL
60150,213376.0,1944-10-05,9,GERMANY,AIRDROME,AIR FIELDS AND AIRDROMES,50.13,8.46,B17,4.0,9.0,246.0,25.0,,,25.0,VISUAL
60179,213377.0,1944-10-05,9,GERMANY,AIRDROME,AIR FIELDS AND AIRDROMES,50.13,8.46,B17,4.0,12.0,236.0,18.0,18.0,,36.0,VISUAL
60198,213378.0,1944-10-05,9,GERMANY,AIRDROME,AIR FIELDS AND AIRDROMES,50.13,8.46,B17,4.0,4.0,,6.0,,,6.0,NOT INDICATED
60159,213379.0,1944-10-05,9,GERMANY,AIRDROME,AIR FIELDS AND AIRDROMES,50.13,8.46,B17,4.0,11.0,245.0,32.0,,,32.0,VISUAL
60141,213380.0,1944-10-05,9,GERMANY,AIRDROME,AIR FIELDS AND AIRDROMES,50.13,8.46,B17,4.0,11.0,248.0,33.0,,,33.0,VISUAL
60172,213381.0,1944-10-05,9,GERMANY,AIRDROME,AIR FIELDS AND AIRDROMES,50.13,8.46,B17,4.0,13.0,237.0,3.0,35.0,,38.0,VISUAL
60160,213382.0,1944-10-05,9,GERMANY,AIRDROME,AIR FIELDS AND AIRDROMES,50.13,8.46,B17,4.0,10.0,245.0,30.0,,,30.0,VISUAL
60145,213383.0,1944-10-05,9,GERMANY,AIRDROME,AIR FIELDS AND AIRDROMES,50.13,8.46,B17,4.0,11.0,247.0,33.0,,,33.0,VISUAL
60173,213384.0,1944-10-05,9,GERMANY,AIRDROME,AIR FIELDS AND AIRDROMES,50.13,8.46,B17,4.0,12.0,237.0,,36.0,,36.0,VISUAL
60133,213385.0,1944-10-05,9,GERMANY,AIRDROME,AIR FIELDS AND AIRDROMES,50.13,8.46,B17,3.0,11.0,252.0,32.0,,,32.0,F.F.F.
60137,213386.0,1944-10-05,9,GERMANY,AIRDROME,AIR FIELDS AND AIRDROMES,50.13,8.46,B17,3.0,11.0,251.0,32.0,,,32.0,F.F.F.
60142,213387.0,1944-10-05,9,GERMANY,AIRDROME,AIR FIELDS AND AIRDROMES,50.13,8.46,B17,3.0,10.0,248.0,30.0,,,30.0,F.F.F.
60174,213388.0,1944-10-05,9,GERMANY,AIRDROME,AIR FIELDS AND AIRDROMES,50.13,8.46,B17,3.0,13.0,237.0,3.0,36.0,,39.0,F.F.F.
60182,213389.0,1944-10-05,9,GERMANY,AIRDROME,AIR FIELDS AND AIRDROMES,50.13,8.46,B17,3.0,6.0,230.0,17.0,,,17.0,F.F.F.
60199,213390.0,1944-10-05,9,GERMANY,AIRDROME,AIR FIELDS AND AIRDROMES,50.13,8.46,B17,3.0,1.0,,3.0,,,3.0,NOT INDICATED
60161,213391.0,1944-10-05,9,GERMANY,AIRDROME,AIR FIELDS AND AIRDROMES,50.13,8.46,B17,3.0,10.0,245.0,28.0,,,28.0,F.F.F.
60125,213392.0,1944-10-05,9,GERMANY,AIRDROME,AIR FIELDS AND AIRDROMES,50.13,8.46,B17,3.0,16.0,255.0,40.0,,,40.0,F.F.F.
60151,213408.0,1944-10-05,9,GERMANY,AIRDROME,AIR FIELDS AND AIRDROMES,50.13,8.46,B17,4.0,12.0,246.0,35.0,,,35.0,VISUAL
60129,213409.0,1944-10-05,9,GERMANY,AIRDROME,AIR FIELDS AND AIRDROMES,50.13,8.46,B17,4.0,1.0,254.0,33.0,,,33.0,VISUAL
60168,213410.0,1944-10-05,9,GERMANY,AIRDROME,AIR FIELDS AND AIRDROMES,50.13,8.46,B17,4.0,3.0,241.0,,36.0,,36.0,VISUAL
60162,213411.0,1944-10-05,9,GERMANY,AIRDROME,AIR FIELDS AND AIRDROMES,50.13,8.46,B17,4.0,11.0,245.0,16.0,15.0,,31.0,VISUAL
60134,213412.0,1944-10-05,9,GERMANY,AIRDROME,AIR FIELDS AND AIRDROMES,50.13,8.46,B17,4.0,12.0,252.0,18.0,17.0,,35.0,VISUAL
60152,213413.0,1944-10-05,9,GERMANY,AIRDROME,AIR FIELDS AND AIRDROMES,50.13,8.46,B17,4.0,9.0,246.0,25.0,,,25.0,VISUAL
60180,213414.0,1944-10-05,9,GERMANY,AIRDROME,AIR FIELDS AND AIRDROMES,50.13,8.46,B17,4.0,12.0,236.0,18.0,18.0,,36.0,VISUAL
60200,213415.0,1944-10-05,9,GERMANY,AIRDROME,AIR FIELDS AND AIRDROMES,50.13,8.46,B17,4.0,4.0,,6.0,,,6.0,NOT INDICATED
60153,213416.0,1944-10-05,9,GERMANY,AIRDROME,AIR FIELDS AND AIRDROMES,50.13,8.46,B17,4.0,11.0,246.0,32.0,,,32.0,VISUAL
60143,213417.0,1944-10-05,9,GERMANY,AIRDROME,AIR FIELDS AND AIRDROMES,50.13,8.46,B17,4.0,11.0,248.0,33.0,,,33.0,VISUAL
60175,213418.0,1944-10-05,9,GERMANY,AIRDROME,AIR FIELDS AND AIRDROMES,50.13,8.46,B17,4.0,13.0,237.0,3.0,35.0,,38.0,VISUAL
60163,213419.0,1944-10-05,9,GERMANY,AIRDROME,AIR FIELDS AND AIRDROMES,50.13,8.46,B17,4.0,10.0,245.0,30.0,,,30.0,VISUAL
60146,213420.0,1944-10-05,9,GERMANY,AIRDROME,AIR FIELDS AND AIRDROMES,50.13,8.46,B17,4.0,11.0,247.0,33.0,,,33.0,VISUAL
60176,213421.0,1944-10-05,9,GERMANY,AIRDROME,AIR FIELDS AND AIRDROMES,50.13,8.46,B17,4.0,12.0,237.0,,36.0,,36.0,VISUAL
60135,213422.0,1944-10-05,9,GERMANY,AIRDROME,AIR FIELDS AND AIRDROMES,50.13,8.46,B17,3.0,11.0,252.0,32.0,,,32.0,F.F.F.
60138,213423.0,1944-10-05,9,GERMANY,AIRDROME,AIR FIELDS AND AIRDROMES,50.13,8.46,B17,3.0,11.0,251.0,32.0,,,32.0,F.F.F.
60165,213424.0,1944-10-05,9,GERMANY,AIRDROME,AIR FIELDS AND AIRDROMES,50.13,8.46,B17,3.0,10.0,244.0,30.0,,,30.0,F.F.F.
60177,213425.0,1944-10-05,9,GERMANY,AIRDROME,AIR FIELDS AND AIRDROMES,50.13,8.46,B17,3.0,13.0,237.0,3.0,36.0,,39.0,F.F.F.
60183,213426.0,1944-10-05,9,GERMANY,AIRDROME,AIR FIELDS AND AIRDROMES,50.13,8.46,B17,3.0,9.0,230.0,17.0,,,17.0,F.F.F.
60501,213427.0,1944-10-05,9,GERMANY,AIRDROME,AIR FIELDS AND AIRDROMES,50.13,8.46,B17,3.0,1.0,,3.0,,,3.0,NOT INDICATED
60164,213428.0,1944-10-05,9,GERMANY,AIRDROME,AIR FIELDS AND AIRDROMES,50.13,8.46,B17,3.0,10.0,245.0,28.0,,,28.0,F.F.F.
60126,213429.0,1944-10-05,9,GERMANY,AIRDROME,AIR FIELDS AND AIRDROMES,50.13,8.46,B17,3.0,16.0,255.0,40.0,,,40.0,F.F.F.
62125,110847.0,1944-10-06,1,GERMANY,AERO ENGINE WORKS,ENGINE PLANTS,53.55,10.0,B24,4.0,21.0,,12.0,,,12.0,NOT INDICATED
61772,110848.0,1944-10-06,1,GERMANY,AERO ENGINE WORKS,ENGINE PLANTS,53.55,10.0,B24,4.0,21.0,250.0,47.0,,,47.0,VISUAL
61795,110849.0,1944-10-06,1,GERMANY,AERO ENGINE WORKS,ENGINE PLANTS,53.55,10.0,B24,4.0,34.0,240.0,96.0,,,96.0,VISUAL
61773,110850.0,1944-10-06,1,GERMANY,AERO ENGINE WORKS,ENGINE PLANTS,53.55,10.0,B24,4.0,24.0,250.0,,65.0,,65.0,VISUAL
62104,110851.0,1944-10-06,1,GERMANY,AC ASSEMBLY,AIRCRAFT FACTORIES AND ASSEMBLY PLANTS,53.55,13.28,B17,4.0,12.0,203.0,28.0,,,28.0,VISUAL
61798,110852.0,1944-10-06,1,GERMANY,AC ASSEMBLY,AIRCRAFT FACTORIES AND ASSEMBLY PLANTS,53.55,13.28,B17,4.0,13.0,207.0,,33.0,,33.0,VISUAL
62110,110853.0,1944-10-06,1,GERMANY,AC ASSEMBLY,AIRCRAFT FACTORIES AND ASSEMBLY PLANTS,53.55,13.28,B17,4.0,12.0,200.0,30.0,,,30.0,VISUAL
62101,110855.0,1944-10-06,1,GERMANY,AC ASSEMBLY,AIRCRAFT FACTORIES AND ASSEMBLY PLANTS,53.55,13.28,B17,4.0,13.0,205.0,5.0,28.0,,33.0,VISUAL
62116,110856.0,1944-10-06,1,GERMANY,AC ASSEMBLY,AIRCRAFT FACTORIES AND ASSEMBLY PLANTS,53.55,13.28,B17,4.0,11.0,197.0,28.0,,,28.0,VISUAL
61778,110857.0,1944-10-06,1,GERMANY,POWER PLANT,"""PUBLIC UTILITIES - ELECTRIC LIGHT AND POWER COMPANIES,  GAS COMPANIES, TELEPHONE COMPANIES,  WATER COMPANIES.  """,49.68,7.57,B17,2.0,,249.0,,1.0,,1.0,VISUAL
62128,110858.0,1944-10-06,1,GERMANY,POWER PLANT,"""PUBLIC UTILITIES - ELECTRIC LIGHT AND POWER COMPANIES,  GAS COMPANIES, TELEPHONE COMPANIES,  WATER COMPANIES.  """,49.68,7.57,B17,2.0,12.0,,,1.0,,1.0,NOT INDICATED
61792,110859.0,1944-10-06,1,GERMANY,POWER PLANT,"""PUBLIC UTILITIES - ELECTRIC LIGHT AND POWER COMPANIES,  GAS COMPANIES, TELEPHONE COMPANIES,  WATER COMPANIES.  """,49.68,7.57,B17,2.0,12.0,245.0,,1.0,,1.0,VISUAL
61735,110878.0,1944-10-06,9,GERMANY,RR BRIDGE,BRIDGES,52.62,11.98,B26,,,121.0,68.0,,,68.0,VISUAL
62113,110889.0,1944-10-06,1,GERMANY,AIRDROME,AIR FIELDS AND AIRDROMES,53.35,15.05,B17,4.0,12.0,200.0,30.0,,,30.0,VISUAL
62119,110890.0,1944-10-06,1,GERMANY,AIRDROME,AIR FIELDS AND AIRDROMES,53.35,15.05,B17,4.0,12.0,197.0,30.0,,,30.0,VISUAL
62107,110891.0,1944-10-06,1,GERMANY,AIRDROME,AIR FIELDS AND AIRDROMES,53.35,15.05,B17,4.0,12.0,203.0,,30.0,,30.0,VISUAL
61763,110892.0,1944-10-06,1,GERMANY,AIRDROME,AIR FIELDS AND AIRDROMES,53.35,15.05,B17,4.0,12.0,254.0,30.0,,,30.0,VISUAL
61781,110893.0,1944-10-06,1,GERMANY,AIRDROME,AIR FIELDS AND AIRDROMES,53.35,15.05,B17,4.0,12.0,249.0,30.0,,,30.0,VISUAL
61760,110894.0,1944-10-06,1,GERMANY,AIRDROME,AIR FIELDS AND AIRDROMES,53.35,15.05,B17,3.0,11.0,256.0,28.0,,,28.0,VISUAL
61787,110895.0,1944-10-06,1,GERMANY,AIRDROME,AIR FIELDS AND AIRDROMES,53.35,15.05,B17,3.0,11.0,246.0,28.0,,,28.0,VISUAL
61745,110896.0,1944-10-06,1,GERMANY,AIRDROME,AIR FIELDS AND AIRDROMES,53.35,15.05,B17,3.0,10.0,265.0,25.0,,,25.0,VISUAL
62131,110897.0,1944-10-06,1,GERMANY,AIRDROME,AIR FIELDS AND AIRDROMES,53.35,15.05,B17,3.0,12.0,,30.0,,,30.0,NOT INDICATED
61764,110898.0,1944-10-06,1,GERMANY,AIRDROME,AIR FIELDS AND AIRDROMES,53.35,15.05,B17,3.0,12.0,254.0,30.0,,,30.0,VISUAL
61782,110899.0,1944-10-06,1,GERMANY,AIRDROME,AIR FIELDS AND AIRDROMES,53.35,15.05,B17,3.0,11.0,249.0,27.0,,,27.0,VISUAL
61754,110900.0,1944-10-06,1,GERMANY,AIRDROME,AIR FIELDS AND AIRDROMES,53.35,15.05,B17,3.0,13.0,258.0,32.0,,,32.0,VISUAL
61742,110901.0,1944-10-06,1,GERMANY,AIRDROME,AIR FIELDS AND AIRDROMES,53.35,15.05,B17,3.0,12.0,269.0,,30.0,,30.0,VISUAL
61748,110902.0,1944-10-06,1,GERMANY,AIRDROME,AIR FIELDS AND AIRDROMES,53.35,15.05,B17,3.0,12.0,260.0,30.0,,,30.0,VISUAL
61765,110903.0,1944-10-06,1,GERMANY,AIRDROME,AIR FIELDS AND AIRDROMES,53.35,15.05,B17,3.0,12.0,254.0,30.0,,,30.0,VISUAL
61755,110904.0,1944-10-06,1,GERMANY,AIRDROME,AIR FIELDS AND AIRDROMES,53.35,15.05,B17,3.0,11.0,258.0,28.0,,,28.0,VISUAL
61749,110905.0,1944-10-06,1,GERMANY,AIRDROME,AIR FIELDS AND AIRDROMES,53.35,15.05,B17,3.0,12.0,260.0,28.0,,,28.0,VISUAL
61352,110915.0,1944-10-06,15,GERMANY,DAIMLER BENZ ENGINE,ARMAMENT AND ORDNANCE PLANTS,52.53,13.42,B17,4.0,10.0,264.0,24.0,,,24.0,VISUAL
61308,110916.0,1944-10-06,15,GERMANY,DAIMLER BENZ ENGINE,ARMAMENT AND ORDNANCE PLANTS,52.53,13.42,B17,4.0,10.0,270.0,24.0,,,24.0,VISUAL
61394,110917.0,1944-10-06,15,GERMANY,DAIMLER BENZ ENGINE,ARMAMENT AND ORDNANCE PLANTS,52.53,13.42,B17,4.0,12.0,255.0,,28.0,,28.0,VISUAL
61722,110918.0,1944-10-06,15,GERMANY,DAIMLER BENZ ENGINE,ARMAMENT AND ORDNANCE PLANTS,52.53,13.42,B17,0.0,,,25.0,,,25.0,NOT INDICATED
61353,110919.0,1944-10-06,15,GERMANY,DAIMLER BENZ ENGINE,ARMAMENT AND ORDNANCE PLANTS,52.53,13.42,B17,4.0,12.0,264.0,3.0,,,3.0,VISUAL
60992,110920.0,1944-10-06,15,GERMANY,DAIMLER BENZ ENGINE,ARMAMENT AND ORDNANCE PLANTS,52.53,13.42,B17,4.0,13.0,275.0,2.0,16.0,,18.0,VISUAL
61374,110921.0,1944-10-06,15,GERMANY,DAIMLER BENZ ENGINE,ARMAMENT AND ORDNANCE PLANTS,52.53,13.42,B17,4.0,12.0,258.0,,30.0,,30.0,VISUAL
61332,110922.0,1944-10-06,15,GERMANY,DAIMLER BENZ ENGINE,ARMAMENT AND ORDNANCE PLANTS,52.53,13.42,B17,4.0,11.0,267.0,28.0,,,28.0,VISUAL
60993,110923.0,1944-10-06,15,GERMANY,DAIMLER BENZ ENGINE,ARMAMENT AND ORDNANCE PLANTS,52.53,13.42,B17,4.0,10.0,275.0,25.0,,,25.0,VISUAL
61710,110924.0,1944-10-06,15,GERMANY,DAIMLER BENZ ENGINE,ARMAMENT AND ORDNANCE PLANTS,52.53,13.42,B17,4.0,12.0,253.0,30.0,,,30.0,VISUAL
61398,110925.0,1944-10-06,15,GERMANY,DAIMLER BENZ ENGINE,ARMAMENT AND ORDNANCE PLANTS,52.53,13.42,B17,4.0,10.0,254.0,,14.0,,14.0,VISUAL
61354,110926.0,1944-10-06,15,GERMANY,DAIMLER BENZ ENGINE,ARMAMENT AND ORDNANCE PLANTS,52.53,13.42,B17,4.0,12.0,264.0,28.0,,,28.0,VISUAL
61320,110927.0,1944-10-06,15,GERMANY,DAIMLER BENZ ENGINE,ARMAMENT AND ORDNANCE PLANTS,52.53,13.42,B17,4.0,10.0,269.0,23.0,,,23.0,VISUAL
61723,110928.0,1944-10-06,15,GERMANY,DAIMLER BENZ ENGINE,ARMAMENT AND ORDNANCE PLANTS,52.53,13.42,B17,0.0,,,23.0,,,23.0,NOT INDICATED
61336,110929.0,1944-10-06,15,GERMANY,DAIMLER BENZ ENGINE,ARMAMENT AND ORDNANCE PLANTS,52.53,13.42,B17,4.0,10.0,266.0,2.0,,,2.0,VISUAL
61724,110930.0,1944-10-06,15,GERMANY,DAIMLER BENZ ENGINE,ARMAMENT AND ORDNANCE PLANTS,52.53,13.42,B17,0.0,,,30.0,,,30.0,NOT INDICATED
61000,110931.0,1944-10-06,15,GERMANY,DAIMLER BENZ ENGINE,ARMAMENT AND ORDNANCE PLANTS,52.53,13.42,B17,4.0,13.0,271.0,2.0,,,2.0,VISUAL
61714,110932.0,1944-10-06,15,GERMANY,DAIMLER BENZ ENGINE,ARMAMENT AND ORDNANCE PLANTS,52.53,13.42,B17,4.0,11.0,250.0,28.0,,,28.0,VISUAL
61718,110933.0,1944-10-06,15,GERMANY,DAIMLER BENZ ENGINE,ARMAMENT AND ORDNANCE PLANTS,52.53,13.42,B17,4.0,10.0,244.0,25.0,,,25.0,VISUAL
61301,110934.0,1944-10-06,15,GERMANY,DAIMLER BENZ ENGINE,ARMAMENT AND ORDNANCE PLANTS,52.53,13.42,B17,4.0,11.0,271.0,,10.0,,10.0,VISUAL
61370,110935.0,1944-10-06,15,GERMANY,DAIMLER BENZ ENGINE,ARMAMENT AND ORDNANCE PLANTS,52.53,13.42,B17,4.0,13.0,261.0,,16.0,,16.0,VISUAL
61340,110936.0,1944-10-06,15,GERMANY,DAIMLER BENZ ENGINE,ARMAMENT AND ORDNANCE PLANTS,52.53,13.42,B17,4.0,10.0,265.0,25.0,,,25.0,VISUAL
61321,110937.0,1944-10-06,15,GERMANY,DAIMLER BENZ ENGINE,ARMAMENT AND ORDNANCE PLANTS,52.53,13.42,B17,4.0,12.0,269.0,28.0,,,28.0,VISUAL
61382,110938.0,1944-10-06,15,GERMANY,DAIMLER BENZ ENGINE,ARMAMENT AND ORDNANCE PLANTS,52.53,13.42,B17,4.0,12.0,257.0,,29.0,,29.0,VISUAL
61341,110939.0,1944-10-06,15,GERMANY,DAIMLER BENZ ENGINE,ARMAMENT AND ORDNANCE PLANTS,52.53,13.42,B17,4.0,11.0,265.0,,,28.0,28.0,VISUAL
61322,110940.0,1944-10-06,15,GERMANY,DAIMLER BENZ ENGINE,ARMAMENT AND ORDNANCE PLANTS,52.53,13.42,B17,4.0,10.0,269.0,,,24.0,24.0,VISUAL
61399,110941.0,1944-10-06,15,GERMANY,DAIMLER BENZ ENGINE,ARMAMENT AND ORDNANCE PLANTS,52.53,13.42,B17,4.0,13.0,254.0,33.0,,,33.0,VISUAL
61355,110942.0,1944-10-06,15,GERMANY,DAIMLER BENZ ENGINE,ARMAMENT AND ORDNANCE PLANTS,52.53,13.42,B17,4.0,10.0,264.0,24.0,,,24.0,VISUAL
61309,110943.0,1944-10-06,15,GERMANY,DAIMLER BENZ ENGINE,ARMAMENT AND ORDNANCE PLANTS,52.53,13.42,B17,4.0,10.0,270.0,24.0,,,24.0,VISUAL
61395,110944.0,1944-10-06,15,GERMANY,DAIMLER BENZ ENGINE,ARMAMENT AND ORDNANCE PLANTS,52.53,13.42,B17,4.0,12.0,255.0,,28.0,,28.0,VISUAL
61725,110945.0,1944-10-06,15,GERMANY,DAIMLER BENZ ENGINE,ARMAMENT AND ORDNANCE PLANTS,52.53,13.42,B17,0.0,,,25.0,,,25.0,NOT INDICATED
61356,110946.0,1944-10-06,15,GERMANY,DAIMLER BENZ ENGINE,ARMAMENT AND ORDNANCE PLANTS,52.53,13.42,B17,4.0,12.0,264.0,3.0,,,3.0,VISUAL
60994,110947.0,1944-10-06,15,GERMANY,DAIMLER BENZ ENGINE,ARMAMENT AND ORDNANCE PLANTS,52.53,13.42,B17,4.0,13.0,275.0,2.0,16.0,,18.0,VISUAL
61375,110948.0,1944-10-06,15,GERMANY,DAIMLER BENZ ENGINE,ARMAMENT AND ORDNANCE PLANTS,52.53,13.42,B17,4.0,12.0,258.0,,30.0,,30.0,VISUAL
61333,110949.0,1944-10-06,15,GERMANY,DAIMLER BENZ ENGINE,ARMAMENT AND ORDNANCE PLANTS,52.53,13.42,B17,4.0,11.0,267.0,28.0,,,28.0,VISUAL
60995,110950.0,1944-10-06,15,GERMANY,DAIMLER BENZ ENGINE,ARMAMENT AND ORDNANCE PLANTS,52.53,13.42,B17,4.0,10.0,275.0,25.0,,,25.0,VISUAL
61711,110951.0,1944-10-06,15,GERMANY,DAIMLER BENZ ENGINE,ARMAMENT AND ORDNANCE PLANTS,52.53,13.42,B17,4.0,12.0,253.0,30.0,,,30.0,VISUAL
61400,110952.0,1944-10-06,15,GERMANY,DAIMLER BENZ ENGINE,ARMAMENT AND ORDNANCE PLANTS,52.53,13.42,B17,4.0,10.0,254.0,,14.0,,14.0,VISUAL
61357,110953.0,1944-10-06,15,GERMANY,DAIMLER BENZ ENGINE,ARMAMENT AND ORDNANCE PLANTS,52.53,13.42,B17,4.0,12.0,264.0,28.0,,,28.0,VISUAL
61323,110954.0,1944-10-06,15,GERMANY,DAIMLER BENZ ENGINE,ARMAMENT AND ORDNANCE PLANTS,52.53,13.42,B17,4.0,10.0,269.0,23.0,,,23.0,VISUAL
61726,110955.0,1944-10-06,15,GERMANY,DAIMLER BENZ ENGINE,ARMAMENT AND ORDNANCE PLANTS,52.53,13.42,B17,0.0,,,23.0,,,23.0,NOT INDICATED
61337,110956.0,1944-10-06,15,GERMANY,DAIMLER BENZ ENGINE,ARMAMENT AND ORDNANCE PLANTS,52.53,13.42,B17,4.0,10.0,266.0,2.0,,,2.0,VISUAL
61727,110957.0,1944-10-06,15,GERMANY,DAIMLER BENZ ENGINE,ARMAMENT AND ORDNANCE PLANTS,52.53,13.42,B17,0.0,,,30.0,,,30.0,NOT INDICATED
61302,110958.0,1944-10-06,15,GERMANY,DAIMLER BENZ ENGINE,ARMAMENT AND ORDNANCE PLANTS,52.53,13.42,B17,4.0,13.0,271.0,2.0,,,2.0,VISUAL
61715,110959.0,1944-10-06,15,GERMANY,DAIMLER BENZ ENGINE,ARMAMENT AND ORDNANCE PLANTS,52.53,13.42,B17,4.0,11.0,250.0,28.0,,,28.0,VISUAL
61719,110960.0,1944-10-06,15,GERMANY,DAIMLER BENZ ENGINE,ARMAMENT AND ORDNANCE PLANTS,52.53,13.42,B17,4.0,10.0,244.0,25.0,,,25.0,VISUAL
61303,110961.0,1944-10-06,15,GERMANY,DAIMLER BENZ ENGINE,ARMAMENT AND ORDNANCE PLANTS,52.53,13.42,B17,4.0,11.0,271.0,,10.0,,10.0,VISUAL
61371,110962.0,1944-10-06,15,GERMANY,DAIMLER BENZ ENGINE,ARMAMENT AND ORDNANCE PLANTS,52.53,13.42,B17,4.0,13.0,261.0,,16.0,,16.0,VISUAL
61342,110963.0,1944-10-06,15,GERMANY,DAIMLER BENZ ENGINE,ARMAMENT AND ORDNANCE PLANTS,52.53,13.42,B17,4.0,10.0,265.0,25.0,,,25.0,VISUAL
61324,110964.0,1944-10-06,15,GERMANY,DAIMLER BENZ ENGINE,ARMAMENT AND ORDNANCE PLANTS,52.53,13.42,B17,4.0,12.0,269.0,28.0,,,28.0,VISUAL
61383,110965.0,1944-10-06,15,GERMANY,DAIMLER BENZ ENGINE,ARMAMENT AND ORDNANCE PLANTS,52.53,13.42,B17,4.0,12.0,257.0,,29.0,,29.0,VISUAL
61343,110966.0,1944-10-06,15,GERMANY,DAIMLER BENZ ENGINE,ARMAMENT AND ORDNANCE PLANTS,52.53,13.42,B17,4.0,11.0,265.0,,,28.0,28.0,VISUAL
61325,110967.0,1944-10-06,15,GERMANY,DAIMLER BENZ ENGINE,ARMAMENT AND ORDNANCE PLANTS,52.53,13.42,B17,4.0,10.0,269.0,,,24.0,24.0,VISUAL
61701,110968.0,1944-10-06,15,GERMANY,DAIMLER BENZ ENGINE,ARMAMENT AND ORDNANCE PLANTS,52.53,13.42,B17,4.0,13.0,254.0,33.0,,,33.0,VISUAL
61702,110969.0,1944-10-06,15,GERMANY,TEGEL TANK PLANT,TANK FACTORIES,52.53,13.42,B17,4.0,16.0,254.0,10.0,23.0,,33.0,VISUAL
61376,110970.0,1944-10-06,15,GERMANY,TEGEL TANK PLANT,TANK FACTORIES,52.53,13.42,B17,4.0,9.0,258.0,23.0,,,23.0,VISUAL
61386,110971.0,1944-10-06,15,GERMANY,TEGEL TANK PLANT,TANK FACTORIES,52.53,13.42,B17,4.0,7.0,256.0,18.0,,,18.0,VISUAL
61344,110972.0,1944-10-06,15,GERMANY,TEGEL TANK PLANT,TANK FACTORIES,52.53,13.42,B17,4.0,11.0,265.0,28.0,,,28.0,VISUAL
61310,110973.0,1944-10-06,15,GERMANY,TEGEL TANK PLANT,TANK FACTORIES,52.53,13.42,B17,4.0,10.0,270.0,25.0,,,25.0,VISUAL
61387,110974.0,1944-10-06,15,GERMANY,TEGEL TANK PLANT,TANK FACTORIES,52.53,13.42,B17,4.0,8.0,256.0,15.0,,,15.0,VISUAL
61358,110975.0,1944-10-06,15,GERMANY,TEGEL TANK PLANT,TANK FACTORIES,52.53,13.42,B17,4.0,12.0,264.0,27.0,,,27.0,VISUAL
61311,110976.0,1944-10-06,15,GERMANY,TEGEL TANK PLANT,TANK FACTORIES,52.53,13.42,B17,4.0,13.0,270.0,33.0,,,33.0,VISUAL
61359,110977.0,1944-10-06,15,GERMANY,TEGEL TANK PLANT,TANK FACTORIES,52.53,13.42,B17,4.0,10.0,264.0,,24.0,,24.0,VISUAL
61703,110978.0,1944-10-06,15,GERMANY,TEGEL TANK PLANT,TANK FACTORIES,52.53,13.42,B17,4.0,16.0,254.0,10.0,23.0,,33.0,VISUAL
61377,110979.0,1944-10-06,15,GERMANY,TEGEL TANK PLANT,TANK FACTORIES,52.53,13.42,B17,4.0,9.0,258.0,23.0,,,23.0,VISUAL
61388,110980.0,1944-10-06,15,GERMANY,TEGEL TANK PLANT,TANK FACTORIES,52.53,13.42,B17,4.0,7.0,256.0,18.0,,,18.0,VISUAL
61345,110981.0,1944-10-06,15,GERMANY,TEGEL TANK PLANT,TANK FACTORIES,52.53,13.42,B17,4.0,11.0,265.0,28.0,,,28.0,VISUAL
61312,110982.0,1944-10-06,15,GERMANY,TEGEL TANK PLANT,TANK FACTORIES,52.53,13.42,B17,4.0,10.0,270.0,25.0,,,25.0,VISUAL
61389,110983.0,1944-10-06,15,GERMANY,TEGEL TANK PLANT,TANK FACTORIES,52.53,13.42,B17,4.0,8.0,256.0,15.0,,,15.0,VISUAL
61360,110984.0,1944-10-06,15,GERMANY,TEGEL TANK PLANT,TANK FACTORIES,52.53,13.42,B17,4.0,12.0,264.0,27.0,,,27.0,VISUAL
61313,110985.0,1944-10-06,15,GERMANY,TEGEL TANK PLANT,TANK FACTORIES,52.53,13.42,B17,4.0,13.0,270.0,33.0,,,33.0,VISUAL
62122,174853.0,1944-10-06,1,GERMANY,AC ASSEMBLY,AIRCRAFT FACTORIES AND ASSEMBLY PLANTS,53.55,13.28,B17,4.0,12.0,195.0,30.0,,,30.0,VISUAL
62105,174855.0,1944-10-06,1,GERMANY,AC ASSEMBLY,AIRCRAFT FACTORIES AND ASSEMBLY PLANTS,53.55,13.28,B17,4.0,12.0,203.0,28.0,,,28.0,VISUAL
61799,174856.0,1944-10-06,1,GERMANY,AC ASSEMBLY,AIRCRAFT FACTORIES AND ASSEMBLY PLANTS,53.55,13.28,B17,4.0,13.0,207.0,,33.0,,33.0,VISUAL
62111,174857.0,1944-10-06,1,GERMANY,AC ASSEMBLY,AIRCRAFT FACTORIES AND ASSEMBLY PLANTS,53.55,13.28,B17,4.0,12.0,200.0,30.0,,,30.0,VISUAL
62102,174858.0,1944-10-06,1,GERMANY,AC ASSEMBLY,AIRCRAFT FACTORIES AND ASSEMBLY PLANTS,53.55,13.28,B17,4.0,13.0,205.0,5.0,28.0,,33.0,VISUAL
62117,174859.0,1944-10-06,1,GERMANY,AC ASSEMBLY,AIRCRAFT FACTORIES AND ASSEMBLY PLANTS,53.55,13.28,B17,4.0,11.0,197.0,28.0,,,28.0,VISUAL
62126,174863.0,1944-10-06,1,GERMANY,AERO ENGINE WORKS,ENGINE PLANTS,53.55,10.0,B24,4.0,21.0,,12.0,,,12.0,NOT INDICATED
61774,174864.0,1944-10-06,1,GERMANY,AERO ENGINE WORKS,ENGINE PLANTS,53.55,10.0,B24,4.0,21.0,250.0,47.0,,,47.0,VISUAL
61796,174865.0,1944-10-06,1,GERMANY,AERO ENGINE WORKS,ENGINE PLANTS,53.55,10.0,B24,4.0,34.0,240.0,96.0,,,96.0,VISUAL
61775,174866.0,1944-10-06,1,GERMANY,AERO ENGINE WORKS,ENGINE PLANTS,53.55,10.0,B24,4.0,24.0,250.0,,65.0,,65.0,VISUAL
61779,174872.0,1944-10-06,1,GERMANY,POWER PLANT,"""PUBLIC UTILITIES - ELECTRIC LIGHT AND POWER COMPANIES,  GAS COMPANIES, TELEPHONE COMPANIES,  WATER COMPANIES.  """,49.68,7.57,B17,2.0,,249.0,,1.0,,1.0,VISUAL
62129,174873.0,1944-10-06,1,GERMANY,POWER PLANT,"""PUBLIC UTILITIES - ELECTRIC LIGHT AND POWER COMPANIES,  GAS COMPANIES, TELEPHONE COMPANIES,  WATER COMPANIES.  """,49.68,7.57,B17,2.0,12.0,,,1.0,,1.0,NOT INDICATED
61793,174874.0,1944-10-06,1,GERMANY,POWER PLANT,"""PUBLIC UTILITIES - ELECTRIC LIGHT AND POWER COMPANIES,  GAS COMPANIES, TELEPHONE COMPANIES,  WATER COMPANIES.  """,49.68,7.57,B17,2.0,12.0,245.0,,1.0,,1.0,VISUAL
61780,174888.0,1944-10-06,1,GERMANY,POWER PLANT,"""PUBLIC UTILITIES - ELECTRIC LIGHT AND POWER COMPANIES,  GAS COMPANIES, TELEPHONE COMPANIES,  WATER COMPANIES.  """,49.68,7.57,B17,2.0,,249.0,,1.0,,1.0,VISUAL
62130,174889.0,1944-10-06,1,GERMANY,POWER PLANT,"""PUBLIC UTILITIES - ELECTRIC LIGHT AND POWER COMPANIES,  GAS COMPANIES, TELEPHONE COMPANIES,  WATER COMPANIES.  """,49.68,7.57,B17,2.0,12.0,,,1.0,,1.0,NOT INDICATED
61794,174890.0,1944-10-06,1,GERMANY,POWER PLANT,"""PUBLIC UTILITIES - ELECTRIC LIGHT AND POWER COMPANIES,  GAS COMPANIES, TELEPHONE COMPANIES,  WATER COMPANIES.  """,49.68,7.57,B17,2.0,12.0,245.0,,1.0,,1.0,VISUAL
62127,174907.0,1944-10-06,1,GERMANY,AERO ENGINE WORKS,ENGINE PLANTS,53.55,10.0,B24,4.0,21.0,,12.0,,,12.0,NOT INDICATED
61776,174908.0,1944-10-06,1,GERMANY,AERO ENGINE WORKS,ENGINE PLANTS,53.55,10.0,B24,4.0,21.0,250.0,47.0,,,47.0,VISUAL
61797,174909.0,1944-10-06,1,GERMANY,AERO ENGINE WORKS,ENGINE PLANTS,53.55,10.0,B24,4.0,34.0,240.0,96.0,,,96.0,VISUAL
61777,174910.0,1944-10-06,1,GERMANY,AERO ENGINE WORKS,ENGINE PLANTS,53.55,10.0,B24,4.0,24.0,250.0,,65.0,,65.0,VISUAL
62106,174911.0,1944-10-06,1,GERMANY,AC ASSEMBLY,AIRCRAFT FACTORIES AND ASSEMBLY PLANTS,53.55,13.28,B17,4.0,12.0,203.0,28.0,,,28.0,VISUAL
61800,174912.0,1944-10-06,1,GERMANY,AC ASSEMBLY,AIRCRAFT FACTORIES AND ASSEMBLY PLANTS,53.55,13.28,B17,4.0,13.0,207.0,,33.0,,33.0,VISUAL
62112,174913.0,1944-10-06,1,GERMANY,AC ASSEMBLY,AIRCRAFT FACTORIES AND ASSEMBLY PLANTS,53.55,13.28,B17,4.0,12.0,200.0,30.0,,,30.0,VISUAL
62123,174914.0,1944-10-06,1,GERMANY,AC ASSEMBLY,AIRCRAFT FACTORIES AND ASSEMBLY PLANTS,53.55,13.28,B17,4.0,12.0,195.0,30.0,,,30.0,VISUAL
62103,174915.0,1944-10-06,1,GERMANY,AC ASSEMBLY,AIRCRAFT FACTORIES AND ASSEMBLY PLANTS,53.55,13.28,B17,4.0,13.0,205.0,5.0,28.0,,33.0,VISUAL
62118,174916.0,1944-10-06,1,GERMANY,AC ASSEMBLY,AIRCRAFT FACTORIES AND ASSEMBLY PLANTS,53.55,13.28,B17,4.0,11.0,197.0,28.0,,,28.0,VISUAL
61361,174921.0,1944-10-06,15,GERMANY,DAIMLER BENZ ENGINE,ARMAMENT AND ORDNANCE PLANTS,52.53,13.42,B17,4.0,10.0,264.0,24.0,,,24.0,VISUAL
61314,174922.0,1944-10-06,15,GERMANY,DAIMLER BENZ ENGINE,ARMAMENT AND ORDNANCE PLANTS,52.53,13.42,B17,4.0,10.0,270.0,24.0,,,24.0,VISUAL
61396,174923.0,1944-10-06,15,GERMANY,DAIMLER BENZ ENGINE,ARMAMENT AND ORDNANCE PLANTS,52.53,13.42,B17,4.0,12.0,255.0,,28.0,,28.0,VISUAL
61728,174924.0,1944-10-06,15,GERMANY,DAIMLER BENZ ENGINE,ARMAMENT AND ORDNANCE PLANTS,52.53,13.42,B17,0.0,,,25.0,,,25.0,NOT INDICATED
61362,174925.0,1944-10-06,15,GERMANY,DAIMLER BENZ ENGINE,ARMAMENT AND ORDNANCE PLANTS,52.53,13.42,B17,4.0,12.0,264.0,3.0,,,3.0,VISUAL
60996,174926.0,1944-10-06,15,GERMANY,DAIMLER BENZ ENGINE,ARMAMENT AND ORDNANCE PLANTS,52.53,13.42,B17,4.0,13.0,275.0,2.0,16.0,,18.0,VISUAL
61378,174927.0,1944-10-06,15,GERMANY,DAIMLER BENZ ENGINE,ARMAMENT AND ORDNANCE PLANTS,52.53,13.42,B17,4.0,12.0,258.0,,30.0,,30.0,VISUAL
61334,174928.0,1944-10-06,15,GERMANY,DAIMLER BENZ ENGINE,ARMAMENT AND ORDNANCE PLANTS,52.53,13.42,B17,4.0,11.0,267.0,28.0,,,28.0,VISUAL
60997,174929.0,1944-10-06,15,GERMANY,DAIMLER BENZ ENGINE,ARMAMENT AND ORDNANCE PLANTS,52.53,13.42,B17,4.0,10.0,275.0,25.0,,,25.0,VISUAL
61712,174930.0,1944-10-06,15,GERMANY,DAIMLER BENZ ENGINE,ARMAMENT AND ORDNANCE PLANTS,52.53,13.42,B17,4.0,12.0,253.0,30.0,,,30.0,VISUAL
61704,174931.0,1944-10-06,15,GERMANY,DAIMLER BENZ ENGINE,ARMAMENT AND ORDNANCE PLANTS,52.53,13.42,B17,4.0,10.0,254.0,,14.0,,14.0,VISUAL
61363,174932.0,1944-10-06,15,GERMANY,DAIMLER BENZ ENGINE,ARMAMENT AND ORDNANCE PLANTS,52.53,13.42,B17,4.0,12.0,264.0,28.0,,,28.0,VISUAL
61326,174933.0,1944-10-06,15,GERMANY,DAIMLER BENZ ENGINE,ARMAMENT AND ORDNANCE PLANTS,52.53,13.42,B17,4.0,10.0,269.0,23.0,,,23.0,VISUAL
61729,174934.0,1944-10-06,15,GERMANY,DAIMLER BENZ ENGINE,ARMAMENT AND ORDNANCE PLANTS,52.53,13.42,B17,0.0,,,23.0,,,23.0,NOT INDICATED
61338,174935.0,1944-10-06,15,GERMANY,DAIMLER BENZ ENGINE,ARMAMENT AND ORDNANCE PLANTS,52.53,13.42,B17,4.0,10.0,266.0,2.0,,,2.0,VISUAL
61730,174936.0,1944-10-06,15,GERMANY,DAIMLER BENZ ENGINE,ARMAMENT AND ORDNANCE PLANTS,52.53,13.42,B17,0.0,,,30.0,,,30.0,NOT INDICATED
61304,174937.0,1944-10-06,15,GERMANY,DAIMLER BENZ ENGINE,ARMAMENT AND ORDNANCE PLANTS,52.53,13.42,B17,4.0,13.0,271.0,2.0,,,2.0,VISUAL
61716,174938.0,1944-10-06,15,GERMANY,DAIMLER BENZ ENGINE,ARMAMENT AND ORDNANCE PLANTS,52.53,13.42,B17,4.0,11.0,250.0,28.0,,,28.0,VISUAL
61720,174939.0,1944-10-06,15,GERMANY,DAIMLER BENZ ENGINE,ARMAMENT AND ORDNANCE PLANTS,52.53,13.42,B17,4.0,10.0,244.0,25.0,,,25.0,VISUAL
61305,174940.0,1944-10-06,15,GERMANY,DAIMLER BENZ ENGINE,ARMAMENT AND ORDNANCE PLANTS,52.53,13.42,B17,4.0,11.0,271.0,,10.0,,10.0,VISUAL
61372,174941.0,1944-10-06,15,GERMANY,DAIMLER BENZ ENGINE,ARMAMENT AND ORDNANCE PLANTS,52.53,13.42,B17,4.0,13.0,261.0,,16.0,,16.0,VISUAL
61346,174942.0,1944-10-06,15,GERMANY,DAIMLER BENZ ENGINE,ARMAMENT AND ORDNANCE PLANTS,52.53,13.42,B17,4.0,10.0,265.0,25.0,,,25.0,VISUAL
61327,174943.0,1944-10-06,15,GERMANY,DAIMLER BENZ ENGINE,ARMAMENT AND ORDNANCE PLANTS,52.53,13.42,B17,4.0,12.0,269.0,28.0,,,28.0,VISUAL
61384,174944.0,1944-10-06,15,GERMANY,DAIMLER BENZ ENGINE,ARMAMENT AND ORDNANCE PLANTS,52.53,13.42,B17,4.0,12.0,257.0,,29.0,,29.0,VISUAL
61347,174945.0,1944-10-06,15,GERMANY,DAIMLER BENZ ENGINE,ARMAMENT AND ORDNANCE PLANTS,52.53,13.42,B17,4.0,11.0,265.0,,,28.0,28.0,VISUAL
61328,174946.0,1944-10-06,15,GERMANY,DAIMLER BENZ ENGINE,ARMAMENT AND ORDNANCE PLANTS,52.53,13.42,B17,4.0,10.0,269.0,,,24.0,24.0,VISUAL
61705,174947.0,1944-10-06,15,GERMANY,DAIMLER BENZ ENGINE,ARMAMENT AND ORDNANCE PLANTS,52.53,13.42,B17,4.0,13.0,254.0,33.0,,,33.0,VISUAL
61364,174948.0,1944-10-06,15,GERMANY,TEGEL TANK PLANT,TANK FACTORIES,52.53,13.42,B17,4.0,10.0,264.0,,24.0,,24.0,VISUAL
61706,174949.0,1944-10-06,15,GERMANY,TEGEL TANK PLANT,TANK FACTORIES,52.53,13.42,B17,4.0,16.0,254.0,10.0,23.0,,33.0,VISUAL
61379,174950.0,1944-10-06,15,GERMANY,TEGEL TANK PLANT,TANK FACTORIES,52.53,13.42,B17,4.0,9.0,258.0,23.0,,,23.0,VISUAL
61390,174951.0,1944-10-06,15,GERMANY,TEGEL TANK PLANT,TANK FACTORIES,52.53,13.42,B17,4.0,7.0,256.0,18.0,,,18.0,VISUAL
61348,174952.0,1944-10-06,15,GERMANY,TEGEL TANK PLANT,TANK FACTORIES,52.53,13.42,B17,4.0,11.0,265.0,28.0,,,28.0,VISUAL
61315,174953.0,1944-10-06,15,GERMANY,TEGEL TANK PLANT,TANK FACTORIES,52.53,13.42,B17,4.0,10.0,270.0,25.0,,,25.0,VISUAL
61391,174954.0,1944-10-06,15,GERMANY,TEGEL TANK PLANT,TANK FACTORIES,52.53,13.42,B17,4.0,8.0,256.0,15.0,,,15.0,VISUAL
61365,174955.0,1944-10-06,15,GERMANY,TEGEL TANK PLANT,TANK FACTORIES,52.53,13.42,B17,4.0,12.0,264.0,27.0,,,27.0,VISUAL
61316,174956.0,1944-10-06,15,GERMANY,TEGEL TANK PLANT,TANK FACTORIES,52.53,13.42,B17,4.0,13.0,270.0,33.0,,,33.0,VISUAL
61366,174957.0,1944-10-06,15,GERMANY,DAIMLER BENZ ENGINE,ARMAMENT AND ORDNANCE PLANTS,52.53,13.42,B17,4.0,10.0,264.0,24.0,,,24.0,VISUAL
61317,174958.0,1944-10-06,15,GERMANY,DAIMLER BENZ ENGINE,ARMAMENT AND ORDNANCE PLANTS,52.53,13.42,B17,4.0,10.0,270.0,24.0,,,24.0,VISUAL
61397,174959.0,1944-10-06,15,GERMANY,DAIMLER BENZ ENGINE,ARMAMENT AND ORDNANCE PLANTS,52.53,13.42,B17,4.0,12.0,255.0,,28.0,,28.0,VISUAL
61731,174960.0,1944-10-06,15,GERMANY,DAIMLER BENZ ENGINE,ARMAMENT AND ORDNANCE PLANTS,52.53,13.42,B17,0.0,,,25.0,,,25.0,NOT INDICATED
61367,174961.0,1944-10-06,15,GERMANY,DAIMLER BENZ ENGINE,ARMAMENT AND ORDNANCE PLANTS,52.53,13.42,B17,4.0,12.0,264.0,3.0,,,3.0,VISUAL
60998,174962.0,1944-10-06,15,GERMANY,DAIMLER BENZ ENGINE,ARMAMENT AND ORDNANCE PLANTS,52.53,13.42,B17,4.0,13.0,275.0,2.0,16.0,,18.0,VISUAL
61380,174963.0,1944-10-06,15,GERMANY,DAIMLER BENZ ENGINE,ARMAMENT AND ORDNANCE PLANTS,52.53,13.42,B17,4.0,12.0,258.0,,30.0,,30.0,VISUAL
61335,174964.0,1944-10-06,15,GERMANY,DAIMLER BENZ ENGINE,ARMAMENT AND ORDNANCE PLANTS,52.53,13.42,B17,4.0,11.0,267.0,28.0,,,28.0,VISUAL
60999,174965.0,1944-10-06,15,GERMANY,DAIMLER BENZ ENGINE,ARMAMENT AND ORDNANCE PLANTS,52.53,13.42,B17,4.0,10.0,275.0,25.0,,,25.0,VISUAL
61713,174966.0,1944-10-06,15,GERMANY,DAIMLER BENZ ENGINE,ARMAMENT AND ORDNANCE PLANTS,52.53,13.42,B17,4.0,12.0,253.0,30.0,,,30.0,VISUAL
61707,174967.0,1944-10-06,15,GERMANY,DAIMLER BENZ ENGINE,ARMAMENT AND ORDNANCE PLANTS,52.53,13.42,B17,4.0,10.0,254.0,,14.0,,14.0,VISUAL
61368,174968.0,1944-10-06,15,GERMANY,DAIMLER BENZ ENGINE,ARMAMENT AND ORDNANCE PLANTS,52.53,13.42,B17,4.0,12.0,264.0,28.0,,,28.0,VISUAL
61329,174969.0,1944-10-06,15,GERMANY,DAIMLER BENZ ENGINE,ARMAMENT AND ORDNANCE PLANTS,52.53,13.42,B17,4.0,10.0,269.0,23.0,,,23.0,VISUAL
61732,174970.0,1944-10-06,15,GERMANY,DAIMLER BENZ ENGINE,ARMAMENT AND ORDNANCE PLANTS,52.53,13.42,B17,0.0,,,23.0,,,23.0,NOT INDICATED
61339,174971.0,1944-10-06,15,GERMANY,DAIMLER BENZ ENGINE,ARMAMENT AND ORDNANCE PLANTS,52.53,13.42,B17,4.0,10.0,266.0,2.0,,,2.0,VISUAL
61733,174972.0,1944-10-06,15,GERMANY,DAIMLER BENZ ENGINE,ARMAMENT AND ORDNANCE PLANTS,52.53,13.42,B17,0.0,,,30.0,,,30.0,NOT INDICATED
61306,174973.0,1944-10-06,15,GERMANY,DAIMLER BENZ ENGINE,ARMAMENT AND ORDNANCE PLANTS,52.53,13.42,B17,4.0,13.0,271.0,2.0,,,2.0,VISUAL
61717,174974.0,1944-10-06,15,GERMANY,DAIMLER BENZ ENGINE,ARMAMENT AND ORDNANCE PLANTS,52.53,13.42,B17,4.0,11.0,250.0,28.0,,,28.0,VISUAL
61721,174975.0,1944-10-06,15,GERMANY,DAIMLER BENZ ENGINE,ARMAMENT AND ORDNANCE PLANTS,52.53,13.42,B17,4.0,10.0,244.0,25.0,,,25.0,VISUAL
61307,174976.0,1944-10-06,15,GERMANY,DAIMLER BENZ ENGINE,ARMAMENT AND ORDNANCE PLANTS,52.53,13.42,B17,4.0,11.0,271.0,,10.0,,10.0,VISUAL
61373,174977.0,1944-10-06,15,GERMANY,DAIMLER BENZ ENGINE,ARMAMENT AND ORDNANCE PLANTS,52.53,13.42,B17,4.0,13.0,261.0,,16.0,,16.0,VISUAL
61349,174978.0,1944-10-06,15,GERMANY,DAIMLER BENZ ENGINE,ARMAMENT AND ORDNANCE PLANTS,52.53,13.42,B17,4.0,10.0,265.0,25.0,,,25.0,VISUAL
61330,174979.0,1944-10-06,15,GERMANY,DAIMLER BENZ ENGINE,ARMAMENT AND ORDNANCE PLANTS,52.53,13.42,B17,4.0,12.0,269.0,28.0,,,28.0,VISUAL
61385,174980.0,1944-10-06,15,GERMANY,DAIMLER BENZ ENGINE,ARMAMENT AND ORDNANCE PLANTS,52.53,13.42,B17,4.0,12.0,257.0,,29.0,,29.0,VISUAL
61350,174981.0,1944-10-06,15,GERMANY,DAIMLER BENZ ENGINE,ARMAMENT AND ORDNANCE PLANTS,52.53,13.42,B17,4.0,11.0,265.0,,,28.0,28.0,VISUAL
61331,174982.0,1944-10-06,15,GERMANY,DAIMLER BENZ ENGINE,ARMAMENT AND ORDNANCE PLANTS,52.53,13.42,B17,4.0,10.0,269.0,,,24.0,24.0,VISUAL
61708,174983.0,1944-10-06,15,GERMANY,DAIMLER BENZ ENGINE,ARMAMENT AND ORDNANCE PLANTS,52.53,13.42,B17,4.0,13.0,254.0,33.0,,,33.0,VISUAL
61709,174984.0,1944-10-06,15,GERMANY,TEGEL TANK PLANT,TANK FACTORIES,52.53,13.42,B17,4.0,16.0,254.0,10.0,23.0,,33.0,VISUAL
61381,174985.0,1944-10-06,15,GERMANY,TEGEL TANK PLANT,TANK FACTORIES,52.53,13.42,B17,4.0,9.0,258.0,23.0,,,23.0,VISUAL
61392,174986.0,1944-10-06,15,GERMANY,TEGEL TANK PLANT,TANK FACTORIES,52.53,13.42,B17,4.0,7.0,256.0,18.0,,,18.0,VISUAL
61351,174987.0,1944-10-06,15,GERMANY,TEGEL TANK PLANT,TANK FACTORIES,52.53,13.42,B17,4.0,11.0,265.0,28.0,,,28.0,VISUAL
61318,174988.0,1944-10-06,15,GERMANY,TEGEL TANK PLANT,TANK FACTORIES,52.53,13.42,B17,4.0,10.0,270.0,25.0,,,25.0,VISUAL
61393,174989.0,1944-10-06,15,GERMANY,TEGEL TANK PLANT,TANK FACTORIES,52.53,13.42,B17,4.0,8.0,256.0,15.0,,,15.0,VISUAL
61369,174990.0,1944-10-06,15,GERMANY,TEGEL TANK PLANT,TANK FACTORIES,52.53,13.42,B17,4.0,12.0,264.0,27.0,,,27.0,VISUAL
61319,174991.0,1944-10-06,15,GERMANY,TEGEL TANK PLANT,TANK FACTORIES,52.53,13.42,B17,4.0,13.0,270.0,33.0,,,33.0,VISUAL
62124,174997.0,1944-10-06,1,GERMANY,MARSHALLING YARD,"""RR INSTALLATIONS,  TRACKS,  MARSHALLING YARDS,  AND STATIONS""",53.48,9.13,B24,2.0,1.0,,3.0,,,3.0,NOT INDICATED
61736,213433.0,1944-10-06,9,GERMANY,RR BRIDGE,BRIDGES,52.62,11.98,B26,,,121.0,68.0,,,68.0,VISUAL
61790,213438.0,1944-10-06,1,GERMANY,SUB PENS,SUBMARINE PENS AND YARDS,53.42,14.57,B17,4.0,12.0,246.0,,30.0,,30.0,VISUAL
61791,213439.0,1944-10-06,1,GERMANY,SUB PENS,SUBMARINE PENS AND YARDS,53.42,14.57,B17,4.0,12.0,246.0,,30.0,,30.0,VISUAL
62114,213443.0,1944-10-06,1,GERMANY,AIRDROME,AIR FIELDS AND AIRDROMES,53.35,15.05,B17,4.0,12.0,200.0,30.0,,,30.0,VISUAL
62120,213444.0,1944-10-06,1,GERMANY,AIRDROME,AIR FIELDS AND AIRDROMES,53.35,15.05,B17,4.0,12.0,197.0,30.0,,,30.0,VISUAL
62108,213445.0,1944-10-06,1,GERMANY,AIRDROME,AIR FIELDS AND AIRDROMES,53.35,15.05,B17,4.0,12.0,203.0,,30.0,,30.0,VISUAL
61766,213446.0,1944-10-06,1,GERMANY,AIRDROME,AIR FIELDS AND AIRDROMES,53.35,15.05,B17,4.0,12.0,254.0,30.0,,,30.0,VISUAL
61783,213447.0,1944-10-06,1,GERMANY,AIRDROME,AIR FIELDS AND AIRDROMES,53.35,15.05,B17,4.0,12.0,249.0,30.0,,,30.0,VISUAL
61761,213448.0,1944-10-06,1,GERMANY,AIRDROME,AIR FIELDS AND AIRDROMES,53.35,15.05,B17,3.0,11.0,256.0,28.0,,,28.0,VISUAL
61788,213449.0,1944-10-06,1,GERMANY,AIRDROME,AIR FIELDS AND AIRDROMES,53.35,15.05,B17,3.0,11.0,246.0,28.0,,,28.0,VISUAL
61746,213450.0,1944-10-06,1,GERMANY,AIRDROME,AIR FIELDS AND AIRDROMES,53.35,15.05,B17,3.0,10.0,265.0,25.0,,,25.0,VISUAL
62132,213451.0,1944-10-06,1,GERMANY,AIRDROME,AIR FIELDS AND AIRDROMES,53.35,15.05,B17,3.0,12.0,,30.0,,,30.0,NOT INDICATED
61767,213452.0,1944-10-06,1,GERMANY,AIRDROME,AIR FIELDS AND AIRDROMES,53.35,15.05,B17,3.0,12.0,254.0,30.0,,,30.0,VISUAL
61784,213453.0,1944-10-06,1,GERMANY,AIRDROME,AIR FIELDS AND AIRDROMES,53.35,15.05,B17,3.0,11.0,249.0,27.0,,,27.0,VISUAL
61756,213454.0,1944-10-06,1,GERMANY,AIRDROME,AIR FIELDS AND AIRDROMES,53.35,15.05,B17,3.0,13.0,258.0,32.0,,,32.0,VISUAL
61743,213455.0,1944-10-06,1,GERMANY,AIRDROME,AIR FIELDS AND AIRDROMES,53.35,15.05,B17,3.0,12.0,269.0,,30.0,,30.0,VISUAL
61750,213456.0,1944-10-06,1,GERMANY,AIRDROME,AIR FIELDS AND AIRDROMES,53.35,15.05,B17,3.0,12.0,260.0,30.0,,,30.0,VISUAL
61768,213457.0,1944-10-06,1,GERMANY,AIRDROME,AIR FIELDS AND AIRDROMES,53.35,15.05,B17,3.0,12.0,254.0,30.0,,,30.0,VISUAL
61757,213458.0,1944-10-06,1,GERMANY,AIRDROME,AIR FIELDS AND AIRDROMES,53.35,15.05,B17,3.0,11.0,258.0,28.0,,,28.0,VISUAL
61751,213459.0,1944-10-06,1,GERMANY,AIRDROME,AIR FIELDS AND AIRDROMES,53.35,15.05,B17,3.0,12.0,260.0,28.0,,,28.0,VISUAL
62115,213479.0,1944-10-06,1,GERMANY,AIRDROME,AIR FIELDS AND AIRDROMES,53.35,15.05,B17,4.0,12.0,200.0,30.0,,,30.0,VISUAL
62121,213480.0,1944-10-06,1,GERMANY,AIRDROME,AIR FIELDS AND AIRDROMES,53.35,15.05,B17,4.0,12.0,197.0,30.0,,,30.0,VISUAL
62109,213481.0,1944-10-06,1,GERMANY,AIRDROME,AIR FIELDS AND AIRDROMES,53.35,15.05,B17,4.0,12.0,203.0,,30.0,,30.0,VISUAL
61769,213482.0,1944-10-06,1,GERMANY,AIRDROME,AIR FIELDS AND AIRDROMES,53.35,15.05,B17,4.0,12.0,254.0,30.0,,,30.0,VISUAL
61785,213483.0,1944-10-06,1,GERMANY,AIRDROME,AIR FIELDS AND AIRDROMES,53.35,15.05,B17,4.0,12.0,249.0,30.0,,,30.0,VISUAL
61762,213484.0,1944-10-06,1,GERMANY,AIRDROME,AIR FIELDS AND AIRDROMES,53.35,15.05,B17,3.0,11.0,256.0,28.0,,,28.0,VISUAL
61789,213485.0,1944-10-06,1,GERMANY,AIRDROME,AIR FIELDS AND AIRDROMES,53.35,15.05,B17,3.0,11.0,246.0,28.0,,,28.0,VISUAL
61747,213486.0,1944-10-06,1,GERMANY,AIRDROME,AIR FIELDS AND AIRDROMES,53.35,15.05,B17,3.0,10.0,265.0,25.0,,,25.0,VISUAL
62133,213487.0,1944-10-06,1,GERMANY,AIRDROME,AIR FIELDS AND AIRDROMES,53.35,15.05,B17,3.0,12.0,,30.0,,,30.0,NOT INDICATED
61770,213488.0,1944-10-06,1,GERMANY,AIRDROME,AIR FIELDS AND AIRDROMES,53.35,15.05,B17,3.0,12.0,254.0,30.0,,,30.0,VISUAL
61786,213489.0,1944-10-06,1,GERMANY,AIRDROME,AIR FIELDS AND AIRDROMES,53.35,15.05,B17,3.0,11.0,249.0,27.0,,,27.0,VISUAL
61758,213490.0,1944-10-06,1,GERMANY,AIRDROME,AIR FIELDS AND AIRDROMES,53.35,15.05,B17,3.0,13.0,258.0,32.0,,,32.0,VISUAL
61744,213491.0,1944-10-06,1,GERMANY,AIRDROME,AIR FIELDS AND AIRDROMES,53.35,15.05,B17,3.0,12.0,269.0,,30.0,,30.0,VISUAL
61752,213492.0,1944-10-06,1,GERMANY,AIRDROME,AIR FIELDS AND AIRDROMES,53.35,15.05,B17,3.0,12.0,260.0,30.0,,,30.0,VISUAL
61771,213493.0,1944-10-06,1,GERMANY,AIRDROME,AIR FIELDS AND AIRDROMES,53.35,15.05,B17,3.0,12.0,254.0,30.0,,,30.0,VISUAL
61759,213494.0,1944-10-06,1,GERMANY,AIRDROME,AIR FIELDS AND AIRDROMES,53.35,15.05,B17,3.0,11.0,258.0,28.0,,,28.0,VISUAL
61753,213495.0,1944-10-06,1,GERMANY,AIRDROME,AIR FIELDS AND AIRDROMES,53.35,15.05,B17,3.0,12.0,260.0,28.0,,,28.0,VISUAL
63338,110986.0,1944-10-07,1,GERMANY,HENSCHEL AERO ENGINE,ENGINE PLANTS,51.32,9.47,B24,4.0,30.0,230.0,82.0,,,82.0,VISUAL
63328,110987.0,1944-10-07,1,GERMANY,HENSCHEL AERO ENGINE,ENGINE PLANTS,51.32,9.47,B24,4.0,37.0,243.0,76.0,28.0,,104.0,VISUAL
63341,110989.0,1944-10-07,1,GERMANY,KRUPP STEEL WORKS,"""IRON AND STEEL PRODUCTION FACILITIES,  BLAST FURNACES,  BOILER SHOPS,  FORGES,  FOUNDRIES, STEEL WORKS,  ROLLING-MILLS """,52.13,11.63,B24,4.0,28.0,230.0,78.0,,,78.0,F.F.F.
63342,110990.0,1944-10-07,1,GERMANY,KRUPP STEEL WORKS,"""IRON AND STEEL PRODUCTION FACILITIES,  BLAST FURNACES,  BOILER SHOPS,  FORGES,  FOUNDRIES, STEEL WORKS,  ROLLING-MILLS """,52.13,11.63,B24,4.0,35.0,230.0,103.0,,,103.0,F.F.F.
62939,110991.0,1944-10-07,15,AUSTRIA,NOVA OIL REFINERY,OIL REFINERIES,48.12,16.53,B24,4.0,24.0,225.0,45.0,,,45.0,NOT INDICATED
62924,110996.0,1944-10-07,15,AUSTRIA,OIL REFINERY,OIL REFINERIES,48.2,16.37,B17,4.0,22.0,262.0,55.0,,,55.0,NOT INDICATED
62912,110997.0,1944-10-07,15,AUSTRIA,OIL REFINERY,OIL REFINERIES,48.2,16.37,B17,4.0,20.0,284.0,39.0,,,39.0,VISUAL
62910,110998.0,1944-10-07,15,AUSTRIA,OIL REFINERY,OIL REFINERIES,48.2,16.37,B17,4.0,24.0,293.0,38.0,,,38.0,VISUAL
62918,110999.0,1944-10-07,15,AUSTRIA,OIL REFINERY,OIL REFINERIES,48.2,16.37,B17,4.0,22.0,270.0,59.0,,,59.0,VISUAL
62931,111000.0,1944-10-07,15,AUSTRIA,OIL DEPOT,OIL STORAGE FACILITIES AND OTHER OIL INSTALLATIONS,48.2,16.37,B24,4.0,43.0,235.0,84.0,,,84.0,NOT INDICATED
62941,111001.0,1944-10-07,15,AUSTRIA,OIL DEPOT,OIL STORAGE FACILITIES AND OTHER OIL INSTALLATIONS,48.2,16.37,B24,4.0,23.0,225.0,50.0,,,50.0,NOT INDICATED
62928,111002.0,1944-10-07,15,AUSTRIA,OIL DEPOT,OIL STORAGE FACILITIES AND OTHER OIL INSTALLATIONS,48.2,16.37,B24,4.0,20.0,239.0,47.0,,,47.0,NOT INDICATED
62947,111003.0,1944-10-07,15,AUSTRIA,OIL DEPOT,OIL STORAGE FACILITIES AND OTHER OIL INSTALLATIONS,48.2,16.37,B24,4.0,27.0,217.0,66.0,,,66.0,NOT INDICATED
62934,111004.0,1944-10-07,15,AUSTRIA,OIL DEPOT,OIL STORAGE FACILITIES AND OTHER OIL INSTALLATIONS,48.2,16.37,B24,4.0,21.0,230.0,52.0,,,52.0,NOT INDICATED
62943,111005.0,1944-10-07,15,AUSTRIA,OIL DEPOT,OIL STORAGE FACILITIES AND OTHER OIL INSTALLATIONS,48.2,16.37,B24,4.0,20.0,220.0,49.0,,,49.0,VISUAL
62944,111006.0,1944-10-07,15,AUSTRIA,OIL DEPOT,OIL STORAGE FACILITIES AND OTHER OIL INSTALLATIONS,48.2,16.37,B24,4.0,38.0,220.0,95.0,,,95.0,NOT INDICATED
62935,111007.0,1944-10-07,15,AUSTRIA,OIL DEPOT,OIL STORAGE FACILITIES AND OTHER OIL INSTALLATIONS,48.2,16.37,B24,4.0,39.0,230.0,96.0,,,96.0,VISUAL
62993,111020.0,1944-10-07,9,GERMANY,RR BRIDGE,BRIDGES,52.62,11.98,B26,,,107.0,72.0,,,72.0,VISUAL
62991,111021.0,1944-10-07,9,GERMANY,BRIDGE,BRIDGES,50.05,7.13,B26,,,115.0,46.0,,,46.0,VISUAL
62970,111022.0,1944-10-07,9,GERMANY,WINTERSHALL SYN OIL,OIL REFINERIES,51.3,11.85,B17,4.0,8.0,266.0,18.0,,,18.0,VISUAL
62967,111023.0,1944-10-07,9,GERMANY,WINTERSHALL SYN OIL,OIL REFINERIES,51.3,11.85,B17,4.0,13.0,268.0,32.0,,,32.0,VISUAL
62971,111024.0,1944-10-07,9,GERMANY,WINTERSHALL SYN OIL,OIL REFINERIES,51.3,11.85,B17,4.0,9.0,266.0,21.0,,,21.0,VISUAL
62981,111025.0,1944-10-07,9,GERMANY,WINTERSHALL SYN OIL,OIL REFINERIES,51.3,11.85,B17,4.0,12.0,255.0,29.0,,,29.0,VISUAL
62977,111026.0,1944-10-07,9,GERMANY,WINTERSHALL SYN OIL,OIL REFINERIES,51.3,11.85,B17,4.0,13.0,257.0,31.0,,,31.0,VISUAL
62974,111027.0,1944-10-07,9,GERMANY,WINTERSHALL SYN OIL,OIL REFINERIES,51.3,11.85,B17,4.0,9.0,262.0,20.0,,,20.0,VISUAL
62964,111028.0,1944-10-07,9,GERMANY,WINTERSHALL SYN OIL,OIL REFINERIES,51.3,11.85,B17,4.0,12.0,272.0,30.0,,,30.0,VISUAL
62978,111029.0,1944-10-07,9,GERMANY,WINTERSHALL SYN OIL,OIL REFINERIES,51.3,11.85,B17,4.0,12.0,257.0,30.0,,,30.0,VISUAL
62914,111055.0,1944-10-07,15,GERMANY,SCWARTZHEIDE SYN OIL,SYNTHETIC OIL REFINERIES,51.48,13.88,B17,4.0,11.0,278.0,28.0,,,28.0,VISUAL
62920,111056.0,1944-10-07,15,GERMANY,SCWARTZHEIDE SYN OIL,SYNTHETIC OIL REFINERIES,51.48,13.88,B17,4.0,12.0,269.0,30.0,,,30.0,VISUAL
62916,111057.0,1944-10-07,15,GERMANY,SCWARTZHEIDE SYN OIL,SYNTHETIC OIL REFINERIES,51.48,13.88,B17,4.0,12.0,272.0,30.0,,,30.0,VISUAL
62922,111058.0,1944-10-07,15,GERMANY,SCWARTZHEIDE SYN OIL,SYNTHETIC OIL REFINERIES,51.48,13.88,B17,4.0,11.0,268.0,28.0,,,28.0,VISUAL
62926,111059.0,1944-10-07,15,GERMANY,SCWARTZHEIDE SYN OIL,SYNTHETIC OIL REFINERIES,51.48,13.88,B17,4.0,13.0,256.0,33.0,,,33.0,VISUAL
62985,111063.0,1944-10-07,9,GERMANY,AIRDROME,AIR FIELDS AND AIRDROMES,50.13,8.46,B17,2.0,12.0,254.0,30.0,,,30.0,VISUAL
63305,111078.0,1944-10-07,1,GERMANY,ORD DEPOT,SUPPLY DUMPS AND WAREHOUSES,52.03,8.53,B17,1.0,10.0,255.0,23.0,,,23.0,VISUAL
63311,111079.0,1944-10-07,1,GERMANY,ORD DEPOT,SUPPLY DUMPS AND WAREHOUSES,52.03,8.53,B17,1.0,7.0,250.0,16.0,,,16.0,VISUAL
63331,111080.0,1944-10-07,1,GERMANY,ORD DEPOT,SUPPLY DUMPS AND WAREHOUSES,52.03,8.53,B17,1.0,7.0,242.0,18.0,,,18.0,VISUAL
63308,111081.0,1944-10-07,1,GERMANY,ORD DEPOT,SUPPLY DUMPS AND WAREHOUSES,52.03,8.53,B17,1.0,11.0,251.0,28.0,,,28.0,VISUAL
63312,111082.0,1944-10-07,1,GERMANY,ORD DEPOT,SUPPLY DUMPS AND WAREHOUSES,52.03,8.53,B17,1.0,9.0,250.0,22.0,,,22.0,VISUAL
63325,111083.0,1944-10-07,1,GERMANY,ORD DEPOT,SUPPLY DUMPS AND WAREHOUSES,52.03,8.53,B17,1.0,14.0,245.0,30.0,,,30.0,VISUAL
63351,111086.0,1944-10-07,1,GERMANY,EXPLOSIVES,EXPLOSIVES MFG. PLANTS,51.83,10.33,B24,3.0,,,18.0,,,18.0,NOT INDICATED
63358,111087.0,1944-10-07,1,GERMANY,EXPLOSIVES,EXPLOSIVES MFG. PLANTS,51.83,10.33,B24,3.0,,,84.0,,,84.0,NOT INDICATED
63336,111088.0,1944-10-07,1,GERMANY,EXPLOSIVES,EXPLOSIVES MFG. PLANTS,51.83,10.33,B24,3.0,36.0,230.0,1.0,,,1.0,VISUAL
63359,111089.0,1944-10-07,1,GERMANY,EXPLOSIVES,EXPLOSIVES MFG. PLANTS,51.83,10.33,B24,3.0,,,18.0,,,18.0,NOT INDICATED
63323,111090.0,1944-10-07,1,GERMANY,EXPLOSIVES,EXPLOSIVES MFG. PLANTS,51.83,10.33,B24,3.0,40.0,247.0,87.0,,,87.0,VISUAL
63319,111091.0,1944-10-07,1,GERMANY,EXPLOSIVES,EXPLOSIVES MFG. PLANTS,51.83,10.33,B24,3.0,29.0,250.0,85.0,,,85.0,VISUAL
63352,111108.0,1944-10-07,1,GERMANY,EXPLOSIVES,EXPLOSIVES MFG. PLANTS,51.83,10.33,B24,3.0,,,18.0,,,18.0,NOT INDICATED
63353,111109.0,1944-10-07,1,GERMANY,EXPLOSIVES,EXPLOSIVES MFG. PLANTS,51.83,10.33,B24,3.0,,,84.0,,,84.0,NOT INDICATED
63334,111110.0,1944-10-07,1,GERMANY,EXPLOSIVES,EXPLOSIVES MFG. PLANTS,51.83,10.33,B24,3.0,36.0,230.0,1.0,,,1.0,VISUAL
63354,111111.0,1944-10-07,1,GERMANY,EXPLOSIVES,EXPLOSIVES MFG. PLANTS,51.83,10.33,B24,3.0,,,18.0,,,18.0,NOT INDICATED
63321,111112.0,1944-10-07,1,GERMANY,EXPLOSIVES,EXPLOSIVES MFG. PLANTS,51.83,10.33,B24,3.0,40.0,247.0,87.0,,,87.0,VISUAL
63317,111113.0,1944-10-07,1,GERMANY,EXPLOSIVES,EXPLOSIVES MFG. PLANTS,51.83,10.33,B24,3.0,29.0,250.0,85.0,,,85.0,VISUAL
63348,111128.0,1944-10-07,1,GERMANY,UNIDENTIFIED TARGET,UNIDENTIFIED TARGETS,52.17,7.35,B17,2.0,1.0,,3.0,,,3.0,NOT INDICATED
62995,111135.0,1944-10-07,9,GERMANY,CITY AREA,CITIES TOWNS AND URBAN AREAS,52.1,9.37,B24,2.0,1.0,,3.0,,,3.0,NOT INDICATED
63339,174999.0,1944-10-07,1,GERMANY,HENSCHEL AERO ENGINE,ENGINE PLANTS,51.32,9.47,B24,4.0,30.0,230.0,82.0,,,82.0,VISUAL
63329,175000.0,1944-10-07,1,GERMANY,HENSCHEL AERO ENGINE,ENGINE PLANTS,51.32,9.47,B24,4.0,37.0,243.0,76.0,28.0,,104.0,VISUAL
63349,175001.0,1944-10-07,1,GERMANY,UNIDENTIFIED TARGET,UNIDENTIFIED TARGETS,52.17,7.35,B17,2.0,1.0,,3.0,,,3.0,NOT INDICATED
62996,175024.0,1944-10-07,9,GERMANY,CITY AREA,CITIES TOWNS AND URBAN AREAS,52.1,9.37,B24,2.0,1.0,,3.0,,,3.0,NOT INDICATED
62997,175026.0,1944-10-07,9,GERMANY,CITY AREA,CITIES TOWNS AND URBAN AREAS,52.1,9.37,B24,2.0,1.0,,3.0,,,3.0,NOT INDICATED
63350,175033.0,1944-10-07,1,GERMANY,UNIDENTIFIED TARGET,UNIDENTIFIED TARGETS,52.17,7.35,B17,2.0,1.0,,3.0,,,3.0,NOT INDICATED
63340,175055.0,1944-10-07,1,GERMANY,HENSCHEL AERO ENGINE,ENGINE PLANTS,51.32,9.47,B24,4.0,30.0,230.0,82.0,,,82.0,VISUAL
63330,175056.0,1944-10-07,1,GERMANY,HENSCHEL AERO ENGINE,ENGINE PLANTS,51.32,9.47,B24,4.0,37.0,243.0,76.0,28.0,,104.0,VISUAL
63355,175068.0,1944-10-07,1,GERMANY,EXPLOSIVES,EXPLOSIVES MFG. PLANTS,51.83,10.33,B24,3.0,,,18.0,,,18.0,NOT INDICATED
63356,175069.0,1944-10-07,1,GERMANY,EXPLOSIVES,EXPLOSIVES MFG. PLANTS,51.83,10.33,B24,3.0,,,84.0,,,84.0,NOT INDICATED
63335,175070.0,1944-10-07,1,GERMANY,EXPLOSIVES,EXPLOSIVES MFG. PLANTS,51.83,10.33,B24,3.0,36.0,230.0,1.0,,,1.0,VISUAL
63357,175071.0,1944-10-07,1,GERMANY,EXPLOSIVES,EXPLOSIVES MFG. PLANTS,51.83,10.33,B24,3.0,,,18.0,,,18.0,NOT INDICATED
63322,175072.0,1944-10-07,1,GERMANY,EXPLOSIVES,EXPLOSIVES MFG. PLANTS,51.83,10.33,B24,3.0,40.0,247.0,87.0,,,87.0,VISUAL
63318,175073.0,1944-10-07,1,GERMANY,EXPLOSIVES,EXPLOSIVES MFG. PLANTS,51.83,10.33,B24,3.0,29.0,250.0,85.0,,,85.0,VISUAL
63360,175077.0,1944-10-07,1,GERMANY,EXPLOSIVES,EXPLOSIVES MFG. PLANTS,51.83,10.33,B24,3.0,,,18.0,,,18.0,NOT INDICATED
63361,175078.0,1944-10-07,1,GERMANY,EXPLOSIVES,EXPLOSIVES MFG. PLANTS,51.83,10.33,B24,3.0,,,84.0,,,84.0,NOT INDICATED
63337,175079.0,1944-10-07,1,GERMANY,EXPLOSIVES,EXPLOSIVES MFG. PLANTS,51.83,10.33,B24,3.0,36.0,230.0,1.0,,,1.0,VISUAL
63362,175080.0,1944-10-07,1,GERMANY,EXPLOSIVES,EXPLOSIVES MFG. PLANTS,51.83,10.33,B24,3.0,,,18.0,,,18.0,NOT INDICATED
63324,175081.0,1944-10-07,1,GERMANY,EXPLOSIVES,EXPLOSIVES MFG. PLANTS,51.83,10.33,B24,3.0,40.0,247.0,87.0,,,87.0,VISUAL
63320,175082.0,1944-10-07,1,GERMANY,EXPLOSIVES,EXPLOSIVES MFG. PLANTS,51.83,10.33,B24,3.0,29.0,250.0,85.0,,,85.0,VISUAL
63343,175097.0,1944-10-07,1,GERMANY,KRUPP STEEL WORKS,"""IRON AND STEEL PRODUCTION FACILITIES,  BLAST FURNACES,  BOILER SHOPS,  FORGES,  FOUNDRIES, STEEL WORKS,  ROLLING-MILLS """,52.13,11.63,B24,4.0,28.0,230.0,78.0,,,78.0,F.F.F.
63344,175098.0,1944-10-07,1,GERMANY,KRUPP STEEL WORKS,"""IRON AND STEEL PRODUCTION FACILITIES,  BLAST FURNACES,  BOILER SHOPS,  FORGES,  FOUNDRIES, STEEL WORKS,  ROLLING-MILLS """,52.13,11.63,B24,4.0,35.0,230.0,103.0,,,103.0,F.F.F.
62940,175103.0,1944-10-07,15,AUSTRIA,NOVA OIL REFINERY,OIL REFINERIES,48.12,16.53,B24,4.0,24.0,225.0,45.0,,,45.0,NOT INDICATED
62925,175104.0,1944-10-07,15,AUSTRIA,OIL REFINERY,OIL REFINERIES,48.2,16.37,B17,4.0,22.0,262.0,55.0,,,55.0,NOT INDICATED
62913,175105.0,1944-10-07,15,AUSTRIA,OIL REFINERY,OIL REFINERIES,48.2,16.37,B17,4.0,20.0,284.0,39.0,,,39.0,VISUAL
62911,175106.0,1944-10-07,15,AUSTRIA,OIL REFINERY,OIL REFINERIES,48.2,16.37,B17,4.0,24.0,293.0,38.0,,,38.0,VISUAL
62919,175107.0,1944-10-07,15,AUSTRIA,OIL REFINERY,OIL REFINERIES,48.2,16.37,B17,4.0,22.0,270.0,59.0,,,59.0,VISUAL
62932,175108.0,1944-10-07,15,AUSTRIA,OIL DEPOT,OIL STORAGE FACILITIES AND OTHER OIL INSTALLATIONS,48.2,16.37,B24,4.0,43.0,235.0,84.0,,,84.0,NOT INDICATED
62942,175109.0,1944-10-07,15,AUSTRIA,OIL DEPOT,OIL STORAGE FACILITIES AND OTHER OIL INSTALLATIONS,48.2,16.37,B24,4.0,23.0,225.0,50.0,,,50.0,NOT INDICATED
62929,175110.0,1944-10-07,15,AUSTRIA,OIL DEPOT,OIL STORAGE FACILITIES AND OTHER OIL INSTALLATIONS,48.2,16.37,B24,4.0,20.0,239.0,47.0,,,47.0,NOT INDICATED
62948,175111.0,1944-10-07,15,AUSTRIA,OIL DEPOT,OIL STORAGE FACILITIES AND OTHER OIL INSTALLATIONS,48.2,16.37,B24,4.0,27.0,217.0,66.0,,,66.0,NOT INDICATED
62936,175112.0,1944-10-07,15,AUSTRIA,OIL DEPOT,OIL STORAGE FACILITIES AND OTHER OIL INSTALLATIONS,48.2,16.37,B24,4.0,21.0,230.0,52.0,,,52.0,NOT INDICATED
62945,175113.0,1944-10-07,15,AUSTRIA,OIL DEPOT,OIL STORAGE FACILITIES AND OTHER OIL INSTALLATIONS,48.2,16.37,B24,4.0,20.0,220.0,49.0,,,49.0,VISUAL
62946,175114.0,1944-10-07,15,AUSTRIA,OIL DEPOT,OIL STORAGE FACILITIES AND OTHER OIL INSTALLATIONS,48.2,16.37,B24,4.0,38.0,220.0,95.0,,,95.0,NOT INDICATED
62937,175115.0,1944-10-07,15,AUSTRIA,OIL DEPOT,OIL STORAGE FACILITIES AND OTHER OIL INSTALLATIONS,48.2,16.37,B24,4.0,39.0,230.0,96.0,,,96.0,VISUAL
62972,175128.0,1944-10-07,9,GERMANY,WINTERSHALL SYN OIL,OIL REFINERIES,51.3,11.85,B17,4.0,8.0,266.0,18.0,,,18.0,VISUAL
62968,175129.0,1944-10-07,9,GERMANY,WINTERSHALL SYN OIL,OIL REFINERIES,51.3,11.85,B17,4.0,13.0,268.0,32.0,,,32.0,VISUAL
62973,175130.0,1944-10-07,9,GERMANY,WINTERSHALL SYN OIL,OIL REFINERIES,51.3,11.85,B17,4.0,9.0,266.0,21.0,,,21.0,VISUAL
62982,175131.0,1944-10-07,9,GERMANY,WINTERSHALL SYN OIL,OIL REFINERIES,51.3,11.85,B17,4.0,12.0,255.0,29.0,,,29.0,VISUAL
62979,175132.0,1944-10-07,9,GERMANY,WINTERSHALL SYN OIL,OIL REFINERIES,51.3,11.85,B17,4.0,13.0,257.0,31.0,,,31.0,VISUAL
62975,175133.0,1944-10-07,9,GERMANY,WINTERSHALL SYN OIL,OIL REFINERIES,51.3,11.85,B17,4.0,9.0,262.0,20.0,,,20.0,VISUAL
62965,175134.0,1944-10-07,9,GERMANY,WINTERSHALL SYN OIL,OIL REFINERIES,51.3,11.85,B17,4.0,12.0,272.0,30.0,,,30.0,VISUAL
62980,175135.0,1944-10-07,9,GERMANY,WINTERSHALL SYN OIL,OIL REFINERIES,51.3,11.85,B17,4.0,12.0,257.0,30.0,,,30.0,VISUAL
62915,175161.0,1944-10-07,15,GERMANY,SCWARTZHEIDE SYN OIL,SYNTHETIC OIL REFINERIES,51.48,13.88,B17,4.0,11.0,278.0,28.0,,,28.0,VISUAL
62921,175162.0,1944-10-07,15,GERMANY,SCWARTZHEIDE SYN OIL,SYNTHETIC OIL REFINERIES,51.48,13.88,B17,4.0,12.0,269.0,30.0,,,30.0,VISUAL
62917,175163.0,1944-10-07,15,GERMANY,SCWARTZHEIDE SYN OIL,SYNTHETIC OIL REFINERIES,51.48,13.88,B17,4.0,12.0,272.0,30.0,,,30.0,VISUAL
62923,175164.0,1944-10-07,15,GERMANY,SCWARTZHEIDE SYN OIL,SYNTHETIC OIL REFINERIES,51.48,13.88,B17,4.0,11.0,268.0,28.0,,,28.0,VISUAL
62927,175165.0,1944-10-07,15,GERMANY,SCWARTZHEIDE SYN OIL,SYNTHETIC OIL REFINERIES,51.48,13.88,B17,4.0,13.0,256.0,33.0,,,33.0,VISUAL
62938,175166.0,1944-10-07,15,AUSTRIA,RR,"""RR INSTALLATIONS,  TRACKS,  MARSHALLING YARDS,  AND STATIONS""",48.0,16.67,B24,2.0,1.0,230.0,2.0,,,2.0,NOT INDICATED
62953,175167.0,1944-10-07,15,CZECHOSLOVAKIA,MARSHALLING YARDS,"""RR INSTALLATIONS,  TRACKS,  MARSHALLING YARDS,  AND STATIONS""",48.0,18.17,B24,4.0,43.0,164.0,105.0,,,105.0,NOT INDICATED
62954,175168.0,1944-10-07,15,CZECHOSLOVAKIA,MARSHALLING YARDS,"""RR INSTALLATIONS,  TRACKS,  MARSHALLING YARDS,  AND STATIONS""",48.0,18.17,B24,4.0,39.0,163.0,96.0,,,96.0,NOT INDICATED
62950,175169.0,1944-10-07,15,CZECHOSLOVAKIA,MARSHALLING YARDS,"""RR INSTALLATIONS,  TRACKS,  MARSHALLING YARDS,  AND STATIONS""",48.0,18.17,B17,4.0,17.0,210.0,43.0,,,43.0,NOT INDICATED
62952,175170.0,1944-10-07,15,CZECHOSLOVAKIA,MARSHALLING YARDS,"""RR INSTALLATIONS,  TRACKS,  MARSHALLING YARDS,  AND STATIONS""",48.0,18.17,B17,4.0,14.0,209.0,27.0,,,27.0,VISUAL
62933,175171.0,1944-10-07,15,CZECHOSLOVAKIA,MARSHALLING YARDS,"""RR INSTALLATIONS,  TRACKS,  MARSHALLING YARDS,  AND STATIONS""",48.0,18.17,B17,4.0,18.0,230.0,45.0,,,45.0,NOT INDICATED
62930,175172.0,1944-10-07,15,CZECHOSLOVAKIA,MARSHALLING YARDS,"""RR INSTALLATIONS,  TRACKS,  MARSHALLING YARDS,  AND STATIONS""",48.0,18.17,B17,4.0,13.0,235.0,23.0,,,23.0,NOT INDICATED
62951,175173.0,1944-10-07,15,CZECHOSLOVAKIA,MARSHALLING YARDS,"""RR INSTALLATIONS,  TRACKS,  MARSHALLING YARDS,  AND STATIONS""",48.0,18.17,B17,4.0,14.0,210.0,41.0,,,41.0,VISUAL
62966,175174.0,1944-10-07,9,GERMANY,MARSHALLING YARD,"""RR INSTALLATIONS,  TRACKS,  MARSHALLING YARDS,  AND STATIONS""",50.15,8.98,B17,2.0,12.0,269.0,30.0,,,30.0,VISUAL
63347,175175.0,1944-10-07,1,GERMANY,MARSHALLING YARD,"""RR INSTALLATIONS,  TRACKS,  MARSHALLING YARDS,  AND STATIONS""",52.17,7.35,B24,2.0,10.0,,24.0,,,24.0,NOT INDICATED
62983,175176.0,1944-10-07,9,GERMANY,RR CENTER,"""RR INSTALLATIONS,  TRACKS,  MARSHALLING YARDS,  AND STATIONS""",51.05,13.75,B17,3.0,10.0,254.0,25.0,,,25.0,VISUAL
62984,175177.0,1944-10-07,9,GERMANY,RR CENTER,"""RR INSTALLATIONS,  TRACKS,  MARSHALLING YARDS,  AND STATIONS""",51.05,13.75,B17,3.0,10.0,254.0,25.0,,,25.0,VISUAL
62988,175178.0,1944-10-07,9,GERMANY,RR CENTER,"""RR INSTALLATIONS,  TRACKS,  MARSHALLING YARDS,  AND STATIONS""",51.05,13.75,B17,3.0,10.0,250.0,23.0,,,23.0,VISUAL
62976,175179.0,1944-10-07,9,GERMANY,RR CENTER,"""RR INSTALLATIONS,  TRACKS,  MARSHALLING YARDS,  AND STATIONS""",51.05,13.75,B17,3.0,10.0,258.0,25.0,,,25.0,VISUAL
62987,175180.0,1944-10-07,9,GERMANY,MARSHALLING YARD,"""RR INSTALLATIONS,  TRACKS,  MARSHALLING YARDS,  AND STATIONS""",50.33,8.75,B17,2.0,12.0,253.0,30.0,,,30.0,VISUAL
62989,175181.0,1944-10-07,9,GERMANY,MARSHALLING YARD,"""RR INSTALLATIONS,  TRACKS,  MARSHALLING YARDS,  AND STATIONS""",50.33,8.75,B17,2.0,12.0,248.0,30.0,,,30.0,VISUAL
62969,175182.0,1944-10-07,9,GERMANY,MARSHALLING YARD,"""RR INSTALLATIONS,  TRACKS,  MARSHALLING YARDS,  AND STATIONS""",50.88,12.1,B17,2.0,12.0,266.0,30.0,,,30.0,VISUAL
62998,175183.0,1944-10-07,9,GERMANY,MARSHALLING YARD,"""RR INSTALLATIONS,  TRACKS,  MARSHALLING YARDS,  AND STATIONS""",48.39,10.88,B24,2.0,1.0,,3.0,,,3.0,NOT INDICATED
63384,175184.0,1944-10-07,1,GERMANY,MARSHALLING YARD,"""RR INSTALLATIONS,  TRACKS,  MARSHALLING YARDS,  AND STATIONS""",45.95,7.97,B24,2.0,1.0,,3.0,,,3.0,NOT INDICATED
62949,175199.0,1944-10-07,15,POLAND,MARSHALLING YARDS,"""RR INSTALLATIONS,  TRACKS,  MARSHALLING YARDS,  AND STATIONS""",49.63,23.65,B24,4.0,9.0,210.0,18.0,,,18.0,NOT INDICATED
62994,213496.0,1944-10-07,9,GERMANY,RR BRIDGE,BRIDGES,52.62,11.98,B26,,,107.0,72.0,,,72.0,VISUAL
62992,213497.0,1944-10-07,9,GERMANY,BRIDGE,BRIDGES,50.05,7.13,B26,,,115.0,46.0,,,46.0,VISUAL
62986,213501.0,1944-10-07,9,GERMANY,AIRDROME,AIR FIELDS AND AIRDROMES,50.13,8.46,B17,2.0,12.0,254.0,30.0,,,30.0,VISUAL
63306,213513.0,1944-10-07,1,GERMANY,ORD DEPOT,SUPPLY DUMPS AND WAREHOUSES,52.03,8.53,B17,1.0,10.0,255.0,23.0,,,23.0,VISUAL
63313,213514.0,1944-10-07,1,GERMANY,ORD DEPOT,SUPPLY DUMPS AND WAREHOUSES,52.03,8.53,B17,1.0,7.0,250.0,16.0,,,16.0,VISUAL
63332,213515.0,1944-10-07,1,GERMANY,ORD DEPOT,SUPPLY DUMPS AND WAREHOUSES,52.03,8.53,B17,1.0,7.0,242.0,18.0,,,18.0,VISUAL
63309,213516.0,1944-10-07,1,GERMANY,ORD DEPOT,SUPPLY DUMPS AND WAREHOUSES,52.03,8.53,B17,1.0,11.0,251.0,28.0,,,28.0,VISUAL
63314,213517.0,1944-10-07,1,GERMANY,ORD DEPOT,SUPPLY DUMPS AND WAREHOUSES,52.03,8.53,B17,1.0,9.0,250.0,22.0,,,22.0,VISUAL
63326,213518.0,1944-10-07,1,GERMANY,ORD DEPOT,SUPPLY DUMPS AND WAREHOUSES,52.03,8.53,B17,1.0,14.0,245.0,30.0,,,30.0,VISUAL
63307,213525.0,1944-10-07,1,GERMANY,ORD DEPOT,SUPPLY DUMPS AND WAREHOUSES,52.03,8.53,B17,1.0,10.0,255.0,23.0,,,23.0,VISUAL
63315,213526.0,1944-10-07,1,GERMANY,ORD DEPOT,SUPPLY DUMPS AND WAREHOUSES,52.03,8.53,B17,1.0,7.0,250.0,16.0,,,16.0,VISUAL
63333,213527.0,1944-10-07,1,GERMANY,ORD DEPOT,SUPPLY DUMPS AND WAREHOUSES,52.03,8.53,B17,1.0,7.0,242.0,18.0,,,18.0,VISUAL
63310,213528.0,1944-10-07,1,GERMANY,ORD DEPOT,SUPPLY DUMPS AND WAREHOUSES,52.03,8.53,B17,1.0,11.0,251.0,28.0,,,28.0,VISUAL
63316,213529.0,1944-10-07,1,GERMANY,ORD DEPOT,SUPPLY DUMPS AND WAREHOUSES,52.03,8.53,B17,1.0,9.0,250.0,22.0,,,22.0,VISUAL
63327,213530.0,1944-10-07,1,GERMANY,ORD DEPOT,SUPPLY DUMPS AND WAREHOUSES,52.03,8.53,B17,1.0,14.0,245.0,30.0,,,30.0,VISUAL
64662,111136.0,1944-10-08,9,GERMANY,BRIDGE,BRIDGES,50.53,7.1,B26,,,125.0,70.0,,,70.0,VISUAL
64664,111137.0,1944-10-08,9,GERMANY,BRIDGE,BRIDGES,49.82,7.85,B26,,,115.0,60.0,,,60.0,VISUAL
64666,111138.0,1944-10-08,9,GERMANY,BRIDGE,BRIDGES,49.82,7.85,B26,,,,12.0,,,12.0,VISUAL
64663,213543.0,1944-10-08,9,GERMANY,BRIDGE,BRIDGES,50.53,7.1,B26,,,125.0,70.0,,,70.0,VISUAL
64665,213544.0,1944-10-08,9,GERMANY,BRIDGE,BRIDGES,49.82,7.85,B26,,,115.0,60.0,,,60.0,VISUAL
64667,213545.0,1944-10-08,9,GERMANY,BRIDGE,BRIDGES,49.82,7.85,B26,,,,12.0,,,12.0,VISUAL
65045,175262.0,1944-10-09,9,GERMANY,MARSHALLING YARD,"""RR INSTALLATIONS,  TRACKS,  MARSHALLING YARDS,  AND STATIONS""",50.35,7.6,B24,3.0,6.0,210.0,18.0,,,18.0,F.F.F.
65046,175263.0,1944-10-09,9,GERMANY,MARSHALLING YARD,"""RR INSTALLATIONS,  TRACKS,  MARSHALLING YARDS,  AND STATIONS""",50.35,7.6,B24,3.0,18.0,210.0,52.0,,,52.0,F.F.F.
65047,175264.0,1944-10-09,9,GERMANY,MARSHALLING YARD,"""RR INSTALLATIONS,  TRACKS,  MARSHALLING YARDS,  AND STATIONS""",50.35,7.6,B24,3.0,31.0,210.0,86.0,,,86.0,F.F.F.
65044,175265.0,1944-10-09,9,GERMANY,MARSHALLING YARD,"""RR INSTALLATIONS,  TRACKS,  MARSHALLING YARDS,  AND STATIONS""",50.35,7.6,B24,3.0,29.0,211.0,75.0,,,75.0,F.F.F.
65051,175266.0,1944-10-09,9,GERMANY,MARSHALLING YARD,"""RR INSTALLATIONS,  TRACKS,  MARSHALLING YARDS,  AND STATIONS""",50.35,7.6,B24,3.0,,,18.0,,,18.0,NOT INDICATED
65037,175267.0,1944-10-09,9,GERMANY,MARSHALLING YARD,"""RR INSTALLATIONS,  TRACKS,  MARSHALLING YARDS,  AND STATIONS""",50.35,7.6,B24,3.0,17.0,230.0,23.0,,,23.0,F.F.F.
65052,175268.0,1944-10-09,9,GERMANY,MARSHALLING YARD,"""RR INSTALLATIONS,  TRACKS,  MARSHALLING YARDS,  AND STATIONS""",50.35,7.6,B24,3.0,,,1.0,,,1.0,NOT INDICATED
65048,175269.0,1944-10-09,9,GERMANY,MARSHALLING YARD,"""RR INSTALLATIONS,  TRACKS,  MARSHALLING YARDS,  AND STATIONS""",50.35,7.6,B24,3.0,28.0,210.0,63.0,,,63.0,F.F.F.
65053,175270.0,1944-10-09,9,GERMANY,MARSHALLING YARD,"""RR INSTALLATIONS,  TRACKS,  MARSHALLING YARDS,  AND STATIONS""",50.35,7.6,B24,3.0,2.0,,2.0,,,2.0,NOT INDICATED
65039,175271.0,1944-10-09,9,GERMANY,MARSHALLING YARD,"""RR INSTALLATIONS,  TRACKS,  MARSHALLING YARDS,  AND STATIONS""",50.35,7.6,B24,3.0,19.0,223.0,25.0,24.0,,49.0,F.F.F.
65036,175272.0,1944-10-09,9,GERMANY,MARSHALLING YARD,"""RR INSTALLATIONS,  TRACKS,  MARSHALLING YARDS,  AND STATIONS""",50.35,7.6,B24,3.0,30.0,233.0,82.0,,,82.0,F.F.F.
65040,175273.0,1944-10-09,9,GERMANY,MARSHALLING YARD,"""RR INSTALLATIONS,  TRACKS,  MARSHALLING YARDS,  AND STATIONS""",50.35,7.6,B24,3.0,30.0,220.0,86.0,,,86.0,F.F.F.
65054,175274.0,1944-10-09,9,GERMANY,MARSHALLING YARD,"""RR INSTALLATIONS,  TRACKS,  MARSHALLING YARDS,  AND STATIONS""",50.35,7.6,B24,3.0,2.0,,2.0,,,2.0,NOT INDICATED
65038,175275.0,1944-10-09,9,GERMANY,MARSHALLING YARD,"""RR INSTALLATIONS,  TRACKS,  MARSHALLING YARDS,  AND STATIONS""",50.35,7.6,B24,3.0,32.0,225.0,29.0,53.0,,82.0,F.F.F.
65041,175276.0,1944-10-09,9,GERMANY,MARSHALLING YARD,"""RR INSTALLATIONS,  TRACKS,  MARSHALLING YARDS,  AND STATIONS""",50.35,7.6,B24,3.0,9.0,220.0,,25.0,,25.0,F.F.F.
65042,175277.0,1944-10-09,9,GERMANY,MARSHALLING YARD,"""RR INSTALLATIONS,  TRACKS,  MARSHALLING YARDS,  AND STATIONS""",50.35,7.6,B24,3.0,20.0,220.0,25.0,31.0,,56.0,F.F.F.
65043,175278.0,1944-10-09,9,GERMANY,MARSHALLING YARD,"""RR INSTALLATIONS,  TRACKS,  MARSHALLING YARDS,  AND STATIONS""",50.35,7.6,B24,3.0,21.0,220.0,69.0,,,69.0,F.F.F.
65055,175279.0,1944-10-09,9,GERMANY,MARSHALLING YARD,"""RR INSTALLATIONS,  TRACKS,  MARSHALLING YARDS,  AND STATIONS""",50.35,7.6,B24,3.0,,,2.0,,,2.0,NOT INDICATED
65049,175280.0,1944-10-09,9,GERMANY,MARSHALLING YARD,"""RR INSTALLATIONS,  TRACKS,  MARSHALLING YARDS,  AND STATIONS""",50.35,7.6,B24,3.0,31.0,210.0,57.0,27.0,,84.0,F.F.F.
65050,175281.0,1944-10-09,9,GERMANY,MARSHALLING YARD,"""RR INSTALLATIONS,  TRACKS,  MARSHALLING YARDS,  AND STATIONS""",50.35,7.6,B24,3.0,35.0,209.0,74.0,27.0,,101.0,F.F.F.
66277,111200.0,1944-10-11,15,AUSTRIA,FACTORY AREA,MANUFACTURING INSTALLATIONS (NOT SPECIFICALLY IDENTIFIED BELOW FROM CLASS 11 THROUGH 59),47.88,16.18,B24,2.0,16.0,210.0,40.0,,,40.0,NOT INDICATED
66281,111203.0,1944-10-11,15,AUSTRIA,CITY AREA,CITIES TOWNS AND URBAN AREAS,47.07,15.43,B24,4.0,16.0,160.0,35.0,,,35.0,NOT INDICATED
66261,111217.0,1944-10-11,15,AUSTRIA,GOODS DEPOT,SUPPLY DUMPS AND WAREHOUSES,48.2,16.37,B17,4.0,18.0,310.0,35.0,,,35.0,NOT INDICATED
66273,111220.0,1944-10-11,15,AUSTRIA,SAUERWERKE ENG PLANT,TANK FACTORIES,48.2,16.37,B24,4.0,19.0,220.0,47.0,,,47.0,F.F.F.
66268,111221.0,1944-10-11,15,AUSTRIA,SAUERWERKE ENG PLANT,TANK FACTORIES,48.2,16.37,B24,4.0,21.0,225.0,52.0,,,52.0,F.F.F.
66272,111222.0,1944-10-11,15,BULGARIA,SAUERWERKE ENG PLANT,TANK FACTORIES,48.2,16.37,B24,4.0,19.0,220.0,47.0,,,47.0,F.F.F.
66265,111223.0,1944-10-11,15,AUSTRIA,SAUERWERKE ENG PLANT,TANK FACTORIES,48.2,16.37,B24,4.0,21.0,225.0,52.0,,,52.0,F.F.F.
66283,111224.0,1944-10-11,15,AUSTRIA,UNIDENTIFIED TARGETS,UNIDENTIFIED TARGETS,46.67,15.0,B24,2.0,1.0,,2.0,,,2.0,NOT INDICATED
66279,111225.0,1944-10-11,15,AUSTRIA,CITY AREA,CITIES TOWNS AND URBAN AREAS,47.07,15.43,B24,4.0,16.0,180.0,35.0,,,35.0,NOT INDICATED
66266,111226.0,1944-10-11,15,AUSTRIA,CITY AREA,CITIES TOWNS AND URBAN AREAS,48.2,16.37,B24,4.0,21.0,225.0,52.0,,,52.0,F.F.F.
66293,111227.0,1944-10-11,9,GERMANY,CITY AREA,CITIES TOWNS AND URBAN AREAS,50.35,7.6,B17,3.0,1.0,,3.0,,,3.0,NOT INDICATED
66284,175311.0,1944-10-11,15,AUSTRIA,UNIDENTIFIED TARGETS,UNIDENTIFIED TARGETS,46.67,15.0,B24,2.0,1.0,,2.0,,,2.0,NOT INDICATED
66280,175314.0,1944-10-11,15,AUSTRIA,CITY AREA,CITIES TOWNS AND URBAN AREAS,47.07,15.43,B24,4.0,16.0,180.0,35.0,,,35.0,NOT INDICATED
66267,175315.0,1944-10-11,15,AUSTRIA,CITY AREA,CITIES TOWNS AND URBAN AREAS,48.2,16.37,B24,4.0,21.0,225.0,52.0,,,52.0,F.F.F.
66294,175316.0,1944-10-11,9,GERMANY,CITY AREA,CITIES TOWNS AND URBAN AREAS,50.35,7.6,B17,3.0,1.0,,3.0,,,3.0,NOT INDICATED
66282,175318.0,1944-10-11,15,AUSTRIA,CITY AREA,CITIES TOWNS AND URBAN AREAS,47.07,15.43,B24,4.0,16.0,160.0,35.0,,,35.0,NOT INDICATED
66269,175319.0,1944-10-11,15,AUSTRIA,CITY AREA,CITIES TOWNS AND URBAN AREAS,48.2,16.37,B24,4.0,21.0,225.0,52.0,,,52.0,F.F.F.
66295,175320.0,1944-10-11,9,GERMANY,CITY AREA,CITIES TOWNS AND URBAN AREAS,50.35,7.6,B17,3.0,1.0,,3.0,,,3.0,NOT INDICATED
66276,175322.0,1944-10-11,15,AUSTRIA,FACTORY AREA,MANUFACTURING INSTALLATIONS (NOT SPECIFICALLY IDENTIFIED BELOW FROM CLASS 11 THROUGH 59),47.88,16.18,B24,2.0,16.0,210.0,40.0,,,40.0,NOT INDICATED
66278,175323.0,1944-10-11,15,AUSTRIA,FACTORY AREA,MANUFACTURING INSTALLATIONS (NOT SPECIFICALLY IDENTIFIED BELOW FROM CLASS 11 THROUGH 59),47.88,16.18,B24,2.0,16.0,210.0,40.0,,,40.0,NOT INDICATED
66285,175324.0,1944-10-11,15,AUSTRIA,UNIDENTIFIED TARGETS,UNIDENTIFIED TARGETS,46.67,15.0,B24,2.0,1.0,,2.0,,,2.0,NOT INDICATED
66275,175326.0,1944-10-11,15,AUSTRIA,SAUERWERKE ENG PLANT,TANK FACTORIES,48.2,16.37,B24,4.0,19.0,220.0,47.0,,,47.0,F.F.F.
66271,175327.0,1944-10-11,15,AUSTRIA,SAUERWERKE ENG PLANT,TANK FACTORIES,48.2,16.37,B24,4.0,21.0,225.0,52.0,,,52.0,F.F.F.
66264,175334.0,1944-10-11,15,AUSTRIA,MARSHALLING YARDS,"""RR INSTALLATIONS,  TRACKS,  MARSHALLING YARDS,  AND STATIONS""",46.67,13.67,B17,4.0,17.0,235.0,51.0,,,51.0,NOT INDICATED
66287,175336.0,1944-10-11,9,GERMANY,MARSHALLING YARD,"""RR INSTALLATIONS,  TRACKS,  MARSHALLING YARDS,  AND STATIONS""",50.35,7.6,B17,3.0,11.0,270.0,33.0,,,33.0,F.F.F.
66291,175337.0,1944-10-11,9,GERMANY,MARSHALLING YARD,"""RR INSTALLATIONS,  TRACKS,  MARSHALLING YARDS,  AND STATIONS""",50.35,7.6,B17,3.0,11.0,240.0,32.0,,,32.0,F.F.F.
66296,175338.0,1944-10-11,9,GERMANY,MARSHALLING YARD,"""RR INSTALLATIONS,  TRACKS,  MARSHALLING YARDS,  AND STATIONS""",50.35,7.6,B17,3.0,1.0,,3.0,,,3.0,NOT INDICATED
66290,175339.0,1944-10-11,9,GERMANY,MARSHALLING YARD,"""RR INSTALLATIONS,  TRACKS,  MARSHALLING YARDS,  AND STATIONS""",50.35,7.6,B17,3.0,10.0,250.0,24.0,,,24.0,F.F.F.
66286,175340.0,1944-10-11,9,GERMANY,MARSHALLING YARD,"""RR INSTALLATIONS,  TRACKS,  MARSHALLING YARDS,  AND STATIONS""",50.35,7.6,B17,3.0,14.0,272.0,42.0,,,42.0,F.F.F.
66289,175341.0,1944-10-11,9,GERMANY,MARSHALLING YARD,"""RR INSTALLATIONS,  TRACKS,  MARSHALLING YARDS,  AND STATIONS""",50.35,7.6,B17,3.0,14.0,253.0,42.0,,,42.0,F.F.F.
66288,175342.0,1944-10-11,9,GERMANY,MARSHALLING YARD,"""RR INSTALLATIONS,  TRACKS,  MARSHALLING YARDS,  AND STATIONS""",50.35,7.6,B17,3.0,11.0,261.0,33.0,,,33.0,F.F.F.
66274,175347.0,1944-10-11,15,BULGARIA,SAUERWERKE ENG PLANT,TANK FACTORIES,48.2,16.37,B24,4.0,19.0,220.0,47.0,,,47.0,F.F.F.
66270,175348.0,1944-10-11,15,AUSTRIA,SAUERWERKE ENG PLANT,TANK FACTORIES,48.2,16.37,B24,4.0,21.0,225.0,52.0,,,52.0,F.F.F.
66262,204290.0,1944-10-11,15,AUSTRIA,GOODS DEPOT,SUPPLY DUMPS AND WAREHOUSES,48.2,16.37,B17,4.0,18.0,310.0,35.0,,,35.0,NOT INDICATED
66263,213566.0,1944-10-11,15,AUSTRIA,GOODS DEPOT,SUPPLY DUMPS AND WAREHOUSES,48.2,16.37,B17,4.0,18.0,310.0,35.0,,,35.0,NOT INDICATED
67327,111230.0,1944-10-12,9,FRANCE,UNIDENTIFIED TARGET,UNIDENTIFIED TARGETS,49.05,7.42,B26,,,125.0,44.0,,,44.0,VISUAL
67329,111231.0,1944-10-12,9,FRANCE,UNIDENTIFIED TARGET,UNIDENTIFIED TARGETS,49.05,7.42,A20,,,102.0,46.0,,,46.0,VISUAL
67323,111232.0,1944-10-12,9,FRANCE,UNIDENTIFIED TARGET,UNIDENTIFIED TARGETS,49.05,7.42,A20,,,128.0,37.0,,,37.0,VISUAL
67325,111233.0,1944-10-12,9,GERMANY,BRIDGE,BRIDGES,50.53,7.1,B26,,,125.0,38.0,,,38.0,VISUAL
67333,111235.0,1944-10-12,9,GERMANY,HWY BRIDGE,BRIDGES,50.55,7.13,B26,,,,7.0,,,7.0,VISUAL
67369,111239.0,1944-10-12,9,GERMANY,BRIDGE,BRIDGES,50.67,7.0,B26,,,,8.0,,,8.0,VISUAL
67331,111261.0,1944-10-12,9,GERMANY,KF BORGWARD AG,VEHICLE MFG. PLANTS,53.08,8.72,B17,,,9.0,25.0,,,25.0,NOT INDICATED
67335,111262.0,1944-10-12,9,GERMANY,KF BORGWARD AG,VEHICLE MFG. PLANTS,53.08,8.72,B17,,,,23.0,,,23.0,NOT INDICATED
66961,111263.0,1944-10-12,9,GERMANY,KF BORGWARD AG,VEHICLE MFG. PLANTS,53.08,8.72,B17,4.0,13.0,248.0,37.0,,,37.0,VISUAL
66995,111264.0,1944-10-12,9,GERMANY,KF BORGWARD AG,VEHICLE MFG. PLANTS,53.08,8.72,B17,4.0,6.0,240.0,,18.0,,18.0,VISUAL
66962,111265.0,1944-10-12,9,GERMANY,KF BORGWARD AG,VEHICLE MFG. PLANTS,53.08,8.72,B17,4.0,11.0,248.0,2.0,,,2.0,VISUAL
66939,111266.0,1944-10-12,9,GERMANY,KF BORGWARD AG,VEHICLE MFG. PLANTS,53.08,8.72,B17,4.0,10.0,258.0,2.0,,,2.0,VISUAL
67307,111267.0,1944-10-12,9,GERMANY,KF BORGWARD AG,VEHICLE MFG. PLANTS,53.08,8.72,B17,4.0,12.0,238.0,,30.0,,30.0,VISUAL
67336,111268.0,1944-10-12,9,GERMANY,KF BORGWARD AG,VEHICLE MFG. PLANTS,53.08,8.72,B17,0.0,,,21.0,,,21.0,NOT INDICATED
66996,111269.0,1944-10-12,9,GERMANY,KF BORGWARD AG,VEHICLE MFG. PLANTS,53.08,8.72,B17,4.0,8.0,240.0,2.0,,,2.0,VISUAL
67337,111270.0,1944-10-12,9,GERMANY,KF BORGWARD AG,VEHICLE MFG. PLANTS,53.08,8.72,B17,0.0,,,26.0,,,26.0,NOT INDICATED
66935,111271.0,1944-10-12,9,GERMANY,KF BORGWARD AG,VEHICLE MFG. PLANTS,53.08,8.72,B17,4.0,10.0,259.0,2.0,,,2.0,VISUAL
66981,111272.0,1944-10-12,9,GERMANY,KF BORGWARD AG,VEHICLE MFG. PLANTS,53.08,8.72,B17,4.0,11.0,245.0,,33.0,,33.0,VISUAL
66963,111273.0,1944-10-12,9,GERMANY,KF BORGWARD AG,VEHICLE MFG. PLANTS,53.08,8.72,B17,4.0,11.0,248.0,28.0,,,28.0,VISUAL
66940,111274.0,1944-10-12,9,GERMANY,KF BORGWARD AG,VEHICLE MFG. PLANTS,53.08,8.72,B17,4.0,11.0,258.0,28.0,,,28.0,VISUAL
67308,111275.0,1944-10-12,9,GERMANY,KF BORGWARD AG,VEHICLE MFG. PLANTS,53.08,8.72,B17,4.0,13.0,238.0,,33.0,,33.0,VISUAL
66964,111276.0,1944-10-12,9,GERMANY,KF BORGWARD AG,VEHICLE MFG. PLANTS,53.08,8.72,B17,4.0,9.0,248.0,27.0,,,27.0,VISUAL
66953,111277.0,1944-10-12,9,GERMANY,KF BORGWARD AG,VEHICLE MFG. PLANTS,53.08,8.72,B17,4.0,10.0,253.0,30.0,,,30.0,VISUAL
66997,111278.0,1944-10-12,9,GERMANY,KF BORGWARD AG,VEHICLE MFG. PLANTS,53.08,8.72,B17,4.0,6.0,240.0,3.0,14.0,,17.0,VISUAL
67338,111279.0,1944-10-12,9,GERMANY,KF BORGWARD AG,VEHICLE MFG. PLANTS,53.08,8.72,B17,0.0,,,2.0,,,2.0,NOT INDICATED
66965,111280.0,1944-10-12,9,GERMANY,KF BORGWARD AG,VEHICLE MFG. PLANTS,53.08,8.72,B17,4.0,12.0,248.0,28.0,,,28.0,VISUAL
67339,111281.0,1944-10-12,9,GERMANY,KF BORGWARD AG,VEHICLE MFG. PLANTS,53.08,8.72,B17,0.0,,,30.0,,,30.0,NOT INDICATED
66941,111282.0,1944-10-12,9,GERMANY,KF BORGWARD AG,VEHICLE MFG. PLANTS,53.08,8.72,B17,4.0,13.0,258.0,2.0,,,2.0,VISUAL
67309,111283.0,1944-10-12,9,GERMANY,KF BORGWARD AG,VEHICLE MFG. PLANTS,53.08,8.72,B17,4.0,13.0,238.0,,30.0,,30.0,VISUAL
66991,111284.0,1944-10-12,9,GERMANY,KF BORGWARD AG,VEHICLE MFG. PLANTS,53.08,8.72,B17,4.0,9.0,243.0,27.0,,,27.0,VISUAL
67310,111285.0,1944-10-12,9,GERMANY,KF BORGWARD AG,VEHICLE MFG. PLANTS,53.08,8.72,B17,4.0,12.0,238.0,,33.0,,33.0,VISUAL
67340,111286.0,1944-10-12,9,GERMANY,KF BORGWARD AG,VEHICLE MFG. PLANTS,53.08,8.72,B17,0.0,,,24.0,,,24.0,NOT INDICATED
66957,111287.0,1944-10-12,9,GERMANY,KF BORGWARD AG,VEHICLE MFG. PLANTS,53.08,8.72,B17,4.0,10.0,249.0,3.0,,,3.0,VISUAL
67341,111288.0,1944-10-12,9,GERMANY,KF BORGWARD AG,VEHICLE MFG. PLANTS,53.08,8.72,B17,0.0,,,29.0,,,29.0,NOT INDICATED
66949,111289.0,1944-10-12,9,GERMANY,KF BORGWARD AG,VEHICLE MFG. PLANTS,53.08,8.72,B17,4.0,16.0,254.0,8.0,,,8.0,VISUAL
66982,111290.0,1944-10-12,9,GERMANY,KF BORGWARD AG,VEHICLE MFG. PLANTS,53.08,8.72,B17,4.0,12.0,245.0,,32.0,,32.0,VISUAL
67342,111294.0,1944-10-12,9,GERMANY,KF BORGWARD AG,VEHICLE MFG. PLANTS,53.08,8.72,B17,,,,25.0,,,25.0,NOT INDICATED
67343,111295.0,1944-10-12,9,GERMANY,KF BORGWARD AG,VEHICLE MFG. PLANTS,53.08,8.72,B17,,,,23.0,,,23.0,NOT INDICATED
66966,111296.0,1944-10-12,9,GERMANY,KF BORGWARD AG,VEHICLE MFG. PLANTS,53.08,8.72,B17,4.0,13.0,248.0,37.0,,,37.0,VISUAL
66998,111297.0,1944-10-12,9,GERMANY,KF BORGWARD AG,VEHICLE MFG. PLANTS,53.08,8.72,B17,4.0,6.0,240.0,,18.0,,18.0,VISUAL
66967,111298.0,1944-10-12,9,GERMANY,KF BORGWARD AG,VEHICLE MFG. PLANTS,53.08,8.72,B17,4.0,11.0,248.0,2.0,,,2.0,VISUAL
67311,111299.0,1944-10-12,9,GERMANY,KF BORGWARD AG,VEHICLE MFG. PLANTS,53.08,8.72,B17,4.0,12.0,238.0,,30.0,,30.0,VISUAL
66999,111300.0,1944-10-12,9,GERMANY,KF BORGWARD AG,VEHICLE MFG. PLANTS,53.08,8.72,B17,4.0,8.0,240.0,2.0,,,2.0,VISUAL
67344,111301.0,1944-10-12,9,GERMANY,KF BORGWARD AG,VEHICLE MFG. PLANTS,53.08,8.72,B17,0.0,,,26.0,,,26.0,NOT INDICATED
66936,111302.0,1944-10-12,9,GERMANY,KF BORGWARD AG,VEHICLE MFG. PLANTS,53.08,8.72,B17,4.0,10.0,259.0,2.0,,,2.0,VISUAL
66983,111303.0,1944-10-12,9,GERMANY,KF BORGWARD AG,VEHICLE MFG. PLANTS,53.08,8.72,B17,4.0,11.0,245.0,,33.0,,33.0,VISUAL
66968,111304.0,1944-10-12,9,GERMANY,KF BORGWARD AG,VEHICLE MFG. PLANTS,53.08,8.72,B17,4.0,11.0,248.0,28.0,,,28.0,VISUAL
66942,111305.0,1944-10-12,9,GERMANY,KF BORGWARD AG,VEHICLE MFG. PLANTS,53.08,8.72,B17,4.0,11.0,258.0,28.0,,,28.0,VISUAL
67312,111306.0,1944-10-12,9,GERMANY,KF BORGWARD AG,VEHICLE MFG. PLANTS,53.08,8.72,B17,4.0,13.0,238.0,,33.0,,33.0,VISUAL
66969,111307.0,1944-10-12,9,GERMANY,KF BORGWARD AG,VEHICLE MFG. PLANTS,53.08,8.72,B17,4.0,9.0,248.0,27.0,,,27.0,VISUAL
66954,111308.0,1944-10-12,9,GERMANY,KF BORGWARD AG,VEHICLE MFG. PLANTS,53.08,8.72,B17,4.0,10.0,253.0,30.0,,,30.0,VISUAL
67000,111309.0,1944-10-12,9,GERMANY,KF BORGWARD AG,VEHICLE MFG. PLANTS,53.08,8.72,B17,4.0,6.0,240.0,3.0,14.0,,17.0,VISUAL
67345,111310.0,1944-10-12,9,GERMANY,KF BORGWARD AG,VEHICLE MFG. PLANTS,53.08,8.72,B17,0.0,,,2.0,,,2.0,NOT INDICATED
66970,111311.0,1944-10-12,9,GERMANY,KF BORGWARD AG,VEHICLE MFG. PLANTS,53.08,8.72,B17,4.0,12.0,248.0,28.0,,,28.0,VISUAL
67346,111312.0,1944-10-12,9,GERMANY,KF BORGWARD AG,VEHICLE MFG. PLANTS,53.08,8.72,B17,0.0,,,30.0,,,30.0,NOT INDICATED
66943,111313.0,1944-10-12,9,GERMANY,KF BORGWARD AG,VEHICLE MFG. PLANTS,53.08,8.72,B17,4.0,13.0,258.0,2.0,,,2.0,VISUAL
67313,111314.0,1944-10-12,9,GERMANY,KF BORGWARD AG,VEHICLE MFG. PLANTS,53.08,8.72,B17,4.0,13.0,238.0,,30.0,,30.0,VISUAL
66992,111315.0,1944-10-12,9,GERMANY,KF BORGWARD AG,VEHICLE MFG. PLANTS,53.08,8.72,B17,4.0,9.0,243.0,27.0,,,27.0,VISUAL
67314,111316.0,1944-10-12,9,GERMANY,KF BORGWARD AG,VEHICLE MFG. PLANTS,53.08,8.72,B17,4.0,12.0,238.0,,33.0,,33.0,VISUAL
67347,111317.0,1944-10-12,9,GERMANY,KF BORGWARD AG,VEHICLE MFG. PLANTS,53.08,8.72,B17,0.0,,,24.0,,,24.0,NOT INDICATED
66958,111318.0,1944-10-12,9,GERMANY,KF BORGWARD AG,VEHICLE MFG. PLANTS,53.08,8.72,B17,4.0,10.0,249.0,3.0,,,3.0,VISUAL
67348,111319.0,1944-10-12,9,GERMANY,KF BORGWARD AG,VEHICLE MFG. PLANTS,53.08,8.72,B17,0.0,,,29.0,,,29.0,NOT INDICATED
66950,111320.0,1944-10-12,9,GERMANY,KF BORGWARD AG,VEHICLE MFG. PLANTS,53.08,8.72,B17,4.0,16.0,254.0,8.0,,,8.0,VISUAL
66984,111321.0,1944-10-12,9,GERMANY,KF BORGWARD AG,VEHICLE MFG. PLANTS,53.08,8.72,B17,4.0,12.0,245.0,,32.0,,32.0,VISUAL
67328,175351.0,1944-10-12,9,FRANCE,UNIDENTIFIED TARGET,UNIDENTIFIED TARGETS,49.05,7.42,B26,,,125.0,44.0,,,44.0,VISUAL
67330,175352.0,1944-10-12,9,FRANCE,UNIDENTIFIED TARGET,UNIDENTIFIED TARGETS,49.05,7.42,A20,,,102.0,46.0,,,46.0,VISUAL
67324,175353.0,1944-10-12,9,FRANCE,UNIDENTIFIED TARGET,UNIDENTIFIED TARGETS,49.05,7.42,A20,,,128.0,37.0,,,37.0,VISUAL
67349,175358.0,1944-10-12,9,GERMANY,KF BORGWARD AG,VEHICLE MFG. PLANTS,53.08,8.72,B17,,,,25.0,,,25.0,NOT INDICATED
67350,175359.0,1944-10-12,9,GERMANY,KF BORGWARD AG,VEHICLE MFG. PLANTS,53.08,8.72,B17,,,,23.0,,,23.0,NOT INDICATED
66971,175360.0,1944-10-12,9,GERMANY,KF BORGWARD AG,VEHICLE MFG. PLANTS,53.08,8.72,B17,4.0,13.0,248.0,37.0,,,37.0,VISUAL
67301,175361.0,1944-10-12,9,GERMANY,KF BORGWARD AG,VEHICLE MFG. PLANTS,53.08,8.72,B17,4.0,6.0,240.0,,18.0,,18.0,VISUAL
66972,175362.0,1944-10-12,9,GERMANY,KF BORGWARD AG,VEHICLE MFG. PLANTS,53.08,8.72,B17,4.0,11.0,248.0,2.0,,,2.0,VISUAL
67315,175363.0,1944-10-12,9,GERMANY,KF BORGWARD AG,VEHICLE MFG. PLANTS,53.08,8.72,B17,4.0,12.0,238.0,,30.0,,30.0,VISUAL
67302,175364.0,1944-10-12,9,GERMANY,KF BORGWARD AG,VEHICLE MFG. PLANTS,53.08,8.72,B17,4.0,8.0,240.0,2.0,,,2.0,VISUAL
67351,175365.0,1944-10-12,9,GERMANY,KF BORGWARD AG,VEHICLE MFG. PLANTS,53.08,8.72,B17,0.0,,,26.0,,,26.0,NOT INDICATED
66937,175366.0,1944-10-12,9,GERMANY,KF BORGWARD AG,VEHICLE MFG. PLANTS,53.08,8.72,B17,4.0,10.0,259.0,2.0,,,2.0,VISUAL
66985,175367.0,1944-10-12,9,GERMANY,KF BORGWARD AG,VEHICLE MFG. PLANTS,53.08,8.72,B17,4.0,11.0,245.0,,33.0,,33.0,VISUAL
66973,175368.0,1944-10-12,9,GERMANY,KF BORGWARD AG,VEHICLE MFG. PLANTS,53.08,8.72,B17,4.0,11.0,248.0,28.0,,,28.0,VISUAL
66944,175369.0,1944-10-12,9,GERMANY,KF BORGWARD AG,VEHICLE MFG. PLANTS,53.08,8.72,B17,4.0,11.0,258.0,28.0,,,28.0,VISUAL
67316,175370.0,1944-10-12,9,GERMANY,KF BORGWARD AG,VEHICLE MFG. PLANTS,53.08,8.72,B17,4.0,13.0,238.0,,33.0,,33.0,VISUAL
66974,175371.0,1944-10-12,9,GERMANY,KF BORGWARD AG,VEHICLE MFG. PLANTS,53.08,8.72,B17,4.0,9.0,248.0,27.0,,,27.0,VISUAL
66955,175372.0,1944-10-12,9,GERMANY,KF BORGWARD AG,VEHICLE MFG. PLANTS,53.08,8.72,B17,4.0,10.0,253.0,30.0,,,30.0,VISUAL
67303,175373.0,1944-10-12,9,GERMANY,KF BORGWARD AG,VEHICLE MFG. PLANTS,53.08,8.72,B17,4.0,6.0,240.0,3.0,14.0,,17.0,VISUAL
67352,175374.0,1944-10-12,9,GERMANY,KF BORGWARD AG,VEHICLE MFG. PLANTS,53.08,8.72,B17,0.0,,,2.0,,,2.0,NOT INDICATED
66975,175375.0,1944-10-12,9,GERMANY,KF BORGWARD AG,VEHICLE MFG. PLANTS,53.08,8.72,B17,4.0,12.0,248.0,28.0,,,28.0,VISUAL
67353,175376.0,1944-10-12,9,GERMANY,KF BORGWARD AG,VEHICLE MFG. PLANTS,53.08,8.72,B17,0.0,,,30.0,,,30.0,NOT INDICATED
66945,175377.0,1944-10-12,9,GERMANY,KF BORGWARD AG,VEHICLE MFG. PLANTS,53.08,8.72,B17,4.0,13.0,258.0,2.0,,,2.0,VISUAL
67317,175378.0,1944-10-12,9,GERMANY,KF BORGWARD AG,VEHICLE MFG. PLANTS,53.08,8.72,B17,4.0,13.0,238.0,,30.0,,30.0,VISUAL
66993,175379.0,1944-10-12,9,GERMANY,KF BORGWARD AG,VEHICLE MFG. PLANTS,53.08,8.72,B17,4.0,9.0,243.0,27.0,,,27.0,VISUAL
67318,175380.0,1944-10-12,9,GERMANY,KF BORGWARD AG,VEHICLE MFG. PLANTS,53.08,8.72,B17,4.0,12.0,238.0,,33.0,,33.0,VISUAL
67354,175381.0,1944-10-12,9,GERMANY,KF BORGWARD AG,VEHICLE MFG. PLANTS,53.08,8.72,B17,0.0,,,24.0,,,24.0,NOT INDICATED
66959,175382.0,1944-10-12,9,GERMANY,KF BORGWARD AG,VEHICLE MFG. PLANTS,53.08,8.72,B17,4.0,10.0,249.0,3.0,,,3.0,VISUAL
67355,175383.0,1944-10-12,9,GERMANY,KF BORGWARD AG,VEHICLE MFG. PLANTS,53.08,8.72,B17,0.0,,,29.0,,,29.0,NOT INDICATED
66951,175384.0,1944-10-12,9,GERMANY,KF BORGWARD AG,VEHICLE MFG. PLANTS,53.08,8.72,B17,4.0,16.0,254.0,8.0,,,8.0,VISUAL
66986,175385.0,1944-10-12,9,GERMANY,KF BORGWARD AG,VEHICLE MFG. PLANTS,53.08,8.72,B17,4.0,12.0,245.0,,32.0,,32.0,VISUAL
67332,175386.0,1944-10-12,9,GERMANY,KF BORGWARD AG,VEHICLE MFG. PLANTS,53.08,8.72,B17,,,9.0,25.0,,,25.0,NOT INDICATED
67356,175387.0,1944-10-12,9,GERMANY,KF BORGWARD AG,VEHICLE MFG. PLANTS,53.08,8.72,B17,,,,23.0,,,23.0,NOT INDICATED
66976,175388.0,1944-10-12,9,GERMANY,KF BORGWARD AG,VEHICLE MFG. PLANTS,53.08,8.72,B17,4.0,13.0,248.0,37.0,,,37.0,VISUAL
67304,175389.0,1944-10-12,9,GERMANY,KF BORGWARD AG,VEHICLE MFG. PLANTS,53.08,8.72,B17,4.0,6.0,240.0,,18.0,,18.0,VISUAL
66977,175390.0,1944-10-12,9,GERMANY,KF BORGWARD AG,VEHICLE MFG. PLANTS,53.08,8.72,B17,4.0,11.0,248.0,2.0,,,2.0,VISUAL
66946,175391.0,1944-10-12,9,GERMANY,KF BORGWARD AG,VEHICLE MFG. PLANTS,53.08,8.72,B17,4.0,10.0,258.0,2.0,,,2.0,VISUAL
67319,175392.0,1944-10-12,9,GERMANY,KF BORGWARD AG,VEHICLE MFG. PLANTS,53.08,8.72,B17,4.0,12.0,238.0,,30.0,,30.0,VISUAL
67357,175393.0,1944-10-12,9,GERMANY,KF BORGWARD AG,VEHICLE MFG. PLANTS,53.08,8.72,B17,0.0,,,21.0,,,21.0,NOT INDICATED
67305,175394.0,1944-10-12,9,GERMANY,KF BORGWARD AG,VEHICLE MFG. PLANTS,53.08,8.72,B17,4.0,8.0,240.0,2.0,,,2.0,VISUAL
67358,175395.0,1944-10-12,9,GERMANY,KF BORGWARD AG,VEHICLE MFG. PLANTS,53.08,8.72,B17,0.0,,,26.0,,,26.0,NOT INDICATED
66938,175396.0,1944-10-12,9,GERMANY,KF BORGWARD AG,VEHICLE MFG. PLANTS,53.08,8.72,B17,4.0,10.0,259.0,2.0,,,2.0,VISUAL
66987,175397.0,1944-10-12,9,GERMANY,KF BORGWARD AG,VEHICLE MFG. PLANTS,53.08,8.72,B17,4.0,11.0,245.0,,33.0,,33.0,VISUAL
66978,175398.0,1944-10-12,9,GERMANY,KF BORGWARD AG,VEHICLE MFG. PLANTS,53.08,8.72,B17,4.0,11.0,248.0,28.0,,,28.0,VISUAL
66947,175399.0,1944-10-12,9,GERMANY,KF BORGWARD AG,VEHICLE MFG. PLANTS,53.08,8.72,B17,4.0,11.0,258.0,28.0,,,28.0,VISUAL
67320,175400.0,1944-10-12,9,GERMANY,KF BORGWARD AG,VEHICLE MFG. PLANTS,53.08,8.72,B17,4.0,13.0,238.0,,33.0,,33.0,VISUAL
66979,175401.0,1944-10-12,9,GERMANY,KF BORGWARD AG,VEHICLE MFG. PLANTS,53.08,8.72,B17,4.0,9.0,248.0,27.0,,,27.0,VISUAL
66956,175402.0,1944-10-12,9,GERMANY,KF BORGWARD AG,VEHICLE MFG. PLANTS,53.08,8.72,B17,4.0,10.0,253.0,30.0,,,30.0,VISUAL
67306,175403.0,1944-10-12,9,GERMANY,KF BORGWARD AG,VEHICLE MFG. PLANTS,53.08,8.72,B17,4.0,6.0,240.0,3.0,14.0,,17.0,VISUAL
67359,175404.0,1944-10-12,9,GERMANY,KF BORGWARD AG,VEHICLE MFG. PLANTS,53.08,8.72,B17,0.0,,,2.0,,,2.0,NOT INDICATED
66980,175405.0,1944-10-12,9,GERMANY,KF BORGWARD AG,VEHICLE MFG. PLANTS,53.08,8.72,B17,4.0,12.0,248.0,28.0,,,28.0,VISUAL
67360,175406.0,1944-10-12,9,GERMANY,KF BORGWARD AG,VEHICLE MFG. PLANTS,53.08,8.72,B17,0.0,,,30.0,,,30.0,NOT INDICATED
66948,175407.0,1944-10-12,9,GERMANY,KF BORGWARD AG,VEHICLE MFG. PLANTS,53.08,8.72,B17,4.0,13.0,258.0,2.0,,,2.0,VISUAL
67321,175408.0,1944-10-12,9,GERMANY,KF BORGWARD AG,VEHICLE MFG. PLANTS,53.08,8.72,B17,4.0,13.0,238.0,,30.0,,30.0,VISUAL
66994,175409.0,1944-10-12,9,GERMANY,KF BORGWARD AG,VEHICLE MFG. PLANTS,53.08,8.72,B17,4.0,9.0,243.0,27.0,,,27.0,VISUAL
67322,175410.0,1944-10-12,9,GERMANY,KF BORGWARD AG,VEHICLE MFG. PLANTS,53.08,8.72,B17,4.0,12.0,238.0,,33.0,,33.0,VISUAL
67361,175411.0,1944-10-12,9,GERMANY,KF BORGWARD AG,VEHICLE MFG. PLANTS,53.08,8.72,B17,0.0,,,24.0,,,24.0,NOT INDICATED
66960,175412.0,1944-10-12,9,GERMANY,KF BORGWARD AG,VEHICLE MFG. PLANTS,53.08,8.72,B17,4.0,10.0,249.0,3.0,,,3.0,VISUAL
67362,175413.0,1944-10-12,9,GERMANY,KF BORGWARD AG,VEHICLE MFG. PLANTS,53.08,8.72,B17,0.0,,,29.0,,,29.0,NOT INDICATED
66952,175414.0,1944-10-12,9,GERMANY,KF BORGWARD AG,VEHICLE MFG. PLANTS,53.08,8.72,B17,4.0,16.0,254.0,8.0,,,8.0,VISUAL
66988,175415.0,1944-10-12,9,GERMANY,KF BORGWARD AG,VEHICLE MFG. PLANTS,53.08,8.72,B17,4.0,12.0,245.0,,32.0,,32.0,VISUAL
67326,213567.0,1944-10-12,9,GERMANY,BRIDGE,BRIDGES,50.53,7.1,B26,,,125.0,38.0,,,38.0,VISUAL
67334,213569.0,1944-10-12,9,GERMANY,HWY BRIDGE,BRIDGES,50.55,7.13,B26,,,,7.0,,,7.0,VISUAL
67370,213572.0,1944-10-12,9,GERMANY,BRIDGE,BRIDGES,50.67,7.0,B26,,,,8.0,,,8.0,VISUAL
68502,111327.0,1944-10-13,15,CZECHOSLOVAKIA,FACTORY,MANUFACTURING INSTALLATIONS (NOT SPECIFICALLY IDENTIFIED BELOW FROM CLASS 11 THROUGH 59),48.0,18.0,B24,2.0,1.0,,2.0,,,2.0,NOT INDICATED
68178,111329.0,1944-10-13,15,AUSTRIA,OIL REFINERY,OIL REFINERIES,48.2,16.37,B17,4.0,14.0,254.0,41.0,,,41.0,F.F.F.
68182,111330.0,1944-10-13,15,AUSTRIA,OIL REFINERY,OIL REFINERIES,48.2,16.37,B17,4.0,14.0,240.0,35.0,,,35.0,F.F.F.
68170,111331.0,1944-10-13,15,AUSTRIA,OIL REFINERY,OIL REFINERIES,48.2,16.37,B17,4.0,13.0,262.0,32.0,,,32.0,F.F.F.
68191,111332.0,1944-10-13,15,AUSTRIA,OIL REFINERY,OIL REFINERIES,48.2,16.37,B17,4.0,16.0,213.0,32.0,,,32.0,NOT INDICATED
68174,111333.0,1944-10-13,15,AUSTRIA,OIL REFINERY,OIL REFINERIES,48.2,16.37,B17,4.0,16.0,260.0,41.0,,,41.0,F.F.F.
68160,111334.0,1944-10-13,15,AUSTRIA,OIL REFINERY,OIL REFINERIES,48.2,16.37,B17,4.0,17.0,315.0,32.0,,,32.0,F.F.F.
68195,111335.0,1944-10-13,15,CZECHOSLOVAKIA,OIL REFINERY,OIL REFINERIES,49.93,18.37,B24,2.0,2.0,,5.0,,,5.0,VISUAL
68162,111336.0,1944-10-13,15,GERMANY,OIL REFINERY SYNTHETIC,SYNTHETIC OIL REFINERIES,50.33,18.3,B17,4.0,23.0,290.0,45.0,,,45.0,F.F.F.
68189,111337.0,1944-10-13,15,GERMANY,OIL REFINERY SYNTHETIC,SYNTHETIC OIL REFINERIES,50.33,18.3,B24,4.0,27.0,215.0,67.0,,,67.0,F.F.F.
68176,111338.0,1944-10-13,15,GERMANY,OIL REFINERY SYNTHETIC,SYNTHETIC OIL REFINERIES,50.33,18.3,B24,4.0,22.0,255.0,54.0,,,54.0,NOT INDICATED
68172,111339.0,1944-10-13,15,GERMANY,OIL REFINERY SYNTHETIC,SYNTHETIC OIL REFINERIES,50.33,18.3,B17,4.0,21.0,261.0,63.0,,,63.0,F.F.F.
68180,111340.0,1944-10-13,15,GERMANY,OIL REFINERY SYNTHETIC,SYNTHETIC OIL REFINERIES,50.33,18.3,B17,4.0,19.0,250.0,55.0,,,55.0,F.F.F.
68164,111341.0,1944-10-13,15,GERMANY,OIL REFINERY SYNTHETIC,SYNTHETIC OIL REFINERIES,50.33,18.3,B17,4.0,23.0,285.0,45.0,,,45.0,NOT INDICATED
68168,111342.0,1944-10-13,15,GERMANY,OIL REFINERY SYNTHETIC,SYNTHETIC OIL REFINERIES,50.33,18.3,B17,4.0,22.0,280.0,55.0,,,55.0,F.F.F.
68165,111343.0,1944-10-13,15,GERMANY,OIL REFINERY SYNTHETIC,SYNTHETIC OIL REFINERIES,50.33,18.3,B17,4.0,22.0,285.0,51.0,,,51.0,F.F.F.
68193,111344.0,1944-10-13,15,GERMANY,OIL REFINERY SYNTHETIC,SYNTHETIC OIL REFINERIES,50.33,18.3,B24,4.0,22.0,210.0,54.0,,,54.0,NOT INDICATED
68185,111345.0,1944-10-13,15,GERMANY,OIL REFINERY SYNTHETIC,SYNTHETIC OIL REFINERIES,50.33,18.3,B24,4.0,35.0,220.0,88.0,,,88.0,NOT INDICATED
68187,111346.0,1944-10-13,15,GERMANY,OIL REFINERY SYNTHETIC,SYNTHETIC OIL REFINERIES,50.33,18.3,B24,4.0,31.0,217.0,76.0,,,76.0,NOT INDICATED
68198,111351.0,1944-10-13,15,AUSTRIA,AIRDROME,AIR FIELDS AND AIRDROMES,46.0,16.88,B24,4.0,1.0,,2.0,,,2.0,NOT INDICATED
68505,111352.0,1944-10-13,15,AUSTRIA,AD,AIR FIELDS AND AIRDROMES,47.0,16.33,B17,4.0,1.0,,3.0,,,3.0,NOT INDICATED
68508,111356.0,1944-10-13,15,CZECHOSLOVAKIA,ORD DEPOT,SUPPLY DUMPS AND WAREHOUSES,49.0,18.67,B17,4.0,1.0,,3.0,,,3.0,NOT INDICATED
68503,175445.0,1944-10-13,15,CZECHOSLOVAKIA,FACTORY,MANUFACTURING INSTALLATIONS (NOT SPECIFICALLY IDENTIFIED BELOW FROM CLASS 11 THROUGH 59),48.0,18.0,B24,2.0,1.0,,2.0,,,2.0,NOT INDICATED
68504,175448.0,1944-10-13,15,CZECHOSLOVAKIA,FACTORY,MANUFACTURING INSTALLATIONS (NOT SPECIFICALLY IDENTIFIED BELOW FROM CLASS 11 THROUGH 59),48.0,18.0,B24,2.0,1.0,,2.0,,,2.0,NOT INDICATED
68179,175452.0,1944-10-13,15,AUSTRIA,OIL REFINERY,OIL REFINERIES,48.2,16.37,B17,4.0,14.0,254.0,41.0,,,41.0,F.F.F.
68183,175453.0,1944-10-13,15,AUSTRIA,OIL REFINERY,OIL REFINERIES,48.2,16.37,B17,4.0,14.0,240.0,35.0,,,35.0,F.F.F.
68171,175454.0,1944-10-13,15,AUSTRIA,OIL REFINERY,OIL REFINERIES,48.2,16.37,B17,4.0,13.0,262.0,32.0,,,32.0,F.F.F.
68192,175455.0,1944-10-13,15,AUSTRIA,OIL REFINERY,OIL REFINERIES,48.2,16.37,B17,4.0,16.0,213.0,32.0,,,32.0,NOT INDICATED
68175,175456.0,1944-10-13,15,AUSTRIA,OIL REFINERY,OIL REFINERIES,48.2,16.37,B17,4.0,16.0,260.0,41.0,,,41.0,F.F.F.
68161,175457.0,1944-10-13,15,AUSTRIA,OIL REFINERY,OIL REFINERIES,48.2,16.37,B17,4.0,17.0,315.0,32.0,,,32.0,F.F.F.
68196,175458.0,1944-10-13,15,CZECHOSLOVAKIA,OIL REFINERY,OIL REFINERIES,49.93,18.37,B24,2.0,2.0,,5.0,,,5.0,VISUAL
68163,175459.0,1944-10-13,15,GERMANY,OIL REFINERY SYNTHETIC,SYNTHETIC OIL REFINERIES,50.33,18.3,B17,4.0,23.0,290.0,45.0,,,45.0,F.F.F.
68190,175460.0,1944-10-13,15,GERMANY,OIL REFINERY SYNTHETIC,SYNTHETIC OIL REFINERIES,50.33,18.3,B24,4.0,27.0,215.0,67.0,,,67.0,F.F.F.
68177,175461.0,1944-10-13,15,GERMANY,OIL REFINERY SYNTHETIC,SYNTHETIC OIL REFINERIES,50.33,18.3,B24,4.0,22.0,255.0,54.0,,,54.0,NOT INDICATED
68173,175462.0,1944-10-13,15,GERMANY,OIL REFINERY SYNTHETIC,SYNTHETIC OIL REFINERIES,50.33,18.3,B17,4.0,21.0,261.0,63.0,,,63.0,F.F.F.
68181,175463.0,1944-10-13,15,GERMANY,OIL REFINERY SYNTHETIC,SYNTHETIC OIL REFINERIES,50.33,18.3,B17,4.0,19.0,250.0,55.0,,,55.0,F.F.F.
68166,175464.0,1944-10-13,15,GERMANY,OIL REFINERY SYNTHETIC,SYNTHETIC OIL REFINERIES,50.33,18.3,B17,4.0,23.0,285.0,45.0,,,45.0,NOT INDICATED
68169,175465.0,1944-10-13,15,GERMANY,OIL REFINERY SYNTHETIC,SYNTHETIC OIL REFINERIES,50.33,18.3,B17,4.0,22.0,280.0,55.0,,,55.0,F.F.F.
68167,175466.0,1944-10-13,15,GERMANY,OIL REFINERY SYNTHETIC,SYNTHETIC OIL REFINERIES,50.33,18.3,B17,4.0,22.0,285.0,51.0,,,51.0,F.F.F.
68194,175467.0,1944-10-13,15,GERMANY,OIL REFINERY SYNTHETIC,SYNTHETIC OIL REFINERIES,50.33,18.3,B24,4.0,22.0,210.0,54.0,,,54.0,NOT INDICATED
68186,175468.0,1944-10-13,15,GERMANY,OIL REFINERY SYNTHETIC,SYNTHETIC OIL REFINERIES,50.33,18.3,B24,4.0,35.0,220.0,88.0,,,88.0,NOT INDICATED
68188,175469.0,1944-10-13,15,GERMANY,OIL REFINERY SYNTHETIC,SYNTHETIC OIL REFINERIES,50.33,18.3,B24,4.0,31.0,217.0,76.0,,,76.0,NOT INDICATED
68512,175472.0,1944-10-13,12,AUSTRIA,MARSHALLING YARDS,"""RR INSTALLATIONS,  TRACKS,  MARSHALLING YARDS,  AND STATIONS""",48.2,16.37,B24,4.0,19.0,220.0,37.0,,,37.0,NOT INDICATED
68516,175473.0,1944-10-13,12,AUSTRIA,MARSHALLING YARDS,"""RR INSTALLATIONS,  TRACKS,  MARSHALLING YARDS,  AND STATIONS""",48.2,16.37,B24,4.0,3.0,,6.0,,,6.0,NOT INDICATED
68515,175474.0,1944-10-13,12,AUSTRIA,MARSHALLING YARDS,"""RR INSTALLATIONS,  TRACKS,  MARSHALLING YARDS,  AND STATIONS""",48.2,16.37,B24,4.0,4.0,200.0,8.0,,,8.0,NOT INDICATED
68514,175475.0,1944-10-13,12,AUSTRIA,MARSHALLING YARDS,"""RR INSTALLATIONS,  TRACKS,  MARSHALLING YARDS,  AND STATIONS""",48.2,16.37,B24,4.0,41.0,217.0,90.0,,,90.0,NOT INDICATED
68511,175476.0,1944-10-13,12,AUSTRIA,MARSHALLING YARDS,"""RR INSTALLATIONS,  TRACKS,  MARSHALLING YARDS,  AND STATIONS""",48.2,16.37,B24,4.0,34.0,235.0,64.0,,,64.0,F.F.F.
68513,175477.0,1944-10-13,12,AUSTRIA,MARSHALLING YARDS,"""RR INSTALLATIONS,  TRACKS,  MARSHALLING YARDS,  AND STATIONS""",48.2,16.37,B24,3.0,29.0,220.0,64.0,,,64.0,NOT INDICATED
68184,175478.0,1944-10-13,15,CZECHOSLOVAKIA,MARSHALLING YARDS,"""RR INSTALLATIONS,  TRACKS,  MARSHALLING YARDS,  AND STATIONS""",49.78,17.12,B24,2.0,9.0,222.0,22.0,,,22.0,VISUAL
68197,175479.0,1944-10-13,15,CZECHOSLOVAKIA,MARSHALLING YARDS,"""RR INSTALLATIONS,  TRACKS,  MARSHALLING YARDS,  AND STATIONS""",48.0,18.17,B24,3.0,1.0,,3.0,,,3.0,NOT INDICATED
68509,206671.0,1944-10-13,15,CZECHOSLOVAKIA,ORD DEPOT,SUPPLY DUMPS AND WAREHOUSES,49.0,18.67,B17,4.0,1.0,,3.0,,,3.0,NOT INDICATED
68199,213623.0,1944-10-13,15,AUSTRIA,AIRDROME,AIR FIELDS AND AIRDROMES,46.0,16.88,B24,4.0,1.0,,2.0,,,2.0,NOT INDICATED
68506,213624.0,1944-10-13,15,AUSTRIA,AD,AIR FIELDS AND AIRDROMES,47.0,16.33,B17,4.0,1.0,,3.0,,,3.0,NOT INDICATED
68510,213631.0,1944-10-13,15,CZECHOSLOVAKIA,ORD DEPOT,SUPPLY DUMPS AND WAREHOUSES,49.0,18.67,B17,4.0,1.0,,3.0,,,3.0,NOT INDICATED
68200,213632.0,1944-10-13,15,AUSTRIA,AIRDROME,AIR FIELDS AND AIRDROMES,46.0,16.88,B24,4.0,1.0,,2.0,,,2.0,NOT INDICATED
68507,213633.0,1944-10-13,15,AUSTRIA,AD,AIR FIELDS AND AIRDROMES,47.0,16.33,B17,4.0,1.0,,3.0,,,3.0,NOT INDICATED
68996,111364.0,1944-10-14,15,CZECHOSLOVAKIA,MFG INSTALLATION,MANUFACTURING INSTALLATIONS (NOT SPECIFICALLY IDENTIFIED BELOW FROM CLASS 11 THROUGH 59),48.33,17.67,B17,2.0,1.0,,2.0,,,2.0,NOT INDICATED
68981,111368.0,1944-10-14,15,GERMANY,OIL REFINERY SYNTHETIC,SYNTHETIC OIL REFINERIES,50.33,18.3,B17,4.0,29.0,250.0,87.0,,,87.0,NOT INDICATED
68977,111369.0,1944-10-14,15,GERMANY,OIL REFINERY SYNTHETIC,SYNTHETIC OIL REFINERIES,50.33,18.3,B17,4.0,34.0,300.0,79.0,,,79.0,F.F.F.
68979,111370.0,1944-10-14,15,GERMANY,OIL REFINERY SYNTHETIC,SYNTHETIC OIL REFINERIES,50.33,18.3,B17,4.0,19.0,290.0,47.0,,,47.0,NOT INDICATED
68986,111371.0,1944-10-14,15,GERMANY,OIL REFINERY SYNTHETIC,SYNTHETIC OIL REFINERIES,50.33,18.3,B17,4.0,20.0,210.0,39.0,,,39.0,NOT INDICATED
68988,111378.0,1944-10-14,15,CZECHOSLOVAKIA,UNIDENTIFIED TARGET,UNIDENTIFIED TARGETS,48.15,17.12,B17,2.0,13.0,201.0,26.0,,,26.0,F.F.F.
68991,111379.0,1944-10-14,15,CZECHOSLOVAKIA,UNIDENTIFIED TARGET,UNIDENTIFIED TARGETS,47.92,18.0,B17,2.0,1.0,,3.0,,,3.0,NOT INDICATED
68999,111380.0,1944-10-14,12,CZECHOSLOVAKIA,CITY AREA,CITIES TOWNS AND URBAN AREAS,48.0,18.17,B24,2.0,22.0,220.0,48.0,,,48.0,NOT INDICATED
69303,111385.0,1944-10-14,12,GERMANY,RR BRIDGE WEST,UNIDENTIFIED TARGETS,43.62,12.68,B24,1.0,1.0,,1.0,1.0,,2.0,NOT INDICATED
69304,111386.0,1944-10-14,12,GERMANY,RR BRIDGE WEST,UNIDENTIFIED TARGETS,43.62,12.68,B24,1.0,8.0,,16.0,8.0,,24.0,NOT INDICATED
68989,175504.0,1944-10-14,15,CZECHOSLOVAKIA,UNIDENTIFIED TARGET,UNIDENTIFIED TARGETS,48.15,17.12,B17,2.0,13.0,201.0,26.0,,,26.0,F.F.F.
68992,175505.0,1944-10-14,15,CZECHOSLOVAKIA,UNIDENTIFIED TARGET,UNIDENTIFIED TARGETS,47.92,18.0,B17,2.0,1.0,,3.0,,,3.0,NOT INDICATED
69305,175508.0,1944-10-14,12,GERMANY,RR BRIDGE WEST,UNIDENTIFIED TARGETS,43.62,12.68,B24,1.0,1.0,,1.0,1.0,,2.0,NOT INDICATED
69306,175509.0,1944-10-14,12,GERMANY,RR BRIDGE WEST,UNIDENTIFIED TARGETS,43.62,12.68,B24,1.0,8.0,,16.0,8.0,,24.0,NOT INDICATED
69000,175518.0,1944-10-14,12,CZECHOSLOVAKIA,CITY AREA,CITIES TOWNS AND URBAN AREAS,48.0,18.17,B24,2.0,22.0,220.0,48.0,,,48.0,NOT INDICATED
69301,175522.0,1944-10-14,12,CZECHOSLOVAKIA,CITY AREA,CITIES TOWNS AND URBAN AREAS,48.0,18.17,B24,2.0,22.0,220.0,48.0,,,48.0,NOT INDICATED
68997,175525.0,1944-10-14,15,CZECHOSLOVAKIA,MFG INSTALLATION,MANUFACTURING INSTALLATIONS (NOT SPECIFICALLY IDENTIFIED BELOW FROM CLASS 11 THROUGH 59),48.33,17.67,B17,2.0,1.0,,2.0,,,2.0,NOT INDICATED
68998,175529.0,1944-10-14,15,CZECHOSLOVAKIA,MFG INSTALLATION,MANUFACTURING INSTALLATIONS (NOT SPECIFICALLY IDENTIFIED BELOW FROM CLASS 11 THROUGH 59),48.33,17.67,B17,2.0,1.0,,2.0,,,2.0,NOT INDICATED
68990,175533.0,1944-10-14,15,CZECHOSLOVAKIA,UNIDENTIFIED TARGET,UNIDENTIFIED TARGETS,48.15,17.12,B17,2.0,13.0,201.0,26.0,,,26.0,F.F.F.
68993,175534.0,1944-10-14,15,CZECHOSLOVAKIA,UNIDENTIFIED TARGET,UNIDENTIFIED TARGETS,47.92,18.0,B17,2.0,1.0,,3.0,,,3.0,NOT INDICATED
68982,175547.0,1944-10-14,15,GERMANY,OIL REFINERY SYNTHETIC,SYNTHETIC OIL REFINERIES,50.33,18.3,B17,4.0,29.0,250.0,87.0,,,87.0,NOT INDICATED
68978,175548.0,1944-10-14,15,GERMANY,OIL REFINERY SYNTHETIC,SYNTHETIC OIL REFINERIES,50.33,18.3,B17,4.0,34.0,300.0,79.0,,,79.0,F.F.F.
68980,175549.0,1944-10-14,15,GERMANY,OIL REFINERY SYNTHETIC,SYNTHETIC OIL REFINERIES,50.33,18.3,B17,4.0,19.0,290.0,47.0,,,47.0,NOT INDICATED
68987,175550.0,1944-10-14,15,GERMANY,OIL REFINERY SYNTHETIC,SYNTHETIC OIL REFINERIES,50.33,18.3,B17,4.0,20.0,210.0,39.0,,,39.0,NOT INDICATED
68983,175555.0,1944-10-14,15,CZECHOSLOVAKIA,RANGIER MY,"""RR INSTALLATIONS,  TRACKS,  MARSHALLING YARDS,  AND STATIONS""",48.15,17.12,B24,2.0,18.0,230.0,30.0,,,30.0,NOT INDICATED
68985,175556.0,1944-10-14,15,CZECHOSLOVAKIA,RR BRIDGE,BRIDGES,47.75,18.1,B24,2.0,24.0,227.0,56.0,,,56.0,VISUAL
68984,175557.0,1944-10-14,15,CZECHOSLOVAKIA,MARSHALLING YARDS,"""RR INSTALLATIONS,  TRACKS,  MARSHALLING YARDS,  AND STATIONS""",48.0,18.17,B17,4.0,33.0,230.0,97.0,,,97.0,VISUAL
68994,175558.0,1944-10-14,15,CZECHOSLOVAKIA,MARSHALLING YARDS,"""RR INSTALLATIONS,  TRACKS,  MARSHALLING YARDS,  AND STATIONS""",48.0,18.17,B24,2.0,2.0,,4.0,,,4.0,NOT INDICATED
69302,175559.0,1944-10-14,12,CZECHOSLOVAKIA,BRIDGE,BRIDGES,43.0,0.33,B17,2.0,1.0,212.0,2.0,,,2.0,NOT INDICATED
68995,175560.0,1944-10-14,15,CZECHOSLOVAKIA,RR BRIDGE,BRIDGES,48.0,17.67,B17,2.0,1.0,,2.0,,,2.0,NOT INDICATED
70147,175690.0,1944-10-15,1,GERMANY,RR JUNCTION,"""RR INSTALLATIONS,  TRACKS,  MARSHALLING YARDS,  AND STATIONS""",51.33,12.38,B17,2.0,12.0,263.0,19.0,11.0,,30.0,F.F.F.
71332,111419.0,1944-10-16,15,AUSTRIA,STEYR AERO ENG WORKS,ENGINE PLANTS,48.05,14.45,B24,4.0,28.0,208.0,63.0,,,63.0,F.F.F.
71338,111420.0,1944-10-16,15,AUSTRIA,AIRCRAFT FACTORY,AIRCRAFT FACTORIES AND ASSEMBLY PLANTS,48.05,14.45,B24,4.0,37.0,205.0,109.0,,,109.0,F.F.F.
71349,111421.0,1944-10-16,15,GERMANY,MFG INSTALLATIONS,MANUFACTURING INSTALLATIONS (NOT SPECIFICALLY IDENTIFIED BELOW FROM CLASS 11 THROUGH 59),52.37,14.55,B24,2.0,17.0,,43.0,,,43.0,NOT INDICATED
71330,111422.0,1944-10-16,15,AUSTRIA,H GOERING BENZOL PLANT,OIL REFINERIES,48.3,14.3,B24,4.0,19.0,215.0,41.0,,,41.0,F.F.F.
71321,111423.0,1944-10-16,15,AUSTRIA,H GOERING BENZOL PLANT,OIL REFINERIES,48.3,14.3,B24,4.0,34.0,240.0,60.0,,,60.0,F.F.F.
71355,111424.0,1944-10-16,15,AUSTRIA,UNIDENTIFIED TARGET,UNIDENTIFIED TARGETS,46.8,13.5,B24,2.0,1.0,,2.0,,,2.0,NOT INDICATED
71312,111425.0,1944-10-16,15,CZECHOSLOVAKIA,BERGIUS SYN OR,SYNTHETIC OIL REFINERIES,50.52,13.63,B17,4.0,28.0,270.0,79.0,,,79.0,F.F.F.
71315,111428.0,1944-10-16,15,AUSTRIA,ORD DEPOT,SUPPLY DUMPS AND WAREHOUSES,48.3,14.3,B24,4.0,28.0,250.0,62.0,,,62.0,NOT INDICATED
71341,111429.0,1944-10-16,15,AUSTRIA,STEYR PUCH AC ENG FACT,ENGINE PLANTS,47.07,15.43,B24,4.0,33.0,200.0,81.0,,,81.0,NOT INDICATED
71342,111432.0,1944-10-16,15,AUSTRIA,STEYR PUCH AC ENG FACT,ENGINE PLANTS,47.07,15.43,B24,4.0,33.0,200.0,81.0,,,81.0,NOT INDICATED
71323,111433.0,1944-10-16,15,AUSTRIA,STEYR PUCH AC ENG FACT,ENGINE PLANTS,47.07,15.43,B24,3.0,31.0,235.0,78.0,,,78.0,NOT INDICATED
71325,111434.0,1944-10-16,15,AUSTRIA,H GOERING TANK WORKS,TANK FACTORIES,48.4,14.42,B24,4.0,31.0,227.0,61.0,,,61.0,F.F.F.
71308,111436.0,1944-10-16,15,CZECHOSLOVAKIA,SKODA ARMS WORKS,ARMAMENT AND ORDNANCE PLANTS,49.75,13.37,B17,4.0,32.0,280.0,53.0,,,53.0,NOT INDICATED
71317,111437.0,1944-10-16,15,CZECHOSLOVAKIA,SKODA ARMS WORKS,ARMAMENT AND ORDNANCE PLANTS,49.75,13.37,B17,3.0,25.0,250.0,58.0,,,58.0,F.F.F.
71326,111438.0,1944-10-16,15,AUSTRIA,H GOERING TANK WORKS,TANK FACTORIES,48.4,14.42,B24,4.0,31.0,227.0,61.0,,,61.0,F.F.F.
71336,111439.0,1944-10-16,15,AUSTRIA,H GOERING TANK WORKS,TANK FACTORIES,48.4,14.42,B24,4.0,33.0,205.0,83.0,,,83.0,NOT INDICATED
71309,111440.0,1944-10-16,15,CZECHOSLOVAKIA,SKODA ARMS WORKS,ARMAMENT AND ORDNANCE PLANTS,49.75,13.37,B17,4.0,32.0,280.0,53.0,,,53.0,NOT INDICATED
71318,111441.0,1944-10-16,15,CZECHOSLOVAKIA,SKODA ARMS WORKS,ARMAMENT AND ORDNANCE PLANTS,49.75,13.37,B17,3.0,25.0,250.0,58.0,,,58.0,F.F.F.
71351,111443.0,1944-10-16,15,CZECHOSLOVAKIA,CITY AREA,CITIES TOWNS AND URBAN AREAS,49.68,14.02,B17,2.0,1.0,,3.0,,,3.0,F.F.F.
71310,175775.0,1944-10-16,15,CZECHOSLOVAKIA,SKODA ARMS WORKS,ARMAMENT AND ORDNANCE PLANTS,49.75,13.37,B17,4.0,32.0,280.0,53.0,,,53.0,NOT INDICATED
71319,175776.0,1944-10-16,15,CZECHOSLOVAKIA,SKODA ARMS WORKS,ARMAMENT AND ORDNANCE PLANTS,49.75,13.37,B17,3.0,25.0,250.0,58.0,,,58.0,F.F.F.
71339,175777.0,1944-10-16,15,AUSTRIA,AIRCRAFT FACTORY,AIRCRAFT FACTORIES AND ASSEMBLY PLANTS,48.05,14.45,B24,4.0,37.0,205.0,109.0,,,109.0,F.F.F.
71343,175778.0,1944-10-16,15,AUSTRIA,STEYR PUCH AC ENG FACT,ENGINE PLANTS,47.07,15.43,B24,4.0,33.0,200.0,81.0,,,81.0,NOT INDICATED
71333,175779.0,1944-10-16,15,AUSTRIA,STEYR AERO ENG WORKS,ENGINE PLANTS,48.05,14.45,B24,4.0,28.0,208.0,63.0,,,63.0,F.F.F.
71356,175780.0,1944-10-16,15,AUSTRIA,UNIDENTIFIED TARGET,UNIDENTIFIED TARGETS,46.8,13.5,B24,2.0,1.0,,2.0,,,2.0,NOT INDICATED
71352,175782.0,1944-10-16,15,CZECHOSLOVAKIA,CITY AREA,CITIES TOWNS AND URBAN AREAS,49.68,14.02,B17,2.0,1.0,,3.0,,,3.0,F.F.F.
71353,175784.0,1944-10-16,15,CZECHOSLOVAKIA,CITY AREA,CITIES TOWNS AND URBAN AREAS,49.68,14.02,B17,2.0,1.0,,3.0,,,3.0,F.F.F.
71348,175785.0,1944-10-16,15,GERMANY,MFG INSTALLATIONS,MANUFACTURING INSTALLATIONS (NOT SPECIFICALLY IDENTIFIED BELOW FROM CLASS 11 THROUGH 59),52.37,14.55,B24,2.0,17.0,,43.0,,,43.0,NOT INDICATED
71350,175786.0,1944-10-16,15,GERMANY,MFG INSTALLATIONS,MANUFACTURING INSTALLATIONS (NOT SPECIFICALLY IDENTIFIED BELOW FROM CLASS 11 THROUGH 59),52.37,14.55,B24,2.0,17.0,,43.0,,,43.0,NOT INDICATED
71354,175787.0,1944-10-16,15,AUSTRIA,UNIDENTIFIED TARGET,UNIDENTIFIED TARGETS,46.8,13.5,B24,2.0,1.0,,2.0,,,2.0,NOT INDICATED
71334,175788.0,1944-10-16,15,AUSTRIA,STEYR AERO ENG WORKS,ENGINE PLANTS,48.05,14.45,B24,4.0,28.0,208.0,63.0,,,63.0,F.F.F.
71340,175789.0,1944-10-16,15,AUSTRIA,AIRCRAFT FACTORY,AIRCRAFT FACTORIES AND ASSEMBLY PLANTS,48.05,14.45,B24,4.0,37.0,205.0,109.0,,,109.0,F.F.F.
71344,175790.0,1944-10-16,15,AUSTRIA,STEYR PUCH AC ENG FACT,ENGINE PLANTS,47.07,15.43,B24,4.0,33.0,200.0,81.0,,,81.0,NOT INDICATED
71324,175791.0,1944-10-16,15,AUSTRIA,STEYR PUCH AC ENG FACT,ENGINE PLANTS,47.07,15.43,B24,3.0,31.0,235.0,78.0,,,78.0,NOT INDICATED
71328,175792.0,1944-10-16,15,AUSTRIA,H GOERING TANK WORKS,TANK FACTORIES,48.4,14.42,B24,4.0,31.0,227.0,61.0,,,61.0,F.F.F.
71337,175793.0,1944-10-16,15,AUSTRIA,H GOERING TANK WORKS,TANK FACTORIES,48.4,14.42,B24,4.0,33.0,205.0,83.0,,,83.0,NOT INDICATED
71311,175794.0,1944-10-16,15,CZECHOSLOVAKIA,SKODA ARMS WORKS,ARMAMENT AND ORDNANCE PLANTS,49.75,13.37,B17,4.0,32.0,280.0,53.0,,,53.0,NOT INDICATED
71320,175795.0,1944-10-16,15,CZECHOSLOVAKIA,SKODA ARMS WORKS,ARMAMENT AND ORDNANCE PLANTS,49.75,13.37,B17,3.0,25.0,250.0,58.0,,,58.0,F.F.F.
71331,175796.0,1944-10-16,15,AUSTRIA,H GOERING BENZOL PLANT,OIL REFINERIES,48.3,14.3,B24,4.0,19.0,215.0,41.0,,,41.0,F.F.F.
71322,175797.0,1944-10-16,15,AUSTRIA,H GOERING BENZOL PLANT,OIL REFINERIES,48.3,14.3,B24,4.0,34.0,240.0,60.0,,,60.0,F.F.F.
71313,175798.0,1944-10-16,15,CZECHOSLOVAKIA,BERGIUS SYN OR,SYNTHETIC OIL REFINERIES,50.52,13.63,B17,4.0,28.0,270.0,79.0,,,79.0,F.F.F.
71346,175799.0,1944-10-16,15,AUSTRIA,MARSHALLING YARD,"""RR INSTALLATIONS,  TRACKS,  MARSHALLING YARDS,  AND STATIONS""",47.42,13.22,B17,2.0,1.0,,3.0,,,3.0,F.F.F.
71347,175802.0,1944-10-16,15,AUSTRIA,RR BRIDGE,BRIDGES,46.63,14.3,B24,2.0,1.0,,2.0,,,2.0,NOT INDICATED
71364,175803.0,1944-10-16,12,AUSTRIA,RR,"""RR INSTALLATIONS,  TRACKS,  MARSHALLING YARDS,  AND STATIONS""",46.63,14.3,B24,3.0,6.0,,12.0,,,12.0,NOT INDICATED
71365,175804.0,1944-10-16,12,AUSTRIA,RR,"""RR INSTALLATIONS,  TRACKS,  MARSHALLING YARDS,  AND STATIONS""",46.63,14.3,B24,2.0,6.0,,12.0,,,12.0,NOT INDICATED
71363,175805.0,1944-10-16,12,AUSTRIA,MARSHALLING YARDS,"""RR INSTALLATIONS,  TRACKS,  MARSHALLING YARDS,  AND STATIONS""",48.3,14.3,B17,4.0,36.0,200.0,86.0,,,86.0,F.F.F.
71307,175806.0,1944-10-16,15,AUSTRIA,BRIDGE CENTER,BRIDGES,47.78,13.03,B17,3.0,18.0,295.0,70.0,,,70.0,NOT INDICATED
71335,175807.0,1944-10-16,15,AUSTRIA,MARSHALLING YARUS,"""RR INSTALLATIONS,  TRACKS,  MARSHALLING YARDS,  AND STATIONS""",47.78,13.03,B17,2.0,32.0,206.0,98.0,,,98.0,NOT INDICATED
71345,175808.0,1944-10-16,15,AUSTRIA,MARSHALLING YARD,"""RR INSTALLATIONS,  TRACKS,  MARSHALLING YARDS,  AND STATIONS""",46.8,13.5,B24,2.0,39.0,195.0,95.0,,,95.0,VISUAL
71357,175809.0,1944-10-16,15,AUSTRIA,MARSHALLING YARDS,"""RR INSTALLATIONS,  TRACKS,  MARSHALLING YARDS,  AND STATIONS""",46.75,14.37,B24,2.0,5.0,,9.0,,,9.0,NOT INDICATED
71329,175810.0,1944-10-16,15,AUSTRIA,MARSHALLING YARDS,"""RR INSTALLATIONS,  TRACKS,  MARSHALLING YARDS,  AND STATIONS""",46.75,14.37,B24,2.0,18.0,226.0,36.0,,,36.0,NOT INDICATED
71360,175813.0,1944-10-16,15,AUSTRIA,MARSHALLING YARDS,"""RR INSTALLATIONS,  TRACKS,  MARSHALLING YARDS,  AND STATIONS""",46.67,13.33,B17,2.0,1.0,,2.0,,,2.0,NOT INDICATED
71359,175814.0,1944-10-16,15,AUSTRIA,MARSHALLING YARDS,"""RR INSTALLATIONS,  TRACKS,  MARSHALLING YARDS,  AND STATIONS""",46.67,13.33,B24,2.0,1.0,,3.0,,,3.0,NOT INDICATED
71361,175815.0,1944-10-16,15,AUSTRIA,RR BRIDGE,BRIDGES,47.0,14.33,B24,2.0,1.0,,3.0,,,3.0,NOT INDICATED
71362,175816.0,1944-10-16,15,AUSTRIA,RR SIDINGS,"""RR INSTALLATIONS,  TRACKS,  MARSHALLING YARDS,  AND STATIONS""",47.67,14.67,B24,2.0,1.0,,3.0,,,3.0,NOT INDICATED
71366,175820.0,1944-10-16,1,GERMANY,MARSHALLING YARD,"""RR INSTALLATIONS,  TRACKS,  MARSHALLING YARDS,  AND STATIONS""",45.95,7.97,B24,2.0,1.0,,2.0,,,2.0,NOT INDICATED
71327,175828.0,1944-10-16,15,AUSTRIA,H GOERING TANK WORKS,TANK FACTORIES,48.4,14.42,B24,4.0,31.0,227.0,61.0,,,61.0,F.F.F.
71316,213667.0,1944-10-16,15,AUSTRIA,ORD DEPOT,SUPPLY DUMPS AND WAREHOUSES,48.3,14.3,B24,4.0,28.0,250.0,62.0,,,62.0,NOT INDICATED
71314,214057.0,1944-10-16,15,AUSTRIA,ORD DEPOT,SUPPLY DUMPS AND WAREHOUSES,48.3,14.3,B24,4.0,28.0,250.0,62.0,,,62.0,NOT INDICATED
71780,111444.0,1944-10-17,15,AUSTRIA,CITY AREA,CITIES TOWNS AND URBAN AREAS,47.27,15.68,B24,2.0,1.0,,3.0,,,3.0,NOT INDICATED
71758,111445.0,1944-10-17,15,CZECHOSLOVAKIA,OIL REFINERY,OIL REFINERIES,49.85,18.3,B17,4.0,6.0,250.0,15.0,,,15.0,NOT INDICATED
71750,111446.0,1944-10-17,15,GERMANY,OIL REFINERY SYNTHETIC,SYNTHETIC OIL REFINERIES,50.33,18.3,B17,4.0,26.0,275.0,64.0,,,64.0,F.F.F.
71752,111447.0,1944-10-17,15,GERMANY,OIL REFINERY SYNTHETIC,SYNTHETIC OIL REFINERIES,50.33,18.3,B17,4.0,25.0,272.0,50.0,,,50.0,F.F.F.
71748,111448.0,1944-10-17,15,GERMANY,OIL REFINERY SYNTHETIC,SYNTHETIC OIL REFINERIES,50.33,18.3,B17,4.0,10.0,280.0,25.0,,,25.0,F.F.F.
71756,111449.0,1944-10-17,15,GERMANY,OIL REFINERY SYNTHETIC,SYNTHETIC OIL REFINERIES,50.33,18.3,B17,4.0,28.0,250.0,61.0,,,61.0,F.F.F.
71754,111450.0,1944-10-17,15,GERMANY,OIL REFINERY SYNTHETIC,SYNTHETIC OIL REFINERIES,50.33,18.3,B17,4.0,26.0,270.0,76.0,,,76.0,F.F.F.
71764,111459.0,1944-10-17,15,AUSTRIA,SAUERWERKE ENG PLANT,TANK FACTORIES,48.2,16.37,B24,4.0,26.0,230.0,52.0,,,52.0,F.F.F.
71761,111460.0,1944-10-17,15,AUSTRIA,SAUERWERKE ENG PLANT,TANK FACTORIES,48.2,16.37,B24,4.0,6.0,250.0,12.0,,,12.0,F.F.F.
71767,111461.0,1944-10-17,15,AUSTRIA,SAUERWERKE ENG PLANT,TANK FACTORIES,48.2,16.37,B24,4.0,24.0,230.0,46.0,,,46.0,F.F.F.
71765,111462.0,1944-10-17,15,AUSTRIA,SAUERWERKE ENG PLANT,TANK FACTORIES,48.2,16.37,B24,4.0,26.0,230.0,52.0,,,52.0,F.F.F.
71760,111463.0,1944-10-17,15,AUSTRIA,SAUERWERKE ENG PLANT,TANK FACTORIES,48.2,16.37,B24,4.0,6.0,250.0,12.0,,,12.0,F.F.F.
71766,111464.0,1944-10-17,15,AUSTRIA,SAUERWERKE ENG PLANT,TANK FACTORIES,48.2,16.37,B24,4.0,24.0,230.0,46.0,,,46.0,F.F.F.
71786,111467.0,1944-10-17,15,CZECHOSLOVAKIA,UNIDENTIFIED TARGET,UNIDENTIFIED TARGETS,50.0,17.33,B17,2.0,1.0,,10.0,,,10.0,NOT INDICATED
71778,111468.0,1944-10-17,15,AUSTRIA,CITY AREA,CITIES TOWNS AND URBAN AREAS,47.27,15.68,B24,2.0,1.0,,3.0,,,3.0,NOT INDICATED
71775,111469.0,1944-10-17,15,AUSTRIA,CITY AREA,CITIES TOWNS AND URBAN AREAS,48.2,16.37,B24,4.0,16.0,220.0,40.0,,,40.0,NOT INDICATED
71772,111470.0,1944-10-17,15,AUSTRIA,CITY AREA,CITIES TOWNS AND URBAN AREAS,48.2,16.37,B24,3.0,20.0,225.0,39.0,,,39.0,F.F.F.
71783,111471.0,1944-10-17,15,AUSTRIA,CITY AREA,CITIES TOWNS AND URBAN AREAS,48.2,16.37,B24,3.0,12.0,,24.0,,,24.0,F.F.F.
71787,175830.0,1944-10-17,15,CZECHOSLOVAKIA,UNIDENTIFIED TARGET,UNIDENTIFIED TARGETS,50.0,17.33,B17,2.0,1.0,,10.0,,,10.0,NOT INDICATED
71779,175839.0,1944-10-17,15,AUSTRIA,CITY AREA,CITIES TOWNS AND URBAN AREAS,47.27,15.68,B24,2.0,1.0,,3.0,,,3.0,NOT INDICATED
71776,175840.0,1944-10-17,15,AUSTRIA,CITY AREA,CITIES TOWNS AND URBAN AREAS,48.2,16.37,B24,4.0,16.0,220.0,40.0,,,40.0,NOT INDICATED
71773,175841.0,1944-10-17,15,AUSTRIA,CITY AREA,CITIES TOWNS AND URBAN AREAS,48.2,16.37,B24,3.0,20.0,225.0,39.0,,,39.0,F.F.F.
71784,175842.0,1944-10-17,15,AUSTRIA,CITY AREA,CITIES TOWNS AND URBAN AREAS,48.2,16.37,B24,3.0,12.0,,24.0,,,24.0,F.F.F.
71781,175847.0,1944-10-17,15,AUSTRIA,CITY AREA,CITIES TOWNS AND URBAN AREAS,47.27,15.68,B24,2.0,1.0,,3.0,,,3.0,NOT INDICATED
71777,175848.0,1944-10-17,15,AUSTRIA,CITY AREA,CITIES TOWNS AND URBAN AREAS,48.2,16.37,B24,4.0,16.0,220.0,40.0,,,40.0,NOT INDICATED
71774,175849.0,1944-10-17,15,AUSTRIA,CITY AREA,CITIES TOWNS AND URBAN AREAS,48.2,16.37,B24,3.0,20.0,225.0,39.0,,,39.0,F.F.F.
71785,175850.0,1944-10-17,15,AUSTRIA,CITY AREA,CITIES TOWNS AND URBAN AREAS,48.2,16.37,B24,3.0,12.0,,24.0,,,24.0,F.F.F.
71788,175852.0,1944-10-17,15,CZECHOSLOVAKIA,UNIDENTIFIED TARGET,UNIDENTIFIED TARGETS,50.0,17.33,B17,2.0,1.0,,10.0,,,10.0,NOT INDICATED
71768,175859.0,1944-10-17,15,AUSTRIA,SAUERWERKE ENG PLANT,TANK FACTORIES,48.2,16.37,B24,4.0,26.0,230.0,52.0,,,52.0,F.F.F.
71762,175860.0,1944-10-17,15,AUSTRIA,SAUERWERKE ENG PLANT,TANK FACTORIES,48.2,16.37,B24,4.0,6.0,250.0,12.0,,,12.0,F.F.F.
71771,175861.0,1944-10-17,15,AUSTRIA,SAUERWERKE ENG PLANT,TANK FACTORIES,48.2,16.37,B24,4.0,24.0,230.0,46.0,,,46.0,F.F.F.
71759,175862.0,1944-10-17,15,CZECHOSLOVAKIA,OIL REFINERY,OIL REFINERIES,49.85,18.3,B17,4.0,6.0,250.0,15.0,,,15.0,NOT INDICATED
71751,175863.0,1944-10-17,15,GERMANY,OIL REFINERY SYNTHETIC,SYNTHETIC OIL REFINERIES,50.33,18.3,B17,4.0,26.0,275.0,64.0,,,64.0,F.F.F.
71753,175864.0,1944-10-17,15,GERMANY,OIL REFINERY SYNTHETIC,SYNTHETIC OIL REFINERIES,50.33,18.3,B17,4.0,25.0,272.0,50.0,,,50.0,F.F.F.
71749,175865.0,1944-10-17,15,GERMANY,OIL REFINERY SYNTHETIC,SYNTHETIC OIL REFINERIES,50.33,18.3,B17,4.0,10.0,280.0,25.0,,,25.0,F.F.F.
71757,175866.0,1944-10-17,15,GERMANY,OIL REFINERY SYNTHETIC,SYNTHETIC OIL REFINERIES,50.33,18.3,B17,4.0,28.0,250.0,61.0,,,61.0,F.F.F.
71755,175867.0,1944-10-17,15,GERMANY,OIL REFINERY SYNTHETIC,SYNTHETIC OIL REFINERIES,50.33,18.3,B17,4.0,26.0,270.0,76.0,,,76.0,F.F.F.
71782,175869.0,1944-10-17,15,AUSTRIA,MARSHALLING YARDS,"""RR INSTALLATIONS,  TRACKS,  MARSHALLING YARDS,  AND STATIONS""",46.73,15.63,B24,2.0,6.0,,11.0,,,11.0,NOT INDICATED
71800,175870.0,1944-10-17,1,AUSTRIA,MARSHALLING YARD,"""RR INSTALLATIONS,  TRACKS,  MARSHALLING YARDS,  AND STATIONS""",45.95,7.97,B24,2.0,1.0,,3.0,,,3.0,NOT INDICATED
71789,175871.0,1944-10-17,12,AUSTRIA,MARSHALLING YARDS,"""RR INSTALLATIONS,  TRACKS,  MARSHALLING YARDS,  AND STATIONS""",48.2,16.37,B24,3.0,22.0,205.0,54.0,,,54.0,NOT INDICATED
71769,175983.0,1944-10-17,15,AUSTRIA,SAUERWERKE ENG PLANT,TANK FACTORIES,48.2,16.37,B24,4.0,26.0,230.0,52.0,,,52.0,F.F.F.
71763,175984.0,1944-10-17,15,AUSTRIA,SAUERWERKE ENG PLANT,TANK FACTORIES,48.2,16.37,B24,4.0,6.0,250.0,12.0,,,12.0,F.F.F.
71770,175985.0,1944-10-17,15,AUSTRIA,SAUERWERKE ENG PLANT,TANK FACTORIES,48.2,16.37,B24,4.0,24.0,230.0,46.0,,,46.0,F.F.F.
72911,111548.0,1944-10-18,1,GERMANY,BETTENHAUSEN,VEHICLE MFG. PLANTS,51.32,9.47,B17,2.0,1.0,,1.0,1.0,,2.0,NOT INDICATED
72912,111555.0,1944-10-18,1,GERMANY,BETTENHAUSEN,VEHICLE MFG. PLANTS,51.32,9.47,B17,2.0,1.0,,1.0,1.0,,2.0,NOT INDICATED
72913,176030.0,1944-10-18,1,GERMANY,BETTENHAUSEN,VEHICLE MFG. PLANTS,51.32,9.47,B17,2.0,1.0,,1.0,1.0,,2.0,NOT INDICATED
72914,176066.0,1944-10-18,1,GERMANY,BETTENHAUSEN,VEHICLE MFG. PLANTS,51.32,9.47,B17,2.0,1.0,,1.0,1.0,,2.0,NOT INDICATED
73860,111673.0,1944-10-19,15,AUSTRIA,UNIDENTIFIED TARGET,UNIDENTIFIED TARGETS,48.05,14.45,B17,2.0,3.0,,5.0,2.0,,7.0,NOT INDICATED
73861,111674.0,1944-10-19,15,AUSTRIA,UNIDENTIFIED TARGET,UNIDENTIFIED TARGETS,48.05,14.45,B17,2.0,1.0,,2.0,2.0,,4.0,NOT INDICATED
73862,111675.0,1944-10-19,15,AUSTRIA,UNIDENTIFIED TARGET,UNIDENTIFIED TARGETS,48.05,14.45,B17,2.0,1.0,,2.0,2.0,,4.0,NOT INDICATED
73871,111676.0,1944-10-19,9,GERMANY,CITY AREA,CITIES TOWNS AND URBAN AREAS,49.87,8.65,B17,2.0,2.0,,3.0,3.0,,6.0,NOT INDICATED
73863,176080.0,1944-10-19,15,AUSTRIA,UNIDENTIFIED TARGET,UNIDENTIFIED TARGETS,48.05,14.45,B17,2.0,3.0,,5.0,2.0,,7.0,NOT INDICATED
73864,176081.0,1944-10-19,15,AUSTRIA,UNIDENTIFIED TARGET,UNIDENTIFIED TARGETS,48.05,14.45,B17,2.0,1.0,,2.0,2.0,,4.0,NOT INDICATED
73865,176082.0,1944-10-19,15,AUSTRIA,UNIDENTIFIED TARGET,UNIDENTIFIED TARGETS,48.05,14.45,B17,2.0,1.0,,2.0,2.0,,4.0,NOT INDICATED
73872,176090.0,1944-10-19,9,GERMANY,CITY AREA,CITIES TOWNS AND URBAN AREAS,49.87,8.65,B17,2.0,2.0,,3.0,3.0,,6.0,NOT INDICATED
73873,176091.0,1944-10-19,9,GERMANY,CITY AREA,CITIES TOWNS AND URBAN AREAS,49.87,8.65,B17,2.0,2.0,,3.0,3.0,,6.0,NOT INDICATED
73866,176092.0,1944-10-19,15,AUSTRIA,UNIDENTIFIED TARGET,UNIDENTIFIED TARGETS,48.05,14.45,B17,2.0,3.0,,5.0,2.0,,7.0,NOT INDICATED
73867,176093.0,1944-10-19,15,AUSTRIA,UNIDENTIFIED TARGET,UNIDENTIFIED TARGETS,48.05,14.45,B17,2.0,1.0,,2.0,2.0,,4.0,NOT INDICATED
73868,176094.0,1944-10-19,15,AUSTRIA,UNIDENTIFIED TARGET,UNIDENTIFIED TARGETS,48.05,14.45,B17,2.0,1.0,,2.0,2.0,,4.0,NOT INDICATED
73869,176202.0,1944-10-19,9,GERMANY,MARSHALLING YARD,"""RR INSTALLATIONS,  TRACKS,  MARSHALLING YARDS,  AND STATIONS""",49.85,7.87,B17,2.0,13.0,296.0,20.0,6.0,,26.0,F.F.F.
73870,176204.0,1944-10-19,9,GERMANY,MARSHALLING YARD,"""RR INSTALLATIONS,  TRACKS,  MARSHALLING YARDS,  AND STATIONS""",49.85,7.87,B17,2.0,9.0,289.0,13.0,14.0,,27.0,F.F.F.
75412,111682.0,1944-10-20,15,CZECHOSLOVAKIA,BERGIUS SYN OR,SYNTHETIC OIL REFINERIES,50.52,13.63,B17,4.0,33.0,245.0,99.0,,,99.0,F.F.F.
75410,111683.0,1944-10-20,15,CZECHOSLOVAKIA,BERGIUS SYN OR,SYNTHETIC OIL REFINERIES,50.52,13.63,B17,4.0,35.0,270.0,93.0,,,93.0,F.F.F.
75414,111684.0,1944-10-20,15,CZECHOSLOVAKIA,BERGIUS SYN OR,SYNTHETIC OIL REFINERIES,50.52,13.63,B17,4.0,34.0,230.0,77.0,,,77.0,F.F.F.
75408,111685.0,1944-10-20,15,CZECHOSLOVAKIA,BERGIUS SYN OR,SYNTHETIC OIL REFINERIES,50.52,13.63,B17,4.0,30.0,295.0,68.0,,,68.0,F.F.F.
75416,111704.0,1944-10-20,15,GERMANY,AIR DROME,AIR FIELDS AND AIRDROMES,47.87,12.02,B24,3.0,11.0,225.0,,,22.0,22.0,NOT INDICATED
75423,111707.0,1944-10-20,15,CZECHOSLOVAKIA,SKODA ARMS WORKS,ARMAMENT AND ORDNANCE PLANTS,49.75,13.37,B17,3.0,1.0,,3.0,,,3.0,NOT INDICATED
75424,111708.0,1944-10-20,15,CZECHOSLOVAKIA,SKODA ARMS WORKS,ARMAMENT AND ORDNANCE PLANTS,49.75,13.37,B17,3.0,1.0,,3.0,,,3.0,NOT INDICATED
75425,176230.0,1944-10-20,15,CZECHOSLOVAKIA,SKODA ARMS WORKS,ARMAMENT AND ORDNANCE PLANTS,49.75,13.37,B17,3.0,1.0,,3.0,,,3.0,NOT INDICATED
75426,176236.0,1944-10-20,15,CZECHOSLOVAKIA,SKODA ARMS WORKS,ARMAMENT AND ORDNANCE PLANTS,49.75,13.37,B17,3.0,1.0,,3.0,,,3.0,NOT INDICATED
75413,176238.0,1944-10-20,15,CZECHOSLOVAKIA,BERGIUS SYN OR,SYNTHETIC OIL REFINERIES,50.52,13.63,B17,4.0,33.0,245.0,99.0,,,99.0,F.F.F.
75411,176239.0,1944-10-20,15,CZECHOSLOVAKIA,BERGIUS SYN OR,SYNTHETIC OIL REFINERIES,50.52,13.63,B17,4.0,35.0,270.0,93.0,,,93.0,F.F.F.
75415,176240.0,1944-10-20,15,CZECHOSLOVAKIA,BERGIUS SYN OR,SYNTHETIC OIL REFINERIES,50.52,13.63,B17,4.0,34.0,230.0,77.0,,,77.0,F.F.F.
75409,176241.0,1944-10-20,15,CZECHOSLOVAKIA,BERGIUS SYN OR,SYNTHETIC OIL REFINERIES,50.52,13.63,B17,4.0,30.0,295.0,68.0,,,68.0,F.F.F.
75419,176244.0,1944-10-20,15,AUSTRIA,MARSHALLING YARDS,"""RR INSTALLATIONS,  TRACKS,  MARSHALLING YARDS,  AND STATIONS""",47.27,11.38,B24,3.0,26.0,213.0,62.0,,,62.0,VISUAL
75420,176245.0,1944-10-20,15,AUSTRIA,MARSHALLING YARDS,"""RR INSTALLATIONS,  TRACKS,  MARSHALLING YARDS,  AND STATIONS""",47.27,11.38,B24,3.0,15.0,210.0,,,33.0,33.0,VISUAL
75422,176246.0,1944-10-20,15,AUSTRIA,BRIDGE,BRIDGES,47.58,12.18,B24,2.0,1.0,,3.0,,,3.0,NOT INDICATED
75428,176247.0,1944-10-20,9,CZECHOSLOVAKIA,MARSHALLING YARD,"""RR INSTALLATIONS,  TRACKS,  MARSHALLING YARDS,  AND STATIONS""",49.33,9.67,B17,2.0,1.0,,1.0,,,1.0,NOT INDICATED
75421,176248.0,1944-10-20,15,GERMANY,MARSHALLING YARDS,"""RR INSTALLATIONS,  TRACKS,  MARSHALLING YARDS,  AND STATIONS""",47.87,12.35,B24,2.0,36.0,210.0,90.0,,,90.0,NOT INDICATED
75427,176254.0,1944-10-20,15,GERMANY,MY,"""RR INSTALLATIONS,  TRACKS,  MARSHALLING YARDS,  AND STATIONS""",50.67,13.0,B17,2.0,1.0,,2.0,,,2.0,NOT INDICATED
75417,213717.0,1944-10-20,15,GERMANY,AIR DROME,AIR FIELDS AND AIRDROMES,47.87,12.02,B24,3.0,11.0,225.0,,,22.0,22.0,NOT INDICATED
75418,213720.0,1944-10-20,15,GERMANY,AIR DROME,AIR FIELDS AND AIRDROMES,47.87,12.02,B24,3.0,11.0,225.0,,,22.0,22.0,NOT INDICATED
76634,111721.0,1944-10-22,1,GERMANY,ORD DEPOT,SUPPLY DUMPS AND WAREHOUSES,52.03,8.53,B17,1.0,12.0,279.0,18.0,18.0,,36.0,F.F.F.
76637,111722.0,1944-10-22,1,GERMANY,ORD DEPOT,SUPPLY DUMPS AND WAREHOUSES,52.03,8.53,B17,1.0,11.0,275.0,17.0,17.0,,34.0,F.F.F.
76627,111723.0,1944-10-22,1,GERMANY,ORD DEPOT,SUPPLY DUMPS AND WAREHOUSES,52.03,8.53,B17,1.0,12.0,285.0,18.0,18.0,,36.0,F.F.F.
76630,111724.0,1944-10-22,1,GERMANY,BUSSING MT PLANT,VEHICLE MFG. PLANTS,52.25,10.5,B17,3.0,12.0,280.0,18.0,18.0,,36.0,F.F.F.
76631,111755.0,1944-10-22,1,GERMANY,BUSSING MT PLANT,VEHICLE MFG. PLANTS,52.25,10.5,B17,3.0,12.0,280.0,18.0,18.0,,36.0,F.F.F.
76632,176302.0,1944-10-22,1,GERMANY,BUSSING MT PLANT,VEHICLE MFG. PLANTS,52.25,10.5,B17,3.0,12.0,280.0,18.0,18.0,,36.0,F.F.F.
76633,176303.0,1944-10-22,1,GERMANY,BUSSING MT PLANT,VEHICLE MFG. PLANTS,52.25,10.5,B17,3.0,12.0,280.0,18.0,18.0,,36.0,F.F.F.
76296,176347.0,1944-10-22,9,GERMANY,R R,"""RR INSTALLATIONS,  TRACKS,  MARSHALLING YARDS,  AND STATIONS""",50.13,8.46,B17,3.0,11.0,272.0,17.0,14.0,,31.0,F.F.F.
76295,176348.0,1944-10-22,9,GERMANY,R R,"""RR INSTALLATIONS,  TRACKS,  MARSHALLING YARDS,  AND STATIONS""",50.13,8.46,B17,3.0,11.0,274.0,17.0,15.0,,32.0,F.F.F.
76607,176349.0,1944-10-22,9,GERMANY,R R,"""RR INSTALLATIONS,  TRACKS,  MARSHALLING YARDS,  AND STATIONS""",50.13,8.46,B17,3.0,11.0,260.0,18.0,9.0,,27.0,F.F.F.
76603,176350.0,1944-10-22,9,GERMANY,R R,"""RR INSTALLATIONS,  TRACKS,  MARSHALLING YARDS,  AND STATIONS""",50.13,8.46,B17,3.0,12.0,265.0,21.0,11.0,,32.0,F.F.F.
76608,176351.0,1944-10-22,9,GERMANY,R R,"""RR INSTALLATIONS,  TRACKS,  MARSHALLING YARDS,  AND STATIONS""",50.13,8.46,B17,3.0,12.0,260.0,18.0,17.0,,35.0,F.F.F.
76605,176352.0,1944-10-22,9,GERMANY,R R,"""RR INSTALLATIONS,  TRACKS,  MARSHALLING YARDS,  AND STATIONS""",50.13,8.46,B17,3.0,12.0,263.0,18.0,17.0,,35.0,F.F.F.
76619,176353.0,1944-10-22,9,GERMANY,R R,"""RR INSTALLATIONS,  TRACKS,  MARSHALLING YARDS,  AND STATIONS""",50.13,8.46,B17,3.0,13.0,255.0,20.0,18.0,,38.0,F.F.F.
76622,176354.0,1944-10-22,9,GERMANY,R R,"""RR INSTALLATIONS,  TRACKS,  MARSHALLING YARDS,  AND STATIONS""",50.13,8.46,B17,3.0,13.0,250.0,23.0,12.0,,35.0,F.F.F.
76609,176355.0,1944-10-22,9,GERMANY,R R,"""RR INSTALLATIONS,  TRACKS,  MARSHALLING YARDS,  AND STATIONS""",50.13,8.46,B17,3.0,13.0,260.0,21.0,12.0,,33.0,F.F.F.
76298,176356.0,1944-10-22,9,GERMANY,R R,"""RR INSTALLATIONS,  TRACKS,  MARSHALLING YARDS,  AND STATIONS""",50.13,8.46,B17,3.0,12.0,270.0,18.0,17.0,,35.0,F.F.F.
76297,176357.0,1944-10-22,9,GERMANY,R R,"""RR INSTALLATIONS,  TRACKS,  MARSHALLING YARDS,  AND STATIONS""",50.13,8.46,B17,3.0,13.0,272.0,19.0,18.0,,37.0,F.F.F.
76606,176358.0,1944-10-22,9,GERMANY,R R,"""RR INSTALLATIONS,  TRACKS,  MARSHALLING YARDS,  AND STATIONS""",50.13,8.46,B17,3.0,11.0,263.0,16.0,16.0,,32.0,F.F.F.
76613,176359.0,1944-10-22,9,GERMANY,R R,"""RR INSTALLATIONS,  TRACKS,  MARSHALLING YARDS,  AND STATIONS""",50.13,8.46,B17,3.0,4.0,258.0,6.0,6.0,,12.0,F.F.F.
76624,176360.0,1944-10-22,9,GERMANY,R R,"""RR INSTALLATIONS,  TRACKS,  MARSHALLING YARDS,  AND STATIONS""",50.13,8.46,B17,3.0,,,3.0,,,3.0,NOT INDICATED
76292,176361.0,1944-10-22,9,GERMANY,R R,"""RR INSTALLATIONS,  TRACKS,  MARSHALLING YARDS,  AND STATIONS""",50.13,8.46,B17,3.0,11.0,280.0,18.0,9.0,,27.0,F.F.F.
76625,176362.0,1944-10-22,9,GERMANY,R R,"""RR INSTALLATIONS,  TRACKS,  MARSHALLING YARDS,  AND STATIONS""",50.13,8.46,B17,3.0,,,2.0,,,2.0,NOT INDICATED
76290,176363.0,1944-10-22,9,GERMANY,R R,"""RR INSTALLATIONS,  TRACKS,  MARSHALLING YARDS,  AND STATIONS""",50.13,8.46,B17,3.0,11.0,286.0,20.0,10.0,,30.0,F.F.F.
76626,176364.0,1944-10-22,9,GERMANY,R R,"""RR INSTALLATIONS,  TRACKS,  MARSHALLING YARDS,  AND STATIONS""",50.13,8.46,B17,3.0,,,2.0,,,2.0,NOT INDICATED
76293,176365.0,1944-10-22,9,GERMANY,R R,"""RR INSTALLATIONS,  TRACKS,  MARSHALLING YARDS,  AND STATIONS""",50.13,8.46,B17,3.0,11.0,277.0,18.0,9.0,,27.0,F.F.F.
76615,176366.0,1944-10-22,9,GERMANY,R R,"""RR INSTALLATIONS,  TRACKS,  MARSHALLING YARDS,  AND STATIONS""",50.13,8.46,B17,3.0,8.0,257.0,14.0,8.0,,22.0,F.F.F.
76620,176367.0,1944-10-22,9,GERMANY,R R,"""RR INSTALLATIONS,  TRACKS,  MARSHALLING YARDS,  AND STATIONS""",50.13,8.46,B17,3.0,12.0,255.0,19.0,11.0,,30.0,F.F.F.
76604,176368.0,1944-10-22,9,GERMANY,R R,"""RR INSTALLATIONS,  TRACKS,  MARSHALLING YARDS,  AND STATIONS""",50.13,8.46,B17,3.0,11.0,265.0,15.0,15.0,,30.0,F.F.F.
76299,176369.0,1944-10-22,9,GERMANY,R R,"""RR INSTALLATIONS,  TRACKS,  MARSHALLING YARDS,  AND STATIONS""",50.13,8.46,B17,3.0,10.0,270.0,14.0,14.0,,28.0,F.F.F.
76614,176370.0,1944-10-22,9,GERMANY,R R,"""RR INSTALLATIONS,  TRACKS,  MARSHALLING YARDS,  AND STATIONS""",50.13,8.46,B17,3.0,9.0,258.0,11.0,6.0,,17.0,F.F.F.
76610,176371.0,1944-10-22,9,GERMANY,R R,"""RR INSTALLATIONS,  TRACKS,  MARSHALLING YARDS,  AND STATIONS""",50.13,8.46,B17,3.0,11.0,260.0,31.0,,,31.0,F.F.F.
76601,176372.0,1944-10-22,9,GERMANY,R R,"""RR INSTALLATIONS,  TRACKS,  MARSHALLING YARDS,  AND STATIONS""",50.13,8.46,B17,3.0,13.0,269.0,37.0,,,37.0,F.F.F.
76611,176373.0,1944-10-22,9,GERMANY,R R,"""RR INSTALLATIONS,  TRACKS,  MARSHALLING YARDS,  AND STATIONS""",50.13,8.46,B17,3.0,13.0,260.0,37.0,,,37.0,F.F.F.
76612,176374.0,1944-10-22,9,GERMANY,R R,"""RR INSTALLATIONS,  TRACKS,  MARSHALLING YARDS,  AND STATIONS""",50.13,8.46,B17,3.0,10.0,260.0,30.0,,,30.0,F.F.F.
76602,176375.0,1944-10-22,9,GERMANY,R R,"""RR INSTALLATIONS,  TRACKS,  MARSHALLING YARDS,  AND STATIONS""",50.13,8.46,B17,3.0,14.0,267.0,37.0,,,37.0,F.F.F.
76616,176376.0,1944-10-22,9,GERMANY,R R,"""RR INSTALLATIONS,  TRACKS,  MARSHALLING YARDS,  AND STATIONS""",50.13,8.46,B17,3.0,12.0,257.0,33.0,,,33.0,F.F.F.
76294,176377.0,1944-10-22,9,GERMANY,R R,"""RR INSTALLATIONS,  TRACKS,  MARSHALLING YARDS,  AND STATIONS""",50.13,8.46,B17,3.0,10.0,275.0,15.0,15.0,,30.0,F.F.F.
76291,176378.0,1944-10-22,9,GERMANY,R R,"""RR INSTALLATIONS,  TRACKS,  MARSHALLING YARDS,  AND STATIONS""",50.13,8.46,B17,3.0,13.0,285.0,20.0,20.0,,40.0,F.F.F.
76300,176379.0,1944-10-22,9,GERMANY,R R,"""RR INSTALLATIONS,  TRACKS,  MARSHALLING YARDS,  AND STATIONS""",50.13,8.46,B17,3.0,13.0,270.0,20.0,19.0,,39.0,F.F.F.
76621,176380.0,1944-10-22,9,GERMANY,R R,"""RR INSTALLATIONS,  TRACKS,  MARSHALLING YARDS,  AND STATIONS""",50.13,8.46,B17,3.0,13.0,254.0,20.0,20.0,,40.0,F.F.F.
76635,213738.0,1944-10-22,1,GERMANY,ORD DEPOT,SUPPLY DUMPS AND WAREHOUSES,52.03,8.53,B17,1.0,12.0,279.0,18.0,18.0,,36.0,F.F.F.
76638,213739.0,1944-10-22,1,GERMANY,ORD DEPOT,SUPPLY DUMPS AND WAREHOUSES,52.03,8.53,B17,1.0,11.0,275.0,17.0,17.0,,34.0,F.F.F.
76628,213740.0,1944-10-22,1,GERMANY,ORD DEPOT,SUPPLY DUMPS AND WAREHOUSES,52.03,8.53,B17,1.0,12.0,285.0,18.0,18.0,,36.0,F.F.F.
76636,213741.0,1944-10-22,1,GERMANY,ORD DEPOT,SUPPLY DUMPS AND WAREHOUSES,52.03,8.53,B17,1.0,12.0,279.0,18.0,18.0,,36.0,F.F.F.
76639,213742.0,1944-10-22,1,GERMANY,ORD DEPOT,SUPPLY DUMPS AND WAREHOUSES,52.03,8.53,B17,1.0,11.0,275.0,17.0,17.0,,34.0,F.F.F.
76629,213743.0,1944-10-22,1,GERMANY,ORD DEPOT,SUPPLY DUMPS AND WAREHOUSES,52.03,8.53,B17,1.0,12.0,285.0,18.0,18.0,,36.0,F.F.F.
77463,111757.0,1944-10-23,15,GERMANY,MAN DIESEL ENG FACT,MACHINERY & EQUIPMENT MFG. PLANTS,48.37,10.88,B24,4.0,41.0,210.0,102.0,,,102.0,F.F.F.
77457,111758.0,1944-10-23,15,GERMANY,MAN DIESEL ENG FACT,MACHINERY & EQUIPMENT MFG. PLANTS,48.37,10.88,B24,4.0,38.0,227.0,,76.0,,76.0,F.F.F.
77484,111762.0,1944-10-23,1,GERMANY,BMW AERO ENG PLANT,ENGINE PLANTS,48.17,11.58,B24,4.0,23.0,234.0,45.0,,,45.0,F.F.F.
77481,111763.0,1944-10-23,1,GERMANY,BMW AERO ENG PLANT,ENGINE PLANTS,48.17,11.58,B24,4.0,24.0,250.0,32.0,,,32.0,F.F.F.
77487,111764.0,1944-10-23,1,GERMANY,BMW AERO ENG PLANT,ENGINE PLANTS,48.17,11.58,B24,4.0,20.0,180.0,30.0,,,30.0,F.F.F.
77459,111765.0,1944-10-23,15,CZECHOSLOVAKIA,SKODA ARMS WORKS,ARMAMENT AND ORDNANCE PLANTS,49.75,13.37,B17,4.0,33.0,217.0,99.0,,,99.0,F.F.F.
77453,111766.0,1944-10-23,15,CZECHOSLOVAKIA,SKODA ARMS WORKS,ARMAMENT AND ORDNANCE PLANTS,49.75,13.37,B17,4.0,26.0,245.0,,32.0,,32.0,F.F.F.
77449,111767.0,1944-10-23,15,CZECHOSLOVAKIA,SKODA ARMS WORKS,ARMAMENT AND ORDNANCE PLANTS,49.75,13.37,B17,4.0,34.0,250.0,102.0,,,102.0,F.F.F.
77445,111768.0,1944-10-23,15,CZECHOSLOVAKIA,SKODA ARMS WORKS,ARMAMENT AND ORDNANCE PLANTS,49.75,13.37,B17,4.0,32.0,264.0,,41.0,,41.0,F.F.F.
77465,111769.0,1944-10-23,15,CZECHOSLOVAKIA,SKODA ARMS WORKS,ARMAMENT AND ORDNANCE PLANTS,49.75,13.37,B17,3.0,32.0,210.0,,41.0,,41.0,F.F.F.
77460,111770.0,1944-10-23,15,CZECHOSLOVAKIA,SKODA ARMS WORKS,ARMAMENT AND ORDNANCE PLANTS,49.75,13.37,B17,4.0,33.0,217.0,99.0,,,99.0,F.F.F.
77454,111771.0,1944-10-23,15,CZECHOSLOVAKIA,SKODA ARMS WORKS,ARMAMENT AND ORDNANCE PLANTS,49.75,13.37,B17,4.0,26.0,245.0,,32.0,,32.0,F.F.F.
77450,111772.0,1944-10-23,15,CZECHOSLOVAKIA,SKODA ARMS WORKS,ARMAMENT AND ORDNANCE PLANTS,49.75,13.37,B17,4.0,34.0,250.0,102.0,,,102.0,F.F.F.
77446,111773.0,1944-10-23,15,CZECHOSLOVAKIA,SKODA ARMS WORKS,ARMAMENT AND ORDNANCE PLANTS,49.75,13.37,B17,4.0,32.0,264.0,,41.0,,41.0,F.F.F.
77466,111774.0,1944-10-23,15,CZECHOSLOVAKIA,SKODA ARMS WORKS,ARMAMENT AND ORDNANCE PLANTS,49.75,13.37,B17,3.0,32.0,210.0,,41.0,,41.0,F.F.F.
77441,111775.0,1944-10-23,15,GERMANY,VOMAG TANK PLANT,TANK FACTORIES,50.48,12.13,B17,4.0,34.0,280.0,100.0,,,100.0,F.F.F.
77442,111776.0,1944-10-23,15,GERMANY,VOMAG TANK PLANT,TANK FACTORIES,50.48,12.13,B17,4.0,34.0,280.0,100.0,,,100.0,F.F.F.
77461,176381.0,1944-10-23,15,CZECHOSLOVAKIA,SKODA ARMS WORKS,ARMAMENT AND ORDNANCE PLANTS,49.75,13.37,B17,4.0,33.0,217.0,99.0,,,99.0,F.F.F.
77455,176382.0,1944-10-23,15,CZECHOSLOVAKIA,SKODA ARMS WORKS,ARMAMENT AND ORDNANCE PLANTS,49.75,13.37,B17,4.0,26.0,245.0,,32.0,,32.0,F.F.F.
77451,176383.0,1944-10-23,15,CZECHOSLOVAKIA,SKODA ARMS WORKS,ARMAMENT AND ORDNANCE PLANTS,49.75,13.37,B17,4.0,34.0,250.0,102.0,,,102.0,F.F.F.
77447,176384.0,1944-10-23,15,CZECHOSLOVAKIA,SKODA ARMS WORKS,ARMAMENT AND ORDNANCE PLANTS,49.75,13.37,B17,4.0,32.0,264.0,,41.0,,41.0,F.F.F.
77467,176385.0,1944-10-23,15,CZECHOSLOVAKIA,SKODA ARMS WORKS,ARMAMENT AND ORDNANCE PLANTS,49.75,13.37,B17,3.0,32.0,210.0,,41.0,,41.0,F.F.F.
77443,176386.0,1944-10-23,15,GERMANY,VOMAG TANK PLANT,TANK FACTORIES,50.48,12.13,B17,4.0,34.0,280.0,100.0,,,100.0,F.F.F.
77485,176387.0,1944-10-23,1,GERMANY,BMW AERO ENG PLANT,ENGINE PLANTS,48.17,11.58,B24,4.0,23.0,234.0,45.0,,,45.0,F.F.F.
77482,176388.0,1944-10-23,1,GERMANY,BMW AERO ENG PLANT,ENGINE PLANTS,48.17,11.58,B24,4.0,24.0,250.0,32.0,,,32.0,F.F.F.
77488,176389.0,1944-10-23,1,GERMANY,BMW AERO ENG PLANT,ENGINE PLANTS,48.17,11.58,B24,4.0,20.0,180.0,30.0,,,30.0,F.F.F.
77486,176390.0,1944-10-23,1,GERMANY,BMW AERO ENG PLANT,ENGINE PLANTS,48.17,11.58,B24,4.0,23.0,234.0,45.0,,,45.0,F.F.F.
77483,176391.0,1944-10-23,1,GERMANY,BMW AERO ENG PLANT,ENGINE PLANTS,48.17,11.58,B24,4.0,24.0,250.0,32.0,,,32.0,F.F.F.
77489,176392.0,1944-10-23,1,GERMANY,BMW AERO ENG PLANT,ENGINE PLANTS,48.17,11.58,B24,4.0,20.0,180.0,30.0,,,30.0,F.F.F.
77462,176393.0,1944-10-23,15,CZECHOSLOVAKIA,SKODA ARMS WORKS,ARMAMENT AND ORDNANCE PLANTS,49.75,13.37,B17,4.0,33.0,217.0,99.0,,,99.0,F.F.F.
77456,176394.0,1944-10-23,15,CZECHOSLOVAKIA,SKODA ARMS WORKS,ARMAMENT AND ORDNANCE PLANTS,49.75,13.37,B17,4.0,26.0,245.0,,32.0,,32.0,F.F.F.
77452,176395.0,1944-10-23,15,CZECHOSLOVAKIA,SKODA ARMS WORKS,ARMAMENT AND ORDNANCE PLANTS,49.75,13.37,B17,4.0,34.0,250.0,102.0,,,102.0,F.F.F.
77448,176396.0,1944-10-23,15,CZECHOSLOVAKIA,SKODA ARMS WORKS,ARMAMENT AND ORDNANCE PLANTS,49.75,13.37,B17,4.0,32.0,264.0,,41.0,,41.0,F.F.F.
77468,176397.0,1944-10-23,15,CZECHOSLOVAKIA,SKODA ARMS WORKS,ARMAMENT AND ORDNANCE PLANTS,49.75,13.37,B17,3.0,32.0,210.0,,41.0,,41.0,F.F.F.
77444,176398.0,1944-10-23,15,GERMANY,VOMAG TANK PLANT,TANK FACTORIES,50.48,12.13,B17,4.0,34.0,280.0,100.0,,,100.0,F.F.F.
77464,176399.0,1944-10-23,15,GERMANY,MAN DIESEL ENG FACT,MACHINERY & EQUIPMENT MFG. PLANTS,48.37,10.88,B24,4.0,41.0,210.0,102.0,,,102.0,F.F.F.
77458,176400.0,1944-10-23,15,GERMANY,MAN DIESEL ENG FACT,MACHINERY & EQUIPMENT MFG. PLANTS,48.37,10.88,B24,4.0,38.0,227.0,,76.0,,76.0,F.F.F.
78605,111779.0,1944-10-25,15,AUSTRIA,AC FACTORY,AIRCRAFT FACTORIES AND ASSEMBLY PLANTS,46.63,14.3,B17,4.0,1.0,,2.0,,,2.0,F.F.F.
78601,111780.0,1944-10-25,15,AUSTRIA,AC FACTORY,AIRCRAFT FACTORIES AND ASSEMBLY PLANTS,46.63,14.3,B17,4.0,1.0,244.0,2.0,,,2.0,F.F.F.
78297,111781.0,1944-10-25,15,AUSTRIA,AC FACTORY,AIRCRAFT FACTORIES AND ASSEMBLY PLANTS,46.63,14.3,B17,4.0,1.0,250.0,2.0,,,2.0,F.F.F.
78606,111873.0,1944-10-25,15,AUSTRIA,AC FACTORY,AIRCRAFT FACTORIES AND ASSEMBLY PLANTS,46.63,14.3,B17,4.0,1.0,,2.0,,,2.0,F.F.F.
78602,111874.0,1944-10-25,15,AUSTRIA,AC FACTORY,AIRCRAFT FACTORIES AND ASSEMBLY PLANTS,46.63,14.3,B17,4.0,1.0,244.0,2.0,,,2.0,F.F.F.
78298,111875.0,1944-10-25,15,AUSTRIA,AC FACTORY,AIRCRAFT FACTORIES AND ASSEMBLY PLANTS,46.63,14.3,B17,4.0,1.0,250.0,2.0,,,2.0,F.F.F.
78617,111876.0,1944-10-25,9,GERMANY,UNIDENTIFIED TARGET,UNIDENTIFIED TARGETS,53.55,8.58,B17,2.0,1.0,,1.0,,,1.0,NOT INDICATED
78618,111877.0,1944-10-25,9,GERMANY,UNIDENTIFIED TARGET,UNIDENTIFIED TARGETS,53.55,8.58,B17,2.0,1.0,,2.0,2.0,,4.0,NOT INDICATED
78630,111878.0,1944-10-25,9,GERMANY,UNIDENTIFIED TARGET,UNIDENTIFIED TARGETS,52.1,9.78,B24,,,,,,,,NOT INDICATED
78631,111879.0,1944-10-25,9,GERMANY,UNIDENTIFIED TARGET,UNIDENTIFIED TARGETS,52.1,9.78,B24,2.0,1.0,,3.0,,,3.0,NOT INDICATED
78607,176416.0,1944-10-25,15,AUSTRIA,AC FACTORY,AIRCRAFT FACTORIES AND ASSEMBLY PLANTS,46.63,14.3,B17,4.0,1.0,,2.0,,,2.0,F.F.F.
78603,176417.0,1944-10-25,15,AUSTRIA,AC FACTORY,AIRCRAFT FACTORIES AND ASSEMBLY PLANTS,46.63,14.3,B17,4.0,1.0,244.0,2.0,,,2.0,F.F.F.
78299,176418.0,1944-10-25,15,AUSTRIA,AC FACTORY,AIRCRAFT FACTORIES AND ASSEMBLY PLANTS,46.63,14.3,B17,4.0,1.0,250.0,2.0,,,2.0,F.F.F.
78619,176419.0,1944-10-25,9,GERMANY,UNIDENTIFIED TARGET,UNIDENTIFIED TARGETS,53.55,8.58,B17,2.0,1.0,,1.0,,,1.0,NOT INDICATED
78620,176420.0,1944-10-25,9,GERMANY,UNIDENTIFIED TARGET,UNIDENTIFIED TARGETS,53.55,8.58,B17,2.0,1.0,,2.0,2.0,,4.0,NOT INDICATED
78632,176421.0,1944-10-25,9,GERMANY,UNIDENTIFIED TARGET,UNIDENTIFIED TARGETS,52.1,9.78,B24,,,,,,,,NOT INDICATED
78633,176422.0,1944-10-25,9,GERMANY,UNIDENTIFIED TARGET,UNIDENTIFIED TARGETS,52.1,9.78,B24,2.0,1.0,,3.0,,,3.0,NOT INDICATED
78621,176427.0,1944-10-25,9,GERMANY,UNIDENTIFIED TARGET,UNIDENTIFIED TARGETS,53.55,8.58,B17,2.0,1.0,,1.0,,,1.0,NOT INDICATED
78622,176428.0,1944-10-25,9,GERMANY,UNIDENTIFIED TARGET,UNIDENTIFIED TARGETS,53.55,8.58,B17,2.0,1.0,,2.0,2.0,,4.0,NOT INDICATED
78628,176429.0,1944-10-25,9,GERMANY,UNIDENTIFIED TARGET,UNIDENTIFIED TARGETS,52.1,9.78,B24,,,,,,,,NOT INDICATED
78629,176430.0,1944-10-25,9,GERMANY,UNIDENTIFIED TARGET,UNIDENTIFIED TARGETS,52.1,9.78,B24,2.0,1.0,,3.0,,,3.0,NOT INDICATED
78608,176434.0,1944-10-25,15,AUSTRIA,AC FACTORY,AIRCRAFT FACTORIES AND ASSEMBLY PLANTS,46.63,14.3,B17,4.0,1.0,,2.0,,,2.0,F.F.F.
78604,176435.0,1944-10-25,15,AUSTRIA,AC FACTORY,AIRCRAFT FACTORIES AND ASSEMBLY PLANTS,46.63,14.3,B17,4.0,1.0,244.0,2.0,,,2.0,F.F.F.
78300,176436.0,1944-10-25,15,AUSTRIA,AC FACTORY,AIRCRAFT FACTORIES AND ASSEMBLY PLANTS,46.63,14.3,B17,4.0,1.0,250.0,2.0,,,2.0,F.F.F.
78296,176519.0,1944-10-25,15,AUSTRIA,MARSHALLING YARDS,"""RR INSTALLATIONS,  TRACKS,  MARSHALLING YARDS,  AND STATIONS""",46.75,14.37,B17,2.0,1.0,283.0,2.0,,,2.0,VISUAL
78634,176528.0,1944-10-25,9,GERMANY,R R,"""RR INSTALLATIONS,  TRACKS,  MARSHALLING YARDS,  AND STATIONS""",50.13,8.46,B24,3.0,3.0,,5.0,,,5.0,NOT INDICATED
78609,176529.0,1944-10-25,9,GERMANY,R R,"""RR INSTALLATIONS,  TRACKS,  MARSHALLING YARDS,  AND STATIONS""",50.13,8.46,B24,3.0,34.0,235.0,96.0,,,96.0,F.F.F.
79858,111893.0,1944-10-26,1,GERMANY,ORD DEPOT,SUPPLY DUMPS AND WAREHOUSES,52.03,8.53,B17,3.0,12.0,271.0,18.0,18.0,,36.0,F.F.F.
79873,111894.0,1944-10-26,1,GERMANY,ORD DEPOT,SUPPLY DUMPS AND WAREHOUSES,52.03,8.53,B17,3.0,12.0,263.0,18.0,18.0,,36.0,F.F.F.
79852,111895.0,1944-10-26,1,GERMANY,ORD DEPOT,SUPPLY DUMPS AND WAREHOUSES,52.03,8.53,B17,3.0,12.0,277.0,17.0,17.0,,34.0,F.F.F.
79859,111897.0,1944-10-26,1,GERMANY,ORD DEPOT,SUPPLY DUMPS AND WAREHOUSES,52.03,8.53,B17,3.0,12.0,271.0,18.0,18.0,,36.0,F.F.F.
79867,111898.0,1944-10-26,1,GERMANY,ORD DEPOT,SUPPLY DUMPS AND WAREHOUSES,52.03,8.53,B17,3.0,12.0,265.0,18.0,17.0,,35.0,F.F.F.
79853,111899.0,1944-10-26,1,GERMANY,ORD DEPOT,SUPPLY DUMPS AND WAREHOUSES,52.03,8.53,B17,3.0,12.0,277.0,18.0,18.0,,36.0,F.F.F.
79864,111907.0,1944-10-26,1,GERMANY,ORD DEPOT,SUPPLY DUMPS AND WAREHOUSES,52.03,8.53,B17,2.0,13.0,267.0,20.0,19.0,,39.0,F.F.F.
79868,111910.0,1944-10-26,1,GERMANY,ORD DEPOT,SUPPLY DUMPS AND WAREHOUSES,52.03,8.53,B17,1.0,13.0,265.0,16.0,16.0,,32.0,F.F.F.
79835,176612.0,1944-10-26,15,AUSTRIA,MARSHALLING YARDS,"""RR INSTALLATIONS,  TRACKS,  MARSHALLING YARDS,  AND STATIONS""",47.27,11.38,B17,4.0,2.0,272.0,4.0,,,4.0,VISUAL
79836,176613.0,1944-10-26,15,AUSTRIA,MARSHALLING YARDS,"""RR INSTALLATIONS,  TRACKS,  MARSHALLING YARDS,  AND STATIONS""",47.27,11.38,B17,4.0,2.0,260.0,5.0,,,5.0,F.F.F.
79837,176614.0,1944-10-26,15,AUSTRIA,MARSHALLING YARDS,"""RR INSTALLATIONS,  TRACKS,  MARSHALLING YARDS,  AND STATIONS""",47.27,11.38,B17,4.0,1.0,250.0,,2.0,,2.0,VISUAL
79834,176615.0,1944-10-26,15,AUSTRIA,MARSHALLING YARDS,"""RR INSTALLATIONS,  TRACKS,  MARSHALLING YARDS,  AND STATIONS""",47.27,11.38,B17,4.0,2.0,275.0,,5.0,,5.0,NOT INDICATED
79851,176633.0,1944-10-26,9,GERMANY,R R,"""RR INSTALLATIONS,  TRACKS,  MARSHALLING YARDS,  AND STATIONS""",50.13,8.46,B24,3.0,33.0,220.0,93.0,,,93.0,F.F.F.
79848,176634.0,1944-10-26,9,GERMANY,R R,"""RR INSTALLATIONS,  TRACKS,  MARSHALLING YARDS,  AND STATIONS""",50.13,8.46,B17,3.0,12.0,260.0,18.0,17.0,,35.0,F.F.F.
79850,176635.0,1944-10-26,9,GERMANY,R R,"""RR INSTALLATIONS,  TRACKS,  MARSHALLING YARDS,  AND STATIONS""",50.13,8.46,B17,3.0,11.0,252.0,17.0,17.0,,34.0,F.F.F.
79847,176636.0,1944-10-26,9,GERMANY,R R,"""RR INSTALLATIONS,  TRACKS,  MARSHALLING YARDS,  AND STATIONS""",50.13,8.46,B17,3.0,13.0,263.0,17.0,17.0,,34.0,F.F.F.
79840,176637.0,1944-10-26,9,GERMANY,R R,"""RR INSTALLATIONS,  TRACKS,  MARSHALLING YARDS,  AND STATIONS""",50.13,8.46,B17,3.0,12.0,284.0,27.0,,,27.0,F.F.F.
79843,176638.0,1944-10-26,9,GERMANY,R R,"""RR INSTALLATIONS,  TRACKS,  MARSHALLING YARDS,  AND STATIONS""",50.13,8.46,B17,3.0,11.0,277.0,25.0,,,25.0,F.F.F.
79838,176639.0,1944-10-26,9,GERMANY,R R,"""RR INSTALLATIONS,  TRACKS,  MARSHALLING YARDS,  AND STATIONS""",50.13,8.46,B17,3.0,12.0,299.0,27.0,,,27.0,F.F.F.
79845,176640.0,1944-10-26,9,GERMANY,R R,"""RR INSTALLATIONS,  TRACKS,  MARSHALLING YARDS,  AND STATIONS""",50.13,8.46,B17,3.0,12.0,274.0,27.0,,,27.0,F.F.F.
79841,176641.0,1944-10-26,9,GERMANY,R R,"""RR INSTALLATIONS,  TRACKS,  MARSHALLING YARDS,  AND STATIONS""",50.13,8.46,B17,3.0,14.0,280.0,32.0,,,32.0,F.F.F.
79842,176642.0,1944-10-26,9,GERMANY,R R,"""RR INSTALLATIONS,  TRACKS,  MARSHALLING YARDS,  AND STATIONS""",50.13,8.46,B17,3.0,12.0,278.0,27.0,,,27.0,F.F.F.
79839,176643.0,1944-10-26,9,GERMANY,R R,"""RR INSTALLATIONS,  TRACKS,  MARSHALLING YARDS,  AND STATIONS""",50.13,8.46,B17,3.0,14.0,290.0,31.0,,,31.0,F.F.F.
79846,176644.0,1944-10-26,9,GERMANY,R R,"""RR INSTALLATIONS,  TRACKS,  MARSHALLING YARDS,  AND STATIONS""",50.13,8.46,B17,3.0,11.0,270.0,16.0,17.0,,33.0,F.F.F.
79849,176645.0,1944-10-26,9,GERMANY,R R,"""RR INSTALLATIONS,  TRACKS,  MARSHALLING YARDS,  AND STATIONS""",50.13,8.46,B17,3.0,12.0,260.0,18.0,18.0,,36.0,F.F.F.
79844,176646.0,1944-10-26,9,GERMANY,R R,"""RR INSTALLATIONS,  TRACKS,  MARSHALLING YARDS,  AND STATIONS""",50.13,8.46,B17,3.0,13.0,275.0,19.0,20.0,,39.0,F.F.F.
79860,213766.0,1944-10-26,1,GERMANY,ORD DEPOT,SUPPLY DUMPS AND WAREHOUSES,52.03,8.53,B17,3.0,12.0,271.0,18.0,18.0,,36.0,F.F.F.
79854,213768.0,1944-10-26,1,GERMANY,ORD DEPOT,SUPPLY DUMPS AND WAREHOUSES,52.03,8.53,B17,3.0,12.0,277.0,17.0,17.0,,34.0,F.F.F.
79861,213770.0,1944-10-26,1,GERMANY,ORD DEPOT,SUPPLY DUMPS AND WAREHOUSES,52.03,8.53,B17,3.0,12.0,271.0,18.0,18.0,,36.0,F.F.F.
79869,213771.0,1944-10-26,1,GERMANY,ORD DEPOT,SUPPLY DUMPS AND WAREHOUSES,52.03,8.53,B17,3.0,12.0,265.0,18.0,17.0,,35.0,F.F.F.
79855,213772.0,1944-10-26,1,GERMANY,ORD DEPOT,SUPPLY DUMPS AND WAREHOUSES,52.03,8.53,B17,3.0,12.0,277.0,18.0,18.0,,36.0,F.F.F.
79865,213780.0,1944-10-26,1,GERMANY,ORD DEPOT,SUPPLY DUMPS AND WAREHOUSES,52.03,8.53,B17,2.0,13.0,267.0,20.0,19.0,,39.0,F.F.F.
79870,213783.0,1944-10-26,1,GERMANY,ORD DEPOT,SUPPLY DUMPS AND WAREHOUSES,52.03,8.53,B17,1.0,13.0,265.0,16.0,16.0,,32.0,F.F.F.
79862,213785.0,1944-10-26,1,GERMANY,ORD DEPOT,SUPPLY DUMPS AND WAREHOUSES,52.03,8.53,B17,3.0,12.0,271.0,18.0,18.0,,36.0,F.F.F.
79856,213787.0,1944-10-26,1,GERMANY,ORD DEPOT,SUPPLY DUMPS AND WAREHOUSES,52.03,8.53,B17,3.0,12.0,277.0,17.0,17.0,,34.0,F.F.F.
79863,213789.0,1944-10-26,1,GERMANY,ORD DEPOT,SUPPLY DUMPS AND WAREHOUSES,52.03,8.53,B17,3.0,12.0,271.0,18.0,18.0,,36.0,F.F.F.
79871,213790.0,1944-10-26,1,GERMANY,ORD DEPOT,SUPPLY DUMPS AND WAREHOUSES,52.03,8.53,B17,3.0,12.0,265.0,18.0,17.0,,35.0,F.F.F.
79857,213791.0,1944-10-26,1,GERMANY,ORD DEPOT,SUPPLY DUMPS AND WAREHOUSES,52.03,8.53,B17,3.0,12.0,277.0,18.0,18.0,,36.0,F.F.F.
79866,213799.0,1944-10-26,1,GERMANY,ORD DEPOT,SUPPLY DUMPS AND WAREHOUSES,52.03,8.53,B17,2.0,13.0,267.0,20.0,19.0,,39.0,F.F.F.
79872,213802.0,1944-10-26,1,GERMANY,ORD DEPOT,SUPPLY DUMPS AND WAREHOUSES,52.03,8.53,B17,1.0,13.0,265.0,16.0,16.0,,32.0,F.F.F.
81524,111976.0,1944-10-28,15,AUSTRIA,AC FACTORY,AIRCRAFT FACTORIES AND ASSEMBLY PLANTS,46.63,14.3,B17,4.0,2.0,231.0,4.0,,,4.0,F.F.F.
81520,111977.0,1944-10-28,15,AUSTRIA,AC FACTORY,AIRCRAFT FACTORIES AND ASSEMBLY PLANTS,46.63,14.3,B17,4.0,2.0,242.0,4.0,,,4.0,F.F.F.
81532,111978.0,1944-10-28,15,AUSTRIA,AC FACTORY,AIRCRAFT FACTORIES AND ASSEMBLY PLANTS,46.63,14.3,B17,4.0,2.0,230.0,5.0,,,5.0,F.F.F.
81525,111979.0,1944-10-28,15,AUSTRIA,AC FACTORY,AIRCRAFT FACTORIES AND ASSEMBLY PLANTS,46.63,14.3,B17,4.0,2.0,231.0,5.0,,,5.0,F.F.F.
81516,111980.0,1944-10-28,15,AUSTRIA,AC FACTORY,AIRCRAFT FACTORIES AND ASSEMBLY PLANTS,46.63,14.3,B17,4.0,2.0,250.0,6.0,,,6.0,F.F.F.
81554,111983.0,1944-10-28,9,BELGIUM,TACT TARGET,TACTICAL TARGETS: (UNIDENTIFIED OR NOT LISTED BELOW),50.33,5.67,B26,,,125.0,1.0,,,1.0,VISUAL
81526,111985.0,1944-10-28,15,AUSTRIA,AC FACTORY,AIRCRAFT FACTORIES AND ASSEMBLY PLANTS,46.63,14.3,B17,4.0,2.0,231.0,4.0,,,4.0,F.F.F.
81521,111986.0,1944-10-28,15,AUSTRIA,AC FACTORY,AIRCRAFT FACTORIES AND ASSEMBLY PLANTS,46.63,14.3,B17,4.0,2.0,242.0,4.0,,,4.0,F.F.F.
81533,111987.0,1944-10-28,15,AUSTRIA,AC FACTORY,AIRCRAFT FACTORIES AND ASSEMBLY PLANTS,46.63,14.3,B17,4.0,2.0,230.0,5.0,,,5.0,F.F.F.
81527,111988.0,1944-10-28,15,AUSTRIA,AC FACTORY,AIRCRAFT FACTORIES AND ASSEMBLY PLANTS,46.63,14.3,B17,4.0,2.0,231.0,5.0,,,5.0,F.F.F.
81517,111989.0,1944-10-28,15,AUSTRIA,AC FACTORY,AIRCRAFT FACTORIES AND ASSEMBLY PLANTS,46.63,14.3,B17,4.0,2.0,250.0,6.0,,,6.0,F.F.F.
81528,176647.0,1944-10-28,15,AUSTRIA,AC FACTORY,AIRCRAFT FACTORIES AND ASSEMBLY PLANTS,46.63,14.3,B17,4.0,2.0,231.0,4.0,,,4.0,F.F.F.
81522,176648.0,1944-10-28,15,AUSTRIA,AC FACTORY,AIRCRAFT FACTORIES AND ASSEMBLY PLANTS,46.63,14.3,B17,4.0,2.0,242.0,4.0,,,4.0,F.F.F.
81534,176649.0,1944-10-28,15,AUSTRIA,AC FACTORY,AIRCRAFT FACTORIES AND ASSEMBLY PLANTS,46.63,14.3,B17,4.0,2.0,230.0,5.0,,,5.0,F.F.F.
81529,176650.0,1944-10-28,15,AUSTRIA,AC FACTORY,AIRCRAFT FACTORIES AND ASSEMBLY PLANTS,46.63,14.3,B17,4.0,2.0,231.0,5.0,,,5.0,F.F.F.
81518,176651.0,1944-10-28,15,AUSTRIA,AC FACTORY,AIRCRAFT FACTORIES AND ASSEMBLY PLANTS,46.63,14.3,B17,4.0,2.0,250.0,6.0,,,6.0,F.F.F.
81530,176654.0,1944-10-28,15,AUSTRIA,AC FACTORY,AIRCRAFT FACTORIES AND ASSEMBLY PLANTS,46.63,14.3,B17,4.0,2.0,231.0,4.0,,,4.0,F.F.F.
81523,176655.0,1944-10-28,15,AUSTRIA,AC FACTORY,AIRCRAFT FACTORIES AND ASSEMBLY PLANTS,46.63,14.3,B17,4.0,2.0,242.0,4.0,,,4.0,F.F.F.
81535,176656.0,1944-10-28,15,AUSTRIA,AC FACTORY,AIRCRAFT FACTORIES AND ASSEMBLY PLANTS,46.63,14.3,B17,4.0,2.0,230.0,5.0,,,5.0,F.F.F.
81531,176657.0,1944-10-28,15,AUSTRIA,AC FACTORY,AIRCRAFT FACTORIES AND ASSEMBLY PLANTS,46.63,14.3,B17,4.0,2.0,231.0,5.0,,,5.0,F.F.F.
81519,176658.0,1944-10-28,15,AUSTRIA,AC FACTORY,AIRCRAFT FACTORIES AND ASSEMBLY PLANTS,46.63,14.3,B17,4.0,2.0,250.0,6.0,,,6.0,F.F.F.
81537,176678.0,1944-10-28,9,GERMANY,MARSHALLING YARD,"""RR INSTALLATIONS,  TRACKS,  MARSHALLING YARDS,  AND STATIONS""",48.13,11.58,B17,4.0,2.0,270.0,5.0,,,5.0,F.F.F.
81539,176679.0,1944-10-28,9,GERMANY,MARSHALLING YARD,"""RR INSTALLATIONS,  TRACKS,  MARSHALLING YARDS,  AND STATIONS""",48.13,11.58,B17,4.0,2.0,250.0,5.0,,,5.0,F.F.F.
81557,176680.0,1944-10-28,9,GERMANY,MARSHALLING YARD,"""RR INSTALLATIONS,  TRACKS,  MARSHALLING YARDS,  AND STATIONS""",48.13,11.58,B17,4.0,,,3.0,,,3.0,NOT INDICATED
81538,176681.0,1944-10-28,9,GERMANY,MARSHALLING YARD,"""RR INSTALLATIONS,  TRACKS,  MARSHALLING YARDS,  AND STATIONS""",48.13,11.58,B17,4.0,2.0,265.0,2.0,,,2.0,F.F.F.
81558,176682.0,1944-10-28,9,GERMANY,MARSHALLING YARD,"""RR INSTALLATIONS,  TRACKS,  MARSHALLING YARDS,  AND STATIONS""",48.13,11.58,B17,4.0,,,3.0,,,3.0,NOT INDICATED
81536,176683.0,1944-10-28,9,GERMANY,MARSHALLING YARD,"""RR INSTALLATIONS,  TRACKS,  MARSHALLING YARDS,  AND STATIONS""",48.13,11.58,B17,4.0,2.0,280.0,3.0,,,3.0,F.F.F.
81551,176684.0,1944-10-28,9,GERMANY,R R,"""RR INSTALLATIONS,  TRACKS,  MARSHALLING YARDS,  AND STATIONS""",50.13,8.46,B17,4.0,12.0,215.0,21.0,12.0,,33.0,F.F.F.
81552,176685.0,1944-10-28,9,GERMANY,R R,"""RR INSTALLATIONS,  TRACKS,  MARSHALLING YARDS,  AND STATIONS""",50.13,8.46,B17,4.0,11.0,215.0,19.0,11.0,,30.0,F.F.F.
81559,176686.0,1944-10-28,9,GERMANY,R R,"""RR INSTALLATIONS,  TRACKS,  MARSHALLING YARDS,  AND STATIONS""",50.13,8.46,B17,4.0,12.0,,20.0,12.0,,32.0,F.F.F.
81546,176687.0,1944-10-28,9,GERMANY,R R,"""RR INSTALLATIONS,  TRACKS,  MARSHALLING YARDS,  AND STATIONS""",50.13,8.46,B17,4.0,10.0,220.0,18.0,10.0,,28.0,F.F.F.
81541,176688.0,1944-10-28,9,GERMANY,R R,"""RR INSTALLATIONS,  TRACKS,  MARSHALLING YARDS,  AND STATIONS""",50.13,8.46,B17,4.0,12.0,231.0,17.0,10.0,,27.0,F.F.F.
81547,176689.0,1944-10-28,9,GERMANY,R R,"""RR INSTALLATIONS,  TRACKS,  MARSHALLING YARDS,  AND STATIONS""",50.13,8.46,B17,4.0,12.0,220.0,20.0,11.0,,31.0,F.F.F.
81550,176690.0,1944-10-28,9,GERMANY,R R,"""RR INSTALLATIONS,  TRACKS,  MARSHALLING YARDS,  AND STATIONS""",50.13,8.46,B17,4.0,12.0,218.0,21.0,12.0,,33.0,F.F.F.
81542,176691.0,1944-10-28,9,GERMANY,R R,"""RR INSTALLATIONS,  TRACKS,  MARSHALLING YARDS,  AND STATIONS""",50.13,8.46,B17,4.0,12.0,231.0,21.0,12.0,,33.0,F.F.F.
81549,176692.0,1944-10-28,9,GERMANY,R R,"""RR INSTALLATIONS,  TRACKS,  MARSHALLING YARDS,  AND STATIONS""",50.13,8.46,B17,4.0,12.0,219.0,18.0,18.0,,36.0,VISUAL
81553,176693.0,1944-10-28,9,GERMANY,R R,"""RR INSTALLATIONS,  TRACKS,  MARSHALLING YARDS,  AND STATIONS""",50.13,8.46,B17,4.0,12.0,214.0,18.0,18.0,,36.0,F.F.F.
81543,176694.0,1944-10-28,9,GERMANY,R R,"""RR INSTALLATIONS,  TRACKS,  MARSHALLING YARDS,  AND STATIONS""",50.13,8.46,B17,4.0,12.0,229.0,18.0,18.0,,36.0,F.F.F.
81544,176695.0,1944-10-28,9,GERMANY,R R,"""RR INSTALLATIONS,  TRACKS,  MARSHALLING YARDS,  AND STATIONS""",50.13,8.46,B17,4.0,12.0,225.0,17.0,18.0,,35.0,F.F.F.
81548,176696.0,1944-10-28,9,GERMANY,R R,"""RR INSTALLATIONS,  TRACKS,  MARSHALLING YARDS,  AND STATIONS""",50.13,8.46,B17,4.0,11.0,220.0,16.0,14.0,,30.0,F.F.F.
81540,176697.0,1944-10-28,9,GERMANY,R R,"""RR INSTALLATIONS,  TRACKS,  MARSHALLING YARDS,  AND STATIONS""",50.13,8.46,B17,4.0,13.0,240.0,19.0,21.0,,40.0,F.F.F.
81545,176698.0,1944-10-28,9,GERMANY,R R,"""RR INSTALLATIONS,  TRACKS,  MARSHALLING YARDS,  AND STATIONS""",50.13,8.46,B17,4.0,12.0,225.0,21.0,12.0,,33.0,F.F.F.
81555,213811.0,1944-10-28,9,BELGIUM,TACT TARGET,TACTICAL TARGETS: (UNIDENTIFIED OR NOT LISTED BELOW),50.33,5.67,B26,,,125.0,1.0,,,1.0,VISUAL
81556,213813.0,1944-10-28,9,BELGIUM,TACT TARGET,TACTICAL TARGETS: (UNIDENTIFIED OR NOT LISTED BELOW),50.33,5.67,B26,,,125.0,1.0,,,1.0,VISUAL
81974,111991.0,1944-10-29,9,GERMANY,BRIDGE,BRIDGES,51.2,6.85,B26,,,125.0,60.0,,,60.0,NOT INDICATED
81975,111992.0,1944-10-29,9,GERMANY,BRIDGE,BRIDGES,51.2,6.85,B26,,,125.0,2.0,,,2.0,NOT INDICATED
81978,176699.0,1944-10-29,9,GERMANY,MARSHALLING YARD,"""RR INSTALLATIONS,  TRACKS,  MARSHALLING YARDS,  AND STATIONS""",48.13,11.58,B24,4.0,10.0,,,18.0,,18.0,NOT INDICATED
81972,176700.0,1944-10-29,9,GERMANY,MARSHALLING YARD,"""RR INSTALLATIONS,  TRACKS,  MARSHALLING YARDS,  AND STATIONS""",48.13,11.58,B24,4.0,19.0,249.0,33.0,,,33.0,NOT INDICATED
81973,176701.0,1944-10-29,9,GERMANY,MARSHALLING YARD,"""RR INSTALLATIONS,  TRACKS,  MARSHALLING YARDS,  AND STATIONS""",48.13,11.58,B24,4.0,6.0,245.0,10.0,,,10.0,F.F.F.
81976,213816.0,1944-10-29,9,GERMANY,BRIDGE,BRIDGES,51.2,6.85,B26,,,125.0,60.0,,,60.0,NOT INDICATED
81977,213817.0,1944-10-29,9,GERMANY,BRIDGE,BRIDGES,51.2,6.85,B26,,,125.0,2.0,,,2.0,NOT INDICATED
82457,112011.0,1944-10-30,12,AUSTRIA,CITY AREA,CITIES TOWNS AND URBAN AREAS,46.63,14.3,B24,4.0,2.0,210.0,4.0,,,4.0,F.F.F.
82477,112013.0,1944-10-30,9,GERMANY,UNIDENTIFIED TARGET,UNIDENTIFIED TARGETS,53.55,8.58,B24,2.0,2.0,,5.0,,,5.0,NOT INDICATED
82478,176702.0,1944-10-30,9,GERMANY,UNIDENTIFIED TARGET,UNIDENTIFIED TARGETS,53.55,8.58,B24,2.0,2.0,,5.0,,,5.0,NOT INDICATED
82458,176711.0,1944-10-30,12,AUSTRIA,CITY AREA,CITIES TOWNS AND URBAN AREAS,46.63,14.3,B24,4.0,2.0,210.0,4.0,,,4.0,F.F.F.
82459,176715.0,1944-10-30,12,AUSTRIA,CITY AREA,CITIES TOWNS AND URBAN AREAS,46.63,14.3,B24,4.0,2.0,210.0,4.0,,,4.0,F.F.F.
82476,176716.0,1944-10-30,9,GERMANY,UNIDENTIFIED TARGET,UNIDENTIFIED TARGETS,53.55,8.58,B24,2.0,2.0,,5.0,,,5.0,NOT INDICATED
82460,176738.0,1944-10-30,12,AUSTRIA,RR,"""RR INSTALLATIONS,  TRACKS,  MARSHALLING YARDS,  AND STATIONS""",46.63,14.3,B24,4.0,1.0,210.0,2.0,,,2.0,F.F.F.
82471,176762.0,1944-10-30,9,GERMANY,R R,"""RR INSTALLATIONS,  TRACKS,  MARSHALLING YARDS,  AND STATIONS""",50.13,8.46,B17,3.0,12.0,271.0,30.0,,,30.0,F.F.F.
82472,176763.0,1944-10-30,9,GERMANY,R R,"""RR INSTALLATIONS,  TRACKS,  MARSHALLING YARDS,  AND STATIONS""",50.13,8.46,B17,3.0,11.0,268.0,28.0,,,28.0,F.F.F.
82464,176764.0,1944-10-30,9,GERMANY,R R,"""RR INSTALLATIONS,  TRACKS,  MARSHALLING YARDS,  AND STATIONS""",50.13,8.46,B17,3.0,11.0,290.0,27.0,,,27.0,F.F.F.
82470,176765.0,1944-10-30,9,GERMANY,R R,"""RR INSTALLATIONS,  TRACKS,  MARSHALLING YARDS,  AND STATIONS""",50.13,8.46,B17,3.0,12.0,273.0,29.0,,,29.0,F.F.F.
82473,176766.0,1944-10-30,9,GERMANY,R R,"""RR INSTALLATIONS,  TRACKS,  MARSHALLING YARDS,  AND STATIONS""",50.13,8.46,B17,3.0,11.0,268.0,27.0,,,27.0,F.F.F.
82465,176767.0,1944-10-30,9,GERMANY,R R,"""RR INSTALLATIONS,  TRACKS,  MARSHALLING YARDS,  AND STATIONS""",50.13,8.46,B17,3.0,11.0,289.0,26.0,,,26.0,F.F.F.
82468,176768.0,1944-10-30,9,GERMANY,R R,"""RR INSTALLATIONS,  TRACKS,  MARSHALLING YARDS,  AND STATIONS""",50.13,8.46,B17,3.0,12.0,278.0,27.0,,,27.0,F.F.F.
82466,176769.0,1944-10-30,9,GERMANY,R R,"""RR INSTALLATIONS,  TRACKS,  MARSHALLING YARDS,  AND STATIONS""",50.13,8.46,B17,3.0,12.0,287.0,28.0,,,28.0,F.F.F.
82467,176770.0,1944-10-30,9,GERMANY,R R,"""RR INSTALLATIONS,  TRACKS,  MARSHALLING YARDS,  AND STATIONS""",50.13,8.46,B17,3.0,11.0,285.0,25.0,,,25.0,F.F.F.
82462,176771.0,1944-10-30,9,GERMANY,R R,"""RR INSTALLATIONS,  TRACKS,  MARSHALLING YARDS,  AND STATIONS""",50.13,8.46,B17,3.0,12.0,296.0,27.0,,,27.0,F.F.F.
82461,176772.0,1944-10-30,9,GERMANY,R R,"""RR INSTALLATIONS,  TRACKS,  MARSHALLING YARDS,  AND STATIONS""",50.13,8.46,B17,3.0,9.0,306.0,20.0,,,20.0,F.F.F.
82469,176773.0,1944-10-30,9,GERMANY,R R,"""RR INSTALLATIONS,  TRACKS,  MARSHALLING YARDS,  AND STATIONS""",50.13,8.46,B17,3.0,11.0,275.0,25.0,,,25.0,F.F.F.
82474,176774.0,1944-10-30,9,GERMANY,R R,"""RR INSTALLATIONS,  TRACKS,  MARSHALLING YARDS,  AND STATIONS""",50.13,8.46,B17,3.0,9.0,268.0,20.0,,,20.0,F.F.F.
82463,176775.0,1944-10-30,9,GERMANY,R R,"""RR INSTALLATIONS,  TRACKS,  MARSHALLING YARDS,  AND STATIONS""",50.13,8.46,B17,3.0,10.0,291.0,19.0,,,19.0,F.F.F.
82479,176776.0,1944-10-30,9,GERMANY,R R,"""RR INSTALLATIONS,  TRACKS,  MARSHALLING YARDS,  AND STATIONS""",50.13,8.46,B17,2.0,1.0,,2.0,,,2.0,NOT INDICATED
82480,176777.0,1944-10-30,9,GERMANY,R R,"""RR INSTALLATIONS,  TRACKS,  MARSHALLING YARDS,  AND STATIONS""",50.13,8.46,B17,2.0,1.0,,2.0,,,2.0,NOT INDICATED
83680,112024.0,1944-11-01,15,AUSTRIA,UNIDENTIFIED TARGET,UNIDENTIFIED TARGETS,47.27,15.68,B24,2.0,1.0,,3.0,,,3.0,NOT INDICATED
83684,112025.0,1944-11-01,15,AUSTRIA,UNIDENTIFIED TARGET,UNIDENTIFIED TARGETS,47.07,15.43,B17,2.0,3.0,,5.0,,,5.0,NOT INDICATED
83685,112026.0,1944-11-01,15,AUSTRIA,UNIDENTIFIED TARGET,UNIDENTIFIED TARGETS,47.07,15.43,B17,3.0,1.0,,3.0,,,3.0,NOT INDICATED
83672,112027.0,1944-11-01,15,AUSTRIA,UNIDENTIFIED TARGET,UNIDENTIFIED TARGETS,47.07,15.43,B24,2.0,6.0,223.0,15.0,,,15.0,NOT INDICATED
83656,112028.0,1944-11-01,15,AUSTRIA,OIL STORAGE,OIL STORAGE FACILITIES AND OTHER OIL INSTALLATIONS,47.07,15.43,B17,4.0,12.0,287.0,20.0,,,20.0,F.F.F.
83658,112046.0,1944-11-01,15,AUSTRIA,GOODS DEPOT,SUPPLY DUMPS AND WAREHOUSES,48.2,16.37,B17,4.0,20.0,280.0,40.0,,,40.0,F.F.F.
83659,112047.0,1944-11-01,15,AUSTRIA,GOODS DEPOT,SUPPLY DUMPS AND WAREHOUSES,48.2,16.37,B17,4.0,33.0,280.0,82.0,,,82.0,F.F.F.
83664,112048.0,1944-11-01,15,AUSTRIA,GOODS DEPOT,SUPPLY DUMPS AND WAREHOUSES,48.2,16.37,B24,4.0,25.0,245.0,35.0,,,35.0,F.F.F.
83667,112049.0,1944-11-01,15,AUSTRIA,GOODS DEPOT,SUPPLY DUMPS AND WAREHOUSES,48.2,16.37,B24,4.0,1.0,240.0,2.0,,,2.0,NOT INDICATED
83673,112052.0,1944-11-01,15,AUSTRIA,EXPLOSIVES MFG PLANTS,EXPLOSIVES MFG. PLANTS,47.07,15.43,B24,3.0,26.0,223.0,58.0,,,58.0,F.F.F.
83670,112053.0,1944-11-01,15,AUSTRIA,EXPLOSIVES MFG PLANTS,EXPLOSIVES MFG. PLANTS,47.07,15.43,B24,3.0,26.0,223.0,58.0,,,58.0,F.F.F.
83682,112055.0,1944-11-01,15,AUSTRIA,CITY AREA,CITIES TOWNS AND URBAN AREAS,47.35,16.17,B24,2.0,1.0,,2.0,,,2.0,NOT INDICATED
83690,112056.0,1944-11-01,15,AUSTRIA,CITY AREA,CITIES TOWNS AND URBAN AREAS,47.43,15.32,B24,2.0,7.0,,14.0,,,14.0,NOT INDICATED
83681,176778.0,1944-11-01,15,AUSTRIA,UNIDENTIFIED TARGET,UNIDENTIFIED TARGETS,47.27,15.68,B24,2.0,1.0,,3.0,,,3.0,NOT INDICATED
83686,176779.0,1944-11-01,15,AUSTRIA,UNIDENTIFIED TARGET,UNIDENTIFIED TARGETS,47.07,15.43,B17,3.0,1.0,,3.0,,,3.0,NOT INDICATED
83674,176780.0,1944-11-01,15,AUSTRIA,UNIDENTIFIED TARGET,UNIDENTIFIED TARGETS,47.07,15.43,B24,2.0,6.0,223.0,15.0,,,15.0,NOT INDICATED
83687,176781.0,1944-11-01,15,AUSTRIA,UNIDENTIFIED TARGET,UNIDENTIFIED TARGETS,47.07,15.43,B17,2.0,3.0,,5.0,,,5.0,NOT INDICATED
83683,176783.0,1944-11-01,15,AUSTRIA,CITY AREA,CITIES TOWNS AND URBAN AREAS,47.35,16.17,B24,2.0,1.0,,2.0,,,2.0,NOT INDICATED
83691,176784.0,1944-11-01,15,AUSTRIA,CITY AREA,CITIES TOWNS AND URBAN AREAS,47.43,15.32,B24,2.0,7.0,,14.0,,,14.0,NOT INDICATED
83692,176787.0,1944-11-01,15,AUSTRIA,CITY AREA,CITIES TOWNS AND URBAN AREAS,47.43,15.32,B24,2.0,7.0,,14.0,,,14.0,NOT INDICATED
83679,176791.0,1944-11-01,15,AUSTRIA,UNIDENTIFIED TARGET,UNIDENTIFIED TARGETS,47.27,15.68,B24,2.0,1.0,,3.0,,,3.0,NOT INDICATED
83688,176792.0,1944-11-01,15,AUSTRIA,UNIDENTIFIED TARGET,UNIDENTIFIED TARGETS,47.07,15.43,B17,3.0,1.0,,3.0,,,3.0,NOT INDICATED
83671,176793.0,1944-11-01,15,AUSTRIA,UNIDENTIFIED TARGET,UNIDENTIFIED TARGETS,47.07,15.43,B24,2.0,6.0,223.0,15.0,,,15.0,NOT INDICATED
83689,176794.0,1944-11-01,15,AUSTRIA,UNIDENTIFIED TARGET,UNIDENTIFIED TARGETS,47.07,15.43,B17,2.0,3.0,,5.0,,,5.0,NOT INDICATED
83675,176797.0,1944-11-01,15,AUSTRIA,EXPLOSIVES MFG PLANTS,EXPLOSIVES MFG. PLANTS,47.07,15.43,B24,3.0,26.0,223.0,58.0,,,58.0,F.F.F.
83657,176798.0,1944-11-01,15,AUSTRIA,OIL STORAGE,OIL STORAGE FACILITIES AND OTHER OIL INSTALLATIONS,47.07,15.43,B17,4.0,12.0,287.0,20.0,,,20.0,F.F.F.
83677,176822.0,1944-11-01,15,AUSTRIA,MARSHALLING YARDS,"""RR INSTALLATIONS,  TRACKS,  MARSHALLING YARDS,  AND STATIONS""",47.05,16.33,B24,2.0,5.0,202.0,13.0,,,13.0,NOT INDICATED
83693,176823.0,1944-11-01,15,AUSTRIA,MARSHALLING YARDS,"""RR INSTALLATIONS,  TRACKS,  MARSHALLING YARDS,  AND STATIONS""",48.2,16.37,B24,2.0,7.0,,12.0,,,12.0,F.F.F.
83678,176825.0,1944-11-01,15,AUSTRIA,RR INSTALLTION,"""RR INSTALLATIONS,  TRACKS,  MARSHALLING YARDS,  AND STATIONS""",46.67,15.0,B17,2.0,1.0,129.0,2.0,,,2.0,NOT INDICATED
83695,176826.0,1944-11-01,9,GERMANY,MARSHALLING YARD,"""RR INSTALLATIONS,  TRACKS,  MARSHALLING YARDS,  AND STATIONS""",50.35,7.6,B17,3.0,11.0,215.0,33.0,,,33.0,F.F.F.
83696,176827.0,1944-11-01,9,GERMANY,MARSHALLING YARD,"""RR INSTALLATIONS,  TRACKS,  MARSHALLING YARDS,  AND STATIONS""",50.35,7.6,B17,3.0,13.0,210.0,37.0,,,37.0,F.F.F.
83676,176839.0,1944-11-01,15,AUSTRIA,EXPLOSIVES MFG PLANTS,EXPLOSIVES MFG. PLANTS,47.07,15.43,B24,3.0,26.0,223.0,58.0,,,58.0,F.F.F.
83660,208956.0,1944-11-01,15,AUSTRIA,GOODS DEPOT,SUPPLY DUMPS AND WAREHOUSES,48.2,16.37,B17,4.0,20.0,280.0,40.0,,,40.0,F.F.F.
83661,208957.0,1944-11-01,15,AUSTRIA,GOODS DEPOT,SUPPLY DUMPS AND WAREHOUSES,48.2,16.37,B17,4.0,33.0,280.0,82.0,,,82.0,F.F.F.
83662,213847.0,1944-11-01,15,AUSTRIA,GOODS DEPOT,SUPPLY DUMPS AND WAREHOUSES,48.2,16.37,B17,4.0,20.0,280.0,40.0,,,40.0,F.F.F.
83663,213848.0,1944-11-01,15,AUSTRIA,GOODS DEPOT,SUPPLY DUMPS AND WAREHOUSES,48.2,16.37,B17,4.0,33.0,280.0,82.0,,,82.0,F.F.F.
83666,213849.0,1944-11-01,15,AUSTRIA,GOODS DEPOT,SUPPLY DUMPS AND WAREHOUSES,48.2,16.37,B24,4.0,25.0,245.0,35.0,,,35.0,F.F.F.
83669,213850.0,1944-11-01,15,AUSTRIA,GOODS DEPOT,SUPPLY DUMPS AND WAREHOUSES,48.2,16.37,B24,4.0,1.0,240.0,2.0,,,2.0,NOT INDICATED
83665,214058.0,1944-11-01,15,AUSTRIA,GOODS DEPOT,SUPPLY DUMPS AND WAREHOUSES,48.2,16.37,B24,4.0,25.0,245.0,35.0,,,35.0,F.F.F.
83668,214059.0,1944-11-01,15,AUSTRIA,GOODS DEPOT,SUPPLY DUMPS AND WAREHOUSES,48.2,16.37,B24,4.0,1.0,240.0,2.0,,,2.0,NOT INDICATED
84490,112064.0,1944-11-02,15,AUSTRIA,SYN OIL REFINERY,OIL REFINERIES,48.32,15.92,B17,4.0,2.0,245.0,5.0,,,5.0,F.F.F.
84488,112065.0,1944-11-02,15,AUSTRIA,SYN OIL REFINERY,OIL REFINERIES,48.32,15.92,B17,4.0,2.0,260.0,5.0,,,5.0,F.F.F.
84486,112066.0,1944-11-02,15,AUSTRIA,SYN OIL REFINERY,OIL REFINERIES,48.32,15.92,B17,4.0,2.0,280.0,5.0,,,5.0,F.F.F.
84500,112073.0,1944-11-02,9,GERMANY,BRIDGE,BRIDGES,50.05,7.13,B26,,,135.0,50.0,,,50.0,VISUAL
84493,112139.0,1944-11-02,12,AUSTRIA,CITY AREA,CITIES TOWNS AND URBAN AREAS,46.63,14.3,B17,2.0,1.0,270.0,3.0,,,3.0,F.F.F.
84494,176862.0,1944-11-02,12,AUSTRIA,CITY AREA,CITIES TOWNS AND URBAN AREAS,46.63,14.3,B17,2.0,1.0,270.0,3.0,,,3.0,F.F.F.
84491,176887.0,1944-11-02,15,AUSTRIA,SYN OIL REFINERY,OIL REFINERIES,48.32,15.92,B17,4.0,2.0,245.0,5.0,,,5.0,F.F.F.
84489,176888.0,1944-11-02,15,AUSTRIA,SYN OIL REFINERY,OIL REFINERIES,48.32,15.92,B17,4.0,2.0,260.0,5.0,,,5.0,F.F.F.
84487,176889.0,1944-11-02,15,AUSTRIA,SYN OIL REFINERY,OIL REFINERIES,48.32,15.92,B17,4.0,2.0,280.0,5.0,,,5.0,F.F.F.
84498,176963.0,1944-11-02,9,GERMANY,MARSHALLING YARD,"""RR INSTALLATIONS,  TRACKS,  MARSHALLING YARDS,  AND STATIONS""",52.03,8.53,B24,4.0,23.0,235.0,56.0,,,56.0,F.F.F.
84499,176964.0,1944-11-02,9,GERMANY,MARSHALLING YARD,"""RR INSTALLATIONS,  TRACKS,  MARSHALLING YARDS,  AND STATIONS""",52.03,8.53,B24,3.0,10.0,220.0,26.0,,,26.0,VISUAL
84802,176965.0,1944-11-02,9,GERMANY,MARSHALLING YARD,"""RR INSTALLATIONS,  TRACKS,  MARSHALLING YARDS,  AND STATIONS""",52.03,8.53,B24,3.0,9.0,,22.0,,,22.0,NOT INDICATED
84803,176966.0,1944-11-02,9,GERMANY,MARSHALLING YARD,"""RR INSTALLATIONS,  TRACKS,  MARSHALLING YARDS,  AND STATIONS""",52.03,8.53,B24,2.0,1.0,,3.0,,,3.0,NOT INDICATED
84492,192462.0,1944-11-02,12,AUSTRIA,CITY AREA,CITIES TOWNS AND URBAN AREAS,46.63,14.3,B17,2.0,1.0,270.0,3.0,,,3.0,F.F.F.
84801,213852.0,1944-11-02,9,GERMANY,BRIDGE,BRIDGES,50.05,7.13,B26,,,135.0,50.0,,,50.0,VISUAL
86035,112143.0,1944-11-03,15,AUSTRIA,AC FACTORY,AIRCRAFT FACTORIES AND ASSEMBLY PLANTS,46.63,14.3,B24,4.0,2.0,240.0,3.0,,,3.0,F.F.F.
86040,112144.0,1944-11-03,15,AUSTRIA,AC FACTORY,AIRCRAFT FACTORIES AND ASSEMBLY PLANTS,46.63,14.3,B24,4.0,2.0,222.0,3.0,,,3.0,F.F.F.
86044,112145.0,1944-11-03,15,AUSTRIA,AC FACTORY,AIRCRAFT FACTORIES AND ASSEMBLY PLANTS,46.63,14.3,B24,4.0,3.0,216.0,5.0,,,5.0,NOT INDICATED
86048,112146.0,1944-11-03,15,AUSTRIA,AC FACTORY,AIRCRAFT FACTORIES AND ASSEMBLY PLANTS,46.63,14.3,B24,4.0,4.0,215.0,6.0,,,6.0,F.F.F.
86029,112147.0,1944-11-03,15,AUSTRIA,AC FACTORY,AIRCRAFT FACTORIES AND ASSEMBLY PLANTS,46.63,14.3,B24,4.0,3.0,250.0,5.0,,,5.0,F.F.F.
86059,112148.0,1944-11-03,12,AUSTRIA,UNIDENTIFIED TARGET,UNIDENTIFIED TARGETS,47.27,11.38,B24,2.0,1.0,,2.0,,,2.0,NOT INDICATED
86033,112149.0,1944-11-03,15,AUSTRIA,SYN OIL REFINERY,OIL REFINERIES,48.32,15.92,B24,4.0,2.0,245.0,8.0,,,8.0,F.F.F.
86064,112150.0,1944-11-03,9,GERMANY,BRIDGE,BRIDGES,49.82,7.85,B26,,,125.0,56.0,,,56.0,NOT INDICATED
86049,112157.0,1944-11-03,15,AUSTRIA,AIRDROME,AIR FIELDS AND AIRDROMES,46.63,14.3,B24,4.0,2.0,215.0,3.0,,,3.0,F.F.F.
86026,112158.0,1944-11-03,15,AUSTRIA,GOODS DEPOT,SUPPLY DUMPS AND WAREHOUSES,48.2,16.37,B17,4.0,3.0,251.0,8.0,,,8.0,F.F.F.
86020,112159.0,1944-11-03,15,AUSTRIA,GOODS DEPOT,SUPPLY DUMPS AND WAREHOUSES,48.2,16.37,B17,4.0,3.0,255.0,8.0,,,8.0,F.F.F.
86014,112160.0,1944-11-03,15,AUSTRIA,GOODS DEPOT,SUPPLY DUMPS AND WAREHOUSES,48.2,16.37,B17,4.0,4.0,258.0,9.0,,,9.0,F.F.F.
86015,112161.0,1944-11-03,15,AUSTRIA,GOODS DEPOT,SUPPLY DUMPS AND WAREHOUSES,48.2,16.37,B17,4.0,1.0,258.0,3.0,,,3.0,F.F.F.
86021,112162.0,1944-11-03,15,AUSTRIA,GOODS DEPOT,SUPPLY DUMPS AND WAREHOUSES,48.2,16.37,B17,4.0,4.0,255.0,11.0,,,11.0,NOT INDICATED
86036,112163.0,1944-11-03,15,AUSTRIA,AC FACTORY,AIRCRAFT FACTORIES AND ASSEMBLY PLANTS,46.63,14.3,B24,4.0,2.0,240.0,3.0,,,3.0,F.F.F.
86042,112164.0,1944-11-03,15,AUSTRIA,AC FACTORY,AIRCRAFT FACTORIES AND ASSEMBLY PLANTS,46.63,14.3,B24,4.0,2.0,222.0,3.0,,,3.0,F.F.F.
86046,112165.0,1944-11-03,15,AUSTRIA,AC FACTORY,AIRCRAFT FACTORIES AND ASSEMBLY PLANTS,46.63,14.3,B24,4.0,3.0,216.0,5.0,,,5.0,NOT INDICATED
86051,112166.0,1944-11-03,15,AUSTRIA,AC FACTORY,AIRCRAFT FACTORIES AND ASSEMBLY PLANTS,46.63,14.3,B24,4.0,4.0,215.0,6.0,,,6.0,F.F.F.
86031,112167.0,1944-11-03,15,AUSTRIA,AC FACTORY,AIRCRAFT FACTORIES AND ASSEMBLY PLANTS,46.63,14.3,B24,4.0,3.0,250.0,5.0,,,5.0,F.F.F.
86055,112168.0,1944-11-03,12,AUSTRIA,CITY AREA,CITIES TOWNS AND URBAN AREAS,46.63,14.3,B24,4.0,1.0,210.0,1.0,,,1.0,F.F.F.
86037,176971.0,1944-11-03,15,AUSTRIA,AC FACTORY,AIRCRAFT FACTORIES AND ASSEMBLY PLANTS,46.63,14.3,B24,4.0,2.0,240.0,3.0,,,3.0,F.F.F.
86041,176972.0,1944-11-03,15,AUSTRIA,AC FACTORY,AIRCRAFT FACTORIES AND ASSEMBLY PLANTS,46.63,14.3,B24,4.0,2.0,222.0,3.0,,,3.0,F.F.F.
86045,176973.0,1944-11-03,15,AUSTRIA,AC FACTORY,AIRCRAFT FACTORIES AND ASSEMBLY PLANTS,46.63,14.3,B24,4.0,3.0,216.0,5.0,,,5.0,NOT INDICATED
86050,176974.0,1944-11-03,15,AUSTRIA,AC FACTORY,AIRCRAFT FACTORIES AND ASSEMBLY PLANTS,46.63,14.3,B24,4.0,4.0,215.0,6.0,,,6.0,F.F.F.
86030,176975.0,1944-11-03,15,AUSTRIA,AC FACTORY,AIRCRAFT FACTORIES AND ASSEMBLY PLANTS,46.63,14.3,B24,4.0,3.0,250.0,5.0,,,5.0,F.F.F.
86060,176976.0,1944-11-03,12,AUSTRIA,UNIDENTIFIED TARGET,UNIDENTIFIED TARGETS,47.27,11.38,B24,2.0,1.0,,2.0,,,2.0,NOT INDICATED
86056,176977.0,1944-11-03,12,AUSTRIA,CITY AREA,CITIES TOWNS AND URBAN AREAS,46.63,14.3,B24,4.0,1.0,210.0,1.0,,,1.0,F.F.F.
86057,176978.0,1944-11-03,12,AUSTRIA,CITY AREA,CITIES TOWNS AND URBAN AREAS,46.63,14.3,B24,4.0,1.0,210.0,1.0,,,1.0,F.F.F.
86058,176979.0,1944-11-03,12,AUSTRIA,UNIDENTIFIED TARGET,UNIDENTIFIED TARGETS,47.27,11.38,B24,2.0,1.0,,2.0,,,2.0,NOT INDICATED
86038,176980.0,1944-11-03,15,AUSTRIA,AC FACTORY,AIRCRAFT FACTORIES AND ASSEMBLY PLANTS,46.63,14.3,B24,4.0,2.0,240.0,3.0,,,3.0,F.F.F.
86043,176981.0,1944-11-03,15,AUSTRIA,AC FACTORY,AIRCRAFT FACTORIES AND ASSEMBLY PLANTS,46.63,14.3,B24,4.0,2.0,222.0,3.0,,,3.0,F.F.F.
86047,176982.0,1944-11-03,15,AUSTRIA,AC FACTORY,AIRCRAFT FACTORIES AND ASSEMBLY PLANTS,46.63,14.3,B24,4.0,3.0,216.0,5.0,,,5.0,NOT INDICATED
86052,176983.0,1944-11-03,15,AUSTRIA,AC FACTORY,AIRCRAFT FACTORIES AND ASSEMBLY PLANTS,46.63,14.3,B24,4.0,4.0,215.0,6.0,,,6.0,F.F.F.
86032,176984.0,1944-11-03,15,AUSTRIA,AC FACTORY,AIRCRAFT FACTORIES AND ASSEMBLY PLANTS,46.63,14.3,B24,4.0,3.0,250.0,5.0,,,5.0,F.F.F.
86034,176985.0,1944-11-03,15,AUSTRIA,SYN OIL REFINERY,OIL REFINERIES,48.32,15.92,B24,4.0,2.0,245.0,8.0,,,8.0,F.F.F.
86039,176986.0,1944-11-03,15,AUSTRIA,MARSHALLING YARDS,"""RR INSTALLATIONS,  TRACKS,  MARSHALLING YARDS,  AND STATIONS""",46.95,15.9,B24,2.0,1.0,237.0,2.0,,,2.0,F.F.F.
86062,176988.0,1944-11-03,9,GERMANY,MARSHALLING YARD,"""RR INSTALLATIONS,  TRACKS,  MARSHALLING YARDS,  AND STATIONS""",48.13,11.58,B24,4.0,2.0,225.0,3.0,,,3.0,F.F.F.
86061,176989.0,1944-11-03,9,GERMANY,MARSHALLING YARD,"""RR INSTALLATIONS,  TRACKS,  MARSHALLING YARDS,  AND STATIONS""",48.13,11.58,B24,4.0,3.0,227.0,5.0,,,5.0,F.F.F.
86063,176990.0,1944-11-03,9,GERMANY,MARSHALLING YARD,"""RR INSTALLATIONS,  TRACKS,  MARSHALLING YARDS,  AND STATIONS""",48.13,11.58,B24,4.0,3.0,225.0,5.0,,,5.0,F.F.F.
86027,208958.0,1944-11-03,15,AUSTRIA,GOODS DEPOT,SUPPLY DUMPS AND WAREHOUSES,48.2,16.37,B17,4.0,3.0,251.0,8.0,,,8.0,F.F.F.
86022,208959.0,1944-11-03,15,AUSTRIA,GOODS DEPOT,SUPPLY DUMPS AND WAREHOUSES,48.2,16.37,B17,4.0,3.0,255.0,8.0,,,8.0,F.F.F.
86016,208960.0,1944-11-03,15,AUSTRIA,GOODS DEPOT,SUPPLY DUMPS AND WAREHOUSES,48.2,16.37,B17,4.0,4.0,258.0,9.0,,,9.0,F.F.F.
86017,209205.0,1944-11-03,15,AUSTRIA,GOODS DEPOT,SUPPLY DUMPS AND WAREHOUSES,48.2,16.37,B17,4.0,1.0,258.0,3.0,,,3.0,F.F.F.
86023,209206.0,1944-11-03,15,AUSTRIA,GOODS DEPOT,SUPPLY DUMPS AND WAREHOUSES,48.2,16.37,B17,4.0,4.0,255.0,11.0,,,11.0,NOT INDICATED
86065,213858.0,1944-11-03,9,GERMANY,BRIDGE,BRIDGES,49.82,7.85,B26,,,125.0,56.0,,,56.0,NOT INDICATED
86053,213865.0,1944-11-03,15,AUSTRIA,AIRDROME,AIR FIELDS AND AIRDROMES,46.63,14.3,B24,4.0,2.0,215.0,3.0,,,3.0,F.F.F.
86028,213871.0,1944-11-03,15,AUSTRIA,GOODS DEPOT,SUPPLY DUMPS AND WAREHOUSES,48.2,16.37,B17,4.0,3.0,251.0,8.0,,,8.0,F.F.F.
86024,213872.0,1944-11-03,15,AUSTRIA,GOODS DEPOT,SUPPLY DUMPS AND WAREHOUSES,48.2,16.37,B17,4.0,3.0,255.0,8.0,,,8.0,F.F.F.
86018,213873.0,1944-11-03,15,AUSTRIA,GOODS DEPOT,SUPPLY DUMPS AND WAREHOUSES,48.2,16.37,B17,4.0,4.0,258.0,9.0,,,9.0,F.F.F.
86019,213874.0,1944-11-03,15,AUSTRIA,GOODS DEPOT,SUPPLY DUMPS AND WAREHOUSES,48.2,16.37,B17,4.0,1.0,258.0,3.0,,,3.0,F.F.F.
86025,213875.0,1944-11-03,15,AUSTRIA,GOODS DEPOT,SUPPLY DUMPS AND WAREHOUSES,48.2,16.37,B17,4.0,4.0,255.0,11.0,,,11.0,NOT INDICATED
86054,213876.0,1944-11-03,15,AUSTRIA,AIRDROME,AIR FIELDS AND AIRDROMES,46.63,14.3,B24,4.0,2.0,215.0,3.0,,,3.0,F.F.F.
86468,112169.0,1944-11-04,15,AUSTRIA,UNIDENTIFIED TARGET,UNIDENTIFIED TARGETS,48.3,14.3,B24,4.0,,,18.0,,,18.0,NOT INDICATED
86454,112170.0,1944-11-04,15,AUSTRIA,UNIDENTIFIED TARGET,UNIDENTIFIED TARGETS,48.3,14.3,B24,4.0,37.0,230.0,69.0,,,69.0,F.F.F.
86469,112171.0,1944-11-04,15,AUSTRIA,H GOERING BENZOL PLANT,OIL REFINERIES,48.3,14.3,B24,4.0,,,16.0,,,16.0,NOT INDICATED
86452,112172.0,1944-11-04,15,AUSTRIA,H GOERING BENZOL PLANT,OIL REFINERIES,48.3,14.3,B24,4.0,32.0,235.0,63.0,,,63.0,F.F.F.
86470,112173.0,1944-11-04,15,AUSTRIA,H GOERING BENZOL PLANT,OIL REFINERIES,48.3,14.3,B24,4.0,,,17.0,,,17.0,NOT INDICATED
86458,112174.0,1944-11-04,15,AUSTRIA,H GOERING BENZOL PLANT,OIL REFINERIES,48.3,14.3,B24,4.0,33.0,202.0,66.0,,,66.0,F.F.F.
86471,112175.0,1944-11-04,15,AUSTRIA,H GOERING BENZOL PLANT,OIL REFINERIES,48.3,14.3,B24,4.0,,,20.0,,,20.0,NOT INDICATED
86456,112176.0,1944-11-04,15,AUSTRIA,H GOERING BENZOL PLANT,OIL REFINERIES,48.3,14.3,B24,4.0,39.0,220.0,78.0,,,78.0,F.F.F.
86450,112177.0,1944-11-04,15,AUSTRIA,H GOERING BENZOL PLANT,OIL REFINERIES,48.3,14.3,B24,4.0,136.0,240.0,351.0,,,351.0,NOT INDICATED
86493,112294.0,1944-11-04,9,GERMANY,AIRFIELD,AIR FIELDS AND AIRDROMES,48.3,11.88,B24,3.0,6.0,195.0,,12.0,,12.0,NOT INDICATED
86479,112295.0,1944-11-04,15,AUSTRIA,BARRACKS AREA,TROOP CONCENTRATIONS,46.73,15.63,B24,2.0,1.0,,,2.0,,2.0,NOT INDICATED
86802,112297.0,1944-11-04,9,GERMANY,AIRDROME,AIR FIELDS AND AIRDROMES,48.23,12.53,B17,3.0,9.0,,20.0,,,20.0,F.F.F.
86496,112298.0,1944-11-04,9,GERMANY,STORES DEPOT,SUPPLY DUMPS AND WAREHOUSES,49.62,7.33,A20,,,129.0,39.0,,,39.0,NOT INDICATED
86499,112299.0,1944-11-04,9,GERMANY,STORES DEPOT,SUPPLY DUMPS AND WAREHOUSES,49.62,7.33,B26,,,115.0,28.0,,,28.0,NOT INDICATED
86461,112309.0,1944-11-04,15,GERMANY,CITY AREA,CITIES TOWNS AND URBAN AREAS,48.37,10.88,B24,3.0,1.0,,2.0,,,2.0,NOT INDICATED
86806,112310.0,1944-11-04,9,GERMANY,UNIDENTIFIED TARGET,UNIDENTIFIED TARGETS,48.13,11.58,B24,3.0,,,5.0,,,5.0,NOT INDICATED
86489,112311.0,1944-11-04,9,GERMANY,UNIDENTIFIED TARGET,UNIDENTIFIED TARGETS,48.13,11.58,B24,3.0,29.0,230.0,17.0,35.0,,52.0,F.F.F.
86473,176992.0,1944-11-04,15,AUSTRIA,UNIDENTIFIED TARGET,UNIDENTIFIED TARGETS,48.3,14.3,B24,4.0,,,18.0,,,18.0,NOT INDICATED
86455,176993.0,1944-11-04,15,AUSTRIA,UNIDENTIFIED TARGET,UNIDENTIFIED TARGETS,48.3,14.3,B24,4.0,37.0,230.0,69.0,,,69.0,F.F.F.
86807,176994.0,1944-11-04,9,GERMANY,UNIDENTIFIED TARGET,UNIDENTIFIED TARGETS,48.13,11.58,B24,3.0,,,5.0,,,5.0,NOT INDICATED
86490,176995.0,1944-11-04,9,GERMANY,UNIDENTIFIED TARGET,UNIDENTIFIED TARGETS,48.13,11.58,B24,3.0,29.0,230.0,17.0,35.0,,52.0,F.F.F.
86462,177005.0,1944-11-04,15,GERMANY,CITY AREA,CITIES TOWNS AND URBAN AREAS,48.37,10.88,B24,3.0,1.0,,2.0,,,2.0,NOT INDICATED
86463,177008.0,1944-11-04,15,GERMANY,CITY AREA,CITIES TOWNS AND URBAN AREAS,48.37,10.88,B24,3.0,1.0,,2.0,,,2.0,NOT INDICATED
86472,177009.0,1944-11-04,15,AUSTRIA,UNIDENTIFIED TARGET,UNIDENTIFIED TARGETS,48.3,14.3,B24,4.0,,,18.0,,,18.0,NOT INDICATED
86805,177010.0,1944-11-04,9,GERMANY,UNIDENTIFIED TARGET,UNIDENTIFIED TARGETS,48.13,11.58,B24,3.0,,,5.0,,,5.0,NOT INDICATED
86488,177011.0,1944-11-04,9,GERMANY,UNIDENTIFIED TARGET,UNIDENTIFIED TARGETS,48.13,11.58,B24,3.0,29.0,230.0,17.0,35.0,,52.0,F.F.F.
86474,177016.0,1944-11-04,15,AUSTRIA,H GOERING BENZOL PLANT,OIL REFINERIES,48.3,14.3,B24,4.0,,,16.0,,,16.0,NOT INDICATED
86453,177017.0,1944-11-04,15,AUSTRIA,H GOERING BENZOL PLANT,OIL REFINERIES,48.3,14.3,B24,4.0,32.0,235.0,63.0,,,63.0,F.F.F.
86475,177018.0,1944-11-04,15,AUSTRIA,H GOERING BENZOL PLANT,OIL REFINERIES,48.3,14.3,B24,4.0,,,17.0,,,17.0,NOT INDICATED
86459,177019.0,1944-11-04,15,AUSTRIA,H GOERING BENZOL PLANT,OIL REFINERIES,48.3,14.3,B24,4.0,33.0,202.0,66.0,,,66.0,F.F.F.
86476,177020.0,1944-11-04,15,AUSTRIA,H GOERING BENZOL PLANT,OIL REFINERIES,48.3,14.3,B24,4.0,,,20.0,,,20.0,NOT INDICATED
86457,177021.0,1944-11-04,15,AUSTRIA,H GOERING BENZOL PLANT,OIL REFINERIES,48.3,14.3,B24,4.0,39.0,220.0,78.0,,,78.0,F.F.F.
86451,177022.0,1944-11-04,15,AUSTRIA,H GOERING BENZOL PLANT,OIL REFINERIES,48.3,14.3,B24,4.0,136.0,240.0,351.0,,,351.0,NOT INDICATED
86467,177104.0,1944-11-04,15,AUSTRIA,MARSHALLING YARDS,"""RR INSTALLATIONS,  TRACKS,  MARSHALLING YARDS,  AND STATIONS""",47.58,12.18,B24,3.0,,,5.0,,,5.0,NOT INDICATED
86460,177105.0,1944-11-04,15,AUSTRIA,MARSHALLING YARDS,"""RR INSTALLATIONS,  TRACKS,  MARSHALLING YARDS,  AND STATIONS""",47.58,12.18,B24,3.0,30.0,200.0,20.0,26.0,,46.0,VISUAL
86484,177107.0,1944-11-04,12,AUSTRIA,MARSHALLING YARDS,"""RR INSTALLATIONS,  TRACKS,  MARSHALLING YARDS,  AND STATIONS""",48.3,14.3,B24,4.0,,,20.0,,,20.0,NOT INDICATED
86483,177108.0,1944-11-04,12,AUSTRIA,MARSHALLING YARDS,"""RR INSTALLATIONS,  TRACKS,  MARSHALLING YARDS,  AND STATIONS""",48.3,14.3,B24,4.0,39.0,220.0,73.0,,,73.0,F.F.F.
86482,177109.0,1944-11-04,12,AUSTRIA,MARSHALLING YARDS,"""RR INSTALLATIONS,  TRACKS,  MARSHALLING YARDS,  AND STATIONS""",48.3,14.3,B24,4.0,37.0,265.0,84.0,,,84.0,NOT INDICATED
86477,177110.0,1944-11-04,15,AUSTRIA,MARSHALLING YARD,"""RR INSTALLATIONS,  TRACKS,  MARSHALLING YARDS,  AND STATIONS""",46.8,13.5,B24,2.0,1.0,,,2.0,,2.0,NOT INDICATED
86481,177111.0,1944-11-04,15,AUSTRIA,BRIDGE,BRIDGES,47.0,11.0,B24,2.0,1.0,,,2.0,,2.0,F.F.F.
86464,177113.0,1944-11-04,15,GERMANY,MARSHALLING YARD,"""RR INSTALLATIONS,  TRACKS,  MARSHALLING YARDS,  AND STATIONS""",48.37,10.88,B24,4.0,,,8.0,,,8.0,NOT INDICATED
86465,177114.0,1944-11-04,15,GERMANY,MARSHALLING YARD,"""RR INSTALLATIONS,  TRACKS,  MARSHALLING YARDS,  AND STATIONS""",48.37,10.88,B24,4.0,16.0,,,21.0,,21.0,NOT INDICATED
86448,177115.0,1944-11-04,15,GERMANY,MARSHALLING YARD,"""RR INSTALLATIONS,  TRACKS,  MARSHALLING YARDS,  AND STATIONS""",48.37,10.88,B24,4.0,19.0,260.0,17.0,,,17.0,F.F.F.
86466,177116.0,1944-11-04,15,GERMANY,MARSHALLING YARD,"""RR INSTALLATIONS,  TRACKS,  MARSHALLING YARDS,  AND STATIONS""",48.37,10.88,B24,4.0,16.0,,,32.0,,32.0,NOT INDICATED
86449,177117.0,1944-11-04,15,GERMANY,MARSHALLING YARD,"""RR INSTALLATIONS,  TRACKS,  MARSHALLING YARDS,  AND STATIONS""",48.37,10.88,B24,4.0,19.0,240.0,37.0,,,37.0,F.F.F.
86808,177120.0,1944-11-04,9,GERMANY,MARSHALLING YARD,"""RR INSTALLATIONS,  TRACKS,  MARSHALLING YARDS,  AND STATIONS""",48.13,11.58,B24,4.0,,,9.0,,,9.0,NOT INDICATED
86487,177121.0,1944-11-04,9,GERMANY,MARSHALLING YARD,"""RR INSTALLATIONS,  TRACKS,  MARSHALLING YARDS,  AND STATIONS""",48.13,11.58,B24,4.0,21.0,250.0,30.0,2.0,,32.0,F.F.F.
86809,177122.0,1944-11-04,9,GERMANY,MARSHALLING YARD,"""RR INSTALLATIONS,  TRACKS,  MARSHALLING YARDS,  AND STATIONS""",48.13,11.58,B24,4.0,,,8.0,,,8.0,NOT INDICATED
86492,177123.0,1944-11-04,9,GERMANY,MARSHALLING YARD,"""RR INSTALLATIONS,  TRACKS,  MARSHALLING YARDS,  AND STATIONS""",48.13,11.58,B24,4.0,30.0,229.0,27.0,24.0,,51.0,NOT INDICATED
86810,177124.0,1944-11-04,9,GERMANY,MARSHALLING YARD,"""RR INSTALLATIONS,  TRACKS,  MARSHALLING YARDS,  AND STATIONS""",48.13,11.58,B24,4.0,,,9.0,,,9.0,NOT INDICATED
86491,177125.0,1944-11-04,9,GERMANY,MARSHALLING YARD,"""RR INSTALLATIONS,  TRACKS,  MARSHALLING YARDS,  AND STATIONS""",48.13,11.58,B24,4.0,29.0,230.0,25.0,24.0,,49.0,F.F.F.
86494,213908.0,1944-11-04,9,GERMANY,AIRFIELD,AIR FIELDS AND AIRDROMES,48.3,11.88,B24,3.0,6.0,195.0,,12.0,,12.0,NOT INDICATED
86803,213909.0,1944-11-04,9,GERMANY,AIRDROME,AIR FIELDS AND AIRDROMES,48.23,12.53,B17,3.0,9.0,,20.0,,,20.0,F.F.F.
86497,213917.0,1944-11-04,9,GERMANY,STORES DEPOT,SUPPLY DUMPS AND WAREHOUSES,49.62,7.33,A20,,,129.0,39.0,,,39.0,NOT INDICATED
86500,213918.0,1944-11-04,9,GERMANY,STORES DEPOT,SUPPLY DUMPS AND WAREHOUSES,49.62,7.33,B26,,,115.0,28.0,,,28.0,NOT INDICATED
86498,213921.0,1944-11-04,9,GERMANY,STORES DEPOT,SUPPLY DUMPS AND WAREHOUSES,49.62,7.33,A20,,,129.0,39.0,,,39.0,NOT INDICATED
86801,213922.0,1944-11-04,9,GERMANY,STORES DEPOT,SUPPLY DUMPS AND WAREHOUSES,49.62,7.33,B26,,,115.0,28.0,,,28.0,NOT INDICATED
86480,213927.0,1944-11-04,15,AUSTRIA,BARRACKS AREA,TROOP CONCENTRATIONS,46.73,15.63,B24,2.0,1.0,,,2.0,,2.0,NOT INDICATED
86495,213931.0,1944-11-04,9,GERMANY,AIRFIELD,AIR FIELDS AND AIRDROMES,48.3,11.88,B24,3.0,6.0,195.0,,12.0,,12.0,NOT INDICATED
86804,213932.0,1944-11-04,9,GERMANY,AIRDROME,AIR FIELDS AND AIRDROMES,48.23,12.53,B17,3.0,9.0,,20.0,,,20.0,F.F.F.
86478,214060.0,1944-11-04,15,AUSTRIA,BARRACKS AREA,TROOP CONCENTRATIONS,46.73,15.63,B24,2.0,1.0,,,2.0,,2.0,NOT INDICATED
88069,112332.0,1944-11-05,15,AUSTRIA,OIL REFINERY,OIL REFINERIES,48.2,16.37,B17,4.0,23.0,285.0,46.0,,,46.0,F.F.F.
88070,112333.0,1944-11-05,15,AUSTRIA,OIL REFINERY,OIL REFINERIES,48.2,16.37,B17,4.0,28.0,285.0,54.0,,,54.0,F.F.F.
88073,112334.0,1944-11-05,15,AUSTRIA,OIL REFINERY,OIL REFINERIES,48.2,16.37,B17,4.0,27.0,268.0,78.0,,,78.0,F.F.F.
88075,112335.0,1944-11-05,15,AUSTRIA,OIL REFINERY,OIL REFINERIES,48.2,16.37,B17,4.0,27.0,260.0,68.0,,,68.0,F.F.F.
88067,112336.0,1944-11-05,15,AUSTRIA,OIL REFINERY,OIL REFINERIES,48.2,16.37,B17,4.0,27.0,295.0,52.0,,,52.0,F.F.F.
88315,112337.0,1944-11-05,15,AUSTRIA,OIL REFINERY,OIL REFINERIES,48.2,16.37,B24,4.0,,,3.0,,,3.0,NOT INDICATED
88097,112338.0,1944-11-05,15,AUSTRIA,OIL REFINERY,OIL REFINERIES,48.2,16.37,B24,4.0,13.0,230.0,10.0,14.0,,24.0,NOT INDICATED
88087,112339.0,1944-11-05,15,AUSTRIA,OIL REFINERY,OIL REFINERIES,48.2,16.37,B24,4.0,26.0,235.0,25.0,26.0,,51.0,NOT INDICATED
88088,112340.0,1944-11-05,15,AUSTRIA,OIL REFINERY,OIL REFINERIES,48.2,16.37,B24,4.0,26.0,235.0,25.0,25.0,,50.0,F.F.F.
88316,112341.0,1944-11-05,15,AUSTRIA,OIL REFINERY,OIL REFINERIES,48.2,16.37,B24,4.0,,,7.0,,,7.0,NOT INDICATED
88089,112342.0,1944-11-05,15,AUSTRIA,OIL REFINERY,OIL REFINERIES,48.2,16.37,B24,4.0,27.0,235.0,19.0,28.0,,47.0,F.F.F.
88317,112343.0,1944-11-05,15,AUSTRIA,OIL REFINERY,OIL REFINERIES,48.2,16.37,B24,4.0,,,6.0,,,6.0,NOT INDICATED
88077,112344.0,1944-11-05,15,AUSTRIA,OIL REFINERY,OIL REFINERIES,48.2,16.37,B24,4.0,25.0,250.0,16.0,15.0,,31.0,F.F.F.
88318,112345.0,1944-11-05,15,AUSTRIA,OIL REFINERY,OIL REFINERIES,48.2,16.37,B24,4.0,,,7.0,,,7.0,NOT INDICATED
88090,112346.0,1944-11-05,15,AUSTRIA,OIL REFINERY,OIL REFINERIES,48.2,16.37,B24,4.0,27.0,235.0,26.0,33.0,,59.0,F.F.F.
88091,112347.0,1944-11-05,15,AUSTRIA,OIL REFINERY,OIL REFINERIES,48.2,16.37,B24,4.0,25.0,235.0,34.0,28.0,,62.0,NOT INDICATED
88083,112348.0,1944-11-05,15,AUSTRIA,OIL REFINERY,OIL REFINERIES,48.2,16.37,B24,4.0,27.0,240.0,32.0,31.0,,63.0,NOT INDICATED
88319,112349.0,1944-11-05,15,AUSTRIA,OIL REFINERY,OIL REFINERIES,48.2,16.37,B24,4.0,,,6.0,,,6.0,NOT INDICATED
88079,112350.0,1944-11-05,15,AUSTRIA,OIL REFINERY,OIL REFINERIES,48.2,16.37,B24,4.0,24.0,245.0,27.0,,,27.0,F.F.F.
88320,112351.0,1944-11-05,15,AUSTRIA,OIL REFINERY,OIL REFINERIES,48.2,16.37,B24,4.0,,,6.0,,,6.0,NOT INDICATED
88081,112352.0,1944-11-05,15,AUSTRIA,OIL REFINERY,OIL REFINERIES,48.2,16.37,B24,4.0,23.0,242.0,13.0,15.0,,28.0,F.F.F.
88321,112353.0,1944-11-05,15,AUSTRIA,OIL REFINERY,OIL REFINERIES,48.2,16.37,B24,4.0,,,5.0,,,5.0,NOT INDICATED
88307,112354.0,1944-11-05,15,AUSTRIA,OIL REFINERY,OIL REFINERIES,48.2,16.37,B24,4.0,26.0,214.0,23.0,38.0,,61.0,NOT INDICATED
88309,112355.0,1944-11-05,15,AUSTRIA,OIL REFINERY,OIL REFINERIES,48.2,16.37,B24,4.0,26.0,205.0,35.0,30.0,,65.0,F.F.F.
88322,112356.0,1944-11-05,15,AUSTRIA,OIL REFINERY,OIL REFINERIES,48.2,16.37,B24,4.0,14.0,,,23.0,,23.0,NOT INDICATED
88084,112357.0,1944-11-05,15,AUSTRIA,OIL REFINERY,OIL REFINERIES,48.2,16.37,B24,4.0,15.0,240.0,26.0,,,26.0,F.F.F.
88323,112358.0,1944-11-05,15,AUSTRIA,OIL REFINERY,OIL REFINERIES,48.2,16.37,B24,4.0,,,5.0,,,5.0,NOT INDICATED
88301,112359.0,1944-11-05,15,AUSTRIA,OIL REFINERY,OIL REFINERIES,48.2,16.37,B24,4.0,9.0,230.0,18.0,,,18.0,F.F.F.
88324,112360.0,1944-11-05,15,AUSTRIA,OIL REFINERY,OIL REFINERIES,48.2,16.37,B24,4.0,12.0,,,30.0,,30.0,NOT INDICATED
88388,112387.0,1944-11-05,9,GERMANY,AMMO DUMP,SUPPLY DUMPS AND WAREHOUSES,47.93,8.93,A20,,,,31.0,,,31.0,NOT INDICATED
88379,112388.0,1944-11-05,9,GERMANY,AMMO DUMP,SUPPLY DUMPS AND WAREHOUSES,47.93,8.93,A20,,,125.0,45.0,,,45.0,F.F.F.
88380,112389.0,1944-11-05,9,GERMANY,AMMO DUMP,SUPPLY DUMPS AND WAREHOUSES,47.93,8.93,B26,,,125.0,56.0,,,56.0,NOT INDICATED
88389,112390.0,1944-11-05,9,GERMANY,AMMO DUMP,SUPPLY DUMPS AND WAREHOUSES,47.93,8.93,B26,,,,4.0,,,4.0,VISUAL
88376,112391.0,1944-11-05,9,GERMANY,AMMO DUMP,SUPPLY DUMPS AND WAREHOUSES,47.93,8.93,B26,,,126.0,52.0,,,52.0,VISUAL
88311,112396.0,1944-11-05,15,AUSTRIA,TANK WORKS,TANK FACTORIES,47.43,15.32,B17,2.0,1.0,,3.0,,,3.0,NOT INDICATED
88312,112397.0,1944-11-05,15,AUSTRIA,TANK WORKS,TANK FACTORIES,47.43,15.32,B17,2.0,1.0,,3.0,,,3.0,NOT INDICATED
88325,112421.0,1944-11-05,15,AUSTRIA,UNIDENTIFIED TARGET,UNIDENTIFIED TARGETS,48.2,16.37,B24,4.0,,,6.0,30.0,,36.0,NOT INDICATED
88302,112422.0,1944-11-05,15,AUSTRIA,UNIDENTIFIED TARGET,UNIDENTIFIED TARGETS,48.2,16.37,B24,4.0,13.0,230.0,23.0,,,23.0,F.F.F.
88385,112423.0,1944-11-05,9,GERMANY,UNIDENTIFIED TARGET,UNIDENTIFIED TARGETS,53.55,10.0,B17,2.0,1.0,,2.0,,,2.0,NOT INDICATED
88396,112425.0,1944-11-05,9,GERMANY,UNIDENTIFIED TARGET,UNIDENTIFIED TARGETS,53.06,8.8,B24,2.0,1.0,,4.0,,,4.0,NOT INDICATED
88313,177134.0,1944-11-05,15,AUSTRIA,TANK WORKS,TANK FACTORIES,47.43,15.32,B17,2.0,1.0,,3.0,,,3.0,NOT INDICATED
88327,177135.0,1944-11-05,15,AUSTRIA,UNIDENTIFIED TARGET,UNIDENTIFIED TARGETS,48.2,16.37,B24,4.0,,,6.0,30.0,,36.0,NOT INDICATED
88304,177136.0,1944-11-05,15,AUSTRIA,UNIDENTIFIED TARGET,UNIDENTIFIED TARGETS,48.2,16.37,B24,4.0,13.0,230.0,23.0,,,23.0,F.F.F.
88386,177137.0,1944-11-05,9,GERMANY,UNIDENTIFIED TARGET,UNIDENTIFIED TARGETS,53.55,10.0,B17,2.0,1.0,,2.0,,,2.0,NOT INDICATED
88397,177139.0,1944-11-05,9,GERMANY,UNIDENTIFIED TARGET,UNIDENTIFIED TARGETS,53.06,8.8,B24,2.0,1.0,,4.0,,,4.0,NOT INDICATED
88326,177171.0,1944-11-05,15,AUSTRIA,UNIDENTIFIED TARGET,UNIDENTIFIED TARGETS,48.2,16.37,B24,4.0,,,6.0,30.0,,36.0,NOT INDICATED
88303,177172.0,1944-11-05,15,AUSTRIA,UNIDENTIFIED TARGET,UNIDENTIFIED TARGETS,48.2,16.37,B24,4.0,13.0,230.0,23.0,,,23.0,F.F.F.
88387,177173.0,1944-11-05,9,GERMANY,UNIDENTIFIED TARGET,UNIDENTIFIED TARGETS,53.55,10.0,B17,2.0,1.0,,2.0,,,2.0,NOT INDICATED
88395,177175.0,1944-11-05,9,GERMANY,UNIDENTIFIED TARGET,UNIDENTIFIED TARGETS,53.06,8.8,B24,2.0,1.0,,4.0,,,4.0,NOT INDICATED
88314,177186.0,1944-11-05,15,AUSTRIA,TANK WORKS,TANK FACTORIES,47.43,15.32,B17,2.0,1.0,,3.0,,,3.0,NOT INDICATED
88071,177206.0,1944-11-05,15,AUSTRIA,OIL REFINERY,OIL REFINERIES,48.2,16.37,B17,4.0,23.0,285.0,46.0,,,46.0,F.F.F.
88072,177207.0,1944-11-05,15,AUSTRIA,OIL REFINERY,OIL REFINERIES,48.2,16.37,B17,4.0,28.0,285.0,54.0,,,54.0,F.F.F.
88074,177208.0,1944-11-05,15,AUSTRIA,OIL REFINERY,OIL REFINERIES,48.2,16.37,B17,4.0,27.0,268.0,78.0,,,78.0,F.F.F.
88076,177209.0,1944-11-05,15,AUSTRIA,OIL REFINERY,OIL REFINERIES,48.2,16.37,B17,4.0,27.0,260.0,68.0,,,68.0,F.F.F.
88068,177210.0,1944-11-05,15,AUSTRIA,OIL REFINERY,OIL REFINERIES,48.2,16.37,B17,4.0,27.0,295.0,52.0,,,52.0,F.F.F.
88328,177211.0,1944-11-05,15,AUSTRIA,OIL REFINERY,OIL REFINERIES,48.2,16.37,B24,4.0,,,3.0,,,3.0,NOT INDICATED
88305,177212.0,1944-11-05,15,AUSTRIA,OIL REFINERY,OIL REFINERIES,48.2,16.37,B24,4.0,13.0,230.0,10.0,14.0,,24.0,NOT INDICATED
88092,177213.0,1944-11-05,15,AUSTRIA,OIL REFINERY,OIL REFINERIES,48.2,16.37,B24,4.0,26.0,235.0,25.0,26.0,,51.0,NOT INDICATED
88093,177214.0,1944-11-05,15,AUSTRIA,OIL REFINERY,OIL REFINERIES,48.2,16.37,B24,4.0,26.0,235.0,25.0,25.0,,50.0,F.F.F.
88329,177215.0,1944-11-05,15,AUSTRIA,OIL REFINERY,OIL REFINERIES,48.2,16.37,B24,4.0,,,7.0,,,7.0,NOT INDICATED
88094,177216.0,1944-11-05,15,AUSTRIA,OIL REFINERY,OIL REFINERIES,48.2,16.37,B24,4.0,27.0,235.0,19.0,28.0,,47.0,F.F.F.
88330,177217.0,1944-11-05,15,AUSTRIA,OIL REFINERY,OIL REFINERIES,48.2,16.37,B24,4.0,,,6.0,,,6.0,NOT INDICATED
88078,177218.0,1944-11-05,15,AUSTRIA,OIL REFINERY,OIL REFINERIES,48.2,16.37,B24,4.0,25.0,250.0,16.0,15.0,,31.0,F.F.F.
88331,177219.0,1944-11-05,15,AUSTRIA,OIL REFINERY,OIL REFINERIES,48.2,16.37,B24,4.0,,,7.0,,,7.0,NOT INDICATED
88095,177220.0,1944-11-05,15,AUSTRIA,OIL REFINERY,OIL REFINERIES,48.2,16.37,B24,4.0,27.0,235.0,26.0,33.0,,59.0,F.F.F.
88096,177221.0,1944-11-05,15,AUSTRIA,OIL REFINERY,OIL REFINERIES,48.2,16.37,B24,4.0,25.0,235.0,34.0,28.0,,62.0,NOT INDICATED
88085,177222.0,1944-11-05,15,AUSTRIA,OIL REFINERY,OIL REFINERIES,48.2,16.37,B24,4.0,27.0,240.0,32.0,31.0,,63.0,NOT INDICATED
88332,177223.0,1944-11-05,15,AUSTRIA,OIL REFINERY,OIL REFINERIES,48.2,16.37,B24,4.0,,,6.0,,,6.0,NOT INDICATED
88080,177224.0,1944-11-05,15,AUSTRIA,OIL REFINERY,OIL REFINERIES,48.2,16.37,B24,4.0,24.0,245.0,27.0,,,27.0,F.F.F.
88333,177225.0,1944-11-05,15,AUSTRIA,OIL REFINERY,OIL REFINERIES,48.2,16.37,B24,4.0,,,6.0,,,6.0,NOT INDICATED
88082,177226.0,1944-11-05,15,AUSTRIA,OIL REFINERY,OIL REFINERIES,48.2,16.37,B24,4.0,23.0,242.0,13.0,15.0,,28.0,F.F.F.
88334,177227.0,1944-11-05,15,AUSTRIA,OIL REFINERY,OIL REFINERIES,48.2,16.37,B24,4.0,,,5.0,,,5.0,NOT INDICATED
88308,177228.0,1944-11-05,15,AUSTRIA,OIL REFINERY,OIL REFINERIES,48.2,16.37,B24,4.0,26.0,214.0,23.0,38.0,,61.0,NOT INDICATED
88310,177229.0,1944-11-05,15,AUSTRIA,OIL REFINERY,OIL REFINERIES,48.2,16.37,B24,4.0,26.0,205.0,35.0,30.0,,65.0,F.F.F.
88335,177230.0,1944-11-05,15,AUSTRIA,OIL REFINERY,OIL REFINERIES,48.2,16.37,B24,4.0,14.0,,,23.0,,23.0,NOT INDICATED
88086,177231.0,1944-11-05,15,AUSTRIA,OIL REFINERY,OIL REFINERIES,48.2,16.37,B24,4.0,15.0,240.0,26.0,,,26.0,F.F.F.
88336,177232.0,1944-11-05,15,AUSTRIA,OIL REFINERY,OIL REFINERIES,48.2,16.37,B24,4.0,,,5.0,,,5.0,NOT INDICATED
88306,177233.0,1944-11-05,15,AUSTRIA,OIL REFINERY,OIL REFINERIES,48.2,16.37,B24,4.0,9.0,230.0,18.0,,,18.0,F.F.F.
88337,177234.0,1944-11-05,15,AUSTRIA,OIL REFINERY,OIL REFINERIES,48.2,16.37,B24,4.0,12.0,,,30.0,,30.0,NOT INDICATED
88338,177237.0,1944-11-05,15,AUSTRIA,RR BRIDGE,BRIDGES,47.0,16.0,B17,2.0,1.0,,2.0,,,2.0,NOT INDICATED
88362,177238.0,1944-11-05,9,GERMANY,MARSHALLING YARD,"""RR INSTALLATIONS,  TRACKS,  MARSHALLING YARDS,  AND STATIONS""",50.1,8.67,B17,4.0,11.0,254.0,33.0,,,33.0,VISUAL
88347,177239.0,1944-11-05,9,GERMANY,MARSHALLING YARD,"""RR INSTALLATIONS,  TRACKS,  MARSHALLING YARDS,  AND STATIONS""",50.1,8.67,B17,3.0,11.0,265.0,33.0,,,33.0,F.F.F.
88352,177240.0,1944-11-05,9,GERMANY,MARSHALLING YARD,"""RR INSTALLATIONS,  TRACKS,  MARSHALLING YARDS,  AND STATIONS""",50.1,8.67,B17,3.0,10.0,260.0,30.0,,,30.0,F.F.F.
88344,177241.0,1944-11-05,9,GERMANY,MARSHALLING YARD,"""RR INSTALLATIONS,  TRACKS,  MARSHALLING YARDS,  AND STATIONS""",50.1,8.67,B17,3.0,12.0,270.0,33.0,,,33.0,F.F.F.
88349,177242.0,1944-11-05,9,GERMANY,MARSHALLING YARD,"""RR INSTALLATIONS,  TRACKS,  MARSHALLING YARDS,  AND STATIONS""",50.1,8.67,B17,3.0,12.0,263.0,35.0,,,35.0,F.F.F.
88342,177243.0,1944-11-05,9,GERMANY,MARSHALLING YARD,"""RR INSTALLATIONS,  TRACKS,  MARSHALLING YARDS,  AND STATIONS""",50.1,8.67,B17,3.0,10.0,273.0,30.0,,,30.0,F.F.F.
88364,177244.0,1944-11-05,9,GERMANY,MARSHALLING YARD,"""RR INSTALLATIONS,  TRACKS,  MARSHALLING YARDS,  AND STATIONS""",50.1,8.67,B17,3.0,12.0,250.0,36.0,,,36.0,F.F.F.
88374,177245.0,1944-11-05,9,GERMANY,MARSHALLING YARD,"""RR INSTALLATIONS,  TRACKS,  MARSHALLING YARDS,  AND STATIONS""",50.1,8.67,B17,3.0,13.0,240.0,36.0,,,36.0,F.F.F.
88353,177246.0,1944-11-05,9,GERMANY,MARSHALLING YARD,"""RR INSTALLATIONS,  TRACKS,  MARSHALLING YARDS,  AND STATIONS""",50.1,8.67,B17,3.0,13.0,260.0,39.0,,,39.0,F.F.F.
88369,177247.0,1944-11-05,9,GERMANY,MARSHALLING YARD,"""RR INSTALLATIONS,  TRACKS,  MARSHALLING YARDS,  AND STATIONS""",50.1,8.67,B17,3.0,12.0,245.0,35.0,,,35.0,F.F.F.
88375,177248.0,1944-11-05,9,GERMANY,MARSHALLING YARD,"""RR INSTALLATIONS,  TRACKS,  MARSHALLING YARDS,  AND STATIONS""",50.1,8.67,B17,3.0,12.0,239.0,36.0,,,36.0,F.F.F.
88365,177249.0,1944-11-05,9,GERMANY,MARSHALLING YARD,"""RR INSTALLATIONS,  TRACKS,  MARSHALLING YARDS,  AND STATIONS""",50.1,8.67,B17,3.0,11.0,250.0,33.0,,,33.0,F.F.F.
88363,177250.0,1944-11-05,9,GERMANY,MARSHALLING YARD,"""RR INSTALLATIONS,  TRACKS,  MARSHALLING YARDS,  AND STATIONS""",50.1,8.67,B17,3.0,12.0,254.0,36.0,,,36.0,F.F.F.
88372,177251.0,1944-11-05,9,GERMANY,MARSHALLING YARD,"""RR INSTALLATIONS,  TRACKS,  MARSHALLING YARDS,  AND STATIONS""",50.1,8.67,B17,3.0,12.0,244.0,36.0,,,36.0,F.F.F.
88359,177252.0,1944-11-05,9,GERMANY,MARSHALLING YARD,"""RR INSTALLATIONS,  TRACKS,  MARSHALLING YARDS,  AND STATIONS""",50.1,8.67,B17,3.0,12.0,258.0,33.0,,,33.0,F.F.F.
88368,177253.0,1944-11-05,9,GERMANY,MARSHALLING YARD,"""RR INSTALLATIONS,  TRACKS,  MARSHALLING YARDS,  AND STATIONS""",50.1,8.67,B17,3.0,12.0,249.0,36.0,,,36.0,F.F.F.
88373,177254.0,1944-11-05,9,GERMANY,MARSHALLING YARD,"""RR INSTALLATIONS,  TRACKS,  MARSHALLING YARDS,  AND STATIONS""",50.1,8.67,B17,3.0,12.0,243.0,35.0,,,35.0,F.F.F.
88361,177255.0,1944-11-05,9,GERMANY,MARSHALLING YARD,"""RR INSTALLATIONS,  TRACKS,  MARSHALLING YARDS,  AND STATIONS""",50.1,8.67,B17,3.0,12.0,255.0,36.0,,,36.0,F.F.F.
88351,177256.0,1944-11-05,9,GERMANY,MARSHALLING YARD,"""RR INSTALLATIONS,  TRACKS,  MARSHALLING YARDS,  AND STATIONS""",50.1,8.67,B17,3.0,14.0,262.0,42.0,,,42.0,F.F.F.
88360,177257.0,1944-11-05,9,GERMANY,MARSHALLING YARD,"""RR INSTALLATIONS,  TRACKS,  MARSHALLING YARDS,  AND STATIONS""",50.1,8.67,B17,3.0,13.0,258.0,39.0,,,39.0,F.F.F.
88343,177258.0,1944-11-05,9,GERMANY,MARSHALLING YARD,"""RR INSTALLATIONS,  TRACKS,  MARSHALLING YARDS,  AND STATIONS""",50.1,8.67,B17,3.0,14.0,272.0,42.0,,,42.0,F.F.F.
88366,177259.0,1944-11-05,9,GERMANY,MARSHALLING YARD,"""RR INSTALLATIONS,  TRACKS,  MARSHALLING YARDS,  AND STATIONS""",50.1,8.67,B17,3.0,10.0,250.0,30.0,,,30.0,F.F.F.
88370,177260.0,1944-11-05,9,GERMANY,MARSHALLING YARD,"""RR INSTALLATIONS,  TRACKS,  MARSHALLING YARDS,  AND STATIONS""",50.1,8.67,B17,3.0,12.0,245.0,36.0,,,36.0,F.F.F.
88356,177261.0,1944-11-05,9,GERMANY,MARSHALLING YARD,"""RR INSTALLATIONS,  TRACKS,  MARSHALLING YARDS,  AND STATIONS""",50.1,8.67,B17,3.0,13.0,259.0,39.0,,,39.0,F.F.F.
88354,177262.0,1944-11-05,9,GERMANY,MARSHALLING YARD,"""RR INSTALLATIONS,  TRACKS,  MARSHALLING YARDS,  AND STATIONS""",50.1,8.67,B17,3.0,13.0,260.0,39.0,,,39.0,F.F.F.
88350,177263.0,1944-11-05,9,GERMANY,MARSHALLING YARD,"""RR INSTALLATIONS,  TRACKS,  MARSHALLING YARDS,  AND STATIONS""",50.1,8.67,B17,3.0,13.0,263.0,39.0,,,39.0,F.F.F.
88345,177264.0,1944-11-05,9,GERMANY,MARSHALLING YARD,"""RR INSTALLATIONS,  TRACKS,  MARSHALLING YARDS,  AND STATIONS""",50.1,8.67,B17,3.0,13.0,269.0,39.0,,,39.0,F.F.F.
88346,177265.0,1944-11-05,9,GERMANY,MARSHALLING YARD,"""RR INSTALLATIONS,  TRACKS,  MARSHALLING YARDS,  AND STATIONS""",50.1,8.67,B17,3.0,12.0,267.0,36.0,,,36.0,F.F.F.
88357,177266.0,1944-11-05,9,GERMANY,MARSHALLING YARD,"""RR INSTALLATIONS,  TRACKS,  MARSHALLING YARDS,  AND STATIONS""",50.1,8.67,B17,3.0,12.0,259.0,36.0,,,36.0,F.F.F.
88340,177267.0,1944-11-05,9,GERMANY,MARSHALLING YARD,"""RR INSTALLATIONS,  TRACKS,  MARSHALLING YARDS,  AND STATIONS""",50.1,8.67,B17,3.0,12.0,277.0,36.0,,,36.0,F.F.F.
88348,177268.0,1944-11-05,9,GERMANY,MARSHALLING YARD,"""RR INSTALLATIONS,  TRACKS,  MARSHALLING YARDS,  AND STATIONS""",50.1,8.67,B17,3.0,12.0,264.0,36.0,,,36.0,F.F.F.
88358,177269.0,1944-11-05,9,GERMANY,MARSHALLING YARD,"""RR INSTALLATIONS,  TRACKS,  MARSHALLING YARDS,  AND STATIONS""",50.1,8.67,B17,3.0,12.0,259.0,36.0,,,36.0,F.F.F.
88341,177270.0,1944-11-05,9,GERMANY,MARSHALLING YARD,"""RR INSTALLATIONS,  TRACKS,  MARSHALLING YARDS,  AND STATIONS""",50.1,8.67,B17,3.0,11.0,275.0,30.0,,,30.0,F.F.F.
88367,177271.0,1944-11-05,9,GERMANY,RR,"""RR INSTALLATIONS,  TRACKS,  MARSHALLING YARDS,  AND STATIONS""",50.13,8.93,B17,2.0,11.0,250.0,33.0,,,33.0,VISUAL
88371,177272.0,1944-11-05,9,GERMANY,RR,"""RR INSTALLATIONS,  TRACKS,  MARSHALLING YARDS,  AND STATIONS""",50.13,8.93,B17,2.0,12.0,245.0,36.0,,,36.0,VISUAL
88355,177273.0,1944-11-05,9,GERMANY,RR,"""RR INSTALLATIONS,  TRACKS,  MARSHALLING YARDS,  AND STATIONS""",50.13,8.93,B17,2.0,13.0,260.0,39.0,,,39.0,VISUAL
88394,177303.0,1944-11-05,9,GERMANY,MARSHALLING YARD,"""RR INSTALLATIONS,  TRACKS,  MARSHALLING YARDS,  AND STATIONS""",48.68,12.68,B24,2.0,11.0,,44.0,,,44.0,NOT INDICATED
88390,213962.0,1944-11-05,9,GERMANY,AMMO DUMP,SUPPLY DUMPS AND WAREHOUSES,47.93,8.93,A20,,,,31.0,,,31.0,NOT INDICATED
88381,213963.0,1944-11-05,9,GERMANY,AMMO DUMP,SUPPLY DUMPS AND WAREHOUSES,47.93,8.93,A20,,,125.0,45.0,,,45.0,F.F.F.
88382,213964.0,1944-11-05,9,GERMANY,AMMO DUMP,SUPPLY DUMPS AND WAREHOUSES,47.93,8.93,B26,,,125.0,56.0,,,56.0,NOT INDICATED
88391,213965.0,1944-11-05,9,GERMANY,AMMO DUMP,SUPPLY DUMPS AND WAREHOUSES,47.93,8.93,B26,,,,4.0,,,4.0,VISUAL
88377,213966.0,1944-11-05,9,GERMANY,AMMO DUMP,SUPPLY DUMPS AND WAREHOUSES,47.93,8.93,B26,,,126.0,52.0,,,52.0,VISUAL
88392,213967.0,1944-11-05,9,GERMANY,AMMO DUMP,SUPPLY DUMPS AND WAREHOUSES,47.93,8.93,A20,,,,31.0,,,31.0,NOT INDICATED
88383,213968.0,1944-11-05,9,GERMANY,AMMO DUMP,SUPPLY DUMPS AND WAREHOUSES,47.93,8.93,A20,,,125.0,45.0,,,45.0,F.F.F.
88384,213969.0,1944-11-05,9,GERMANY,AMMO DUMP,SUPPLY DUMPS AND WAREHOUSES,47.93,8.93,B26,,,125.0,56.0,,,56.0,NOT INDICATED
88393,213970.0,1944-11-05,9,GERMANY,AMMO DUMP,SUPPLY DUMPS AND WAREHOUSES,47.93,8.93,B26,,,,4.0,,,4.0,VISUAL
88378,213971.0,1944-11-05,9,GERMANY,AMMO DUMP,SUPPLY DUMPS AND WAREHOUSES,47.93,8.93,B26,,,126.0,52.0,,,52.0,VISUAL
89943,112426.0,1944-11-06,15,AUSTRIA,UNIDENTIFIED TARGET,UNIDENTIFIED TARGETS,47.95,16.85,B24,2.0,,,1.0,,,1.0,NOT INDICATED
89921,112427.0,1944-11-06,15,AUSTRIA,UNIDENTIFIED TARGET,UNIDENTIFIED TARGETS,47.95,16.85,B24,2.0,17.0,225.0,2.0,40.0,,42.0,F.F.F.
89933,112430.0,1944-11-06,15,AUSTRIA,FACTORY,MANUFACTURING INSTALLATIONS (NOT SPECIFICALLY IDENTIFIED BELOW FROM CLASS 11 THROUGH 59),47.1,15.7,B17,2.0,1.0,,2.0,,,2.0,NOT INDICATED
89591,112432.0,1944-11-06,15,AUSTRIA,STEEL WORKS,"""IRON AND STEEL PRODUCTION FACILITIES,  BLAST FURNACES,  BOILER SHOPS,  FORGES,  FOUNDRIES, STEEL WORKS,  ROLLING-MILLS """,47.43,15.32,B17,3.0,31.0,270.0,77.0,,,77.0,NOT INDICATED
89593,112433.0,1944-11-06,15,AUSTRIA,SYN OIL REFINERY,OIL REFINERIES,48.32,15.92,B17,4.0,25.0,270.0,47.0,,,47.0,F.F.F.
89928,112434.0,1944-11-06,15,AUSTRIA,SYN OIL REFINERY,OIL REFINERIES,48.32,15.92,B17,4.0,19.0,210.0,57.0,,,57.0,F.F.F.
89589,112435.0,1944-11-06,15,AUSTRIA,SYN OIL REFINERY,OIL REFINERIES,48.32,15.92,B17,4.0,34.0,275.0,80.0,,,80.0,VISUAL
89916,112436.0,1944-11-06,15,AUSTRIA,SYN OIL REFINERY,OIL REFINERIES,48.32,15.92,B24,4.0,26.0,225.0,51.0,,,51.0,F.F.F.
89912,112437.0,1944-11-06,15,AUSTRIA,SYN OIL REFINERY,OIL REFINERIES,48.32,15.92,B24,4.0,27.0,234.0,52.0,,,52.0,NOT INDICATED
89917,112438.0,1944-11-06,15,AUSTRIA,SYN OIL REFINERY,OIL REFINERIES,48.32,15.92,B24,4.0,27.0,225.0,52.0,,,52.0,F.F.F.
89914,112439.0,1944-11-06,15,AUSTRIA,SYN OIL REFINERY,OIL REFINERIES,48.32,15.92,B24,4.0,27.0,230.0,54.0,,,54.0,F.F.F.
89936,112440.0,1944-11-06,15,AUSTRIA,SYN OIL REFINERY,OIL REFINERIES,48.32,15.92,B24,4.0,,,8.0,,,8.0,NOT INDICATED
89907,112441.0,1944-11-06,15,AUSTRIA,SYN OIL REFINERY,OIL REFINERIES,48.32,15.92,B24,4.0,39.0,237.0,37.0,,,37.0,F.F.F.
89930,112442.0,1944-11-06,15,AUSTRIA,SYN OIL REFINERY,OIL REFINERIES,48.32,15.92,B24,4.0,36.0,204.0,47.0,40.0,,87.0,NOT INDICATED
89937,112443.0,1944-11-06,15,AUSTRIA,SYN OIL REFINERY,OIL REFINERIES,48.32,15.92,B24,4.0,,,9.0,,,9.0,NOT INDICATED
89938,112444.0,1944-11-06,15,AUSTRIA,SYN OIL REFINERY,OIL REFINERIES,48.32,15.92,B24,4.0,9.0,,,23.0,,23.0,NOT INDICATED
89926,112445.0,1944-11-06,15,AUSTRIA,SYN OIL REFINERY,OIL REFINERIES,48.32,15.92,B24,4.0,17.0,210.0,34.0,,,34.0,F.F.F.
89904,112510.0,1944-11-06,15,AUSTRIA,GOODS DEPOT,SUPPLY DUMPS AND WAREHOUSES,48.2,16.37,B24,4.0,27.0,238.0,52.0,,,52.0,F.F.F.
89945,112511.0,1944-11-06,15,AUSTRIA,GOODS DEPOT,SUPPLY DUMPS AND WAREHOUSES,48.2,16.37,B24,4.0,,,7.0,,,7.0,NOT INDICATED
89909,112512.0,1944-11-06,15,AUSTRIA,GOODS DEPOT,SUPPLY DUMPS AND WAREHOUSES,48.2,16.37,B24,4.0,31.0,235.0,22.0,42.0,,64.0,F.F.F.
89946,112513.0,1944-11-06,15,AUSTRIA,GOODS DEPOT,SUPPLY DUMPS AND WAREHOUSES,48.2,16.37,B24,4.0,,,8.0,,,8.0,NOT INDICATED
89598,112514.0,1944-11-06,15,AUSTRIA,GOODS DEPOT,SUPPLY DUMPS AND WAREHOUSES,48.2,16.37,B24,4.0,31.0,245.0,28.0,38.0,,66.0,F.F.F.
89947,112515.0,1944-11-06,15,AUSTRIA,GOODS DEPOT,SUPPLY DUMPS AND WAREHOUSES,48.2,16.37,B24,4.0,,,9.0,30.0,,39.0,NOT INDICATED
89923,112516.0,1944-11-06,15,AUSTRIA,GOODS DEPOT,SUPPLY DUMPS AND WAREHOUSES,48.2,16.37,B24,4.0,29.0,220.0,34.0,,,34.0,F.F.F.
89901,112517.0,1944-11-06,15,AUSTRIA,GOODS DEPOT,SUPPLY DUMPS AND WAREHOUSES,48.2,16.37,B24,3.0,25.0,240.0,38.0,,,38.0,F.F.F.
89595,112519.0,1944-11-06,15,AUSTRIA,UNIDENTIFIED TARGET,UNIDENTIFIED TARGETS,48.2,16.37,B24,4.0,22.0,250.0,35.0,,,35.0,F.F.F.
89957,112520.0,1944-11-06,15,AUSTRIA,UNIDENTIFIED TARGETS,UNIDENTIFIED TARGETS,47.0,14.67,B24,2.0,,,1.0,,,1.0,NOT INDICATED
89958,112521.0,1944-11-06,15,AUSTRIA,UNIDENTIFIED TARGETS,UNIDENTIFIED TARGETS,47.0,14.67,B24,2.0,1.0,,2.0,,,2.0,NOT INDICATED
89948,112522.0,1944-11-06,15,AUSTRIA,CITY AREA,CITIES TOWNS AND URBAN AREAS,48.2,16.37,B24,2.0,1.0,,,3.0,,3.0,NOT INDICATED
89944,177326.0,1944-11-06,15,AUSTRIA,UNIDENTIFIED TARGET,UNIDENTIFIED TARGETS,47.95,16.85,B24,2.0,,,1.0,,,1.0,NOT INDICATED
89922,177327.0,1944-11-06,15,AUSTRIA,UNIDENTIFIED TARGET,UNIDENTIFIED TARGETS,47.95,16.85,B24,2.0,17.0,225.0,2.0,40.0,,42.0,F.F.F.
89597,177328.0,1944-11-06,15,AUSTRIA,UNIDENTIFIED TARGET,UNIDENTIFIED TARGETS,48.2,16.37,B24,4.0,22.0,250.0,35.0,,,35.0,F.F.F.
89959,177329.0,1944-11-06,15,AUSTRIA,UNIDENTIFIED TARGETS,UNIDENTIFIED TARGETS,47.0,14.67,B24,2.0,,,1.0,,,1.0,NOT INDICATED
89960,177330.0,1944-11-06,15,AUSTRIA,UNIDENTIFIED TARGETS,UNIDENTIFIED TARGETS,47.0,14.67,B24,2.0,1.0,,2.0,,,2.0,NOT INDICATED
89949,177342.0,1944-11-06,15,AUSTRIA,CITY AREA,CITIES TOWNS AND URBAN AREAS,48.2,16.37,B24,2.0,1.0,,,3.0,,3.0,NOT INDICATED
89950,177348.0,1944-11-06,15,AUSTRIA,CITY AREA,CITIES TOWNS AND URBAN AREAS,48.2,16.37,B24,2.0,1.0,,,3.0,,3.0,NOT INDICATED
89934,177353.0,1944-11-06,15,AUSTRIA,FACTORY,MANUFACTURING INSTALLATIONS (NOT SPECIFICALLY IDENTIFIED BELOW FROM CLASS 11 THROUGH 59),47.1,15.7,B17,2.0,1.0,,2.0,,,2.0,NOT INDICATED
89935,177355.0,1944-11-06,15,AUSTRIA,FACTORY,MANUFACTURING INSTALLATIONS (NOT SPECIFICALLY IDENTIFIED BELOW FROM CLASS 11 THROUGH 59),47.1,15.7,B17,2.0,1.0,,2.0,,,2.0,NOT INDICATED
89942,177357.0,1944-11-06,15,AUSTRIA,UNIDENTIFIED TARGET,UNIDENTIFIED TARGETS,47.95,16.85,B24,2.0,,,1.0,,,1.0,NOT INDICATED
89920,177358.0,1944-11-06,15,AUSTRIA,UNIDENTIFIED TARGET,UNIDENTIFIED TARGETS,47.95,16.85,B24,2.0,17.0,225.0,2.0,40.0,,42.0,F.F.F.
89596,177359.0,1944-11-06,15,AUSTRIA,UNIDENTIFIED TARGET,UNIDENTIFIED TARGETS,48.2,16.37,B24,4.0,22.0,250.0,35.0,,,35.0,F.F.F.
89961,177360.0,1944-11-06,15,AUSTRIA,UNIDENTIFIED TARGETS,UNIDENTIFIED TARGETS,47.0,14.67,B24,2.0,,,1.0,,,1.0,NOT INDICATED
89962,177361.0,1944-11-06,15,AUSTRIA,UNIDENTIFIED TARGETS,UNIDENTIFIED TARGETS,47.0,14.67,B24,2.0,1.0,,2.0,,,2.0,NOT INDICATED
89592,177374.0,1944-11-06,15,AUSTRIA,STEEL WORKS,"""IRON AND STEEL PRODUCTION FACILITIES,  BLAST FURNACES,  BOILER SHOPS,  FORGES,  FOUNDRIES, STEEL WORKS,  ROLLING-MILLS """,47.43,15.32,B17,3.0,31.0,270.0,77.0,,,77.0,NOT INDICATED
89594,177375.0,1944-11-06,15,AUSTRIA,SYN OIL REFINERY,OIL REFINERIES,48.32,15.92,B17,4.0,25.0,270.0,47.0,,,47.0,F.F.F.
89929,177376.0,1944-11-06,15,AUSTRIA,SYN OIL REFINERY,OIL REFINERIES,48.32,15.92,B17,4.0,19.0,210.0,57.0,,,57.0,F.F.F.
89590,177377.0,1944-11-06,15,AUSTRIA,SYN OIL REFINERY,OIL REFINERIES,48.32,15.92,B17,4.0,34.0,275.0,80.0,,,80.0,VISUAL
89918,177378.0,1944-11-06,15,AUSTRIA,SYN OIL REFINERY,OIL REFINERIES,48.32,15.92,B24,4.0,26.0,225.0,51.0,,,51.0,F.F.F.
89913,177379.0,1944-11-06,15,AUSTRIA,SYN OIL REFINERY,OIL REFINERIES,48.32,15.92,B24,4.0,27.0,234.0,52.0,,,52.0,NOT INDICATED
89919,177380.0,1944-11-06,15,AUSTRIA,SYN OIL REFINERY,OIL REFINERIES,48.32,15.92,B24,4.0,27.0,225.0,52.0,,,52.0,F.F.F.
89915,177381.0,1944-11-06,15,AUSTRIA,SYN OIL REFINERY,OIL REFINERIES,48.32,15.92,B24,4.0,27.0,230.0,54.0,,,54.0,F.F.F.
89939,177382.0,1944-11-06,15,AUSTRIA,SYN OIL REFINERY,OIL REFINERIES,48.32,15.92,B24,4.0,,,8.0,,,8.0,NOT INDICATED
89908,177383.0,1944-11-06,15,AUSTRIA,SYN OIL REFINERY,OIL REFINERIES,48.32,15.92,B24,4.0,39.0,237.0,37.0,,,37.0,F.F.F.
89931,177384.0,1944-11-06,15,AUSTRIA,SYN OIL REFINERY,OIL REFINERIES,48.32,15.92,B24,4.0,36.0,204.0,47.0,40.0,,87.0,NOT INDICATED
89940,177385.0,1944-11-06,15,AUSTRIA,SYN OIL REFINERY,OIL REFINERIES,48.32,15.92,B24,4.0,,,9.0,,,9.0,NOT INDICATED
89941,177386.0,1944-11-06,15,AUSTRIA,SYN OIL REFINERY,OIL REFINERIES,48.32,15.92,B24,4.0,9.0,,,23.0,,23.0,NOT INDICATED
89927,177387.0,1944-11-06,15,AUSTRIA,SYN OIL REFINERY,OIL REFINERIES,48.32,15.92,B24,4.0,17.0,210.0,34.0,,,34.0,F.F.F.
89932,177438.0,1944-11-06,15,AUSTRIA,MARSHALLING YARDS,"""RR INSTALLATIONS,  TRACKS,  MARSHALLING YARDS,  AND STATIONS""",48.3,16.57,B17,3.0,2.0,,6.0,,,6.0,NOT INDICATED
89588,177439.0,1944-11-06,15,AUSTRIA,MARSHALLING YARDS,"""RR INSTALLATIONS,  TRACKS,  MARSHALLING YARDS,  AND STATIONS""",48.3,16.57,B17,3.0,36.0,280.0,72.0,,,72.0,F.F.F.
89963,177443.0,1944-11-06,15,AUSTRIA,BRIDGE,BRIDGES,47.33,14.67,B24,2.0,,,1.0,,,1.0,NOT INDICATED
89964,177444.0,1944-11-06,15,AUSTRIA,BRIDGE,BRIDGES,47.33,14.67,B24,2.0,1.0,,2.0,,,2.0,NOT INDICATED
89905,213998.0,1944-11-06,15,AUSTRIA,GOODS DEPOT,SUPPLY DUMPS AND WAREHOUSES,48.2,16.37,B24,4.0,27.0,238.0,52.0,,,52.0,F.F.F.
89951,213999.0,1944-11-06,15,AUSTRIA,GOODS DEPOT,SUPPLY DUMPS AND WAREHOUSES,48.2,16.37,B24,4.0,,,7.0,,,7.0,NOT INDICATED
89910,214000.0,1944-11-06,15,AUSTRIA,GOODS DEPOT,SUPPLY DUMPS AND WAREHOUSES,48.2,16.37,B24,4.0,31.0,235.0,22.0,42.0,,64.0,F.F.F.
89952,214001.0,1944-11-06,15,AUSTRIA,GOODS DEPOT,SUPPLY DUMPS AND WAREHOUSES,48.2,16.37,B24,4.0,,,8.0,,,8.0,NOT INDICATED
89599,214002.0,1944-11-06,15,AUSTRIA,GOODS DEPOT,SUPPLY DUMPS AND WAREHOUSES,48.2,16.37,B24,4.0,31.0,245.0,28.0,38.0,,66.0,F.F.F.
89953,214003.0,1944-11-06,15,AUSTRIA,GOODS DEPOT,SUPPLY DUMPS AND WAREHOUSES,48.2,16.37,B24,4.0,,,9.0,30.0,,39.0,NOT INDICATED
89925,214004.0,1944-11-06,15,AUSTRIA,GOODS DEPOT,SUPPLY DUMPS AND WAREHOUSES,48.2,16.37,B24,4.0,29.0,220.0,34.0,,,34.0,F.F.F.
89903,214005.0,1944-11-06,15,AUSTRIA,GOODS DEPOT,SUPPLY DUMPS AND WAREHOUSES,48.2,16.37,B24,3.0,25.0,240.0,38.0,,,38.0,F.F.F.
89906,214509.0,1944-11-06,15,AUSTRIA,GOODS DEPOT,SUPPLY DUMPS AND WAREHOUSES,48.2,16.37,B24,4.0,27.0,238.0,52.0,,,52.0,F.F.F.
89954,214510.0,1944-11-06,15,AUSTRIA,GOODS DEPOT,SUPPLY DUMPS AND WAREHOUSES,48.2,16.37,B24,4.0,,,7.0,,,7.0,NOT INDICATED
89911,214673.0,1944-11-06,15,AUSTRIA,GOODS DEPOT,SUPPLY DUMPS AND WAREHOUSES,48.2,16.37,B24,4.0,31.0,235.0,22.0,42.0,,64.0,F.F.F.
89955,214674.0,1944-11-06,15,AUSTRIA,GOODS DEPOT,SUPPLY DUMPS AND WAREHOUSES,48.2,16.37,B24,4.0,,,8.0,,,8.0,NOT INDICATED
89600,214730.0,1944-11-06,15,AUSTRIA,GOODS DEPOT,SUPPLY DUMPS AND WAREHOUSES,48.2,16.37,B24,4.0,31.0,245.0,28.0,38.0,,66.0,F.F.F.
89956,214731.0,1944-11-06,15,AUSTRIA,GOODS DEPOT,SUPPLY DUMPS AND WAREHOUSES,48.2,16.37,B24,4.0,,,9.0,30.0,,39.0,NOT INDICATED
89924,214739.0,1944-11-06,15,AUSTRIA,GOODS DEPOT,SUPPLY DUMPS AND WAREHOUSES,48.2,16.37,B24,4.0,29.0,220.0,34.0,,,34.0,F.F.F.
89902,214740.0,1944-11-06,15,AUSTRIA,GOODS DEPOT,SUPPLY DUMPS AND WAREHOUSES,48.2,16.37,B24,3.0,25.0,240.0,38.0,,,38.0,F.F.F.
91288,112534.0,1944-11-07,15,AUSTRIA,OIL REFINERY,OIL REFINERIES,48.2,16.37,B17,4.0,3.0,250.0,7.0,,,7.0,F.F.F.
91295,112535.0,1944-11-07,15,AUSTRIA,OIL REFINERY,OIL REFINERIES,48.2,16.37,B17,4.0,,,4.0,,,4.0,NOT INDICATED
91293,112536.0,1944-11-07,15,AUSTRIA,OIL REFINERY,OIL REFINERIES,48.2,16.37,B17,4.0,3.0,190.0,4.0,,,4.0,F.F.F.
91296,112537.0,1944-11-07,15,AUSTRIA,OIL REFINERY,OIL REFINERIES,48.2,16.37,B17,4.0,,,2.0,,,2.0,NOT INDICATED
91286,112538.0,1944-11-07,15,AUSTRIA,OIL REFINERY,OIL REFINERIES,48.2,16.37,B17,4.0,1.0,260.0,1.0,,,1.0,F.F.F.
91297,112539.0,1944-11-07,15,AUSTRIA,OIL REFINERY,OIL REFINERIES,48.2,16.37,B17,4.0,,,1.0,,,1.0,NOT INDICATED
91282,112540.0,1944-11-07,15,AUSTRIA,OIL REFINERY,OIL REFINERIES,48.2,16.37,B17,4.0,2.0,270.0,4.0,,,4.0,F.F.F.
91298,112541.0,1944-11-07,15,AUSTRIA,OIL REFINERY,OIL REFINERIES,48.2,16.37,B17,4.0,,,1.0,,,1.0,NOT INDICATED
91283,112542.0,1944-11-07,15,AUSTRIA,OIL REFINERY,OIL REFINERIES,48.2,16.37,B17,4.0,1.0,270.0,1.0,,,1.0,F.F.F.
91299,112565.0,1944-11-07,15,AUSTRIA,UNIDENTIFIED TARGET,UNIDENTIFIED TARGETS,48.2,16.37,B17,3.0,,,,,,,NOT INDICATED
91289,112566.0,1944-11-07,15,AUSTRIA,UNIDENTIFIED TARGET,UNIDENTIFIED TARGETS,48.2,16.37,B17,3.0,1.0,250.0,2.0,,,2.0,F.F.F.
91300,177493.0,1944-11-07,15,AUSTRIA,UNIDENTIFIED TARGET,UNIDENTIFIED TARGETS,48.2,16.37,B17,3.0,,,,,,,NOT INDICATED
91290,177494.0,1944-11-07,15,AUSTRIA,UNIDENTIFIED TARGET,UNIDENTIFIED TARGETS,48.2,16.37,B17,3.0,1.0,250.0,2.0,,,2.0,F.F.F.
91601,177503.0,1944-11-07,15,AUSTRIA,UNIDENTIFIED TARGET,UNIDENTIFIED TARGETS,48.2,16.37,B17,3.0,,,,,,,NOT INDICATED
91291,177504.0,1944-11-07,15,AUSTRIA,UNIDENTIFIED TARGET,UNIDENTIFIED TARGETS,48.2,16.37,B17,3.0,1.0,250.0,2.0,,,2.0,F.F.F.
91292,177511.0,1944-11-07,15,AUSTRIA,OIL REFINERY,OIL REFINERIES,48.2,16.37,B17,4.0,3.0,250.0,7.0,,,7.0,F.F.F.
91602,177512.0,1944-11-07,15,AUSTRIA,OIL REFINERY,OIL REFINERIES,48.2,16.37,B17,4.0,,,4.0,,,4.0,NOT INDICATED
91294,177513.0,1944-11-07,15,AUSTRIA,OIL REFINERY,OIL REFINERIES,48.2,16.37,B17,4.0,3.0,190.0,4.0,,,4.0,F.F.F.
91603,177514.0,1944-11-07,15,AUSTRIA,OIL REFINERY,OIL REFINERIES,48.2,16.37,B17,4.0,,,2.0,,,2.0,NOT INDICATED
91287,177515.0,1944-11-07,15,AUSTRIA,OIL REFINERY,OIL REFINERIES,48.2,16.37,B17,4.0,1.0,260.0,1.0,,,1.0,F.F.F.
91604,177516.0,1944-11-07,15,AUSTRIA,OIL REFINERY,OIL REFINERIES,48.2,16.37,B17,4.0,,,1.0,,,1.0,NOT INDICATED
91284,177517.0,1944-11-07,15,AUSTRIA,OIL REFINERY,OIL REFINERIES,48.2,16.37,B17,4.0,2.0,270.0,4.0,,,4.0,F.F.F.
91605,177518.0,1944-11-07,15,AUSTRIA,OIL REFINERY,OIL REFINERIES,48.2,16.37,B17,4.0,,,1.0,,,1.0,NOT INDICATED
91285,177519.0,1944-11-07,15,AUSTRIA,OIL REFINERY,OIL REFINERIES,48.2,16.37,B17,4.0,1.0,270.0,1.0,,,1.0,F.F.F.
92821,112611.0,1944-11-09,9,GERMANY,MARSHALLING YARD,"""RR INSTALLATIONS,  TRACKS,  MARSHALLING YARDS,  AND STATIONS""",49.13,8.9,A20,,,110.0,7.0,,,7.0,VISUAL
92819,112679.0,1944-11-09,9,GERMANY,TRAINING CENTRE,TACTICAL TARGETS: (UNIDENTIFIED OR NOT LISTED BELOW),48.68,12.68,B26,,,120.0,68.0,,,68.0,VISUAL
92822,214068.0,1944-11-09,9,GERMANY,MARSHALLING YARD,"""RR INSTALLATIONS,  TRACKS,  MARSHALLING YARDS,  AND STATIONS""",49.13,8.9,A20,,,110.0,7.0,,,7.0,VISUAL
92823,214140.0,1944-11-09,9,GERMANY,TRAINING CENTRE,TACTICAL TARGETS: (UNIDENTIFIED OR NOT LISTED BELOW),48.68,12.68,B26,,,12.0,68.0,,,68.0,VISUAL
92820,214145.0,1944-11-09,9,GERMANY,TRAINING CENTRE,TACTICAL TARGETS: (UNIDENTIFIED OR NOT LISTED BELOW),48.68,12.68,B26,,,120.0,68.0,,,68.0,VISUAL
94097,112725.0,1944-11-10,9,GERMANY,LANGENDIEBACH AF,AIR FIELDS AND AIRDROMES,50.13,8.93,B24,4.0,1.0,,1.0,,,1.0,NOT INDICATED
94098,112726.0,1944-11-10,9,GERMANY,LANGENDIEBACH AF,AIR FIELDS AND AIRDROMES,50.13,8.93,B24,4.0,1.0,,1.0,,,1.0,NOT INDICATED
94072,112727.0,1944-11-10,9,GERMANY,LANGENDIEBACH AF,AIR FIELDS AND AIRDROMES,50.13,8.93,B24,4.0,21.0,220.0,39.0,,,39.0,F.F.F.
94099,112728.0,1944-11-10,9,GERMANY,LANGENDIEBACH AF,AIR FIELDS AND AIRDROMES,50.13,8.93,B24,4.0,1.0,,2.0,,,2.0,NOT INDICATED
94100,112729.0,1944-11-10,9,GERMANY,LANGENDIEBACH AF,AIR FIELDS AND AIRDROMES,50.13,8.93,B24,4.0,1.0,,2.0,,,2.0,NOT INDICATED
94401,112730.0,1944-11-10,9,GERMANY,LANGENDIEBACH AF,AIR FIELDS AND AIRDROMES,50.13,8.93,B24,4.0,1.0,,2.0,,,2.0,NOT INDICATED
94073,112731.0,1944-11-10,9,GERMANY,LANGENDIEBACH AF,AIR FIELDS AND AIRDROMES,50.13,8.93,B24,4.0,29.0,220.0,54.0,,,54.0,F.F.F.
94064,112732.0,1944-11-10,9,GERMANY,LANGENDIEBACH AF,AIR FIELDS AND AIRDROMES,50.13,8.93,B24,4.0,18.0,230.0,33.0,,,33.0,F.F.F.
94402,112733.0,1944-11-10,9,GERMANY,LANGENDIEBACH AF,AIR FIELDS AND AIRDROMES,50.13,8.93,B24,0.0,,,2.0,,,2.0,NOT INDICATED
94070,112734.0,1944-11-10,9,GERMANY,LANGENDIEBACH AF,AIR FIELDS AND AIRDROMES,50.13,8.93,B24,4.0,27.0,229.0,46.0,,,46.0,F.F.F.
94082,112735.0,1944-11-10,9,GERMANY,LANGENDIEBACH AF,AIR FIELDS AND AIRDROMES,50.13,8.93,B24,4.0,18.0,210.0,32.0,,,32.0,F.F.F.
94065,112736.0,1944-11-10,9,GERMANY,LANGENDIEBACH AF,AIR FIELDS AND AIRDROMES,50.13,8.93,B24,4.0,20.0,230.0,36.0,,,36.0,F.F.F.
94061,112737.0,1944-11-10,9,GERMANY,LANGENDIEBACH AF,AIR FIELDS AND AIRDROMES,50.13,8.93,B24,4.0,28.0,232.0,50.0,,,50.0,F.F.F.
94403,112738.0,1944-11-10,9,GERMANY,LANGENDIEBACH AF,AIR FIELDS AND AIRDROMES,50.13,8.93,B24,4.0,1.0,,1.0,,,1.0,NOT INDICATED
94404,112739.0,1944-11-10,9,GERMANY,LANGENDIEBACH AF,AIR FIELDS AND AIRDROMES,50.13,8.93,B24,4.0,2.0,,1.0,,,1.0,NOT INDICATED
94083,112740.0,1944-11-10,9,GERMANY,LANGENDIEBACH AF,AIR FIELDS AND AIRDROMES,50.13,8.93,B24,4.0,18.0,210.0,34.0,,,34.0,F.F.F.
94405,112741.0,1944-11-10,9,GERMANY,LANGENDIEBACH AF,AIR FIELDS AND AIRDROMES,50.13,8.93,B24,0.0,,,1.0,,,1.0,NOT INDICATED
94084,112742.0,1944-11-10,9,GERMANY,LANGENDIEBACH AF,AIR FIELDS AND AIRDROMES,50.13,8.93,B24,4.0,27.0,210.0,47.0,,,47.0,F.F.F.
94085,112743.0,1944-11-10,9,GERMANY,LANGENDIEBACH AF,AIR FIELDS AND AIRDROMES,50.13,8.93,B24,4.0,19.0,210.0,34.0,,,34.0,F.F.F.
94074,112744.0,1944-11-10,9,GERMANY,LANGENDIEBACH AF,AIR FIELDS AND AIRDROMES,50.13,8.93,B24,4.0,17.0,220.0,29.0,,,29.0,F.F.F.
94406,112745.0,1944-11-10,9,GERMANY,LANGENDIEBACH AF,AIR FIELDS AND AIRDROMES,50.13,8.93,B24,3.0,1.0,,2.0,,,2.0,NOT INDICATED
94086,177642.0,1944-11-10,9,GERMANY,RR,"""RR INSTALLATIONS,  TRACKS,  MARSHALLING YARDS,  AND STATIONS""",50.13,8.93,B24,3.0,21.0,210.0,39.0,,,39.0,F.F.F.
94087,177643.0,1944-11-10,9,GERMANY,RR,"""RR INSTALLATIONS,  TRACKS,  MARSHALLING YARDS,  AND STATIONS""",50.13,8.93,B24,3.0,19.0,210.0,36.0,,,36.0,F.F.F.
94407,214243.0,1944-11-10,9,GERMANY,LANGENDIEBACH AF,AIR FIELDS AND AIRDROMES,50.13,8.93,B24,4.0,1.0,,1.0,,,1.0,NOT INDICATED
94408,214244.0,1944-11-10,9,GERMANY,LANGENDIEBACH AF,AIR FIELDS AND AIRDROMES,50.13,8.93,B24,4.0,1.0,,1.0,,,1.0,NOT INDICATED
94075,214245.0,1944-11-10,9,GERMANY,LANGENDIEBACH AF,AIR FIELDS AND AIRDROMES,50.13,8.93,B24,4.0,21.0,220.0,39.0,,,39.0,F.F.F.
94409,214246.0,1944-11-10,9,GERMANY,LANGENDIEBACH AF,AIR FIELDS AND AIRDROMES,50.13,8.93,B24,4.0,1.0,,2.0,,,2.0,NOT INDICATED
94410,214247.0,1944-11-10,9,GERMANY,LANGENDIEBACH AF,AIR FIELDS AND AIRDROMES,50.13,8.93,B24,4.0,1.0,,2.0,,,2.0,NOT INDICATED
94411,214248.0,1944-11-10,9,GERMANY,LANGENDIEBACH AF,AIR FIELDS AND AIRDROMES,50.13,8.93,B24,4.0,1.0,,2.0,,,2.0,NOT INDICATED
94076,214249.0,1944-11-10,9,GERMANY,LANGENDIEBACH AF,AIR FIELDS AND AIRDROMES,50.13,8.93,B24,4.0,29.0,220.0,54.0,,,54.0,F.F.F.
94066,214250.0,1944-11-10,9,GERMANY,LANGENDIEBACH AF,AIR FIELDS AND AIRDROMES,50.13,8.93,B24,4.0,18.0,230.0,33.0,,,33.0,F.F.F.
94412,214251.0,1944-11-10,9,GERMANY,LANGENDIEBACH AF,AIR FIELDS AND AIRDROMES,50.13,8.93,B24,0.0,,,2.0,,,2.0,NOT INDICATED
94071,214252.0,1944-11-10,9,GERMANY,LANGENDIEBACH AF,AIR FIELDS AND AIRDROMES,50.13,8.93,B24,4.0,27.0,229.0,46.0,,,46.0,F.F.F.
94088,214253.0,1944-11-10,9,GERMANY,LANGENDIEBACH AF,AIR FIELDS AND AIRDROMES,50.13,8.93,B24,4.0,18.0,210.0,32.0,,,32.0,F.F.F.
94067,214254.0,1944-11-10,9,GERMANY,LANGENDIEBACH AF,AIR FIELDS AND AIRDROMES,50.13,8.93,B24,4.0,20.0,230.0,36.0,,,36.0,F.F.F.
94062,214255.0,1944-11-10,9,GERMANY,LANGENDIEBACH AF,AIR FIELDS AND AIRDROMES,50.13,8.93,B24,4.0,28.0,232.0,50.0,,,50.0,F.F.F.
94413,214256.0,1944-11-10,9,GERMANY,LANGENDIEBACH AF,AIR FIELDS AND AIRDROMES,50.13,8.93,B24,4.0,1.0,,1.0,,,1.0,NOT INDICATED
94414,214257.0,1944-11-10,9,GERMANY,LANGENDIEBACH AF,AIR FIELDS AND AIRDROMES,50.13,8.93,B24,4.0,2.0,,1.0,,,1.0,NOT INDICATED
94089,214258.0,1944-11-10,9,GERMANY,LANGENDIEBACH AF,AIR FIELDS AND AIRDROMES,50.13,8.93,B24,4.0,18.0,210.0,34.0,,,34.0,F.F.F.
94415,214259.0,1944-11-10,9,GERMANY,LANGENDIEBACH AF,AIR FIELDS AND AIRDROMES,50.13,8.93,B24,0.0,,,1.0,,,1.0,NOT INDICATED
94090,214260.0,1944-11-10,9,GERMANY,LANGENDIEBACH AF,AIR FIELDS AND AIRDROMES,50.13,8.93,B24,4.0,27.0,210.0,47.0,,,47.0,F.F.F.
94091,214261.0,1944-11-10,9,GERMANY,LANGENDIEBACH AF,AIR FIELDS AND AIRDROMES,50.13,8.93,B24,4.0,19.0,210.0,34.0,,,34.0,F.F.F.
94077,214262.0,1944-11-10,9,GERMANY,LANGENDIEBACH AF,AIR FIELDS AND AIRDROMES,50.13,8.93,B24,4.0,17.0,220.0,29.0,,,29.0,F.F.F.
94416,214263.0,1944-11-10,9,GERMANY,LANGENDIEBACH AF,AIR FIELDS AND AIRDROMES,50.13,8.93,B24,3.0,1.0,,2.0,,,2.0,NOT INDICATED
94417,214294.0,1944-11-10,9,GERMANY,LANGENDIEBACH AF,AIR FIELDS AND AIRDROMES,50.13,8.93,B24,4.0,1.0,,1.0,,,1.0,NOT INDICATED
94418,214295.0,1944-11-10,9,GERMANY,LANGENDIEBACH AF,AIR FIELDS AND AIRDROMES,50.13,8.93,B24,4.0,1.0,,1.0,,,1.0,NOT INDICATED
94078,214296.0,1944-11-10,9,GERMANY,LANGENDIEBACH AF,AIR FIELDS AND AIRDROMES,50.13,8.93,B24,4.0,21.0,220.0,39.0,,,39.0,F.F.F.
94419,214297.0,1944-11-10,9,GERMANY,LANGENDIEBACH AF,AIR FIELDS AND AIRDROMES,50.13,8.93,B24,4.0,1.0,,2.0,,,2.0,NOT INDICATED
94420,214298.0,1944-11-10,9,GERMANY,LANGENDIEBACH AF,AIR FIELDS AND AIRDROMES,50.13,8.93,B24,4.0,1.0,,2.0,,,2.0,NOT INDICATED
94421,214299.0,1944-11-10,9,GERMANY,LANGENDIEBACH AF,AIR FIELDS AND AIRDROMES,50.13,8.93,B24,4.0,1.0,,2.0,,,2.0,NOT INDICATED
94079,214300.0,1944-11-10,9,GERMANY,LANGENDIEBACH AF,AIR FIELDS AND AIRDROMES,50.13,8.93,B24,4.0,29.0,220.0,54.0,,,54.0,F.F.F.
94068,214301.0,1944-11-10,9,GERMANY,LANGENDIEBACH AF,AIR FIELDS AND AIRDROMES,50.13,8.93,B24,4.0,18.0,230.0,33.0,,,33.0,F.F.F.
94422,214302.0,1944-11-10,9,GERMANY,LANGENDIEBACH AF,AIR FIELDS AND AIRDROMES,50.13,8.93,B24,0.0,,,2.0,,,2.0,NOT INDICATED
94080,214303.0,1944-11-10,9,GERMANY,LANGENDIEBACH AF,AIR FIELDS AND AIRDROMES,50.13,8.93,B24,4.0,27.0,220.0,46.0,,,46.0,F.F.F.
94092,214304.0,1944-11-10,9,GERMANY,LANGENDIEBACH AF,AIR FIELDS AND AIRDROMES,50.13,8.93,B24,4.0,18.0,210.0,32.0,,,32.0,F.F.F.
94069,214305.0,1944-11-10,9,GERMANY,LANGENDIEBACH AF,AIR FIELDS AND AIRDROMES,50.13,8.93,B24,4.0,20.0,230.0,36.0,,,36.0,F.F.F.
94063,214306.0,1944-11-10,9,GERMANY,LANGENDIEBACH AF,AIR FIELDS AND AIRDROMES,50.13,8.93,B24,4.0,28.0,232.0,50.0,,,50.0,F.F.F.
94423,214307.0,1944-11-10,9,GERMANY,LANGENDIEBACH AF,AIR FIELDS AND AIRDROMES,50.13,8.93,B24,4.0,1.0,,1.0,,,1.0,NOT INDICATED
94424,214308.0,1944-11-10,9,GERMANY,LANGENDIEBACH AF,AIR FIELDS AND AIRDROMES,50.13,8.93,B24,4.0,2.0,,1.0,,,1.0,NOT INDICATED
94093,214309.0,1944-11-10,9,GERMANY,LANGENDIEBACH AF,AIR FIELDS AND AIRDROMES,50.13,8.93,B24,4.0,18.0,210.0,34.0,,,34.0,F.F.F.
94425,214310.0,1944-11-10,9,GERMANY,LANGENDIEBACH AF,AIR FIELDS AND AIRDROMES,50.13,8.93,B24,0.0,,,1.0,,,1.0,NOT INDICATED
94094,214311.0,1944-11-10,9,GERMANY,LANGENDIEBACH AF,AIR FIELDS AND AIRDROMES,50.13,8.93,B24,4.0,27.0,210.0,47.0,,,47.0,F.F.F.
94095,214312.0,1944-11-10,9,GERMANY,LANGENDIEBACH AF,AIR FIELDS AND AIRDROMES,50.13,8.93,B24,4.0,19.0,210.0,34.0,,,34.0,F.F.F.
94081,214313.0,1944-11-10,9,GERMANY,LANGENDIEBACH AF,AIR FIELDS AND AIRDROMES,50.13,8.93,B24,4.0,17.0,220.0,29.0,,,29.0,F.F.F.
94426,214314.0,1944-11-10,9,GERMANY,LANGENDIEBACH AF,AIR FIELDS AND AIRDROMES,50.13,8.93,B24,3.0,1.0,,2.0,,,2.0,NOT INDICATED
95248,112779.0,1944-11-11,9,GERMANY,BRIDGE,BRIDGES,50.53,7.1,A20,,,125.0,46.0,,,46.0,VISUAL
95240,177671.0,1944-11-11,15,AUSTRIA,MARSHALLING YARDS,"""RR INSTALLATIONS,  TRACKS,  MARSHALLING YARDS,  AND STATIONS""",46.83,12.77,B24,2.0,1.0,,3.0,,,3.0,NOT INDICATED
95244,177672.0,1944-11-11,12,AUSTRIA,MARSHALLING YARDS,"""RR INSTALLATIONS,  TRACKS,  MARSHALLING YARDS,  AND STATIONS""",48.3,14.3,B24,4.0,17.0,265.0,22.0,19.0,,41.0,NOT INDICATED
95239,177673.0,1944-11-11,15,AUSTRIA,MARSHALLING YARUS,"""RR INSTALLATIONS,  TRACKS,  MARSHALLING YARDS,  AND STATIONS""",47.78,13.03,B17,4.0,16.0,236.0,40.0,,,40.0,F.F.F.
95235,177674.0,1944-11-11,15,AUSTRIA,MARSHALLING YARUS,"""RR INSTALLATIONS,  TRACKS,  MARSHALLING YARDS,  AND STATIONS""",47.78,13.03,B17,4.0,16.0,300.0,29.0,,,29.0,F.F.F.
95237,177675.0,1944-11-11,15,AUSTRIA,MARSHALLING YARUS,"""RR INSTALLATIONS,  TRACKS,  MARSHALLING YARDS,  AND STATIONS""",47.78,13.03,B17,3.0,27.0,258.0,78.0,,,78.0,F.F.F.
95241,177676.0,1944-11-11,15,AUSTRIA,MARSHALLING YARUS,"""RR INSTALLATIONS,  TRACKS,  MARSHALLING YARDS,  AND STATIONS""",47.78,13.03,B17,3.0,,,38.0,,,38.0,NOT INDICATED
95238,177677.0,1944-11-11,15,AUSTRIA,MARSHALLING YARUS,"""RR INSTALLATIONS,  TRACKS,  MARSHALLING YARDS,  AND STATIONS""",47.78,13.03,B17,3.0,30.0,243.0,38.0,,,38.0,F.F.F.
95236,177678.0,1944-11-11,15,AUSTRIA,MARSHALLING YARUS,"""RR INSTALLATIONS,  TRACKS,  MARSHALLING YARDS,  AND STATIONS""",47.78,13.03,B17,3.0,31.0,300.0,90.0,,,90.0,F.F.F.
95242,177681.0,1944-11-11,15,AUSTRIA,MARSHALLING YARD,"""RR INSTALLATIONS,  TRACKS,  MARSHALLING YARDS,  AND STATIONS""",46.8,13.5,B17,2.0,1.0,,3.0,,,3.0,NOT INDICATED
95243,177685.0,1944-11-11,15,AUSTRIA,RR BRIDGE,BRIDGES,47.33,12.67,B17,2.0,6.0,,15.0,,,15.0,NOT INDICATED
95247,177686.0,1944-11-11,9,GERMANY,MARSHALLING YARD,"""RR INSTALLATIONS,  TRACKS,  MARSHALLING YARDS,  AND STATIONS""",50.35,7.6,B17,3.0,12.0,255.0,33.0,,,33.0,F.F.F.
95246,177687.0,1944-11-11,9,GERMANY,MARSHALLING YARD,"""RR INSTALLATIONS,  TRACKS,  MARSHALLING YARDS,  AND STATIONS""",50.35,7.6,B17,3.0,12.0,285.0,36.0,,,36.0,F.F.F.
95249,214324.0,1944-11-11,9,GERMANY,BRIDGE,BRIDGES,50.53,7.1,A20,,,125.0,46.0,,,46.0,VISUAL
96404,112822.0,1944-11-12,15,GERMANY,OIL REFINERY SYNTHETIC,SYNTHETIC OIL REFINERIES,50.33,18.3,B17,4.0,2.0,260.0,6.0,,,6.0,F.F.F.
96410,112823.0,1944-11-12,15,GERMANY,OIL REFINERY SYNTHETIC,SYNTHETIC OIL REFINERIES,50.33,18.3,B17,4.0,,,1.0,,,1.0,NOT INDICATED
96402,112824.0,1944-11-12,15,GERMANY,OIL REFINERY SYNTHETIC,SYNTHETIC OIL REFINERIES,50.33,18.3,B17,4.0,1.0,261.0,1.0,,,1.0,F.F.F.
96411,112825.0,1944-11-12,15,GERMANY,OIL REFINERY SYNTHETIC,SYNTHETIC OIL REFINERIES,50.33,18.3,B17,4.0,,,4.0,,,4.0,NOT INDICATED
96100,112826.0,1944-11-12,15,GERMANY,OIL REFINERY SYNTHETIC,SYNTHETIC OIL REFINERIES,50.33,18.3,B17,4.0,3.0,262.0,4.0,,,4.0,F.F.F.
96406,112827.0,1944-11-12,15,GERMANY,OIL REFINERY SYNTHETIC,SYNTHETIC OIL REFINERIES,50.33,18.3,B24,4.0,1.0,240.0,2.0,,,2.0,F.F.F.
96414,112832.0,1944-11-12,15,GERMANY,OIL REFINERY SYNTHETIC,SYNTHETIC OIL REFINERIES,50.68,17.92,B24,4.0,,,2.0,,,2.0,NOT INDICATED
96408,112833.0,1944-11-12,15,GERMANY,OIL REFINERY SYNTHETIC,SYNTHETIC OIL REFINERIES,50.68,17.92,B24,4.0,1.0,235.0,1.0,,,1.0,F.F.F.
96405,177718.0,1944-11-12,15,GERMANY,OIL REFINERY SYNTHETIC,SYNTHETIC OIL REFINERIES,50.33,18.3,B17,4.0,2.0,260.0,6.0,,,6.0,F.F.F.
96412,177719.0,1944-11-12,15,GERMANY,OIL REFINERY SYNTHETIC,SYNTHETIC OIL REFINERIES,50.33,18.3,B17,4.0,,,1.0,,,1.0,NOT INDICATED
96403,177720.0,1944-11-12,15,GERMANY,OIL REFINERY SYNTHETIC,SYNTHETIC OIL REFINERIES,50.33,18.3,B17,4.0,1.0,261.0,1.0,,,1.0,F.F.F.
96413,177721.0,1944-11-12,15,GERMANY,OIL REFINERY SYNTHETIC,SYNTHETIC OIL REFINERIES,50.33,18.3,B17,4.0,,,4.0,,,4.0,NOT INDICATED
96401,177722.0,1944-11-12,15,GERMANY,OIL REFINERY SYNTHETIC,SYNTHETIC OIL REFINERIES,50.33,18.3,B17,4.0,3.0,262.0,4.0,,,4.0,F.F.F.
96407,177723.0,1944-11-12,15,GERMANY,OIL REFINERY SYNTHETIC,SYNTHETIC OIL REFINERIES,50.33,18.3,B24,4.0,1.0,240.0,2.0,,,2.0,F.F.F.
96415,177724.0,1944-11-12,15,GERMANY,OIL REFINERY SYNTHETIC,SYNTHETIC OIL REFINERIES,50.68,17.92,B24,4.0,,,2.0,,,2.0,NOT INDICATED
96409,177725.0,1944-11-12,15,GERMANY,OIL REFINERY SYNTHETIC,SYNTHETIC OIL REFINERIES,50.68,17.92,B24,4.0,1.0,235.0,1.0,,,1.0,F.F.F.
96809,112841.0,1944-11-13,15,GERMANY,OIL REFINERY SYNTHETIC,SYNTHETIC OIL REFINERIES,50.33,18.3,B17,4.0,,,2.0,,,2.0,NOT INDICATED
96803,112842.0,1944-11-13,15,GERMANY,OIL REFINERY SYNTHETIC,SYNTHETIC OIL REFINERIES,50.33,18.3,B17,4.0,2.0,270.0,3.0,,,3.0,F.F.F.
96810,112843.0,1944-11-13,15,GERMANY,OIL REFINERY SYNTHETIC,SYNTHETIC OIL REFINERIES,50.33,18.3,B17,4.0,,,4.0,,,4.0,NOT INDICATED
96805,112844.0,1944-11-13,15,GERMANY,OIL REFINERY SYNTHETIC,SYNTHETIC OIL REFINERIES,50.33,18.3,B17,4.0,2.0,260.0,1.0,,,1.0,F.F.F.
96811,112845.0,1944-11-13,15,GERMANY,OIL REFINERY SYNTHETIC,SYNTHETIC OIL REFINERIES,50.33,18.3,B17,4.0,,,4.0,,,4.0,NOT INDICATED
96806,112846.0,1944-11-13,15,GERMANY,OIL REFINERY SYNTHETIC,SYNTHETIC OIL REFINERIES,50.33,18.3,B17,4.0,3.0,260.0,3.0,,,3.0,F.F.F.
96500,112853.0,1944-11-13,15,GERMANY,UNIDENTIFIED TARGET,UNIDENTIFIED TARGETS,50.28,18.65,B17,2.0,1.0,292.0,2.0,,,2.0,VISUAL
96801,177735.0,1944-11-13,15,GERMANY,UNIDENTIFIED TARGET,UNIDENTIFIED TARGETS,50.28,18.65,B17,2.0,1.0,292.0,2.0,,,2.0,VISUAL
96802,177738.0,1944-11-13,15,GERMANY,UNIDENTIFIED TARGET,UNIDENTIFIED TARGETS,50.28,18.65,B17,2.0,1.0,292.0,2.0,,,2.0,VISUAL
96812,177739.0,1944-11-13,15,GERMANY,OIL REFINERY SYNTHETIC,SYNTHETIC OIL REFINERIES,50.33,18.3,B17,4.0,,,2.0,,,2.0,NOT INDICATED
96804,177740.0,1944-11-13,15,GERMANY,OIL REFINERY SYNTHETIC,SYNTHETIC OIL REFINERIES,50.33,18.3,B17,4.0,2.0,270.0,3.0,,,3.0,F.F.F.
96813,177741.0,1944-11-13,15,GERMANY,OIL REFINERY SYNTHETIC,SYNTHETIC OIL REFINERIES,50.33,18.3,B17,4.0,,,4.0,,,4.0,NOT INDICATED
96807,177742.0,1944-11-13,15,GERMANY,OIL REFINERY SYNTHETIC,SYNTHETIC OIL REFINERIES,50.33,18.3,B17,4.0,2.0,260.0,1.0,,,1.0,F.F.F.
96814,177743.0,1944-11-13,15,GERMANY,OIL REFINERY SYNTHETIC,SYNTHETIC OIL REFINERIES,50.33,18.3,B17,4.0,,,4.0,,,4.0,NOT INDICATED
96808,177744.0,1944-11-13,15,GERMANY,OIL REFINERY SYNTHETIC,SYNTHETIC OIL REFINERIES,50.33,18.3,B17,4.0,3.0,260.0,3.0,,,3.0,F.F.F.
97621,112855.0,1944-11-15,15,AUSTRIA,STEEL WORKS,"""IRON AND STEEL PRODUCTION FACILITIES,  BLAST FURNACES,  BOILER SHOPS,  FORGES,  FOUNDRIES, STEEL WORKS,  ROLLING-MILLS """,47.43,15.32,B17,2.0,1.0,,1.0,,,1.0,F.F.F.
97628,112856.0,1944-11-15,15,AUSTRIA,H GOERING BENZOL PLANT,OIL REFINERIES,48.3,14.3,B17,4.0,,,3.0,,,3.0,NOT INDICATED
97284,112857.0,1944-11-15,15,AUSTRIA,H GOERING BENZOL PLANT,OIL REFINERIES,48.3,14.3,B17,4.0,5.0,251.0,9.0,,,9.0,F.F.F.
97629,112858.0,1944-11-15,15,AUSTRIA,H GOERING BENZOL PLANT,OIL REFINERIES,48.3,14.3,B17,4.0,,,2.0,,,2.0,NOT INDICATED
97286,112859.0,1944-11-15,15,AUSTRIA,H GOERING BENZOL PLANT,OIL REFINERIES,48.3,14.3,B17,4.0,5.0,250.0,11.0,,,11.0,F.F.F.
97630,112860.0,1944-11-15,15,AUSTRIA,H GOERING BENZOL PLANT,OIL REFINERIES,48.3,14.3,B17,4.0,,,8.0,,,8.0,NOT INDICATED
97292,112861.0,1944-11-15,15,AUSTRIA,H GOERING BENZOL PLANT,OIL REFINERIES,48.3,14.3,B17,4.0,4.0,245.0,2.0,,,2.0,F.F.F.
97631,112862.0,1944-11-15,15,AUSTRIA,H GOERING BENZOL PLANT,OIL REFINERIES,48.3,14.3,B17,4.0,,,3.0,,,3.0,NOT INDICATED
97605,112863.0,1944-11-15,15,AUSTRIA,H GOERING BENZOL PLANT,OIL REFINERIES,48.3,14.3,B17,4.0,5.0,220.0,10.0,,,10.0,F.F.F.
97632,112864.0,1944-11-15,15,AUSTRIA,H GOERING BENZOL PLANT,OIL REFINERIES,48.3,14.3,B17,4.0,,,2.0,,,2.0,NOT INDICATED
97287,112865.0,1944-11-15,15,AUSTRIA,H GOERING BENZOL PLANT,OIL REFINERIES,48.3,14.3,B17,4.0,5.0,250.0,10.0,,,10.0,F.F.F.
97623,112866.0,1944-11-15,15,AUSTRIA,H GOERING BENZOL PLANT,OIL REFINERIES,48.3,14.3,B24,4.0,,,2.0,,,2.0,NOT INDICATED
97296,112867.0,1944-11-15,15,AUSTRIA,H GOERING BENZOL PLANT,OIL REFINERIES,48.3,14.3,B24,4.0,3.0,230.0,3.0,,,3.0,F.F.F.
97624,112868.0,1944-11-15,15,AUSTRIA,H GOERING BENZOL PLANT,OIL REFINERIES,48.3,14.3,B24,4.0,,,2.0,,,2.0,NOT INDICATED
97297,112869.0,1944-11-15,15,AUSTRIA,H GOERING BENZOL PLANT,OIL REFINERIES,48.3,14.3,B24,4.0,4.0,230.0,4.0,,,4.0,F.F.F.
97625,112870.0,1944-11-15,15,AUSTRIA,H GOERING BENZOL PLANT,OIL REFINERIES,48.3,14.3,B24,4.0,,,2.0,,,2.0,NOT INDICATED
97300,112871.0,1944-11-15,15,AUSTRIA,H GOERING BENZOL PLANT,OIL REFINERIES,48.3,14.3,B24,4.0,3.0,227.0,3.0,,,3.0,F.F.F.
97601,112872.0,1944-11-15,15,AUSTRIA,H GOERING BENZOL PLANT,OIL REFINERIES,48.3,14.3,B24,4.0,2.0,227.0,3.0,,,3.0,NOT INDICATED
97626,112873.0,1944-11-15,15,AUSTRIA,H GOERING BENZOL PLANT,OIL REFINERIES,48.3,14.3,B24,4.0,,,2.0,,,2.0,NOT INDICATED
97608,112874.0,1944-11-15,15,AUSTRIA,H GOERING BENZOL PLANT,OIL REFINERIES,48.3,14.3,B24,4.0,3.0,215.0,5.0,,,5.0,F.F.F.
97627,112875.0,1944-11-15,15,AUSTRIA,H GOERING BENZOL PLANT,OIL REFINERIES,48.3,14.3,B24,4.0,,,1.0,,,1.0,NOT INDICATED
97612,112876.0,1944-11-15,15,AUSTRIA,H GOERING BENZOL PLANT,OIL REFINERIES,48.3,14.3,B24,4.0,1.0,200.0,2.0,,,2.0,F.F.F.
97633,112877.0,1944-11-15,15,AUSTRIA,H GOERING BENZOL PLANT,OIL REFINERIES,48.3,14.3,B24,4.0,,,5.0,,,5.0,NOT INDICATED
97290,112878.0,1944-11-15,15,AUSTRIA,H GOERING BENZOL PLANT,OIL REFINERIES,48.3,14.3,B24,4.0,3.0,248.0,2.0,,,2.0,F.F.F.
97634,112879.0,1944-11-15,15,AUSTRIA,H GOERING BENZOL PLANT,OIL REFINERIES,48.3,14.3,B24,4.0,,,1.0,,,1.0,NOT INDICATED
97279,112880.0,1944-11-15,15,AUSTRIA,H GOERING BENZOL PLANT,OIL REFINERIES,48.3,14.3,B24,4.0,2.0,260.0,3.0,,,3.0,F.F.F.
97653,112881.0,1944-11-15,15,AUSTRIA,GUN EMPLACEMENTS,GUN EMPLACEMENTS,47.0,14.33,B17,2.0,,,2.0,,,2.0,NOT INDICATED
97654,112882.0,1944-11-15,15,AUSTRIA,GUN EMPLACEMENTS,GUN EMPLACEMENTS,47.0,14.33,B17,2.0,1.0,,1.0,,,1.0,F.F.F.
97649,112884.0,1944-11-15,15,GERMANY,CITY AREA,CITIES TOWNS AND URBAN AREAS,48.57,13.45,B24,2.0,,,1.0,,,1.0,NOT INDICATED
97650,112885.0,1944-11-15,15,GERMANY,CITY AREA,CITIES TOWNS AND URBAN AREAS,48.57,13.45,B24,2.0,1.0,,1.0,,,1.0,NOT INDICATED
97659,112886.0,1944-11-15,12,GERMANY,CITY AREA,CITIES TOWNS AND URBAN AREAS,48.17,10.87,B25,4.0,23.0,111.0,34.0,,,34.0,NOT INDICATED
97281,112887.0,1944-11-15,15,AUSTRIA,CITY AREA,CITIES TOWNS AND URBAN AREAS,47.6,14.77,B24,2.0,,251.0,1.0,,,1.0,NOT INDICATED
97614,112888.0,1944-11-15,15,AUSTRIA,CITY AREA,CITIES TOWNS AND URBAN AREAS,47.6,14.77,B24,2.0,1.0,,2.0,,,2.0,NOT INDICATED
97663,112889.0,1944-11-15,12,AUSTRIA,CITY AREA,CITIES TOWNS AND URBAN AREAS,46.63,14.3,B24,2.0,,,1.0,,,1.0,NOT INDICATED
97664,112890.0,1944-11-15,12,AUSTRIA,CITY AREA,CITIES TOWNS AND URBAN AREAS,46.63,14.3,B24,2.0,1.0,,1.0,,,1.0,F.F.F.
97676,112891.0,1944-11-15,9,AUSTRIA,CITY AREA,CITIES TOWNS AND URBAN AREAS,48.3,14.3,B17,4.0,,,3.0,,,3.0,NOT INDICATED
97670,112892.0,1944-11-15,9,AUSTRIA,CITY AREA,CITIES TOWNS AND URBAN AREAS,48.3,14.3,B17,4.0,6.0,260.0,12.0,,,12.0,F.F.F.
97679,112893.0,1944-11-15,9,AUSTRIA,AREA,CITIES TOWNS AND URBAN AREAS,47.78,13.03,B24,2.0,,,1.0,,,1.0,NOT INDICATED
97673,112894.0,1944-11-15,9,AUSTRIA,AREA,CITIES TOWNS AND URBAN AREAS,47.78,13.03,B24,2.0,1.0,240.0,1.0,,,1.0,NOT INDICATED
97660,112896.0,1944-11-15,12,GERMANY,CITY AREA,CITIES TOWNS AND URBAN AREAS,48.17,10.87,B25,4.0,23.0,111.0,34.0,,,34.0,NOT INDICATED
97282,177745.0,1944-11-15,15,AUSTRIA,CITY AREA,CITIES TOWNS AND URBAN AREAS,47.6,14.77,B24,2.0,,251.0,1.0,,,1.0,NOT INDICATED
97615,177746.0,1944-11-15,15,AUSTRIA,CITY AREA,CITIES TOWNS AND URBAN AREAS,47.6,14.77,B24,2.0,1.0,,2.0,,,2.0,NOT INDICATED
97665,177747.0,1944-11-15,12,AUSTRIA,CITY AREA,CITIES TOWNS AND URBAN AREAS,46.63,14.3,B24,2.0,,,1.0,,,1.0,NOT INDICATED
97666,177748.0,1944-11-15,12,AUSTRIA,CITY AREA,CITIES TOWNS AND URBAN AREAS,46.63,14.3,B24,2.0,1.0,,1.0,,,1.0,F.F.F.
97677,177749.0,1944-11-15,9,AUSTRIA,CITY AREA,CITIES TOWNS AND URBAN AREAS,48.3,14.3,B17,4.0,,,3.0,,,3.0,NOT INDICATED
97671,177750.0,1944-11-15,9,AUSTRIA,CITY AREA,CITIES TOWNS AND URBAN AREAS,48.3,14.3,B17,4.0,6.0,260.0,12.0,,,12.0,F.F.F.
97680,177751.0,1944-11-15,9,AUSTRIA,AREA,CITIES TOWNS AND URBAN AREAS,47.78,13.03,B24,2.0,,,1.0,,,1.0,NOT INDICATED
97674,177752.0,1944-11-15,9,AUSTRIA,AREA,CITIES TOWNS AND URBAN AREAS,47.78,13.03,B24,2.0,1.0,240.0,1.0,,,1.0,NOT INDICATED
97647,177754.0,1944-11-15,15,GERMANY,CITY AREA,CITIES TOWNS AND URBAN AREAS,48.57,13.45,B24,2.0,,,1.0,,,1.0,NOT INDICATED
97648,177755.0,1944-11-15,15,GERMANY,CITY AREA,CITIES TOWNS AND URBAN AREAS,48.57,13.45,B24,2.0,1.0,,1.0,,,1.0,NOT INDICATED
97661,177756.0,1944-11-15,12,GERMANY,CITY AREA,CITIES TOWNS AND URBAN AREAS,48.17,10.87,B25,4.0,23.0,111.0,34.0,,,34.0,NOT INDICATED
97662,177757.0,1944-11-15,12,GERMANY,CITY AREA,CITIES TOWNS AND URBAN AREAS,48.17,10.87,B25,4.0,23.0,111.0,34.0,,,34.0,NOT INDICATED
97283,177758.0,1944-11-15,15,AUSTRIA,CITY AREA,CITIES TOWNS AND URBAN AREAS,47.6,14.77,B24,2.0,,251.0,1.0,,,1.0,NOT INDICATED
97616,177759.0,1944-11-15,15,AUSTRIA,CITY AREA,CITIES TOWNS AND URBAN AREAS,47.6,14.77,B24,2.0,1.0,,2.0,,,2.0,NOT INDICATED
97667,177760.0,1944-11-15,12,AUSTRIA,CITY AREA,CITIES TOWNS AND URBAN AREAS,46.63,14.3,B24,2.0,,,1.0,,,1.0,NOT INDICATED
97668,177761.0,1944-11-15,12,AUSTRIA,CITY AREA,CITIES TOWNS AND URBAN AREAS,46.63,14.3,B24,2.0,1.0,,1.0,,,1.0,F.F.F.
97678,177762.0,1944-11-15,9,AUSTRIA,CITY AREA,CITIES TOWNS AND URBAN AREAS,48.3,14.3,B17,4.0,,,3.0,,,3.0,NOT INDICATED
97672,177763.0,1944-11-15,9,AUSTRIA,CITY AREA,CITIES TOWNS AND URBAN AREAS,48.3,14.3,B17,4.0,6.0,260.0,12.0,,,12.0,F.F.F.
97681,177764.0,1944-11-15,9,AUSTRIA,AREA,CITIES TOWNS AND URBAN AREAS,47.78,13.03,B24,2.0,,,1.0,,,1.0,NOT INDICATED
97675,177765.0,1944-11-15,9,AUSTRIA,AREA,CITIES TOWNS AND URBAN AREAS,47.78,13.03,B24,2.0,1.0,240.0,1.0,,,1.0,NOT INDICATED
97651,177767.0,1944-11-15,15,GERMANY,CITY AREA,CITIES TOWNS AND URBAN AREAS,48.57,13.45,B24,2.0,,,1.0,,,1.0,NOT INDICATED
97652,177768.0,1944-11-15,15,GERMANY,CITY AREA,CITIES TOWNS AND URBAN AREAS,48.57,13.45,B24,2.0,1.0,,1.0,,,1.0,NOT INDICATED
97622,177769.0,1944-11-15,15,AUSTRIA,STEEL WORKS,"""IRON AND STEEL PRODUCTION FACILITIES,  BLAST FURNACES,  BOILER SHOPS,  FORGES,  FOUNDRIES, STEEL WORKS,  ROLLING-MILLS """,47.43,15.32,B17,2.0,1.0,,1.0,,,1.0,F.F.F.
97642,177770.0,1944-11-15,15,AUSTRIA,H GOERING BENZOL PLANT,OIL REFINERIES,48.3,14.3,B17,4.0,,,3.0,,,3.0,NOT INDICATED
97285,177771.0,1944-11-15,15,AUSTRIA,H GOERING BENZOL PLANT,OIL REFINERIES,48.3,14.3,B17,4.0,5.0,251.0,9.0,,,9.0,F.F.F.
97643,177772.0,1944-11-15,15,AUSTRIA,H GOERING BENZOL PLANT,OIL REFINERIES,48.3,14.3,B17,4.0,,,2.0,,,2.0,NOT INDICATED
97288,177773.0,1944-11-15,15,AUSTRIA,H GOERING BENZOL PLANT,OIL REFINERIES,48.3,14.3,B17,4.0,5.0,250.0,11.0,,,11.0,F.F.F.
97644,177774.0,1944-11-15,15,AUSTRIA,H GOERING BENZOL PLANT,OIL REFINERIES,48.3,14.3,B17,4.0,,,8.0,,,8.0,NOT INDICATED
97293,177775.0,1944-11-15,15,AUSTRIA,H GOERING BENZOL PLANT,OIL REFINERIES,48.3,14.3,B17,4.0,4.0,245.0,2.0,,,2.0,F.F.F.
97645,177776.0,1944-11-15,15,AUSTRIA,H GOERING BENZOL PLANT,OIL REFINERIES,48.3,14.3,B17,4.0,,,3.0,,,3.0,NOT INDICATED
97606,177777.0,1944-11-15,15,AUSTRIA,H GOERING BENZOL PLANT,OIL REFINERIES,48.3,14.3,B17,4.0,5.0,220.0,10.0,,,10.0,F.F.F.
97646,177778.0,1944-11-15,15,AUSTRIA,H GOERING BENZOL PLANT,OIL REFINERIES,48.3,14.3,B17,4.0,,,2.0,,,2.0,NOT INDICATED
97289,177779.0,1944-11-15,15,AUSTRIA,H GOERING BENZOL PLANT,OIL REFINERIES,48.3,14.3,B17,4.0,5.0,250.0,10.0,,,10.0,F.F.F.
97635,177780.0,1944-11-15,15,AUSTRIA,H GOERING BENZOL PLANT,OIL REFINERIES,48.3,14.3,B24,4.0,,,2.0,,,2.0,NOT INDICATED
97298,177781.0,1944-11-15,15,AUSTRIA,H GOERING BENZOL PLANT,OIL REFINERIES,48.3,14.3,B24,4.0,3.0,230.0,3.0,,,3.0,F.F.F.
97636,177782.0,1944-11-15,15,AUSTRIA,H GOERING BENZOL PLANT,OIL REFINERIES,48.3,14.3,B24,4.0,,,2.0,,,2.0,NOT INDICATED
97299,177783.0,1944-11-15,15,AUSTRIA,H GOERING BENZOL PLANT,OIL REFINERIES,48.3,14.3,B24,4.0,4.0,230.0,4.0,,,4.0,F.F.F.
97637,177784.0,1944-11-15,15,AUSTRIA,H GOERING BENZOL PLANT,OIL REFINERIES,48.3,14.3,B24,4.0,,,2.0,,,2.0,NOT INDICATED
97602,177785.0,1944-11-15,15,AUSTRIA,H GOERING BENZOL PLANT,OIL REFINERIES,48.3,14.3,B24,4.0,3.0,227.0,3.0,,,3.0,F.F.F.
97603,177786.0,1944-11-15,15,AUSTRIA,H GOERING BENZOL PLANT,OIL REFINERIES,48.3,14.3,B24,4.0,2.0,227.0,3.0,,,3.0,NOT INDICATED
97638,177787.0,1944-11-15,15,AUSTRIA,H GOERING BENZOL PLANT,OIL REFINERIES,48.3,14.3,B24,4.0,,,2.0,,,2.0,NOT INDICATED
97609,177788.0,1944-11-15,15,AUSTRIA,H GOERING BENZOL PLANT,OIL REFINERIES,48.3,14.3,B24,4.0,3.0,215.0,5.0,,,5.0,F.F.F.
97639,177789.0,1944-11-15,15,AUSTRIA,H GOERING BENZOL PLANT,OIL REFINERIES,48.3,14.3,B24,4.0,,,1.0,,,1.0,NOT INDICATED
97613,177790.0,1944-11-15,15,AUSTRIA,H GOERING BENZOL PLANT,OIL REFINERIES,48.3,14.3,B24,4.0,1.0,200.0,2.0,,,2.0,F.F.F.
97640,177791.0,1944-11-15,15,AUSTRIA,H GOERING BENZOL PLANT,OIL REFINERIES,48.3,14.3,B24,4.0,,,5.0,,,5.0,NOT INDICATED
97291,177792.0,1944-11-15,15,AUSTRIA,H GOERING BENZOL PLANT,OIL REFINERIES,48.3,14.3,B24,4.0,3.0,248.0,2.0,,,2.0,F.F.F.
97641,177793.0,1944-11-15,15,AUSTRIA,H GOERING BENZOL PLANT,OIL REFINERIES,48.3,14.3,B24,4.0,,,1.0,,,1.0,NOT INDICATED
97280,177794.0,1944-11-15,15,AUSTRIA,H GOERING BENZOL PLANT,OIL REFINERIES,48.3,14.3,B24,4.0,2.0,260.0,3.0,,,3.0,F.F.F.
97604,177795.0,1944-11-15,15,AUSTRIA,MARSHALLING YARDS,"""RR INSTALLATIONS,  TRACKS,  MARSHALLING YARDS,  AND STATIONS""",47.27,11.38,B24,4.0,2.0,220.0,2.0,,,2.0,F.F.F.
97617,177796.0,1944-11-15,15,AUSTRIA,MARSHALLING YARDS,"""RR INSTALLATIONS,  TRACKS,  MARSHALLING YARDS,  AND STATIONS""",47.27,11.38,B24,4.0,,,1.0,,,1.0,NOT INDICATED
97607,177797.0,1944-11-15,15,AUSTRIA,MARSHALLING YARDS,"""RR INSTALLATIONS,  TRACKS,  MARSHALLING YARDS,  AND STATIONS""",47.27,11.38,B24,4.0,2.0,215.0,3.0,,,3.0,F.F.F.
97611,177798.0,1944-11-15,15,AUSTRIA,MARSHALLING YARDS,"""RR INSTALLATIONS,  TRACKS,  MARSHALLING YARDS,  AND STATIONS""",47.27,11.38,B24,4.0,1.0,207.0,2.0,,,2.0,F.F.F.
97618,177799.0,1944-11-15,15,AUSTRIA,MARSHALLING YARDS,"""RR INSTALLATIONS,  TRACKS,  MARSHALLING YARDS,  AND STATIONS""",47.27,11.38,B24,4.0,,,2.0,,,2.0,NOT INDICATED
97610,177800.0,1944-11-15,15,AUSTRIA,MARSHALLING YARDS,"""RR INSTALLATIONS,  TRACKS,  MARSHALLING YARDS,  AND STATIONS""",47.27,11.38,B24,4.0,5.0,210.0,7.0,,,7.0,F.F.F.
97619,177801.0,1944-11-15,15,AUSTRIA,MARSHALLING YARDS,"""RR INSTALLATIONS,  TRACKS,  MARSHALLING YARDS,  AND STATIONS""",47.27,11.38,B24,4.0,,,2.0,,,2.0,NOT INDICATED
97295,177802.0,1944-11-15,15,AUSTRIA,MARSHALLING YARDS,"""RR INSTALLATIONS,  TRACKS,  MARSHALLING YARDS,  AND STATIONS""",47.27,11.38,B24,4.0,3.0,230.0,3.0,,,3.0,F.F.F.
97620,177803.0,1944-11-15,15,AUSTRIA,MARSHALLING YARDS,"""RR INSTALLATIONS,  TRACKS,  MARSHALLING YARDS,  AND STATIONS""",47.27,11.38,B24,4.0,,,1.0,,,1.0,NOT INDICATED
97294,177804.0,1944-11-15,15,AUSTRIA,MARSHALLING YARDS,"""RR INSTALLATIONS,  TRACKS,  MARSHALLING YARDS,  AND STATIONS""",47.27,11.38,B24,4.0,2.0,240.0,2.0,,,2.0,F.F.F.
97278,177805.0,1944-11-15,15,AUSTRIA,MARSHALLING YARDS,"""RR INSTALLATIONS,  TRACKS,  MARSHALLING YARDS,  AND STATIONS""",47.27,11.38,B24,4.0,2.0,260.0,4.0,,,4.0,NOT INDICATED
97655,209207.0,1944-11-15,15,AUSTRIA,GUN EMPLACEMENTS,GUN EMPLACEMENTS,47.0,14.33,B17,2.0,,,2.0,,,2.0,NOT INDICATED
97656,209208.0,1944-11-15,15,AUSTRIA,GUN EMPLACEMENTS,GUN EMPLACEMENTS,47.0,14.33,B17,2.0,1.0,,1.0,,,1.0,F.F.F.
97657,214390.0,1944-11-15,15,AUSTRIA,GUN EMPLACEMENTS,GUN EMPLACEMENTS,47.0,14.33,B17,2.0,,,2.0,,,2.0,NOT INDICATED
97658,214391.0,1944-11-15,15,AUSTRIA,GUN EMPLACEMENTS,GUN EMPLACEMENTS,47.0,14.33,B17,2.0,1.0,,1.0,,,1.0,F.F.F.
98083,177808.0,1944-11-16,15,AUSTRIA,MARSHALLING YARDS,"""RR INSTALLATIONS,  TRACKS,  MARSHALLING YARDS,  AND STATIONS""",47.27,11.38,B17,2.0,1.0,,2.0,,,2.0,NOT INDICATED
98081,177809.0,1944-11-16,15,AUSTRIA,MARSHALLING YARDS,"""RR INSTALLATIONS,  TRACKS,  MARSHALLING YARDS,  AND STATIONS""",47.27,11.38,B17,4.0,26.0,285.0,63.0,,,63.0,F.F.F.
98082,177810.0,1944-11-16,15,AUSTRIA,MARSHALLING YARDS,"""RR INSTALLATIONS,  TRACKS,  MARSHALLING YARDS,  AND STATIONS""",47.27,11.38,B17,3.0,35.0,280.0,68.0,,,68.0,VISUAL
98086,177813.0,1944-11-16,9,GERMANY,MARSHALLING YARD,"""RR INSTALLATIONS,  TRACKS,  MARSHALLING YARDS,  AND STATIONS""",48.13,11.58,B17,4.0,34.0,280.0,66.0,,,66.0,F.F.F.
98085,177814.0,1944-11-16,9,GERMANY,MARSHALLING YARD,"""RR INSTALLATIONS,  TRACKS,  MARSHALLING YARDS,  AND STATIONS""",48.13,11.58,B17,4.0,34.0,284.0,92.0,,,92.0,F.F.F.
98084,177815.0,1944-11-16,9,GERMANY,MARSHALLING YARD,"""RR INSTALLATIONS,  TRACKS,  MARSHALLING YARDS,  AND STATIONS""",48.13,11.58,B17,4.0,33.0,305.0,82.0,,,82.0,F.F.F.
98092,177816.0,1944-11-16,9,GERMANY,MARSHALLING YARD,"""RR INSTALLATIONS,  TRACKS,  MARSHALLING YARDS,  AND STATIONS""",48.13,11.58,B24,4.0,25.0,248.0,43.0,,,43.0,NOT INDICATED
98097,177817.0,1944-11-16,9,GERMANY,MARSHALLING YARD,"""RR INSTALLATIONS,  TRACKS,  MARSHALLING YARDS,  AND STATIONS""",48.13,11.58,B24,4.0,27.0,240.0,46.0,,,46.0,F.F.F.
98094,177818.0,1944-11-16,9,GERMANY,MARSHALLING YARD,"""RR INSTALLATIONS,  TRACKS,  MARSHALLING YARDS,  AND STATIONS""",48.13,11.58,B24,4.0,28.0,245.0,48.0,,,48.0,F.F.F.
98401,177819.0,1944-11-16,9,GERMANY,MARSHALLING YARD,"""RR INSTALLATIONS,  TRACKS,  MARSHALLING YARDS,  AND STATIONS""",48.13,11.58,B24,4.0,,,4.0,,,4.0,NOT INDICATED
98100,177820.0,1944-11-16,9,GERMANY,MARSHALLING YARD,"""RR INSTALLATIONS,  TRACKS,  MARSHALLING YARDS,  AND STATIONS""",48.13,11.58,B24,4.0,27.0,235.0,44.0,,,44.0,F.F.F.
98099,177821.0,1944-11-16,9,GERMANY,MARSHALLING YARD,"""RR INSTALLATIONS,  TRACKS,  MARSHALLING YARDS,  AND STATIONS""",48.13,11.58,B24,4.0,20.0,238.0,34.0,,,34.0,F.F.F.
98402,177822.0,1944-11-16,9,GERMANY,MARSHALLING YARD,"""RR INSTALLATIONS,  TRACKS,  MARSHALLING YARDS,  AND STATIONS""",48.13,11.58,B24,4.0,1.0,,2.0,,,2.0,NOT INDICATED
98091,177823.0,1944-11-16,9,GERMANY,MARSHALLING YARD,"""RR INSTALLATIONS,  TRACKS,  MARSHALLING YARDS,  AND STATIONS""",48.13,11.58,B24,4.0,23.0,250.0,33.0,,,33.0,F.F.F.
98095,177824.0,1944-11-16,9,GERMANY,MARSHALLING YARD,"""RR INSTALLATIONS,  TRACKS,  MARSHALLING YARDS,  AND STATIONS""",48.13,11.58,B24,4.0,23.0,245.0,34.0,,,34.0,F.F.F.
98088,177825.0,1944-11-16,9,GERMANY,MARSHALLING YARD,"""RR INSTALLATIONS,  TRACKS,  MARSHALLING YARDS,  AND STATIONS""",48.13,11.58,B24,4.0,24.0,262.0,35.0,,,35.0,NOT INDICATED
98090,177826.0,1944-11-16,9,GERMANY,MARSHALLING YARD,"""RR INSTALLATIONS,  TRACKS,  MARSHALLING YARDS,  AND STATIONS""",48.13,11.58,B24,4.0,23.0,254.0,34.0,,,34.0,NOT INDICATED
98087,177827.0,1944-11-16,9,GERMANY,MARSHALLING YARD,"""RR INSTALLATIONS,  TRACKS,  MARSHALLING YARDS,  AND STATIONS""",48.13,11.58,B24,4.0,28.0,272.0,41.0,,,41.0,F.F.F.
98403,177828.0,1944-11-16,9,GERMANY,MARSHALLING YARD,"""RR INSTALLATIONS,  TRACKS,  MARSHALLING YARDS,  AND STATIONS""",48.13,11.58,B24,4.0,,,4.0,,,4.0,NOT INDICATED
98093,177829.0,1944-11-16,9,GERMANY,MARSHALLING YARD,"""RR INSTALLATIONS,  TRACKS,  MARSHALLING YARDS,  AND STATIONS""",48.13,11.58,B24,4.0,25.0,246.0,34.0,,,34.0,F.F.F.
98096,177830.0,1944-11-16,9,GERMANY,MARSHALLING YARD,"""RR INSTALLATIONS,  TRACKS,  MARSHALLING YARDS,  AND STATIONS""",48.13,11.58,B24,4.0,26.0,245.0,39.0,,,39.0,F.F.F.
98098,177831.0,1944-11-16,9,GERMANY,MARSHALLING YARD,"""RR INSTALLATIONS,  TRACKS,  MARSHALLING YARDS,  AND STATIONS""",48.13,11.58,B24,4.0,28.0,240.0,54.0,,,54.0,F.F.F.
98089,177832.0,1944-11-16,9,GERMANY,MARSHALLING YARD,"""RR INSTALLATIONS,  TRACKS,  MARSHALLING YARDS,  AND STATIONS""",48.13,11.58,B24,4.0,20.0,255.0,30.0,,,30.0,F.F.F.
100178,113016.0,1944-11-17,15,AUSTRIA,ALPINE IRON AND STEEL,"""IRON AND STEEL PRODUCTION FACILITIES,  BLAST FURNACES,  BOILER SHOPS,  FORGES,  FOUNDRIES, STEEL WORKS,  ROLLING-MILLS """,47.37,15.12,B24,2.0,14.0,219.0,34.0,,,34.0,VISUAL
100200,113020.0,1944-11-17,15,AUSTRIA,OIL REFINERY,OIL REFINERIES,48.2,16.37,B24,4.0,,,11.0,,,11.0,NOT INDICATED
100159,113021.0,1944-11-17,15,AUSTRIA,OIL REFINERY,OIL REFINERIES,48.2,16.37,B24,4.0,28.0,249.0,43.0,,,43.0,F.F.F.
100501,113022.0,1944-11-17,15,AUSTRIA,OIL REFINERY,OIL REFINERIES,48.2,16.37,B24,4.0,,,18.0,,,18.0,NOT INDICATED
100502,113023.0,1944-11-17,15,AUSTRIA,OIL REFINERY,OIL REFINERIES,48.2,16.37,B24,4.0,,,,,,,NOT INDICATED
100168,113024.0,1944-11-17,15,AUSTRIA,OIL REFINERY,OIL REFINERIES,48.2,16.37,B24,4.0,38.0,240.0,56.0,,,56.0,F.F.F.
100503,113025.0,1944-11-17,15,AUSTRIA,OIL REFINERY,OIL REFINERIES,48.2,16.37,B24,4.0,,,6.0,,,6.0,NOT INDICATED
100157,113026.0,1944-11-17,15,AUSTRIA,OIL REFINERY,OIL REFINERIES,48.2,16.37,B24,4.0,11.0,250.0,10.0,,,10.0,F.F.F.
100504,113027.0,1944-11-17,15,AUSTRIA,OIL REFINERY,OIL REFINERIES,48.2,16.37,B24,4.0,,,7.0,,,7.0,NOT INDICATED
100169,113028.0,1944-11-17,15,AUSTRIA,OIL REFINERY,OIL REFINERIES,48.2,16.37,B24,4.0,16.0,240.0,19.0,,,19.0,F.F.F.
100505,113029.0,1944-11-17,15,AUSTRIA,OIL REFINERY,OIL REFINERIES,48.2,16.37,B24,4.0,,,31.0,,,31.0,NOT INDICATED
100176,113030.0,1944-11-17,15,AUSTRIA,OIL REFINERY,OIL REFINERIES,48.2,16.37,B24,4.0,25.0,228.0,19.0,,,19.0,F.F.F.
100506,113031.0,1944-11-17,15,AUSTRIA,OIL REFINERY,OIL REFINERIES,48.2,16.37,B24,4.0,,,11.0,,,11.0,NOT INDICATED
100161,113032.0,1944-11-17,15,AUSTRIA,OIL REFINERY,OIL REFINERIES,48.2,16.37,B24,4.0,22.0,245.0,33.0,,,33.0,F.F.F.
100170,113033.0,1944-11-17,15,AUSTRIA,OIL REFINERY,OIL REFINERIES,48.2,16.37,B24,4.0,5.0,240.0,9.0,,,9.0,F.F.F.
100507,113034.0,1944-11-17,15,AUSTRIA,OIL REFINERY,OIL REFINERIES,48.2,16.37,B24,3.0,,,14.0,,,14.0,NOT INDICATED
100153,113035.0,1944-11-17,15,AUSTRIA,OIL REFINERY,OIL REFINERIES,48.2,16.37,B24,3.0,88.0,255.0,41.0,,,41.0,F.F.F.
100180,113037.0,1944-11-17,15,GERMANY,OIL REFINERY SYNTHETIC,SYNTHETIC OIL REFINERIES,50.33,18.3,B24,4.0,,,14.0,,,14.0,NOT INDICATED
100155,113038.0,1944-11-17,15,GERMANY,OIL REFINERY SYNTHETIC,SYNTHETIC OIL REFINERIES,50.33,18.3,B24,4.0,25.0,252.0,24.0,,,24.0,F.F.F.
100164,113039.0,1944-11-17,15,GERMANY,OIL REFINERY SYNTHETIC,SYNTHETIC OIL REFINERIES,50.33,18.3,B24,4.0,23.0,240.0,39.0,,,39.0,F.F.F.
100181,113042.0,1944-11-17,15,GERMANY,OIL REFINERY SYNTHETIC,SYNTHETIC OIL REFINERIES,50.33,18.3,B24,4.0,,,14.0,,,14.0,NOT INDICATED
100150,113043.0,1944-11-17,15,GERMANY,OIL REFINERY SYNTHETIC,SYNTHETIC OIL REFINERIES,50.33,18.3,B24,4.0,27.0,256.0,40.0,,,40.0,F.F.F.
100182,113044.0,1944-11-17,15,GERMANY,OIL REFINERY SYNTHETIC,SYNTHETIC OIL REFINERIES,50.33,18.3,B24,4.0,,,10.0,,,10.0,NOT INDICATED
100165,113045.0,1944-11-17,15,GERMANY,OIL REFINERY SYNTHETIC,SYNTHETIC OIL REFINERIES,50.33,18.3,B24,4.0,23.0,240.0,25.0,,,25.0,F.F.F.
100183,113046.0,1944-11-17,15,GERMANY,OIL REFINERY SYNTHETIC,SYNTHETIC OIL REFINERIES,50.33,18.3,B24,4.0,,,10.0,,,10.0,NOT INDICATED
100174,113047.0,1944-11-17,15,GERMANY,OIL REFINERY SYNTHETIC,SYNTHETIC OIL REFINERIES,50.33,18.3,B24,4.0,19.0,235.0,29.0,,,29.0,F.F.F.
100192,113050.0,1944-11-17,15,AUSTRIA,CITY AREA,CITIES TOWNS AND URBAN AREAS,47.07,15.43,B24,2.0,,,2.0,,,2.0,NOT INDICATED
100193,113051.0,1944-11-17,15,AUSTRIA,CITY AREA,CITIES TOWNS AND URBAN AREAS,47.07,15.43,B24,2.0,1.0,,1.0,,,1.0,NOT INDICATED
100516,113074.0,1944-11-17,15,AUSTRIA,UNIDENTIFIED TARGETS,UNIDENTIFIED TARGETS,47.33,13.0,B17,2.0,,,1.0,,,1.0,NOT INDICATED
100517,113075.0,1944-11-17,15,AUSTRIA,UNIDENTIFIED TARGETS,UNIDENTIFIED TARGETS,47.33,13.0,B17,2.0,1.0,,2.0,,,2.0,F.F.F.
100188,113076.0,1944-11-17,15,AUSTRIA,CITY AREA,CITIES TOWNS AND URBAN AREAS,47.07,15.43,B24,2.0,,,2.0,,,2.0,NOT INDICATED
100189,113077.0,1944-11-17,15,AUSTRIA,CITY AREA,CITIES TOWNS AND URBAN AREAS,47.07,15.43,B24,2.0,1.0,,1.0,,,1.0,NOT INDICATED
100518,177846.0,1944-11-17,15,AUSTRIA,UNIDENTIFIED TARGETS,UNIDENTIFIED TARGETS,47.33,13.0,B17,2.0,,,1.0,,,1.0,NOT INDICATED
100519,177847.0,1944-11-17,15,AUSTRIA,UNIDENTIFIED TARGETS,UNIDENTIFIED TARGETS,47.33,13.0,B17,2.0,1.0,,2.0,,,2.0,F.F.F.
100190,177849.0,1944-11-17,15,AUSTRIA,CITY AREA,CITIES TOWNS AND URBAN AREAS,47.07,15.43,B24,2.0,,,2.0,,,2.0,NOT INDICATED
100191,177850.0,1944-11-17,15,AUSTRIA,CITY AREA,CITIES TOWNS AND URBAN AREAS,47.07,15.43,B24,2.0,1.0,,1.0,,,1.0,NOT INDICATED
100194,177853.0,1944-11-17,15,AUSTRIA,CITY AREA,CITIES TOWNS AND URBAN AREAS,47.07,15.43,B24,2.0,,,2.0,,,2.0,NOT INDICATED
100195,177854.0,1944-11-17,15,AUSTRIA,CITY AREA,CITIES TOWNS AND URBAN AREAS,47.07,15.43,B24,2.0,1.0,,1.0,,,1.0,NOT INDICATED
100520,177859.0,1944-11-17,15,AUSTRIA,UNIDENTIFIED TARGETS,UNIDENTIFIED TARGETS,47.33,13.0,B17,2.0,,,1.0,,,1.0,NOT INDICATED
100521,177860.0,1944-11-17,15,AUSTRIA,UNIDENTIFIED TARGETS,UNIDENTIFIED TARGETS,47.33,13.0,B17,2.0,1.0,,2.0,,,2.0,F.F.F.
100179,177866.0,1944-11-17,15,AUSTRIA,ALPINE IRON AND STEEL,"""IRON AND STEEL PRODUCTION FACILITIES,  BLAST FURNACES,  BOILER SHOPS,  FORGES,  FOUNDRIES, STEEL WORKS,  ROLLING-MILLS """,47.37,15.12,B24,2.0,14.0,219.0,34.0,,,34.0,VISUAL
100508,177867.0,1944-11-17,15,AUSTRIA,OIL REFINERY,OIL REFINERIES,48.2,16.37,B24,4.0,,,11.0,,,11.0,NOT INDICATED
100160,177868.0,1944-11-17,15,AUSTRIA,OIL REFINERY,OIL REFINERIES,48.2,16.37,B24,4.0,28.0,249.0,43.0,,,43.0,F.F.F.
100509,177869.0,1944-11-17,15,AUSTRIA,OIL REFINERY,OIL REFINERIES,48.2,16.37,B24,4.0,,,18.0,,,18.0,NOT INDICATED
100510,177870.0,1944-11-17,15,AUSTRIA,OIL REFINERY,OIL REFINERIES,48.2,16.37,B24,4.0,,,,,,,NOT INDICATED
100171,177871.0,1944-11-17,15,AUSTRIA,OIL REFINERY,OIL REFINERIES,48.2,16.37,B24,4.0,38.0,240.0,56.0,,,56.0,F.F.F.
100511,177872.0,1944-11-17,15,AUSTRIA,OIL REFINERY,OIL REFINERIES,48.2,16.37,B24,4.0,,,6.0,,,6.0,NOT INDICATED
100158,177873.0,1944-11-17,15,AUSTRIA,OIL REFINERY,OIL REFINERIES,48.2,16.37,B24,4.0,11.0,250.0,10.0,,,10.0,F.F.F.
100512,177874.0,1944-11-17,15,AUSTRIA,OIL REFINERY,OIL REFINERIES,48.2,16.37,B24,4.0,,,7.0,,,7.0,NOT INDICATED
100172,177875.0,1944-11-17,15,AUSTRIA,OIL REFINERY,OIL REFINERIES,48.2,16.37,B24,4.0,16.0,240.0,19.0,,,19.0,F.F.F.
100513,177876.0,1944-11-17,15,AUSTRIA,OIL REFINERY,OIL REFINERIES,48.2,16.37,B24,4.0,,,31.0,,,31.0,NOT INDICATED
100177,177877.0,1944-11-17,15,AUSTRIA,OIL REFINERY,OIL REFINERIES,48.2,16.37,B24,4.0,25.0,228.0,19.0,,,19.0,F.F.F.
100514,177878.0,1944-11-17,15,AUSTRIA,OIL REFINERY,OIL REFINERIES,48.2,16.37,B24,4.0,,,11.0,,,11.0,NOT INDICATED
100162,177879.0,1944-11-17,15,AUSTRIA,OIL REFINERY,OIL REFINERIES,48.2,16.37,B24,4.0,22.0,245.0,33.0,,,33.0,F.F.F.
100173,177880.0,1944-11-17,15,AUSTRIA,OIL REFINERY,OIL REFINERIES,48.2,16.37,B24,4.0,5.0,240.0,9.0,,,9.0,F.F.F.
100515,177881.0,1944-11-17,15,AUSTRIA,OIL REFINERY,OIL REFINERIES,48.2,16.37,B24,3.0,,,14.0,,,14.0,NOT INDICATED
100154,177882.0,1944-11-17,15,AUSTRIA,OIL REFINERY,OIL REFINERIES,48.2,16.37,B24,3.0,88.0,255.0,41.0,,,41.0,F.F.F.
100184,177883.0,1944-11-17,15,GERMANY,OIL REFINERY SYNTHETIC,SYNTHETIC OIL REFINERIES,50.33,18.3,B24,4.0,,,14.0,,,14.0,NOT INDICATED
100156,177884.0,1944-11-17,15,GERMANY,OIL REFINERY SYNTHETIC,SYNTHETIC OIL REFINERIES,50.33,18.3,B24,4.0,25.0,252.0,24.0,,,24.0,F.F.F.
100166,177885.0,1944-11-17,15,GERMANY,OIL REFINERY SYNTHETIC,SYNTHETIC OIL REFINERIES,50.33,18.3,B24,4.0,23.0,240.0,39.0,,,39.0,F.F.F.
100185,177886.0,1944-11-17,15,GERMANY,OIL REFINERY SYNTHETIC,SYNTHETIC OIL REFINERIES,50.33,18.3,B24,4.0,,,14.0,,,14.0,NOT INDICATED
100151,177887.0,1944-11-17,15,GERMANY,OIL REFINERY SYNTHETIC,SYNTHETIC OIL REFINERIES,50.33,18.3,B24,4.0,27.0,256.0,40.0,,,40.0,F.F.F.
100186,177888.0,1944-11-17,15,GERMANY,OIL REFINERY SYNTHETIC,SYNTHETIC OIL REFINERIES,50.33,18.3,B24,4.0,,,10.0,,,10.0,NOT INDICATED
100167,177889.0,1944-11-17,15,GERMANY,OIL REFINERY SYNTHETIC,SYNTHETIC OIL REFINERIES,50.33,18.3,B24,4.0,23.0,240.0,25.0,,,25.0,F.F.F.
100187,177890.0,1944-11-17,15,GERMANY,OIL REFINERY SYNTHETIC,SYNTHETIC OIL REFINERIES,50.33,18.3,B24,4.0,,,10.0,,,10.0,NOT INDICATED
100175,177891.0,1944-11-17,15,GERMANY,OIL REFINERY SYNTHETIC,SYNTHETIC OIL REFINERIES,50.33,18.3,B24,4.0,19.0,235.0,29.0,,,29.0,F.F.F.
100196,177894.0,1944-11-17,15,AUSTRIA,MARSHALLING YARUS,"""RR INSTALLATIONS,  TRACKS,  MARSHALLING YARDS,  AND STATIONS""",47.78,13.03,B17,4.0,,,15.0,,,15.0,NOT INDICATED
100149,177895.0,1944-11-17,15,AUSTRIA,MARSHALLING YARUS,"""RR INSTALLATIONS,  TRACKS,  MARSHALLING YARDS,  AND STATIONS""",47.78,13.03,B17,4.0,30.0,260.0,68.0,,,68.0,NOT INDICATED
100197,177896.0,1944-11-17,15,AUSTRIA,MARSHALLING YARUS,"""RR INSTALLATIONS,  TRACKS,  MARSHALLING YARDS,  AND STATIONS""",47.78,13.03,B17,3.0,,,17.0,,,17.0,NOT INDICATED
100152,177897.0,1944-11-17,15,AUSTRIA,MARSHALLING YARUS,"""RR INSTALLATIONS,  TRACKS,  MARSHALLING YARDS,  AND STATIONS""",47.78,13.03,B17,3.0,34.0,255.0,85.0,,,85.0,NOT INDICATED
100198,177898.0,1944-11-17,15,AUSTRIA,MARSHALLING YARUS,"""RR INSTALLATIONS,  TRACKS,  MARSHALLING YARDS,  AND STATIONS""",47.78,13.03,B17,3.0,,,10.0,,,10.0,NOT INDICATED
100163,177899.0,1944-11-17,15,AUSTRIA,MARSHALLING YARUS,"""RR INSTALLATIONS,  TRACKS,  MARSHALLING YARDS,  AND STATIONS""",47.78,13.03,B17,3.0,18.0,243.0,31.0,,,31.0,F.F.F.
100199,177900.0,1944-11-17,15,AUSTRIA,MARSHALLING YARUS,"""RR INSTALLATIONS,  TRACKS,  MARSHALLING YARDS,  AND STATIONS""",47.78,13.03,B17,3.0,,,19.0,,,19.0,NOT INDICATED
100148,177901.0,1944-11-17,15,AUSTRIA,MARSHALLING YARUS,"""RR INSTALLATIONS,  TRACKS,  MARSHALLING YARDS,  AND STATIONS""",47.78,13.03,B17,3.0,33.0,280.0,62.0,,,62.0,VISUAL
100523,177906.0,1944-11-17,12,AUSTRIA,MARSHALLING YARDS,"""RR INSTALLATIONS,  TRACKS,  MARSHALLING YARDS,  AND STATIONS""",48.2,16.37,B24,4.0,,,15.0,,,15.0,NOT INDICATED
100522,177907.0,1944-11-17,12,AUSTRIA,MARSHALLING YARDS,"""RR INSTALLATIONS,  TRACKS,  MARSHALLING YARDS,  AND STATIONS""",48.2,16.37,B24,4.0,29.0,245.0,42.0,,,42.0,F.F.F.
100995,113084.0,1944-11-18,15,AUSTRIA,OIL REFINERY,OIL REFINERIES,48.2,16.37,B17,4.0,,,18.0,,,18.0,NOT INDICATED
100991,113085.0,1944-11-18,15,AUSTRIA,OIL REFINERY,OIL REFINERIES,48.2,16.37,B17,4.0,35.0,230.0,87.0,,,87.0,F.F.F.
100993,113086.0,1944-11-18,15,AUSTRIA,OIL REFINERY,OIL REFINERIES,48.2,16.37,B17,4.0,13.0,225.0,63.0,,,63.0,F.F.F.
100996,113087.0,1944-11-18,15,AUSTRIA,OIL REFINERY,OIL REFINERIES,48.2,16.37,B17,4.0,,,17.0,,,17.0,NOT INDICATED
100987,113088.0,1944-11-18,15,AUSTRIA,OIL REFINERY,OIL REFINERIES,48.2,16.37,B17,4.0,35.0,270.0,53.0,,,53.0,F.F.F.
100997,113089.0,1944-11-18,15,AUSTRIA,OIL REFINERY,OIL REFINERIES,48.2,16.37,B17,4.0,,,18.0,,,18.0,NOT INDICATED
100989,113090.0,1944-11-18,15,AUSTRIA,OIL REFINERY,OIL REFINERIES,48.2,16.37,B17,4.0,36.0,252.0,72.0,,,72.0,F.F.F.
101314,113098.0,1944-11-18,9,GERMANY,RR BRIDGE,BRIDGES,48.03,7.62,A26,,,,54.0,,,54.0,VISUAL
101308,113099.0,1944-11-18,9,GERMANY,RR BRIDGE,BRIDGES,48.03,7.62,A20,,,120.0,5.0,,,5.0,VISUAL
101310,113114.0,1944-11-18,9,GERMANY,AMMO DUMP,SUPPLY DUMPS AND WAREHOUSES,48.17,8.1,B26,,,11.0,62.0,,,62.0,VISUAL
100998,177937.0,1944-11-18,15,AUSTRIA,OIL REFINERY,OIL REFINERIES,48.2,16.37,B17,4.0,,,18.0,,,18.0,NOT INDICATED
100992,177938.0,1944-11-18,15,AUSTRIA,OIL REFINERY,OIL REFINERIES,48.2,16.37,B17,4.0,35.0,230.0,87.0,,,87.0,F.F.F.
100994,177939.0,1944-11-18,15,AUSTRIA,OIL REFINERY,OIL REFINERIES,48.2,16.37,B17,4.0,13.0,225.0,63.0,,,63.0,F.F.F.
100999,177940.0,1944-11-18,15,AUSTRIA,OIL REFINERY,OIL REFINERIES,48.2,16.37,B17,4.0,,,17.0,,,17.0,NOT INDICATED
100988,177941.0,1944-11-18,15,AUSTRIA,OIL REFINERY,OIL REFINERIES,48.2,16.37,B17,4.0,35.0,270.0,53.0,,,53.0,F.F.F.
101000,177942.0,1944-11-18,15,AUSTRIA,OIL REFINERY,OIL REFINERIES,48.2,16.37,B17,4.0,,,18.0,,,18.0,NOT INDICATED
100990,177943.0,1944-11-18,15,AUSTRIA,OIL REFINERY,OIL REFINERIES,48.2,16.37,B17,4.0,36.0,252.0,72.0,,,72.0,F.F.F.
101315,214637.0,1944-11-18,9,GERMANY,RR BRIDGE,BRIDGES,48.03,7.62,A26,,,,54.0,,,54.0,VISUAL
101309,214638.0,1944-11-18,9,GERMANY,RR BRIDGE,BRIDGES,48.03,7.62,A20,,,120.0,5.0,,,5.0,VISUAL
101311,214677.0,1944-11-18,9,GERMANY,AMMO DUMP,SUPPLY DUMPS AND WAREHOUSES,48.17,8.1,B26,,,11.0,62.0,,,62.0,VISUAL
101312,214679.0,1944-11-18,9,GERMANY,AMMO DUMP,SUPPLY DUMPS AND WAREHOUSES,48.17,8.1,B26,,,11.0,62.0,,,62.0,VISUAL
102145,113136.0,1944-11-19,15,AUSTRIA,H GOERING BENZOL PLANT,OIL REFINERIES,48.3,14.3,B24,4.0,,,28.0,,,28.0,NOT INDICATED
102140,113137.0,1944-11-19,15,AUSTRIA,H GOERING BENZOL PLANT,OIL REFINERIES,48.3,14.3,B24,4.0,29.0,212.0,29.0,,,29.0,NOT INDICATED
102125,113138.0,1944-11-19,15,AUSTRIA,H GOERING BENZOL PLANT,OIL REFINERIES,48.3,14.3,B24,4.0,25.0,240.0,50.0,,,50.0,INSTRUMENT-GENERAL
102123,113139.0,1944-11-19,15,AUSTRIA,NOVA OIL REFINERY,OIL REFINERIES,48.12,16.53,B24,4.0,11.0,245.0,22.0,,,22.0,NOT INDICATED
102136,113140.0,1944-11-19,15,AUSTRIA,NOVA OIL REFINERY,OIL REFINERIES,48.12,16.53,B24,4.0,23.0,220.0,45.0,,,45.0,F.F.F.
102116,113141.0,1944-11-19,15,AUSTRIA,NOVA OIL REFINERY,OIL REFINERIES,48.12,16.53,B24,4.0,18.0,255.0,36.0,,,36.0,F.F.F.
102142,113142.0,1944-11-19,15,AUSTRIA,OIL REFINERY,OIL REFINERIES,48.2,16.37,B24,4.0,23.0,208.0,33.0,,,33.0,F.F.F.
102108,113143.0,1944-11-19,15,AUSTRIA,OIL REFINERY,OIL REFINERIES,48.2,16.37,B17,4.0,22.0,282.0,53.0,,,53.0,F.F.F.
102102,113144.0,1944-11-19,15,AUSTRIA,OIL REFINERY,OIL REFINERIES,48.2,16.37,B17,4.0,26.0,285.0,52.0,,,52.0,F.F.F.
102134,113145.0,1944-11-19,15,AUSTRIA,OIL REFINERY,OIL REFINERIES,48.2,16.37,B24,4.0,27.0,225.0,48.0,,,48.0,F.F.F.
102129,113146.0,1944-11-19,15,AUSTRIA,OIL REFINERY,OIL REFINERIES,48.2,16.37,B24,4.0,21.0,235.0,41.0,,,41.0,F.F.F.
102138,113147.0,1944-11-19,15,AUSTRIA,OIL REFINERY,OIL REFINERIES,48.2,16.37,B24,4.0,27.0,220.0,51.0,,,51.0,F.F.F.
102110,113148.0,1944-11-19,15,AUSTRIA,OIL DEPOT,OIL STORAGE FACILITIES AND OTHER OIL INSTALLATIONS,48.2,16.37,B17,4.0,24.0,270.0,60.0,,,60.0,F.F.F.
102112,113149.0,1944-11-19,15,AUSTRIA,OIL DEPOT,OIL STORAGE FACILITIES AND OTHER OIL INSTALLATIONS,48.2,16.37,B17,4.0,19.0,264.0,47.0,,,47.0,F.F.F.
102103,113150.0,1944-11-19,15,AUSTRIA,OIL DEPOT,OIL STORAGE FACILITIES AND OTHER OIL INSTALLATIONS,48.2,16.37,B17,4.0,27.0,285.0,52.0,,,52.0,NOT INDICATED
102104,113151.0,1944-11-19,15,AUSTRIA,OIL DEPOT,OIL STORAGE FACILITIES AND OTHER OIL INSTALLATIONS,48.2,16.37,B17,4.0,25.0,285.0,55.0,,,55.0,F.F.F.
102118,113152.0,1944-11-19,15,AUSTRIA,FANTO OIL REFINERY,OIL REFINERIES,48.12,16.3,B24,4.0,2.0,250.0,4.0,,,4.0,NOT INDICATED
102114,113153.0,1944-11-19,15,AUSTRIA,FANTO OIL REFINERY,OIL REFINERIES,48.12,16.3,B24,4.0,26.0,260.0,33.0,,,33.0,NOT INDICATED
102127,113154.0,1944-11-19,15,AUSTRIA,FANTO OIL REFINERY,OIL REFINERIES,48.12,16.3,B24,4.0,28.0,240.0,55.0,,,55.0,F.F.F.
102120,113170.0,1944-11-19,15,AUSTRIA,AIRDROME,AIR FIELDS AND AIRDROMES,48.23,14.17,B24,4.0,23.0,245.0,,,47.0,47.0,NOT INDICATED
102147,113175.0,1944-11-19,15,AUSTRIA,AC ENG PLANT,ENGINE PLANTS,48.2,16.37,B24,2.0,13.0,,26.0,,,26.0,NOT INDICATED
102131,113179.0,1944-11-19,15,AUSTRIA,CITY AREA,CITIES TOWNS AND URBAN AREAS,48.23,14.17,B24,4.0,22.0,230.0,,,8.0,8.0,NOT INDICATED
102148,177944.0,1944-11-19,15,AUSTRIA,AC ENG PLANT,ENGINE PLANTS,48.2,16.37,B24,2.0,13.0,,26.0,,,26.0,NOT INDICATED
102132,177945.0,1944-11-19,15,AUSTRIA,CITY AREA,CITIES TOWNS AND URBAN AREAS,48.23,14.17,B24,4.0,22.0,230.0,,,8.0,8.0,NOT INDICATED
102133,177949.0,1944-11-19,15,AUSTRIA,CITY AREA,CITIES TOWNS AND URBAN AREAS,48.23,14.17,B24,4.0,22.0,230.0,,,8.0,8.0,NOT INDICATED
102149,177950.0,1944-11-19,15,AUSTRIA,AC ENG PLANT,ENGINE PLANTS,48.2,16.37,B24,2.0,13.0,,26.0,,,26.0,NOT INDICATED
102146,177951.0,1944-11-19,15,AUSTRIA,H GOERING BENZOL PLANT,OIL REFINERIES,48.3,14.3,B24,4.0,,,28.0,,,28.0,NOT INDICATED
102141,177952.0,1944-11-19,15,AUSTRIA,H GOERING BENZOL PLANT,OIL REFINERIES,48.3,14.3,B24,4.0,29.0,212.0,29.0,,,29.0,NOT INDICATED
102126,177953.0,1944-11-19,15,AUSTRIA,H GOERING BENZOL PLANT,OIL REFINERIES,48.3,14.3,B24,4.0,25.0,240.0,50.0,,,50.0,INSTRUMENT-GENERAL
102124,177954.0,1944-11-19,15,AUSTRIA,NOVA OIL REFINERY,OIL REFINERIES,48.12,16.53,B24,4.0,11.0,245.0,22.0,,,22.0,NOT INDICATED
102137,177955.0,1944-11-19,15,AUSTRIA,NOVA OIL REFINERY,OIL REFINERIES,48.12,16.53,B24,4.0,23.0,220.0,45.0,,,45.0,F.F.F.
102117,177956.0,1944-11-19,15,AUSTRIA,NOVA OIL REFINERY,OIL REFINERIES,48.12,16.53,B24,4.0,18.0,255.0,36.0,,,36.0,F.F.F.
102143,177957.0,1944-11-19,15,AUSTRIA,OIL REFINERY,OIL REFINERIES,48.2,16.37,B24,4.0,23.0,208.0,33.0,,,33.0,F.F.F.
102109,177958.0,1944-11-19,15,AUSTRIA,OIL REFINERY,OIL REFINERIES,48.2,16.37,B17,4.0,22.0,282.0,53.0,,,53.0,F.F.F.
102105,177959.0,1944-11-19,15,AUSTRIA,OIL REFINERY,OIL REFINERIES,48.2,16.37,B17,4.0,26.0,285.0,52.0,,,52.0,F.F.F.
102135,177960.0,1944-11-19,15,AUSTRIA,OIL REFINERY,OIL REFINERIES,48.2,16.37,B24,4.0,27.0,225.0,48.0,,,48.0,F.F.F.
102130,177961.0,1944-11-19,15,AUSTRIA,OIL REFINERY,OIL REFINERIES,48.2,16.37,B24,4.0,21.0,235.0,41.0,,,41.0,F.F.F.
102139,177962.0,1944-11-19,15,AUSTRIA,OIL REFINERY,OIL REFINERIES,48.2,16.37,B24,4.0,27.0,220.0,51.0,,,51.0,F.F.F.
102111,177963.0,1944-11-19,15,AUSTRIA,OIL DEPOT,OIL STORAGE FACILITIES AND OTHER OIL INSTALLATIONS,48.2,16.37,B17,4.0,24.0,270.0,60.0,,,60.0,F.F.F.
102113,177964.0,1944-11-19,15,AUSTRIA,OIL DEPOT,OIL STORAGE FACILITIES AND OTHER OIL INSTALLATIONS,48.2,16.37,B17,4.0,19.0,264.0,47.0,,,47.0,F.F.F.
102106,177965.0,1944-11-19,15,AUSTRIA,OIL DEPOT,OIL STORAGE FACILITIES AND OTHER OIL INSTALLATIONS,48.2,16.37,B17,4.0,27.0,285.0,52.0,,,52.0,NOT INDICATED
102107,177966.0,1944-11-19,15,AUSTRIA,OIL DEPOT,OIL STORAGE FACILITIES AND OTHER OIL INSTALLATIONS,48.2,16.37,B17,4.0,25.0,285.0,55.0,,,55.0,F.F.F.
102119,177967.0,1944-11-19,15,AUSTRIA,FANTO OIL REFINERY,OIL REFINERIES,48.12,16.3,B24,4.0,2.0,250.0,4.0,,,4.0,NOT INDICATED
102115,177968.0,1944-11-19,15,AUSTRIA,FANTO OIL REFINERY,OIL REFINERIES,48.12,16.3,B24,4.0,26.0,260.0,33.0,,,33.0,NOT INDICATED
102128,177969.0,1944-11-19,15,AUSTRIA,FANTO OIL REFINERY,OIL REFINERIES,48.12,16.3,B24,4.0,28.0,240.0,55.0,,,55.0,F.F.F.
102144,177970.0,1944-11-19,15,AUSTRIA,MARSHALLING YARDS,"""RR INSTALLATIONS,  TRACKS,  MARSHALLING YARDS,  AND STATIONS""",47.37,15.12,B24,2.0,1.0,,1.0,,,1.0,NOT INDICATED
102121,214717.0,1944-11-19,15,AUSTRIA,AIRDROME,AIR FIELDS AND AIRDROMES,48.23,14.17,B24,4.0,23.0,245.0,,,47.0,47.0,NOT INDICATED
102122,214724.0,1944-11-19,15,AUSTRIA,AIRDROME,AIR FIELDS AND AIRDROMES,48.23,14.17,B24,4.0,23.0,245.0,,,47.0,47.0,NOT INDICATED
103006,113184.0,1944-11-20,15,GERMANY,OIL REFINERY SYNTHETIC,SYNTHETIC OIL REFINERIES,50.33,18.3,B17,4.0,,,8.0,,,8.0,NOT INDICATED
102569,113185.0,1944-11-20,15,GERMANY,OIL REFINERY SYNTHETIC,SYNTHETIC OIL REFINERIES,50.33,18.3,B17,4.0,32.0,293.0,52.0,,,52.0,F.F.F.
102594,113186.0,1944-11-20,15,GERMANY,OIL REFINERY SYNTHETIC,SYNTHETIC OIL REFINERIES,50.33,18.3,B24,4.0,,,13.0,,,13.0,NOT INDICATED
102572,113187.0,1944-11-20,15,GERMANY,OIL REFINERY SYNTHETIC,SYNTHETIC OIL REFINERIES,50.33,18.3,B24,4.0,25.0,246.0,24.0,,,24.0,NOT INDICATED
102595,113188.0,1944-11-20,15,GERMANY,OIL REFINERY SYNTHETIC,SYNTHETIC OIL REFINERIES,50.33,18.3,B24,4.0,,,8.0,,,8.0,NOT INDICATED
102574,113189.0,1944-11-20,15,GERMANY,OIL REFINERY SYNTHETIC,SYNTHETIC OIL REFINERIES,50.33,18.3,B24,4.0,15.0,245.0,22.0,,,22.0,NOT INDICATED
102596,113190.0,1944-11-20,15,GERMANY,OIL REFINERY SYNTHETIC,SYNTHETIC OIL REFINERIES,50.33,18.3,B24,4.0,,,12.0,,,12.0,NOT INDICATED
102577,113191.0,1944-11-20,15,GERMANY,OIL REFINERY SYNTHETIC,SYNTHETIC OIL REFINERIES,50.33,18.3,B24,4.0,26.0,240.0,30.0,,,30.0,VISUAL
102597,113192.0,1944-11-20,15,GERMANY,OIL REFINERY SYNTHETIC,SYNTHETIC OIL REFINERIES,50.33,18.3,B24,4.0,,,13.0,,,13.0,NOT INDICATED
102589,113193.0,1944-11-20,15,GERMANY,OIL REFINERY SYNTHETIC,SYNTHETIC OIL REFINERIES,50.33,18.3,B24,4.0,26.0,212.0,39.0,,,39.0,VISUAL
102598,113194.0,1944-11-20,15,GERMANY,OIL REFINERY SYNTHETIC,SYNTHETIC OIL REFINERIES,50.33,18.3,B24,4.0,,,11.0,,,11.0,NOT INDICATED
102586,113195.0,1944-11-20,15,GERMANY,OIL REFINERY SYNTHETIC,SYNTHETIC OIL REFINERIES,50.33,18.3,B24,4.0,22.0,225.0,33.0,,,33.0,NOT INDICATED
102599,113196.0,1944-11-20,15,GERMANY,OIL REFINERY SYNTHETIC,SYNTHETIC OIL REFINERIES,50.33,18.3,B24,4.0,,,13.0,,,13.0,NOT INDICATED
102582,113197.0,1944-11-20,15,GERMANY,OIL REFINERY SYNTHETIC,SYNTHETIC OIL REFINERIES,50.33,18.3,B24,4.0,26.0,235.0,39.0,,,39.0,VISUAL
102579,113214.0,1944-11-20,15,CZECHOSLOVAKIA,CITY AREA,CITIES TOWNS AND URBAN AREAS,49.3,17.38,B24,2.0,21.0,240.0,36.0,,,36.0,NOT INDICATED
103037,113216.0,1944-11-20,9,CZECHOSLOVAKIA,CITY AREA,CITIES TOWNS AND URBAN AREAS,48.33,8.33,B24,2.0,,,1.0,,,1.0,NOT INDICATED
103038,113217.0,1944-11-20,9,CZECHOSLOVAKIA,CITY AREA,CITIES TOWNS AND URBAN AREAS,48.33,8.33,B24,2.0,1.0,,2.0,,,2.0,NOT INDICATED
103020,113218.0,1944-11-20,15,GERMANY,UNIDENTIFIED TARGET,UNIDENTIFIED TARGETS,50.68,17.92,B24,2.0,6.0,,11.0,,,11.0,NOT INDICATED
103021,177980.0,1944-11-20,15,GERMANY,UNIDENTIFIED TARGET,UNIDENTIFIED TARGETS,50.68,17.92,B24,2.0,6.0,,11.0,,,11.0,NOT INDICATED
102580,177983.0,1944-11-20,15,CZECHOSLOVAKIA,CITY AREA,CITIES TOWNS AND URBAN AREAS,49.3,17.38,B24,2.0,21.0,240.0,36.0,,,36.0,NOT INDICATED
103039,177985.0,1944-11-20,9,CZECHOSLOVAKIA,CITY AREA,CITIES TOWNS AND URBAN AREAS,48.33,8.33,B24,2.0,,,1.0,,,1.0,NOT INDICATED
103040,177986.0,1944-11-20,9,CZECHOSLOVAKIA,CITY AREA,CITIES TOWNS AND URBAN AREAS,48.33,8.33,B24,2.0,1.0,,2.0,,,2.0,NOT INDICATED
102581,177987.0,1944-11-20,15,CZECHOSLOVAKIA,CITY AREA,CITIES TOWNS AND URBAN AREAS,49.3,17.38,B24,2.0,21.0,240.0,36.0,,,36.0,NOT INDICATED
103041,177989.0,1944-11-20,9,CZECHOSLOVAKIA,CITY AREA,CITIES TOWNS AND URBAN AREAS,48.33,8.33,B24,2.0,,,1.0,,,1.0,NOT INDICATED
103042,177990.0,1944-11-20,9,CZECHOSLOVAKIA,CITY AREA,CITIES TOWNS AND URBAN AREAS,48.33,8.33,B24,2.0,1.0,,2.0,,,2.0,NOT INDICATED
103019,177995.0,1944-11-20,15,GERMANY,UNIDENTIFIED TARGET,UNIDENTIFIED TARGETS,50.68,17.92,B24,2.0,6.0,,11.0,,,11.0,NOT INDICATED
103007,177998.0,1944-11-20,15,GERMANY,OIL REFINERY SYNTHETIC,SYNTHETIC OIL REFINERIES,50.33,18.3,B17,4.0,,,8.0,,,8.0,NOT INDICATED
102570,177999.0,1944-11-20,15,GERMANY,OIL REFINERY SYNTHETIC,SYNTHETIC OIL REFINERIES,50.33,18.3,B17,4.0,32.0,293.0,52.0,,,52.0,F.F.F.
102600,178000.0,1944-11-20,15,GERMANY,OIL REFINERY SYNTHETIC,SYNTHETIC OIL REFINERIES,50.33,18.3,B24,4.0,,,13.0,,,13.0,NOT INDICATED
102573,178001.0,1944-11-20,15,GERMANY,OIL REFINERY SYNTHETIC,SYNTHETIC OIL REFINERIES,50.33,18.3,B24,4.0,25.0,246.0,24.0,,,24.0,NOT INDICATED
103001,178002.0,1944-11-20,15,GERMANY,OIL REFINERY SYNTHETIC,SYNTHETIC OIL REFINERIES,50.33,18.3,B24,4.0,,,8.0,,,8.0,NOT INDICATED
102575,178003.0,1944-11-20,15,GERMANY,OIL REFINERY SYNTHETIC,SYNTHETIC OIL REFINERIES,50.33,18.3,B24,4.0,15.0,245.0,22.0,,,22.0,NOT INDICATED
103002,178004.0,1944-11-20,15,GERMANY,OIL REFINERY SYNTHETIC,SYNTHETIC OIL REFINERIES,50.33,18.3,B24,4.0,,,12.0,,,12.0,NOT INDICATED
102578,178005.0,1944-11-20,15,GERMANY,OIL REFINERY SYNTHETIC,SYNTHETIC OIL REFINERIES,50.33,18.3,B24,4.0,26.0,240.0,30.0,,,30.0,VISUAL
103003,178006.0,1944-11-20,15,GERMANY,OIL REFINERY SYNTHETIC,SYNTHETIC OIL REFINERIES,50.33,18.3,B24,4.0,,,13.0,,,13.0,NOT INDICATED
102590,178007.0,1944-11-20,15,GERMANY,OIL REFINERY SYNTHETIC,SYNTHETIC OIL REFINERIES,50.33,18.3,B24,4.0,26.0,212.0,39.0,,,39.0,VISUAL
103004,178008.0,1944-11-20,15,GERMANY,OIL REFINERY SYNTHETIC,SYNTHETIC OIL REFINERIES,50.33,18.3,B24,4.0,,,11.0,,,11.0,NOT INDICATED
102587,178009.0,1944-11-20,15,GERMANY,OIL REFINERY SYNTHETIC,SYNTHETIC OIL REFINERIES,50.33,18.3,B24,4.0,22.0,225.0,33.0,,,33.0,NOT INDICATED
103005,178010.0,1944-11-20,15,GERMANY,OIL REFINERY SYNTHETIC,SYNTHETIC OIL REFINERIES,50.33,18.3,B24,4.0,,,13.0,,,13.0,NOT INDICATED
102583,178011.0,1944-11-20,15,GERMANY,OIL REFINERY SYNTHETIC,SYNTHETIC OIL REFINERIES,50.33,18.3,B24,4.0,26.0,235.0,39.0,,,39.0,VISUAL
103008,178017.0,1944-11-20,15,CZECHOSLOVAKIA,MARSHALLING YARDS,"""RR INSTALLATIONS,  TRACKS,  MARSHALLING YARDS,  AND STATIONS""",49.2,16.62,B17,4.0,,,7.0,,,7.0,NOT INDICATED
102571,178018.0,1944-11-20,15,CZECHOSLOVAKIA,MARSHALLING YARDS,"""RR INSTALLATIONS,  TRACKS,  MARSHALLING YARDS,  AND STATIONS""",49.2,16.62,B17,4.0,27.0,255.0,47.0,,,47.0,F.F.F.
103009,178019.0,1944-11-20,15,CZECHOSLOVAKIA,MARSHALLING YARDS,"""RR INSTALLATIONS,  TRACKS,  MARSHALLING YARDS,  AND STATIONS""",49.2,16.62,B17,3.0,,,8.0,,,8.0,NOT INDICATED
102585,178020.0,1944-11-20,15,CZECHOSLOVAKIA,MARSHALLING YARDS,"""RR INSTALLATIONS,  TRACKS,  MARSHALLING YARDS,  AND STATIONS""",49.2,16.62,B17,3.0,32.0,226.0,57.0,,,57.0,F.F.F.
103010,178021.0,1944-11-20,15,CZECHOSLOVAKIA,MARSHALLING YARDS,"""RR INSTALLATIONS,  TRACKS,  MARSHALLING YARDS,  AND STATIONS""",49.2,16.62,B17,3.0,,,9.0,,,9.0,NOT INDICATED
102576,178022.0,1944-11-20,15,CZECHOSLOVAKIA,MARSHALLING YARDS,"""RR INSTALLATIONS,  TRACKS,  MARSHALLING YARDS,  AND STATIONS""",49.2,16.62,B17,3.0,36.0,245.0,62.0,,,62.0,F.F.F.
103011,178023.0,1944-11-20,15,CZECHOSLOVAKIA,MARSHALLING YARDS,"""RR INSTALLATIONS,  TRACKS,  MARSHALLING YARDS,  AND STATIONS""",49.2,16.62,B17,3.0,,,8.0,,,8.0,NOT INDICATED
102588,178024.0,1944-11-20,15,CZECHOSLOVAKIA,MARSHALLING YARDS,"""RR INSTALLATIONS,  TRACKS,  MARSHALLING YARDS,  AND STATIONS""",49.2,16.62,B17,3.0,36.0,220.0,63.0,,,63.0,F.F.F.
103012,178025.0,1944-11-20,15,CZECHOSLOVAKIA,MARSHALLING YARDS,"""RR INSTALLATIONS,  TRACKS,  MARSHALLING YARDS,  AND STATIONS""",49.2,16.62,B17,3.0,,,9.0,,,9.0,NOT INDICATED
102584,178026.0,1944-11-20,15,CZECHOSLOVAKIA,MARSHALLING YARDS,"""RR INSTALLATIONS,  TRACKS,  MARSHALLING YARDS,  AND STATIONS""",49.2,16.62,B17,3.0,35.0,235.0,59.0,,,59.0,F.F.F.
103015,178027.0,1944-11-20,15,CZECHOSLOVAKIA,MARSHALLING YARDS,"""RR INSTALLATIONS,  TRACKS,  MARSHALLING YARDS,  AND STATIONS""",48.85,17.13,B24,3.0,,,14.0,,,14.0,NOT INDICATED
102592,178028.0,1944-11-20,15,CZECHOSLOVAKIA,MARSHALLING YARDS,"""RR INSTALLATIONS,  TRACKS,  MARSHALLING YARDS,  AND STATIONS""",48.85,17.13,B24,3.0,27.0,206.0,50.0,,,50.0,VISUAL
102593,178029.0,1944-11-20,15,CZECHOSLOVAKIA,MARSHALLING YARDS,"""RR INSTALLATIONS,  TRACKS,  MARSHALLING YARDS,  AND STATIONS""",48.85,17.13,B24,2.0,23.0,200.0,52.0,,,52.0,NOT INDICATED
103016,178030.0,1944-11-20,15,CZECHOSLOVAKIA,MARSHALLING YARDS,"""RR INSTALLATIONS,  TRACKS,  MARSHALLING YARDS,  AND STATIONS""",48.77,16.88,B24,3.0,,,13.0,,,13.0,NOT INDICATED
102591,178031.0,1944-11-20,15,CZECHOSLOVAKIA,MARSHALLING YARDS,"""RR INSTALLATIONS,  TRACKS,  MARSHALLING YARDS,  AND STATIONS""",48.77,16.88,B24,3.0,26.0,210.0,46.0,,,46.0,F.F.F.
103017,178032.0,1944-11-20,15,CZECHOSLOVAKIA,RR,"""RR INSTALLATIONS,  TRACKS,  MARSHALLING YARDS,  AND STATIONS""",49.85,18.3,B17,3.0,,,,,,,NOT INDICATED
103018,178033.0,1944-11-20,15,CZECHOSLOVAKIA,RR,"""RR INSTALLATIONS,  TRACKS,  MARSHALLING YARDS,  AND STATIONS""",49.85,18.3,B17,3.0,1.0,,2.0,,,2.0,NOT INDICATED
103036,178034.0,1944-11-20,9,CZECHOSLOVAKIA,RR BRIDGE,BRIDGES,48.0,8.0,B17,2.0,1.0,,,,,,NOT INDICATED
103013,178035.0,1944-11-20,15,GERMANY,MARSHALLING YARDS,"""RR INSTALLATIONS,  TRACKS,  MARSHALLING YARDS,  AND STATIONS""",50.28,18.65,B17,2.0,,,,,,,NOT INDICATED
103014,178036.0,1944-11-20,15,GERMANY,MARSHALLING YARDS,"""RR INSTALLATIONS,  TRACKS,  MARSHALLING YARDS,  AND STATIONS""",50.28,18.65,B17,2.0,1.0,,1.0,,,1.0,NOT INDICATED
103024,178037.0,1944-11-20,9,GERMANY,R R,"""RR INSTALLATIONS,  TRACKS,  MARSHALLING YARDS,  AND STATIONS""",50.13,8.46,B17,3.0,11.0,285.0,27.0,,,27.0,F.F.F.
103023,178038.0,1944-11-20,9,GERMANY,R R,"""RR INSTALLATIONS,  TRACKS,  MARSHALLING YARDS,  AND STATIONS""",50.13,8.46,B17,3.0,11.0,293.0,27.0,,,27.0,F.F.F.
103025,178039.0,1944-11-20,9,GERMANY,R R,"""RR INSTALLATIONS,  TRACKS,  MARSHALLING YARDS,  AND STATIONS""",50.13,8.46,B17,3.0,3.0,274.0,7.0,,,7.0,F.F.F.
103030,178040.0,1944-11-20,9,GERMANY,R R,"""RR INSTALLATIONS,  TRACKS,  MARSHALLING YARDS,  AND STATIONS""",50.13,8.46,B17,3.0,14.0,260.0,35.0,,,35.0,F.F.F.
103031,178041.0,1944-11-20,9,GERMANY,R R,"""RR INSTALLATIONS,  TRACKS,  MARSHALLING YARDS,  AND STATIONS""",50.13,8.46,B17,3.0,6.0,260.0,15.0,,,15.0,F.F.F.
103028,178042.0,1944-11-20,9,GERMANY,R R,"""RR INSTALLATIONS,  TRACKS,  MARSHALLING YARDS,  AND STATIONS""",50.13,8.46,B17,3.0,10.0,268.0,25.0,,,25.0,F.F.F.
103029,178043.0,1944-11-20,9,GERMANY,R R,"""RR INSTALLATIONS,  TRACKS,  MARSHALLING YARDS,  AND STATIONS""",50.13,8.46,B17,3.0,11.0,267.0,27.0,,,27.0,F.F.F.
103022,178044.0,1944-11-20,9,GERMANY,R R,"""RR INSTALLATIONS,  TRACKS,  MARSHALLING YARDS,  AND STATIONS""",50.13,8.46,B17,3.0,11.0,308.0,27.0,,,27.0,F.F.F.
103026,178045.0,1944-11-20,9,GERMANY,R R,"""RR INSTALLATIONS,  TRACKS,  MARSHALLING YARDS,  AND STATIONS""",50.13,8.46,B17,3.0,12.0,269.0,30.0,,,30.0,F.F.F.
103027,178046.0,1944-11-20,9,GERMANY,R R,"""RR INSTALLATIONS,  TRACKS,  MARSHALLING YARDS,  AND STATIONS""",50.13,8.46,B17,3.0,3.0,269.0,8.0,,,8.0,F.F.F.
103811,113294.0,1944-11-21,9,GERMANY,CITY AREA,CITIES TOWNS AND URBAN AREAS,51.37,9.4,B17,2.0,1.0,,3.0,,,3.0,NOT INDICATED
103480,113297.0,1944-11-21,9,GERMANY,CITY AREA,CITIES TOWNS AND URBAN AREAS,52.22,8.8,B17,2.0,9.0,255.0,25.0,,,25.0,F.F.F.
103802,113300.0,1944-11-21,9,GERMANY,CITY AREA,CITIES TOWNS AND URBAN AREAS,51.37,13.0,B17,2.0,1.0,,3.0,,,3.0,NOT INDICATED
103805,113301.0,1944-11-21,9,GERMANY,CITY AREA,CITIES TOWNS AND URBAN AREAS,50.97,10.33,B17,2.0,3.0,,8.0,,,8.0,NOT INDICATED
103486,113303.0,1944-11-21,9,GERMANY,CITY AREA,CITIES TOWNS AND URBAN AREAS,51.33,12.38,B17,2.0,9.0,197.0,23.0,,,23.0,F.F.F.
103481,178096.0,1944-11-21,9,GERMANY,CITY AREA,CITIES TOWNS AND URBAN AREAS,52.22,8.8,B17,2.0,9.0,255.0,25.0,,,25.0,F.F.F.
103803,178097.0,1944-11-21,9,GERMANY,CITY AREA,CITIES TOWNS AND URBAN AREAS,51.37,13.0,B17,2.0,1.0,,3.0,,,3.0,NOT INDICATED
103806,178098.0,1944-11-21,9,GERMANY,CITY AREA,CITIES TOWNS AND URBAN AREAS,50.97,10.33,B17,2.0,3.0,,8.0,,,8.0,NOT INDICATED
103487,178100.0,1944-11-21,9,GERMANY,CITY AREA,CITIES TOWNS AND URBAN AREAS,51.33,12.38,B17,2.0,9.0,197.0,23.0,,,23.0,F.F.F.
103812,178108.0,1944-11-21,9,GERMANY,CITY AREA,CITIES TOWNS AND URBAN AREAS,51.37,9.4,B17,2.0,1.0,,3.0,,,3.0,NOT INDICATED
103482,178111.0,1944-11-21,9,GERMANY,CITY AREA,CITIES TOWNS AND URBAN AREAS,52.22,8.8,B17,2.0,9.0,255.0,25.0,,,25.0,F.F.F.
103804,178112.0,1944-11-21,9,GERMANY,CITY AREA,CITIES TOWNS AND URBAN AREAS,51.37,13.0,B17,2.0,1.0,,3.0,,,3.0,NOT INDICATED
103807,178113.0,1944-11-21,9,GERMANY,CITY AREA,CITIES TOWNS AND URBAN AREAS,50.97,10.33,B17,2.0,3.0,,8.0,,,8.0,NOT INDICATED
103488,178115.0,1944-11-21,9,GERMANY,CITY AREA,CITIES TOWNS AND URBAN AREAS,51.33,12.38,B17,2.0,9.0,197.0,23.0,,,23.0,F.F.F.
103813,178159.0,1944-11-21,9,GERMANY,CITY AREA,CITIES TOWNS AND URBAN AREAS,51.37,9.4,B17,2.0,1.0,,3.0,,,3.0,NOT INDICATED
103801,178220.0,1944-11-21,9,GERMANY,MARSHALLING YARD,"""RR INSTALLATIONS,  TRACKS,  MARSHALLING YARDS,  AND STATIONS""",50.35,7.6,B17,2.0,1.0,,3.0,,,3.0,NOT INDICATED
103477,178221.0,1944-11-21,9,GERMANY,MARSHALLING YARD,"""RR INSTALLATIONS,  TRACKS,  MARSHALLING YARDS,  AND STATIONS""",50.35,7.6,B17,2.0,11.0,263.0,33.0,,,33.0,F.F.F.
103483,178222.0,1944-11-21,9,GERMANY,MARSHALLING YARD,"""RR INSTALLATIONS,  TRACKS,  MARSHALLING YARDS,  AND STATIONS""",50.35,7.6,B17,2.0,11.0,255.0,31.0,,,31.0,F.F.F.
103808,178223.0,1944-11-21,9,GERMANY,MARSHALLING YARD,"""RR INSTALLATIONS,  TRACKS,  MARSHALLING YARDS,  AND STATIONS""",50.33,8.75,B17,2.0,11.0,,,2.0,,2.0,NOT INDICATED
103809,178224.0,1944-11-21,9,GERMANY,MARSHALLING YARD,"""RR INSTALLATIONS,  TRACKS,  MARSHALLING YARDS,  AND STATIONS""",50.33,8.75,B17,2.0,12.0,,,2.0,,2.0,NOT INDICATED
103810,178225.0,1944-11-21,9,GERMANY,MARSHALLING YARD,"""RR INSTALLATIONS,  TRACKS,  MARSHALLING YARDS,  AND STATIONS""",50.33,8.75,B17,2.0,13.0,,,3.0,,3.0,NOT INDICATED
103490,178226.0,1944-11-21,9,GERMANY,MARSHALLING YARD,"""RR INSTALLATIONS,  TRACKS,  MARSHALLING YARDS,  AND STATIONS""",50.33,8.75,B17,2.0,9.0,167.0,23.0,,,23.0,VISUAL
103489,178227.0,1944-11-21,9,GERMANY,MARSHALLING YARD,"""RR INSTALLATIONS,  TRACKS,  MARSHALLING YARDS,  AND STATIONS""",50.33,8.75,B17,2.0,12.0,176.0,28.0,,,28.0,VISUAL
103474,178228.0,1944-11-21,9,GERMANY,MARSHALLING YARD,"""RR INSTALLATIONS,  TRACKS,  MARSHALLING YARDS,  AND STATIONS""",50.6,8.68,B17,2.0,11.0,267.0,33.0,,,33.0,F.F.F.
103472,178229.0,1944-11-21,9,GERMANY,MARSHALLING YARD,"""RR INSTALLATIONS,  TRACKS,  MARSHALLING YARDS,  AND STATIONS""",50.6,8.68,B17,1.0,10.0,270.0,24.0,,,24.0,F.F.F.
103478,178230.0,1944-11-21,9,GERMANY,MARSHALLING YARD,"""RR INSTALLATIONS,  TRACKS,  MARSHALLING YARDS,  AND STATIONS""",50.6,8.68,B17,1.0,12.0,260.0,28.0,,,28.0,F.F.F.
103473,178231.0,1944-11-21,9,GERMANY,MARSHALLING YARD,"""RR INSTALLATIONS,  TRACKS,  MARSHALLING YARDS,  AND STATIONS""",50.6,8.68,B17,1.0,10.0,268.0,28.0,,,28.0,F.F.F.
103471,178232.0,1944-11-21,9,GERMANY,MARSHALLING YARD,"""RR INSTALLATIONS,  TRACKS,  MARSHALLING YARDS,  AND STATIONS""",50.6,8.68,B17,1.0,12.0,276.0,35.0,,,35.0,F.F.F.
103479,178233.0,1944-11-21,9,GERMANY,MARSHALLING YARD,"""RR INSTALLATIONS,  TRACKS,  MARSHALLING YARDS,  AND STATIONS""",50.6,8.68,B17,1.0,11.0,258.0,32.0,,,32.0,F.F.F.
103475,178234.0,1944-11-21,9,GERMANY,MARSHALLING YARD,"""RR INSTALLATIONS,  TRACKS,  MARSHALLING YARDS,  AND STATIONS""",50.6,8.68,B17,1.0,2.0,265.0,5.0,,,5.0,F.F.F.
103476,178235.0,1944-11-21,9,GERMANY,MARSHALLING YARD,"""RR INSTALLATIONS,  TRACKS,  MARSHALLING YARDS,  AND STATIONS""",50.6,8.68,B17,1.0,11.0,265.0,27.0,,,27.0,F.F.F.
103492,178239.0,1944-11-21,9,GERMANY,MARSHALLING YARD,"""RR INSTALLATIONS,  TRACKS,  MARSHALLING YARDS,  AND STATIONS""",50.87,9.7,B17,2.0,12.0,156.0,30.0,,,30.0,VISUAL
103491,178240.0,1944-11-21,9,GERMANY,MARSHALLING YARD,"""RR INSTALLATIONS,  TRACKS,  MARSHALLING YARDS,  AND STATIONS""",50.68,9.75,B17,2.0,12.0,160.0,30.0,,,30.0,VISUAL
105426,113307.0,1944-11-22,15,GERMANY,MANU INSTALLATION,MANUFACTURING INSTALLATIONS (NOT SPECIFICALLY IDENTIFIED BELOW FROM CLASS 11 THROUGH 59),48.0,12.33,B24,2.0,1.0,,3.0,,,3.0,NOT INDICATED
105427,178265.0,1944-11-22,15,GERMANY,MANU INSTALLATION,MANUFACTURING INSTALLATIONS (NOT SPECIFICALLY IDENTIFIED BELOW FROM CLASS 11 THROUGH 59),48.0,12.33,B24,2.0,1.0,,3.0,,,3.0,NOT INDICATED
105428,178266.0,1944-11-22,15,GERMANY,MANU INSTALLATION,MANUFACTURING INSTALLATIONS (NOT SPECIFICALLY IDENTIFIED BELOW FROM CLASS 11 THROUGH 59),48.0,12.33,B24,2.0,1.0,,3.0,,,3.0,NOT INDICATED
105412,178267.0,1944-11-22,15,AUSTRIA,MARSHALLING YARDS,"""RR INSTALLATIONS,  TRACKS,  MARSHALLING YARDS,  AND STATIONS""",47.27,11.38,B24,3.0,1.0,,2.0,,,2.0,NOT INDICATED
105413,178268.0,1944-11-22,15,AUSTRIA,MARSHALLING YARDS,"""RR INSTALLATIONS,  TRACKS,  MARSHALLING YARDS,  AND STATIONS""",47.58,12.18,B24,4.0,4.0,,10.0,,,10.0,F.F.F.
105416,178269.0,1944-11-22,15,AUSTRIA,MARSHALLING YARDS,"""RR INSTALLATIONS,  TRACKS,  MARSHALLING YARDS,  AND STATIONS""",46.83,12.77,B17,2.0,1.0,,3.0,,,3.0,NOT INDICATED
105414,178270.0,1944-11-22,15,AUSTRIA,MARSHALLING YARDS,"""RR INSTALLATIONS,  TRACKS,  MARSHALLING YARDS,  AND STATIONS""",46.83,12.77,B24,2.0,9.0,,23.0,,,23.0,NOT INDICATED
105415,178271.0,1944-11-22,15,AUSTRIA,MARSHALLING YARDS,"""RR INSTALLATIONS,  TRACKS,  MARSHALLING YARDS,  AND STATIONS""",46.83,12.77,B24,2.0,1.0,,3.0,,,3.0,VISUAL
105417,178272.0,1944-11-22,15,AUSTRIA,MARSHALLING YARDS,"""RR INSTALLATIONS,  TRACKS,  MARSHALLING YARDS,  AND STATIONS""",47.38,13.47,B17,2.0,1.0,,3.0,,,3.0,NOT INDICATED
105408,178273.0,1944-11-22,15,AUSTRIA,MARSHALLING YARUS,"""RR INSTALLATIONS,  TRACKS,  MARSHALLING YARDS,  AND STATIONS""",47.78,13.03,B24,4.0,17.0,180.0,34.0,,,34.0,VISUAL
105419,178274.0,1944-11-22,15,AUSTRIA,MARSHALLING YARUS,"""RR INSTALLATIONS,  TRACKS,  MARSHALLING YARDS,  AND STATIONS""",47.78,13.03,B17,3.0,7.0,,16.0,,,16.0,NOT INDICATED
105407,178275.0,1944-11-22,15,AUSTRIA,MARSHALLING YARUS,"""RR INSTALLATIONS,  TRACKS,  MARSHALLING YARDS,  AND STATIONS""",47.78,13.03,B24,3.0,17.0,184.0,32.0,,,32.0,NOT INDICATED
105409,178276.0,1944-11-22,15,AUSTRIA,MARSHALLING YARUS,"""RR INSTALLATIONS,  TRACKS,  MARSHALLING YARDS,  AND STATIONS""",47.78,13.03,B24,3.0,17.0,176.0,34.0,,,34.0,NOT INDICATED
105403,178277.0,1944-11-22,15,AUSTRIA,MARSHALLING YARUS,"""RR INSTALLATIONS,  TRACKS,  MARSHALLING YARDS,  AND STATIONS""",47.78,13.03,B24,3.0,16.0,265.0,31.0,,,31.0,NOT INDICATED
105405,178278.0,1944-11-22,15,AUSTRIA,MARSHALLING YARUS,"""RR INSTALLATIONS,  TRACKS,  MARSHALLING YARDS,  AND STATIONS""",47.78,13.03,B17,2.0,1.0,235.0,2.0,,,2.0,VISUAL
105420,178279.0,1944-11-22,15,AUSTRIA,MARSHALLING YARUS,"""RR INSTALLATIONS,  TRACKS,  MARSHALLING YARDS,  AND STATIONS""",47.78,13.03,B17,2.0,1.0,,3.0,,,3.0,NOT INDICATED
105418,178280.0,1944-11-22,15,AUSTRIA,MARSHALLING YARUS,"""RR INSTALLATIONS,  TRACKS,  MARSHALLING YARDS,  AND STATIONS""",47.78,13.03,B24,2.0,1.0,,2.0,,,2.0,NOT INDICATED
105421,178281.0,1944-11-22,15,AUSTRIA,MARSHALLING YARD,"""RR INSTALLATIONS,  TRACKS,  MARSHALLING YARDS,  AND STATIONS""",46.8,13.5,B24,2.0,1.0,,2.0,,,2.0,NOT INDICATED
105422,178285.0,1944-11-22,15,AUSTRIA,MARSHALLING YARD,"""RR INSTALLATIONS,  TRACKS,  MARSHALLING YARDS,  AND STATIONS""",47.3,12.78,B24,2.0,1.0,,3.0,,,3.0,NOT INDICATED
105423,178286.0,1944-11-22,15,AUSTRIA,BRIDGE,BRIDGES,46.67,12.33,B24,2.0,1.0,,2.0,,,2.0,NOT INDICATED
105404,178287.0,1944-11-22,15,AUSTRIA,RR,"""RR INSTALLATIONS,  TRACKS,  MARSHALLING YARDS,  AND STATIONS""",46.67,13.0,B17,2.0,1.0,240.0,2.0,,,2.0,VISUAL
105424,178288.0,1944-11-22,15,AUSTRIA,RR BRIDGE,BRIDGES,46.67,13.33,B24,2.0,1.0,,3.0,,,3.0,VISUAL
105406,178289.0,1944-11-22,15,AUSTRIA,RR BRIDGE,BRIDGES,47.33,12.33,B17,2.0,1.0,215.0,2.0,,,2.0,VISUAL
105425,178290.0,1944-11-22,15,AUSTRIA,MARSHALLING YARDS,"""RR INSTALLATIONS,  TRACKS,  MARSHALLING YARDS,  AND STATIONS""",47.33,12.33,B17,2.0,1.0,,2.0,,,2.0,NOT INDICATED
105435,178295.0,1944-11-22,9,GERMANY,MARSHALLING YARD,"""RR INSTALLATIONS,  TRACKS,  MARSHALLING YARDS,  AND STATIONS""",48.13,11.58,B24,4.0,14.0,250.0,31.0,,,31.0,F.F.F.
105436,178296.0,1944-11-22,9,GERMANY,MARSHALLING YARD,"""RR INSTALLATIONS,  TRACKS,  MARSHALLING YARDS,  AND STATIONS""",48.13,11.58,B24,4.0,21.0,250.0,32.0,,,32.0,NOT INDICATED
105432,178297.0,1944-11-22,9,GERMANY,MARSHALLING YARD,"""RR INSTALLATIONS,  TRACKS,  MARSHALLING YARDS,  AND STATIONS""",48.13,11.58,B17,4.0,19.0,270.0,49.0,,,49.0,F.F.F.
105431,178298.0,1944-11-22,9,GERMANY,MARSHALLING YARD,"""RR INSTALLATIONS,  TRACKS,  MARSHALLING YARDS,  AND STATIONS""",48.13,11.58,B17,4.0,36.0,280.0,66.0,,,66.0,F.F.F.
105434,178299.0,1944-11-22,9,GERMANY,MARSHALLING YARD,"""RR INSTALLATIONS,  TRACKS,  MARSHALLING YARDS,  AND STATIONS""",48.13,11.58,B17,4.0,16.0,262.0,31.0,,,31.0,F.F.F.
105437,178300.0,1944-11-22,9,GERMANY,MARSHALLING YARD,"""RR INSTALLATIONS,  TRACKS,  MARSHALLING YARDS,  AND STATIONS""",48.13,11.58,B24,3.0,1.0,155.0,3.0,,,3.0,NOT INDICATED
105438,178301.0,1944-11-22,9,GERMANY,MARSHALLING YARD,"""RR INSTALLATIONS,  TRACKS,  MARSHALLING YARDS,  AND STATIONS""",48.13,11.58,B24,4.0,22.0,,36.0,,,36.0,F.F.F.
105433,178302.0,1944-11-22,9,GERMANY,MARSHALLING YARD,"""RR INSTALLATIONS,  TRACKS,  MARSHALLING YARDS,  AND STATIONS""",48.13,11.58,B24,4.0,24.0,265.0,32.0,,,32.0,F.F.F.
105430,178303.0,1944-11-22,9,GERMANY,MARSHALLING YARD,"""RR INSTALLATIONS,  TRACKS,  MARSHALLING YARDS,  AND STATIONS""",48.13,11.58,B17,4.0,26.0,289.0,52.0,,,52.0,F.F.F.
105429,178304.0,1944-11-22,9,GERMANY,MARSHALLING YARD,"""RR INSTALLATIONS,  TRACKS,  MARSHALLING YARDS,  AND STATIONS""",48.13,11.58,B17,4.0,35.0,290.0,86.0,,,86.0,F.F.F.
105439,178305.0,1944-11-22,9,GERMANY,MARSHALLING YARD,"""RR INSTALLATIONS,  TRACKS,  MARSHALLING YARDS,  AND STATIONS""",48.13,11.58,B24,2.0,4.0,,9.0,,,9.0,VISUAL
106614,113340.0,1944-11-24,15,AUSTRIA,H GOERING BENZOL PLANT,OIL REFINERIES,48.3,14.3,B17,4.0,,,2.0,,,2.0,NOT INDICATED
106612,113341.0,1944-11-24,15,AUSTRIA,H GOERING BENZOL PLANT,OIL REFINERIES,48.3,14.3,B17,4.0,4.0,247.0,10.0,,,10.0,F.F.F.
106608,113342.0,1944-11-24,15,AUSTRIA,H GOERING BENZOL PLANT,OIL REFINERIES,48.3,14.3,B17,4.0,3.0,276.0,8.0,,,8.0,F.F.F.
106615,113343.0,1944-11-24,15,AUSTRIA,H GOERING BENZOL PLANT,OIL REFINERIES,48.3,14.3,B17,4.0,,,2.0,,,2.0,NOT INDICATED
106610,113344.0,1944-11-24,15,AUSTRIA,H GOERING BENZOL PLANT,OIL REFINERIES,48.3,14.3,B17,4.0,4.0,252.0,10.0,,,10.0,F.F.F.
106616,178338.0,1944-11-24,15,AUSTRIA,H GOERING BENZOL PLANT,OIL REFINERIES,48.3,14.3,B17,4.0,,,2.0,,,2.0,NOT INDICATED
106613,178339.0,1944-11-24,15,AUSTRIA,H GOERING BENZOL PLANT,OIL REFINERIES,48.3,14.3,B17,4.0,4.0,247.0,10.0,,,10.0,F.F.F.
106609,178340.0,1944-11-24,15,AUSTRIA,H GOERING BENZOL PLANT,OIL REFINERIES,48.3,14.3,B17,4.0,3.0,276.0,8.0,,,8.0,F.F.F.
106617,178341.0,1944-11-24,15,AUSTRIA,H GOERING BENZOL PLANT,OIL REFINERIES,48.3,14.3,B17,4.0,,,2.0,,,2.0,NOT INDICATED
106611,178342.0,1944-11-24,15,AUSTRIA,H GOERING BENZOL PLANT,OIL REFINERIES,48.3,14.3,B17,4.0,4.0,252.0,10.0,,,10.0,F.F.F.
106618,178343.0,1944-11-24,12,AUSTRIA,RR,"""RR INSTALLATIONS,  TRACKS,  MARSHALLING YARDS,  AND STATIONS""",46.63,14.3,B17,3.0,,,1.0,,,1.0,NOT INDICATED
106619,178344.0,1944-11-24,12,AUSTRIA,RR,"""RR INSTALLATIONS,  TRACKS,  MARSHALLING YARDS,  AND STATIONS""",46.63,14.3,B17,3.0,1.0,,3.0,,,3.0,F.F.F.
106620,178345.0,1944-11-24,12,AUSTRIA,RR,"""RR INSTALLATIONS,  TRACKS,  MARSHALLING YARDS,  AND STATIONS""",46.63,14.3,B17,3.0,2.0,,5.0,,,5.0,NOT INDICATED
107029,113348.0,1944-11-25,15,AUSTRIA,H GOERING BENZOL PLANT,OIL REFINERIES,48.3,14.3,B17,4.0,,,2.0,,,2.0,NOT INDICATED
107015,113349.0,1944-11-25,15,AUSTRIA,H GOERING BENZOL PLANT,OIL REFINERIES,48.3,14.3,B17,4.0,4.0,250.0,10.0,,,10.0,F.F.F.
107030,113350.0,1944-11-25,15,AUSTRIA,H GOERING BENZOL PLANT,OIL REFINERIES,48.3,14.3,B17,4.0,,,3.0,,,3.0,NOT INDICATED
107016,113351.0,1944-11-25,15,AUSTRIA,H GOERING BENZOL PLANT,OIL REFINERIES,48.3,14.3,B17,4.0,5.0,250.0,13.0,,,13.0,NOT INDICATED
107090,113352.0,1944-11-25,9,GERMANY,WINTERSHALL SYN OIL,OIL REFINERIES,51.3,11.85,B17,2.0,2.0,,6.0,,,6.0,NOT INDICATED
107061,113414.0,1944-11-25,9,GERMANY,TRAINING CENTRE,TACTICAL TARGETS: (UNIDENTIFIED OR NOT LISTED BELOW),48.68,12.68,B26,,,135.0,53.0,,,53.0,NOT INDICATED
107067,113415.0,1944-11-25,9,GERMANY,ORDNANCE DEPOT,SUPPLY DUMPS AND WAREHOUSES,48.68,12.68,A20,,,130.0,27.0,,,27.0,NOT INDICATED
107062,113416.0,1944-11-25,9,GERMANY,ORDNANCE DEPOT,SUPPLY DUMPS AND WAREHOUSES,48.68,12.68,A20,,,135.0,44.0,,,44.0,VISUAL
107031,178370.0,1944-11-25,15,AUSTRIA,H GOERING BENZOL PLANT,OIL REFINERIES,48.3,14.3,B17,4.0,,,2.0,,,2.0,NOT INDICATED
107017,178371.0,1944-11-25,15,AUSTRIA,H GOERING BENZOL PLANT,OIL REFINERIES,48.3,14.3,B17,4.0,4.0,250.0,10.0,,,10.0,F.F.F.
107032,178372.0,1944-11-25,15,AUSTRIA,H GOERING BENZOL PLANT,OIL REFINERIES,48.3,14.3,B17,4.0,,,3.0,,,3.0,NOT INDICATED
107018,178373.0,1944-11-25,15,AUSTRIA,H GOERING BENZOL PLANT,OIL REFINERIES,48.3,14.3,B17,4.0,5.0,250.0,13.0,,,13.0,NOT INDICATED
107091,178374.0,1944-11-25,9,GERMANY,WINTERSHALL SYN OIL,OIL REFINERIES,51.3,11.85,B17,2.0,2.0,,6.0,,,6.0,NOT INDICATED
107022,178435.0,1944-11-25,15,AUSTRIA,MARSHALLING YARDS,"""RR INSTALLATIONS,  TRACKS,  MARSHALLING YARDS,  AND STATIONS""",47.27,11.38,B24,3.0,,,1.0,,,1.0,NOT INDICATED
107014,178436.0,1944-11-25,15,AUSTRIA,MARSHALLING YARDS,"""RR INSTALLATIONS,  TRACKS,  MARSHALLING YARDS,  AND STATIONS""",47.27,11.38,B24,3.0,2.0,260.0,2.0,,,2.0,F.F.F.
107023,178437.0,1944-11-25,15,AUSTRIA,MARSHALLING YARDS,"""RR INSTALLATIONS,  TRACKS,  MARSHALLING YARDS,  AND STATIONS""",47.27,11.38,B24,3.0,,,1.0,,,1.0,F.F.F.
107024,178438.0,1944-11-25,15,AUSTRIA,MARSHALLING YARDS,"""RR INSTALLATIONS,  TRACKS,  MARSHALLING YARDS,  AND STATIONS""",47.27,11.38,B24,3.0,1.0,,1.0,,,1.0,NOT INDICATED
107025,178439.0,1944-11-25,15,AUSTRIA,MARSHALLING YARDS,"""RR INSTALLATIONS,  TRACKS,  MARSHALLING YARDS,  AND STATIONS""",47.27,11.38,B24,3.0,,,1.0,,,1.0,NOT INDICATED
107026,178440.0,1944-11-25,15,AUSTRIA,MARSHALLING YARDS,"""RR INSTALLATIONS,  TRACKS,  MARSHALLING YARDS,  AND STATIONS""",47.27,11.38,B24,3.0,2.0,,2.0,,,2.0,F.F.F.
107021,178441.0,1944-11-25,15,AUSTRIA,MARSHALLING YARDS,"""RR INSTALLATIONS,  TRACKS,  MARSHALLING YARDS,  AND STATIONS""",47.27,11.38,B24,3.0,2.0,200.0,3.0,,,3.0,F.F.F.
107027,178442.0,1944-11-25,15,AUSTRIA,MARSHALLING YARDS,"""RR INSTALLATIONS,  TRACKS,  MARSHALLING YARDS,  AND STATIONS""",47.27,11.38,B24,3.0,,,1.0,,,1.0,NOT INDICATED
107028,178443.0,1944-11-25,15,AUSTRIA,MARSHALLING YARDS,"""RR INSTALLATIONS,  TRACKS,  MARSHALLING YARDS,  AND STATIONS""",47.27,11.38,B24,3.0,2.0,,3.0,,,3.0,F.F.F.
107034,178444.0,1944-11-25,12,AUSTRIA,RR,"""RR INSTALLATIONS,  TRACKS,  MARSHALLING YARDS,  AND STATIONS""",46.63,14.3,B17,3.0,,,1.0,,,1.0,NOT INDICATED
107035,178445.0,1944-11-25,12,AUSTRIA,RR,"""RR INSTALLATIONS,  TRACKS,  MARSHALLING YARDS,  AND STATIONS""",46.63,14.3,B17,3.0,1.0,,3.0,,,3.0,F.F.F.
107036,178446.0,1944-11-25,12,AUSTRIA,RR,"""RR INSTALLATIONS,  TRACKS,  MARSHALLING YARDS,  AND STATIONS""",46.63,14.3,B17,3.0,,,1.0,,,1.0,NOT INDICATED
107033,178447.0,1944-11-25,12,AUSTRIA,RR,"""RR INSTALLATIONS,  TRACKS,  MARSHALLING YARDS,  AND STATIONS""",46.63,14.3,B17,3.0,1.0,230.0,3.0,,,3.0,F.F.F.
107037,178448.0,1944-11-25,12,AUSTRIA,RR,"""RR INSTALLATIONS,  TRACKS,  MARSHALLING YARDS,  AND STATIONS""",46.63,14.3,B17,2.0,,,1.0,,,1.0,NOT INDICATED
107038,178449.0,1944-11-25,12,AUSTRIA,RR,"""RR INSTALLATIONS,  TRACKS,  MARSHALLING YARDS,  AND STATIONS""",46.63,14.3,B17,2.0,1.0,,3.0,,,3.0,NOT INDICATED
107070,178450.0,1944-11-25,9,GERMANY,MARSHALLING YARD,"""RR INSTALLATIONS,  TRACKS,  MARSHALLING YARDS,  AND STATIONS""",49.97,7.9,B24,,,,,,,,NOT INDICATED
107047,178451.0,1944-11-25,9,GERMANY,MARSHALLING YARD,"""RR INSTALLATIONS,  TRACKS,  MARSHALLING YARDS,  AND STATIONS""",49.97,7.9,B24,4.0,3.0,237.0,5.0,,,5.0,F.F.F.
107071,178452.0,1944-11-25,9,GERMANY,MARSHALLING YARD,"""RR INSTALLATIONS,  TRACKS,  MARSHALLING YARDS,  AND STATIONS""",49.97,7.9,B24,4.0,10.0,,27.0,,,27.0,NOT INDICATED
107072,178453.0,1944-11-25,9,GERMANY,MARSHALLING YARD,"""RR INSTALLATIONS,  TRACKS,  MARSHALLING YARDS,  AND STATIONS""",49.97,7.9,B24,4.0,10.0,,30.0,,,30.0,NOT INDICATED
107048,178454.0,1944-11-25,9,GERMANY,MARSHALLING YARD,"""RR INSTALLATIONS,  TRACKS,  MARSHALLING YARDS,  AND STATIONS""",49.97,7.9,B24,4.0,2.0,235.0,3.0,1.0,,4.0,F.F.F.
107073,178455.0,1944-11-25,9,GERMANY,MARSHALLING YARD,"""RR INSTALLATIONS,  TRACKS,  MARSHALLING YARDS,  AND STATIONS""",49.97,7.9,B24,4.0,11.0,,25.0,6.0,,31.0,NOT INDICATED
107074,178456.0,1944-11-25,9,GERMANY,MARSHALLING YARD,"""RR INSTALLATIONS,  TRACKS,  MARSHALLING YARDS,  AND STATIONS""",49.97,7.9,B24,4.0,10.0,,23.0,5.0,,28.0,NOT INDICATED
107075,178457.0,1944-11-25,9,GERMANY,MARSHALLING YARD,"""RR INSTALLATIONS,  TRACKS,  MARSHALLING YARDS,  AND STATIONS""",49.97,7.9,B24,4.0,3.0,,8.0,,,8.0,NOT INDICATED
107057,178458.0,1944-11-25,9,GERMANY,MARSHALLING YARD,"""RR INSTALLATIONS,  TRACKS,  MARSHALLING YARDS,  AND STATIONS""",49.97,7.9,B24,4.0,6.0,220.0,18.0,,,18.0,F.F.F.
107076,178459.0,1944-11-25,9,GERMANY,MARSHALLING YARD,"""RR INSTALLATIONS,  TRACKS,  MARSHALLING YARDS,  AND STATIONS""",49.97,7.9,B24,4.0,10.0,,30.0,,,30.0,NOT INDICATED
107058,178460.0,1944-11-25,9,GERMANY,MARSHALLING YARD,"""RR INSTALLATIONS,  TRACKS,  MARSHALLING YARDS,  AND STATIONS""",49.97,7.9,B24,4.0,10.0,210.0,28.0,,,28.0,F.F.F.
107055,178461.0,1944-11-25,9,GERMANY,MARSHALLING YARD,"""RR INSTALLATIONS,  TRACKS,  MARSHALLING YARDS,  AND STATIONS""",49.97,7.9,B24,4.0,10.0,223.0,30.0,,,30.0,F.F.F.
107077,178462.0,1944-11-25,9,GERMANY,MARSHALLING YARD,"""RR INSTALLATIONS,  TRACKS,  MARSHALLING YARDS,  AND STATIONS""",49.97,7.9,B24,4.0,9.0,,25.0,,,25.0,NOT INDICATED
107059,178463.0,1944-11-25,9,GERMANY,MARSHALLING YARD,"""RR INSTALLATIONS,  TRACKS,  MARSHALLING YARDS,  AND STATIONS""",49.97,7.9,B24,4.0,9.0,210.0,21.0,4.0,,25.0,F.F.F.
107078,178464.0,1944-11-25,9,GERMANY,MARSHALLING YARD,"""RR INSTALLATIONS,  TRACKS,  MARSHALLING YARDS,  AND STATIONS""",49.97,7.9,B24,4.0,10.0,,23.0,5.0,,28.0,NOT INDICATED
107079,178465.0,1944-11-25,9,GERMANY,MARSHALLING YARD,"""RR INSTALLATIONS,  TRACKS,  MARSHALLING YARDS,  AND STATIONS""",49.97,7.9,B24,4.0,8.0,,20.0,4.0,,24.0,NOT INDICATED
107080,178466.0,1944-11-25,9,GERMANY,MARSHALLING YARD,"""RR INSTALLATIONS,  TRACKS,  MARSHALLING YARDS,  AND STATIONS""",49.97,7.9,B24,4.0,9.0,,18.0,4.0,,22.0,NOT INDICATED
107052,178467.0,1944-11-25,9,GERMANY,MARSHALLING YARD,"""RR INSTALLATIONS,  TRACKS,  MARSHALLING YARDS,  AND STATIONS""",49.97,7.9,B24,4.0,8.0,230.0,18.0,4.0,,22.0,F.F.F.
107081,178468.0,1944-11-25,9,GERMANY,MARSHALLING YARD,"""RR INSTALLATIONS,  TRACKS,  MARSHALLING YARDS,  AND STATIONS""",49.97,7.9,B24,4.0,11.0,,25.0,6.0,,31.0,NOT INDICATED
107044,178469.0,1944-11-25,9,GERMANY,MARSHALLING YARD,"""RR INSTALLATIONS,  TRACKS,  MARSHALLING YARDS,  AND STATIONS""",49.97,7.9,B24,4.0,10.0,245.0,28.0,,,28.0,F.F.F.
107056,178470.0,1944-11-25,9,GERMANY,MARSHALLING YARD,"""RR INSTALLATIONS,  TRACKS,  MARSHALLING YARDS,  AND STATIONS""",49.97,7.9,B24,4.0,11.0,223.0,31.0,,,31.0,F.F.F.
107082,178471.0,1944-11-25,9,GERMANY,MARSHALLING YARD,"""RR INSTALLATIONS,  TRACKS,  MARSHALLING YARDS,  AND STATIONS""",49.97,7.9,B24,4.0,11.0,,31.0,,,31.0,NOT INDICATED
107050,178472.0,1944-11-25,9,GERMANY,MARSHALLING YARD,"""RR INSTALLATIONS,  TRACKS,  MARSHALLING YARDS,  AND STATIONS""",49.97,7.9,B24,4.0,8.0,234.0,19.0,4.0,,23.0,F.F.F.
107083,178473.0,1944-11-25,9,GERMANY,MARSHALLING YARD,"""RR INSTALLATIONS,  TRACKS,  MARSHALLING YARDS,  AND STATIONS""",49.97,7.9,B24,4.0,10.0,,24.0,5.0,,29.0,NOT INDICATED
107084,178474.0,1944-11-25,9,GERMANY,MARSHALLING YARD,"""RR INSTALLATIONS,  TRACKS,  MARSHALLING YARDS,  AND STATIONS""",49.97,7.9,B24,4.0,11.0,,22.0,5.0,,27.0,NOT INDICATED
107060,178475.0,1944-11-25,9,GERMANY,MARSHALLING YARD,"""RR INSTALLATIONS,  TRACKS,  MARSHALLING YARDS,  AND STATIONS""",49.97,7.9,B24,4.0,7.0,210.0,17.0,3.0,,20.0,F.F.F.
107085,178476.0,1944-11-25,9,GERMANY,MARSHALLING YARD,"""RR INSTALLATIONS,  TRACKS,  MARSHALLING YARDS,  AND STATIONS""",49.97,7.9,B24,4.0,9.0,,22.0,5.0,,27.0,NOT INDICATED
107086,178477.0,1944-11-25,9,GERMANY,MARSHALLING YARD,"""RR INSTALLATIONS,  TRACKS,  MARSHALLING YARDS,  AND STATIONS""",49.97,7.9,B24,0.0,,,,,,,NOT INDICATED
107087,178478.0,1944-11-25,9,GERMANY,MARSHALLING YARD,"""RR INSTALLATIONS,  TRACKS,  MARSHALLING YARDS,  AND STATIONS""",49.97,7.9,B24,4.0,10.0,,23.0,5.0,,28.0,NOT INDICATED
107042,178479.0,1944-11-25,9,GERMANY,MARSHALLING YARD,"""RR INSTALLATIONS,  TRACKS,  MARSHALLING YARDS,  AND STATIONS""",49.97,7.9,B24,4.0,7.0,256.0,17.0,,,17.0,F.F.F.
107088,178480.0,1944-11-25,9,GERMANY,MARSHALLING YARD,"""RR INSTALLATIONS,  TRACKS,  MARSHALLING YARDS,  AND STATIONS""",49.97,7.9,B24,4.0,9.0,,27.0,,,27.0,NOT INDICATED
107089,178481.0,1944-11-25,9,GERMANY,MARSHALLING YARD,"""RR INSTALLATIONS,  TRACKS,  MARSHALLING YARDS,  AND STATIONS""",50.35,7.6,B17,2.0,1.0,,3.0,,,3.0,NOT INDICATED
107092,178482.0,1944-11-25,9,GERMANY,MARSHALLING YARD,"""RR INSTALLATIONS,  TRACKS,  MARSHALLING YARDS,  AND STATIONS""",48.13,11.58,B24,4.0,,,1.0,,,1.0,NOT INDICATED
107043,178483.0,1944-11-25,9,GERMANY,MARSHALLING YARD,"""RR INSTALLATIONS,  TRACKS,  MARSHALLING YARDS,  AND STATIONS""",48.13,11.58,B24,4.0,1.0,253.0,1.0,,,1.0,F.F.F.
107093,178484.0,1944-11-25,9,GERMANY,MARSHALLING YARD,"""RR INSTALLATIONS,  TRACKS,  MARSHALLING YARDS,  AND STATIONS""",48.13,11.58,B24,4.0,,,1.0,,,1.0,NOT INDICATED
107046,178485.0,1944-11-25,9,GERMANY,MARSHALLING YARD,"""RR INSTALLATIONS,  TRACKS,  MARSHALLING YARDS,  AND STATIONS""",48.13,11.58,B24,4.0,1.0,244.0,1.0,,,1.0,F.F.F.
107054,178486.0,1944-11-25,9,GERMANY,MARSHALLING YARD,"""RR INSTALLATIONS,  TRACKS,  MARSHALLING YARDS,  AND STATIONS""",48.13,11.58,B24,4.0,1.0,224.0,2.0,,,2.0,F.F.F.
107094,178487.0,1944-11-25,9,GERMANY,MARSHALLING YARD,"""RR INSTALLATIONS,  TRACKS,  MARSHALLING YARDS,  AND STATIONS""",48.13,11.58,B24,4.0,,,1.0,,,1.0,NOT INDICATED
107045,178488.0,1944-11-25,9,GERMANY,MARSHALLING YARD,"""RR INSTALLATIONS,  TRACKS,  MARSHALLING YARDS,  AND STATIONS""",48.13,11.58,B24,4.0,2.0,245.0,2.0,,,2.0,F.F.F.
107095,178489.0,1944-11-25,9,GERMANY,MARSHALLING YARD,"""RR INSTALLATIONS,  TRACKS,  MARSHALLING YARDS,  AND STATIONS""",48.13,11.58,B24,4.0,,,1.0,,,1.0,NOT INDICATED
107051,178490.0,1944-11-25,9,GERMANY,MARSHALLING YARD,"""RR INSTALLATIONS,  TRACKS,  MARSHALLING YARDS,  AND STATIONS""",48.13,11.58,B24,4.0,1.0,234.0,2.0,,,2.0,F.F.F.
107096,178491.0,1944-11-25,9,GERMANY,MARSHALLING YARD,"""RR INSTALLATIONS,  TRACKS,  MARSHALLING YARDS,  AND STATIONS""",48.13,11.58,B24,4.0,,,1.0,,,1.0,NOT INDICATED
107049,178492.0,1944-11-25,9,GERMANY,MARSHALLING YARD,"""RR INSTALLATIONS,  TRACKS,  MARSHALLING YARDS,  AND STATIONS""",48.13,11.58,B24,4.0,1.0,235.0,2.0,,,2.0,F.F.F.
107301,178493.0,1944-11-25,9,GERMANY,MARSHALLING YARD,"""RR INSTALLATIONS,  TRACKS,  MARSHALLING YARDS,  AND STATIONS""",48.13,11.58,B24,4.0,,,1.0,,,1.0,NOT INDICATED
107039,178494.0,1944-11-25,9,GERMANY,MARSHALLING YARD,"""RR INSTALLATIONS,  TRACKS,  MARSHALLING YARDS,  AND STATIONS""",48.13,11.58,B24,4.0,1.0,315.0,1.0,,,1.0,F.F.F.
107302,178495.0,1944-11-25,9,GERMANY,MARSHALLING YARD,"""RR INSTALLATIONS,  TRACKS,  MARSHALLING YARDS,  AND STATIONS""",48.13,11.58,B24,4.0,,,1.0,,,1.0,NOT INDICATED
107053,178496.0,1944-11-25,9,GERMANY,MARSHALLING YARD,"""RR INSTALLATIONS,  TRACKS,  MARSHALLING YARDS,  AND STATIONS""",48.13,11.58,B24,4.0,1.0,230.0,2.0,,,2.0,F.F.F.
107063,214795.0,1944-11-25,9,GERMANY,TRAINING CENTRE,TACTICAL TARGETS: (UNIDENTIFIED OR NOT LISTED BELOW),48.68,12.68,B26,,,135.0,53.0,,,53.0,NOT INDICATED
107069,214797.0,1944-11-25,9,GERMANY,ORDNANCE DEPOT,SUPPLY DUMPS AND WAREHOUSES,48.68,12.68,A20,,,13.0,27.0,,,27.0,NOT INDICATED
107064,214798.0,1944-11-25,9,GERMANY,ORDNANCE DEPOT,SUPPLY DUMPS AND WAREHOUSES,48.68,12.68,A20,,,135.0,44.0,,,44.0,VISUAL
107065,214800.0,1944-11-25,9,GERMANY,TRAINING CENTRE,TACTICAL TARGETS: (UNIDENTIFIED OR NOT LISTED BELOW),48.68,12.68,B26,,,135.0,53.0,,,53.0,NOT INDICATED
107068,214801.0,1944-11-25,9,GERMANY,ORDNANCE DEPOT,SUPPLY DUMPS AND WAREHOUSES,48.68,12.68,A20,,,130.0,27.0,,,27.0,NOT INDICATED
107066,214802.0,1944-11-25,9,GERMANY,ORDNANCE DEPOT,SUPPLY DUMPS AND WAREHOUSES,48.68,12.68,A20,,,135.0,44.0,,,44.0,VISUAL
108148,113426.0,1944-11-26,8,AUSTRIA,UNIDENTIFIED TARGET,UNIDENTIFIED TARGETS,47.65,15.58,B26,,,130.0,1.0,,,1.0,VISUAL
108146,113455.0,1944-11-26,9,GERMANY,SUPPLY DEPOT,SUPPLY DUMPS AND WAREHOUSES,49.1,7.98,B26,,,130.0,54.0,,,54.0,VISUAL
108140,113456.0,1944-11-26,9,GERMANY,SUPPLY DEPOT,SUPPLY DUMPS AND WAREHOUSES,49.1,7.98,B26,,,132.0,54.0,,,54.0,VISUAL
108150,113457.0,1944-11-26,8,GERMANY,SUPPLY DEPOT,SUPPLY DUMPS AND WAREHOUSES,49.1,7.98,B26,,,128.0,46.0,,,46.0,VISUAL
108138,113459.0,1944-11-26,9,GERMANY,ORD DEPOT,SUPPLY DUMPS AND WAREHOUSES,50.6,8.68,B26,,,140.0,61.0,,,61.0,VISUAL
108155,113462.0,1944-11-26,8,GERMANY,CITY AREA,CITIES TOWNS AND URBAN AREAS,52.22,8.8,B17,2.0,1.0,,3.0,,,3.0,NOT INDICATED
108149,178507.0,1944-11-26,8,AUSTRIA,UNIDENTIFIED TARGET,UNIDENTIFIED TARGETS,47.65,15.58,B26,,,130.0,1.0,,,1.0,VISUAL
108156,178508.0,1944-11-26,8,GERMANY,CITY AREA,CITIES TOWNS AND URBAN AREAS,52.22,8.8,B17,2.0,1.0,,3.0,,,3.0,NOT INDICATED
108157,178511.0,1944-11-26,8,GERMANY,CITY AREA,CITIES TOWNS AND URBAN AREAS,52.22,8.8,B17,2.0,1.0,,3.0,,,3.0,NOT INDICATED
108154,214803.0,1944-11-26,8,GERMANY,SUPPLY DEPOT,SUPPLY DUMPS AND WAREHOUSES,49.1,7.98,B26,,,13.0,54.0,,,54.0,VISUAL
108141,214804.0,1944-11-26,9,GERMANY,SUPPLY DEPOT,SUPPLY DUMPS AND WAREHOUSES,49.1,7.98,B26,,,132.0,54.0,,,54.0,VISUAL
108151,214805.0,1944-11-26,8,GERMANY,SUPPLY DEPOT,SUPPLY DUMPS AND WAREHOUSES,49.1,7.98,B26,,,128.0,46.0,,,46.0,VISUAL
108153,214807.0,1944-11-26,8,GERMANY,ORD DEPOT,SUPPLY DUMPS AND WAREHOUSES,50.6,8.68,B26,,,14.0,61.0,,,61.0,VISUAL
108147,214808.0,1944-11-26,9,GERMANY,SUPPLY DEPOT,SUPPLY DUMPS AND WAREHOUSES,49.1,7.98,B26,,,130.0,54.0,,,54.0,VISUAL
108142,214809.0,1944-11-26,9,GERMANY,SUPPLY DEPOT,SUPPLY DUMPS AND WAREHOUSES,49.1,7.98,B26,,,132.0,54.0,,,54.0,VISUAL
108152,214810.0,1944-11-26,8,GERMANY,SUPPLY DEPOT,SUPPLY DUMPS AND WAREHOUSES,49.1,7.98,B26,,,128.0,46.0,,,46.0,VISUAL
108139,214812.0,1944-11-26,9,GERMANY,ORD DEPOT,SUPPLY DUMPS AND WAREHOUSES,50.6,8.68,B26,,,140.0,61.0,,,61.0,VISUAL
109436,113468.0,1944-11-27,8,GERMANY,UNIDENTIFIED TARGET,UNIDENTIFIED TARGETS,50.33,8.75,B17,2.0,1.0,,3.0,1.0,,4.0,NOT INDICATED
109437,178632.0,1944-11-27,8,GERMANY,UNIDENTIFIED TARGET,UNIDENTIFIED TARGETS,50.33,8.75,B17,2.0,1.0,,3.0,1.0,,4.0,NOT INDICATED
109438,178636.0,1944-11-27,8,GERMANY,UNIDENTIFIED TARGET,UNIDENTIFIED TARGETS,50.33,8.75,B17,2.0,1.0,,3.0,1.0,,4.0,NOT INDICATED
109425,178640.0,1944-11-27,8,GERMANY,MARSHALLING YARD,"""RR INSTALLATIONS,  TRACKS,  MARSHALLING YARDS,  AND STATIONS""",49.97,7.9,B17,4.0,11.0,260.0,18.0,4.0,,22.0,MICRO H
109430,178641.0,1944-11-27,8,GERMANY,MARSHALLING YARD,"""RR INSTALLATIONS,  TRACKS,  MARSHALLING YARDS,  AND STATIONS""",49.97,7.9,B17,4.0,13.0,255.0,22.0,6.0,,28.0,MICRO H
109426,178642.0,1944-11-27,8,GERMANY,MARSHALLING YARD,"""RR INSTALLATIONS,  TRACKS,  MARSHALLING YARDS,  AND STATIONS""",49.97,7.9,B17,4.0,11.0,260.0,17.0,5.0,,22.0,MICRO H
109424,178643.0,1944-11-27,8,GERMANY,MARSHALLING YARD,"""RR INSTALLATIONS,  TRACKS,  MARSHALLING YARDS,  AND STATIONS""",49.97,7.9,B17,4.0,11.0,261.0,16.0,5.0,,21.0,MICRO H
109422,178644.0,1944-11-27,8,GERMANY,MARSHALLING YARD,"""RR INSTALLATIONS,  TRACKS,  MARSHALLING YARDS,  AND STATIONS""",49.97,7.9,B17,4.0,13.0,266.0,22.0,6.0,,28.0,MICRO H
109431,178645.0,1944-11-27,8,GERMANY,MARSHALLING YARD,"""RR INSTALLATIONS,  TRACKS,  MARSHALLING YARDS,  AND STATIONS""",49.97,7.9,B17,4.0,10.0,255.0,13.0,3.0,,16.0,MICRO H
109428,178646.0,1944-11-27,8,GERMANY,MARSHALLING YARD,"""RR INSTALLATIONS,  TRACKS,  MARSHALLING YARDS,  AND STATIONS""",49.97,7.9,B17,4.0,9.0,258.0,14.0,4.0,,18.0,MICRO H
109432,178647.0,1944-11-27,8,GERMANY,MARSHALLING YARD,"""RR INSTALLATIONS,  TRACKS,  MARSHALLING YARDS,  AND STATIONS""",49.97,7.9,B17,4.0,4.0,255.0,7.0,2.0,,9.0,MICRO H
109427,178648.0,1944-11-27,8,GERMANY,MARSHALLING YARD,"""RR INSTALLATIONS,  TRACKS,  MARSHALLING YARDS,  AND STATIONS""",49.97,7.9,B17,4.0,11.0,259.0,18.0,5.0,,23.0,MICRO H
109423,178649.0,1944-11-27,8,GERMANY,MARSHALLING YARD,"""RR INSTALLATIONS,  TRACKS,  MARSHALLING YARDS,  AND STATIONS""",49.97,7.9,B17,4.0,11.0,264.0,19.0,6.0,,25.0,MICRO H
109435,178650.0,1944-11-27,8,GERMANY,MARSHALLING YARD,"""RR INSTALLATIONS,  TRACKS,  MARSHALLING YARDS,  AND STATIONS""",49.97,7.9,B17,4.0,12.0,245.0,20.0,6.0,,26.0,MICRO H
109429,178651.0,1944-11-27,8,GERMANY,MARSHALLING YARD,"""RR INSTALLATIONS,  TRACKS,  MARSHALLING YARDS,  AND STATIONS""",49.97,7.9,B17,4.0,11.0,256.0,16.0,5.0,,21.0,MICRO H
109433,178652.0,1944-11-27,8,GERMANY,MARSHALLING YARD,"""RR INSTALLATIONS,  TRACKS,  MARSHALLING YARDS,  AND STATIONS""",49.97,7.9,B17,4.0,12.0,248.0,18.0,5.0,,23.0,MICRO H
109434,178653.0,1944-11-27,8,GERMANY,MARSHALLING YARD,"""RR INSTALLATIONS,  TRACKS,  MARSHALLING YARDS,  AND STATIONS""",49.97,7.9,B17,4.0,12.0,246.0,17.0,5.0,,22.0,MICRO H
109898,113476.0,1944-11-28,8,GERMANY,AMMO DUMP,SUPPLY DUMPS AND WAREHOUSES,50.32,9.5,B26,,,100.0,60.0,,,60.0,VISUAL
110201,214827.0,1944-11-28,8,GERMANY,AMMO DUMP,SUPPLY DUMPS AND WAREHOUSES,50.32,9.5,B26,,,10.0,60.0,,,60.0,VISUAL
109899,214828.0,1944-11-28,8,GERMANY,AMMO DUMP,SUPPLY DUMPS AND WAREHOUSES,50.32,9.5,B26,,,100.0,60.0,,,60.0,VISUAL
110616,113524.0,1944-11-29,8,GERMANY,ORDNANCE DEPOT,SUPPLY DUMPS AND WAREHOUSES,48.68,12.68,A20,,,127.0,45.0,,,45.0,VISUAL
110617,214847.0,1944-11-29,8,GERMANY,ORDNANCE DEPOT,SUPPLY DUMPS AND WAREHOUSES,48.68,12.68,A20,,,127.0,45.0,,,45.0,VISUAL
110618,214848.0,1944-11-29,8,GERMANY,ORDNANCE DEPOT,SUPPLY DUMPS AND WAREHOUSES,48.68,12.68,A20,,,127.0,45.0,,,45.0,VISUAL
111840,113535.0,1944-11-30,15,AUSTRIA,H GOERING BENZOL PLANT,OIL REFINERIES,48.3,14.3,B17,4.0,,,2.0,,,2.0,NOT INDICATED
111827,113536.0,1944-11-30,15,AUSTRIA,H GOERING BENZOL PLANT,OIL REFINERIES,48.3,14.3,B17,4.0,4.0,250.0,8.0,,,8.0,F.F.F.
111841,113537.0,1944-11-30,15,AUSTRIA,H GOERING BENZOL PLANT,OIL REFINERIES,48.3,14.3,B17,4.0,,,2.0,,,2.0,NOT INDICATED
111821,113538.0,1944-11-30,15,AUSTRIA,H GOERING BENZOL PLANT,OIL REFINERIES,48.3,14.3,B17,4.0,4.0,258.0,12.0,,,12.0,F.F.F.
111842,113539.0,1944-11-30,15,AUSTRIA,H GOERING BENZOL PLANT,OIL REFINERIES,48.3,14.3,B17,4.0,,,1.0,,,1.0,NOT INDICATED
111828,113540.0,1944-11-30,15,AUSTRIA,H GOERING BENZOL PLANT,OIL REFINERIES,48.3,14.3,B17,4.0,1.0,250.0,3.0,,,3.0,F.F.F.
111843,113541.0,1944-11-30,15,AUSTRIA,H GOERING BENZOL PLANT,OIL REFINERIES,48.3,14.3,B17,4.0,,,2.0,,,2.0,NOT INDICATED
111836,113542.0,1944-11-30,15,AUSTRIA,H GOERING BENZOL PLANT,OIL REFINERIES,48.3,14.3,B17,4.0,3.0,210.0,5.0,,,5.0,F.F.F.
111844,113543.0,1944-11-30,15,AUSTRIA,H GOERING BENZOL PLANT,OIL REFINERIES,48.3,14.3,B17,4.0,,,1.0,,,1.0,NOT INDICATED
111819,113544.0,1944-11-30,15,AUSTRIA,H GOERING BENZOL PLANT,OIL REFINERIES,48.3,14.3,B17,4.0,2.0,267.0,4.0,,,4.0,F.F.F.
111845,113545.0,1944-11-30,15,AUSTRIA,H GOERING BENZOL PLANT,OIL REFINERIES,48.3,14.3,B17,4.0,,,2.0,,,2.0,NOT INDICATED
111829,113546.0,1944-11-30,15,AUSTRIA,H GOERING BENZOL PLANT,OIL REFINERIES,48.3,14.3,B17,4.0,4.0,250.0,10.0,,,10.0,F.F.F.
111881,113553.0,1944-11-30,8,GERMANY,WINTERSHALL SYN OIL,OIL REFINERIES,51.3,11.85,B17,4.0,12.0,260.0,29.0,,,29.0,VISUAL
111879,113554.0,1944-11-30,8,GERMANY,WINTERSHALL SYN OIL,OIL REFINERIES,51.3,11.85,B17,4.0,10.0,262.0,25.0,,,25.0,VISUAL
111883,113555.0,1944-11-30,8,GERMANY,WINTERSHALL SYN OIL,OIL REFINERIES,51.3,11.85,B17,4.0,13.0,255.0,32.0,,,32.0,VISUAL
111870,113556.0,1944-11-30,8,GERMANY,WINTERSHALL SYN OIL,OIL REFINERIES,51.3,11.85,B17,4.0,12.0,270.0,30.0,,,30.0,VISUAL
111860,113557.0,1944-11-30,8,GERMANY,WINTERSHALL SYN OIL,OIL REFINERIES,51.3,11.85,B17,4.0,11.0,280.0,25.0,,,25.0,VISUAL
111862,113558.0,1944-11-30,8,GERMANY,WINTERSHALL SYN OIL,OIL REFINERIES,51.3,11.85,B17,4.0,9.0,277.0,22.0,,,22.0,VISUAL
111868,113559.0,1944-11-30,8,GERMANY,WINTERSHALL SYN OIL,OIL REFINERIES,51.3,11.85,B17,4.0,11.0,273.0,28.0,,,28.0,VISUAL
111871,113560.0,1944-11-30,8,GERMANY,WINTERSHALL SYN OIL,OIL REFINERIES,51.3,11.85,B17,4.0,10.0,270.0,25.0,,,25.0,VISUAL
111864,113561.0,1944-11-30,8,GERMANY,WINTERSHALL SYN OIL,OIL REFINERIES,51.3,11.85,B17,4.0,13.0,275.0,32.0,,,32.0,VISUAL
111875,113562.0,1944-11-30,8,GERMANY,WINTERSHALL SYN OIL,OIL REFINERIES,51.3,11.85,B17,4.0,12.0,265.0,30.0,,,30.0,VISUAL
111865,113563.0,1944-11-30,8,GERMANY,WINTERSHALL SYN OIL,OIL REFINERIES,51.3,11.85,B17,4.0,10.0,275.0,25.0,,,25.0,VISUAL
111858,113564.0,1944-11-30,8,GERMANY,WINTERSHALL SYN OIL,OIL REFINERIES,51.3,11.85,B17,4.0,12.0,281.0,30.0,,,30.0,VISUAL
111876,113565.0,1944-11-30,8,GERMANY,WINTERSHALL SYN OIL,OIL REFINERIES,51.3,11.85,B17,4.0,13.0,265.0,33.0,,,33.0,VISUAL
112205,113566.0,1944-11-30,8,GERMANY,MOTOR TRANSPORT,HIGHWAYS AND VEHICLES,50.58,6.48,B26,,,125.0,56.0,,,56.0,VISUAL
111823,113568.0,1944-11-30,15,AUSTRIA,CITY AREA,CITIES TOWNS AND URBAN AREAS,47.92,13.8,B17,2.0,1.0,250.0,5.0,,,5.0,F.F.F.
112216,113623.0,1944-11-30,8,GERMANY,ORD DEPOT,SUPPLY DUMPS AND WAREHOUSES,50.72,15.35,B17,2.0,5.0,,12.0,,,12.0,NOT INDICATED
111887,113624.0,1944-11-30,8,GERMANY,ORD DEPOT,SUPPLY DUMPS AND WAREHOUSES,50.72,15.35,B17,1.0,12.0,248.0,30.0,,,30.0,VISUAL
111824,113631.0,1944-11-30,15,AUSTRIA,CITY AREA,CITIES TOWNS AND URBAN AREAS,47.92,13.8,B17,2.0,1.0,250.0,5.0,,,5.0,F.F.F.
111852,113632.0,1944-11-30,12,AUSTRIA,CITY AREA,CITIES TOWNS AND URBAN AREAS,46.63,14.3,B17,2.0,,,1.0,,,1.0,NOT INDICATED
111853,113633.0,1944-11-30,12,AUSTRIA,CITY AREA,CITIES TOWNS AND URBAN AREAS,46.63,14.3,B17,2.0,1.0,,2.0,,,2.0,F.F.F.
112208,113637.0,1944-11-30,8,GERMANY,UNIDENTIFIED TARGET,UNIDENTIFIED TARGETS,50.33,8.75,B17,2.0,3.0,,8.0,,,8.0,NOT INDICATED
111892,113638.0,1944-11-30,8,GERMANY,UNIDENTIFIED TARGET,UNIDENTIFIED TARGETS,50.95,10.72,B17,2.0,7.0,241.0,17.0,,,17.0,VISUAL
112209,178824.0,1944-11-30,8,GERMANY,UNIDENTIFIED TARGET,UNIDENTIFIED TARGETS,50.33,8.75,B17,2.0,3.0,,8.0,,,8.0,NOT INDICATED
111893,178825.0,1944-11-30,8,GERMANY,UNIDENTIFIED TARGET,UNIDENTIFIED TARGETS,50.95,10.72,B17,2.0,7.0,241.0,17.0,,,17.0,VISUAL
111825,178852.0,1944-11-30,15,AUSTRIA,CITY AREA,CITIES TOWNS AND URBAN AREAS,47.92,13.8,B17,2.0,1.0,250.0,5.0,,,5.0,F.F.F.
111854,178853.0,1944-11-30,12,AUSTRIA,CITY AREA,CITIES TOWNS AND URBAN AREAS,46.63,14.3,B17,2.0,,,1.0,,,1.0,NOT INDICATED
111855,178854.0,1944-11-30,12,AUSTRIA,CITY AREA,CITIES TOWNS AND URBAN AREAS,46.63,14.3,B17,2.0,1.0,,2.0,,,2.0,F.F.F.
111826,178870.0,1944-11-30,15,AUSTRIA,CITY AREA,CITIES TOWNS AND URBAN AREAS,47.92,13.8,B17,2.0,1.0,250.0,5.0,,,5.0,F.F.F.
111856,178871.0,1944-11-30,12,AUSTRIA,CITY AREA,CITIES TOWNS AND URBAN AREAS,46.63,14.3,B17,2.0,,,1.0,,,1.0,NOT INDICATED
111857,178872.0,1944-11-30,12,AUSTRIA,CITY AREA,CITIES TOWNS AND URBAN AREAS,46.63,14.3,B17,2.0,1.0,,2.0,,,2.0,F.F.F.
112210,178878.0,1944-11-30,8,GERMANY,UNIDENTIFIED TARGET,UNIDENTIFIED TARGETS,50.33,8.75,B17,2.0,3.0,,8.0,,,8.0,NOT INDICATED
111894,178879.0,1944-11-30,8,GERMANY,UNIDENTIFIED TARGET,UNIDENTIFIED TARGETS,50.95,10.72,B17,2.0,7.0,241.0,17.0,,,17.0,VISUAL
111846,178910.0,1944-11-30,15,AUSTRIA,H GOERING BENZOL PLANT,OIL REFINERIES,48.3,14.3,B17,4.0,,,2.0,,,2.0,NOT INDICATED
111830,178911.0,1944-11-30,15,AUSTRIA,H GOERING BENZOL PLANT,OIL REFINERIES,48.3,14.3,B17,4.0,4.0,250.0,8.0,,,8.0,F.F.F.
111847,178912.0,1944-11-30,15,AUSTRIA,H GOERING BENZOL PLANT,OIL REFINERIES,48.3,14.3,B17,4.0,,,2.0,,,2.0,NOT INDICATED
111822,178913.0,1944-11-30,15,AUSTRIA,H GOERING BENZOL PLANT,OIL REFINERIES,48.3,14.3,B17,4.0,4.0,258.0,12.0,,,12.0,F.F.F.
111848,178914.0,1944-11-30,15,AUSTRIA,H GOERING BENZOL PLANT,OIL REFINERIES,48.3,14.3,B17,4.0,,,1.0,,,1.0,NOT INDICATED
111831,178915.0,1944-11-30,15,AUSTRIA,H GOERING BENZOL PLANT,OIL REFINERIES,48.3,14.3,B17,4.0,1.0,250.0,3.0,,,3.0,F.F.F.
111849,178916.0,1944-11-30,15,AUSTRIA,H GOERING BENZOL PLANT,OIL REFINERIES,48.3,14.3,B17,4.0,,,2.0,,,2.0,NOT INDICATED
111837,178917.0,1944-11-30,15,AUSTRIA,H GOERING BENZOL PLANT,OIL REFINERIES,48.3,14.3,B17,4.0,3.0,210.0,5.0,,,5.0,F.F.F.
111850,178918.0,1944-11-30,15,AUSTRIA,H GOERING BENZOL PLANT,OIL REFINERIES,48.3,14.3,B17,4.0,,,1.0,,,1.0,NOT INDICATED
111820,178919.0,1944-11-30,15,AUSTRIA,H GOERING BENZOL PLANT,OIL REFINERIES,48.3,14.3,B17,4.0,2.0,267.0,4.0,,,4.0,F.F.F.
111851,178920.0,1944-11-30,15,AUSTRIA,H GOERING BENZOL PLANT,OIL REFINERIES,48.3,14.3,B17,4.0,,,2.0,,,2.0,NOT INDICATED
111832,178921.0,1944-11-30,15,AUSTRIA,H GOERING BENZOL PLANT,OIL REFINERIES,48.3,14.3,B17,4.0,4.0,250.0,10.0,,,10.0,F.F.F.
111882,178928.0,1944-11-30,8,GERMANY,WINTERSHALL SYN OIL,OIL REFINERIES,51.3,11.85,B17,4.0,12.0,260.0,29.0,,,29.0,VISUAL
111880,178929.0,1944-11-30,8,GERMANY,WINTERSHALL SYN OIL,OIL REFINERIES,51.3,11.85,B17,4.0,10.0,262.0,25.0,,,25.0,VISUAL
111884,178930.0,1944-11-30,8,GERMANY,WINTERSHALL SYN OIL,OIL REFINERIES,51.3,11.85,B17,4.0,13.0,255.0,32.0,,,32.0,VISUAL
111872,178931.0,1944-11-30,8,GERMANY,WINTERSHALL SYN OIL,OIL REFINERIES,51.3,11.85,B17,4.0,12.0,270.0,30.0,,,30.0,VISUAL
111861,178932.0,1944-11-30,8,GERMANY,WINTERSHALL SYN OIL,OIL REFINERIES,51.3,11.85,B17,4.0,11.0,280.0,25.0,,,25.0,VISUAL
111863,178933.0,1944-11-30,8,GERMANY,WINTERSHALL SYN OIL,OIL REFINERIES,51.3,11.85,B17,4.0,9.0,277.0,22.0,,,22.0,VISUAL
111869,178934.0,1944-11-30,8,GERMANY,WINTERSHALL SYN OIL,OIL REFINERIES,51.3,11.85,B17,4.0,11.0,273.0,28.0,,,28.0,VISUAL
111873,178935.0,1944-11-30,8,GERMANY,WINTERSHALL SYN OIL,OIL REFINERIES,51.3,11.85,B17,4.0,10.0,270.0,25.0,,,25.0,VISUAL
111866,178936.0,1944-11-30,8,GERMANY,WINTERSHALL SYN OIL,OIL REFINERIES,51.3,11.85,B17,4.0,13.0,275.0,32.0,,,32.0,VISUAL
111877,178937.0,1944-11-30,8,GERMANY,WINTERSHALL SYN OIL,OIL REFINERIES,51.3,11.85,B17,4.0,12.0,265.0,30.0,,,30.0,VISUAL
111867,178938.0,1944-11-30,8,GERMANY,WINTERSHALL SYN OIL,OIL REFINERIES,51.3,11.85,B17,4.0,10.0,275.0,25.0,,,25.0,VISUAL
111859,178939.0,1944-11-30,8,GERMANY,WINTERSHALL SYN OIL,OIL REFINERIES,51.3,11.85,B17,4.0,12.0,281.0,30.0,,,30.0,VISUAL
111878,178940.0,1944-11-30,8,GERMANY,WINTERSHALL SYN OIL,OIL REFINERIES,51.3,11.85,B17,4.0,13.0,265.0,33.0,,,33.0,VISUAL
111838,178988.0,1944-11-30,15,AUSTRIA,MARSHALLING YARDS,"""RR INSTALLATIONS,  TRACKS,  MARSHALLING YARDS,  AND STATIONS""",47.27,11.38,B24,3.0,,,1.0,,,1.0,NOT INDICATED
111833,178989.0,1944-11-30,15,AUSTRIA,MARSHALLING YARDS,"""RR INSTALLATIONS,  TRACKS,  MARSHALLING YARDS,  AND STATIONS""",47.27,11.38,B24,3.0,2.0,245.0,3.0,,,3.0,F.F.F.
111839,178990.0,1944-11-30,15,AUSTRIA,MARSHALLING YARDS,"""RR INSTALLATIONS,  TRACKS,  MARSHALLING YARDS,  AND STATIONS""",47.27,11.38,B24,3.0,,,1.0,,,1.0,NOT INDICATED
111834,178991.0,1944-11-30,15,AUSTRIA,MARSHALLING YARDS,"""RR INSTALLATIONS,  TRACKS,  MARSHALLING YARDS,  AND STATIONS""",47.27,11.38,B24,3.0,1.0,245.0,2.0,,,2.0,NOT INDICATED
111835,178992.0,1944-11-30,15,AUSTRIA,MARSHALLING YARDS,"""RR INSTALLATIONS,  TRACKS,  MARSHALLING YARDS,  AND STATIONS""",47.27,11.38,B24,3.0,2.0,227.0,4.0,,,4.0,NOT INDICATED
112207,178994.0,1944-11-30,8,GERMANY,MARSHALLING YARD,"""RR INSTALLATIONS,  TRACKS,  MARSHALLING YARDS,  AND STATIONS""",50.35,7.6,B17,2.0,1.0,,2.0,,,2.0,NOT INDICATED
111874,178995.0,1944-11-30,8,GERMANY,MARSHALLING YARD,"""RR INSTALLATIONS,  TRACKS,  MARSHALLING YARDS,  AND STATIONS""",50.88,12.1,B17,2.0,12.0,265.0,30.0,,,30.0,F.F.F.
111897,178996.0,1944-11-30,8,GERMANY,MARSHALLING YARD,"""RR INSTALLATIONS,  TRACKS,  MARSHALLING YARDS,  AND STATIONS""",50.88,12.1,B17,2.0,9.0,219.0,23.0,,,23.0,F.F.F.
112211,179014.0,1944-11-30,8,GERMANY,MARSHALLING YARD,"""RR INSTALLATIONS,  TRACKS,  MARSHALLING YARDS,  AND STATIONS""",48.13,11.58,B24,4.0,,,2.0,,,2.0,NOT INDICATED
111886,179015.0,1944-11-30,8,GERMANY,MARSHALLING YARD,"""RR INSTALLATIONS,  TRACKS,  MARSHALLING YARDS,  AND STATIONS""",48.13,11.58,B24,4.0,1.0,250.0,1.0,,,1.0,F.F.F.
112212,179016.0,1944-11-30,8,GERMANY,MARSHALLING YARD,"""RR INSTALLATIONS,  TRACKS,  MARSHALLING YARDS,  AND STATIONS""",48.13,11.58,B24,4.0,,,1.0,,,1.0,NOT INDICATED
111895,179017.0,1944-11-30,8,GERMANY,MARSHALLING YARD,"""RR INSTALLATIONS,  TRACKS,  MARSHALLING YARDS,  AND STATIONS""",48.13,11.58,B24,4.0,1.0,235.0,2.0,,,2.0,NOT INDICATED
111896,179018.0,1944-11-30,8,GERMANY,MARSHALLING YARD,"""RR INSTALLATIONS,  TRACKS,  MARSHALLING YARDS,  AND STATIONS""",48.13,11.58,B24,4.0,1.0,234.0,2.0,,,2.0,F.F.F.
112213,179019.0,1944-11-30,8,GERMANY,MARSHALLING YARD,"""RR INSTALLATIONS,  TRACKS,  MARSHALLING YARDS,  AND STATIONS""",48.13,11.58,B24,4.0,,,1.0,,,1.0,NOT INDICATED
112214,179020.0,1944-11-30,8,GERMANY,MARSHALLING YARD,"""RR INSTALLATIONS,  TRACKS,  MARSHALLING YARDS,  AND STATIONS""",48.13,11.58,B24,4.0,,,1.0,,,1.0,NOT INDICATED
111885,179021.0,1944-11-30,8,GERMANY,MARSHALLING YARD,"""RR INSTALLATIONS,  TRACKS,  MARSHALLING YARDS,  AND STATIONS""",48.13,11.58,B24,4.0,1.0,255.0,2.0,,,2.0,NOT INDICATED
112206,214853.0,1944-11-30,8,GERMANY,MOTOR TRANSPORT,HIGHWAYS AND VEHICLES,50.58,6.48,B26,,,125.0,56.0,,,56.0,VISUAL
112217,214859.0,1944-11-30,8,GERMANY,ORD DEPOT,SUPPLY DUMPS AND WAREHOUSES,50.72,15.35,B17,2.0,5.0,,12.0,,,12.0,NOT INDICATED
111888,214860.0,1944-11-30,8,GERMANY,ORD DEPOT,SUPPLY DUMPS AND WAREHOUSES,50.72,15.35,B17,1.0,12.0,248.0,30.0,,,30.0,VISUAL
112218,214865.0,1944-11-30,8,GERMANY,ORD DEPOT,SUPPLY DUMPS AND WAREHOUSES,50.72,15.35,B17,2.0,5.0,,12.0,,,12.0,NOT INDICATED
111889,214866.0,1944-11-30,8,GERMANY,ORD DEPOT,SUPPLY DUMPS AND WAREHOUSES,50.72,15.35,B17,1.0,12.0,248.0,30.0,,,30.0,VISUAL
113475,113647.0,1944-12-01,8,GERMANY,RR BRIDGE,BRIDGES,48.03,7.62,B26,,,120.0,12.0,,,12.0,NOT INDICATED
113476,214870.0,1944-12-01,8,GERMANY,RR BRIDGE,BRIDGES,48.03,7.62,B26,,,120.0,12.0,,,12.0,NOT INDICATED
114234,113657.0,1944-12-02,15,AUSTRIA,OIL REFINERY,OIL REFINERIES,48.2,16.37,B24,3.0,,,20.0,,,20.0,NOT INDICATED
113900,113658.0,1944-12-02,15,AUSTRIA,OIL REFINERY,OIL REFINERIES,48.2,16.37,B24,3.0,40.0,215.0,58.0,,,58.0,F.F.F.
114235,113659.0,1944-12-02,15,AUSTRIA,OIL REFINERY,OIL REFINERIES,48.2,16.37,B24,3.0,,,7.0,,,7.0,NOT INDICATED
113884,113660.0,1944-12-02,15,AUSTRIA,OIL REFINERY,OIL REFINERIES,48.2,16.37,B24,3.0,15.0,250.0,22.0,,,22.0,F.F.F.
113898,113661.0,1944-12-02,15,AUSTRIA,OIL REFINERY,OIL REFINERIES,48.2,16.37,B24,3.0,31.0,220.0,58.0,,,58.0,F.F.F.
114236,113662.0,1944-12-02,15,AUSTRIA,OIL REFINERY,OIL REFINERIES,48.2,16.37,B24,3.0,10.0,,,20.0,,20.0,F.F.F.
114214,113670.0,1944-12-02,15,GERMANY,OIL REFINERY SYNTHETIC,SYNTHETIC OIL REFINERIES,50.33,18.3,B17,4.0,,,18.0,,,18.0,NOT INDICATED
113879,113671.0,1944-12-02,15,GERMANY,OIL REFINERY SYNTHETIC,SYNTHETIC OIL REFINERIES,50.33,18.3,B17,4.0,38.0,265.0,92.0,,,92.0,F.F.F.
114215,113672.0,1944-12-02,15,GERMANY,OIL REFINERY SYNTHETIC,SYNTHETIC OIL REFINERIES,50.33,18.3,B17,4.0,,,19.0,,,19.0,NOT INDICATED
113882,113673.0,1944-12-02,15,GERMANY,OIL REFINERY SYNTHETIC,SYNTHETIC OIL REFINERIES,50.33,18.3,B17,4.0,40.0,253.0,79.0,,,79.0,F.F.F.
114216,113674.0,1944-12-02,15,GERMANY,OIL REFINERY SYNTHETIC,SYNTHETIC OIL REFINERIES,50.33,18.3,B17,4.0,,,53.0,,,53.0,NOT INDICATED
113877,113675.0,1944-12-02,15,GERMANY,OIL REFINERY SYNTHETIC,SYNTHETIC OIL REFINERIES,50.33,18.3,B17,4.0,38.0,288.0,19.0,,,19.0,F.F.F.
114217,113676.0,1944-12-02,15,GERMANY,OIL REFINERY SYNTHETIC,SYNTHETIC OIL REFINERIES,50.33,18.3,B17,4.0,,,6.0,,,6.0,NOT INDICATED
114202,113677.0,1944-12-02,15,GERMANY,OIL REFINERY SYNTHETIC,SYNTHETIC OIL REFINERIES,50.33,18.3,B17,4.0,14.0,214.0,21.0,,,21.0,F.F.F.
114204,113678.0,1944-12-02,15,GERMANY,OIL REFINERY SYNTHETIC,SYNTHETIC OIL REFINERIES,50.33,18.3,B24,4.0,,,15.0,,,15.0,NOT INDICATED
113888,113679.0,1944-12-02,15,GERMANY,OIL REFINERY SYNTHETIC,SYNTHETIC OIL REFINERIES,50.33,18.3,B24,4.0,29.0,235.0,28.0,,,28.0,NOT INDICATED
114205,113680.0,1944-12-02,15,GERMANY,OIL REFINERY SYNTHETIC,SYNTHETIC OIL REFINERIES,50.33,18.3,B24,4.0,,,13.0,,,13.0,NOT INDICATED
113892,113681.0,1944-12-02,15,GERMANY,OIL REFINERY SYNTHETIC,SYNTHETIC OIL REFINERIES,50.33,18.3,B24,4.0,27.0,230.0,39.0,,,39.0,NOT INDICATED
114206,113682.0,1944-12-02,15,GERMANY,OIL REFINERY SYNTHETIC,SYNTHETIC OIL REFINERIES,50.33,18.3,B24,4.0,,,13.0,,,13.0,NOT INDICATED
113886,113683.0,1944-12-02,15,GERMANY,OIL REFINERY SYNTHETIC,SYNTHETIC OIL REFINERIES,50.33,18.3,B24,4.0,28.0,247.0,24.0,,,24.0,F.F.F.
114207,113684.0,1944-12-02,15,GERMANY,OIL REFINERY SYNTHETIC,SYNTHETIC OIL REFINERIES,50.33,18.3,B24,4.0,,,15.0,,,15.0,NOT INDICATED
113896,113685.0,1944-12-02,15,GERMANY,OIL REFINERY SYNTHETIC,SYNTHETIC OIL REFINERIES,50.33,18.3,B24,4.0,30.0,222.0,44.0,,,44.0,NOT INDICATED
114208,113686.0,1944-12-02,15,GERMANY,OIL REFINERY SYNTHETIC,SYNTHETIC OIL REFINERIES,50.33,18.3,B24,4.0,,,11.0,,,11.0,NOT INDICATED
113889,113687.0,1944-12-02,15,GERMANY,OIL REFINERY SYNTHETIC,SYNTHETIC OIL REFINERIES,50.33,18.3,B24,4.0,25.0,235.0,37.0,,,37.0,VISUAL
113893,113688.0,1944-12-02,15,GERMANY,OIL REFINERY SYNTHETIC,SYNTHETIC OIL REFINERIES,50.33,18.3,B24,4.0,23.0,230.0,44.0,,,44.0,NOT INDICATED
114226,113693.0,1944-12-02,15,AUSTRIA,CITY AREA,CITIES TOWNS AND URBAN AREAS,47.03,16.08,B24,2.0,,,1.0,,,1.0,NOT INDICATED
114227,113694.0,1944-12-02,15,AUSTRIA,CITY AREA,CITIES TOWNS AND URBAN AREAS,47.03,16.08,B24,2.0,1.0,,1.0,,,1.0,NOT INDICATED
114222,113720.0,1944-12-02,15,AUSTRIA,CITY AREA,CITIES TOWNS AND URBAN AREAS,47.03,16.08,B24,2.0,,,1.0,,,1.0,NOT INDICATED
114223,113721.0,1944-12-02,15,AUSTRIA,CITY AREA,CITIES TOWNS AND URBAN AREAS,47.03,16.08,B24,2.0,1.0,,1.0,,,1.0,NOT INDICATED
114224,179051.0,1944-12-02,15,AUSTRIA,CITY AREA,CITIES TOWNS AND URBAN AREAS,47.03,16.08,B24,2.0,,,1.0,,,1.0,NOT INDICATED
114225,179052.0,1944-12-02,15,AUSTRIA,CITY AREA,CITIES TOWNS AND URBAN AREAS,47.03,16.08,B24,2.0,1.0,,1.0,,,1.0,NOT INDICATED
114228,179059.0,1944-12-02,15,AUSTRIA,CITY AREA,CITIES TOWNS AND URBAN AREAS,47.03,16.08,B24,2.0,,,1.0,,,1.0,NOT INDICATED
114229,179060.0,1944-12-02,15,AUSTRIA,CITY AREA,CITIES TOWNS AND URBAN AREAS,47.03,16.08,B24,2.0,1.0,,1.0,,,1.0,NOT INDICATED
114237,179070.0,1944-12-02,15,AUSTRIA,OIL REFINERY,OIL REFINERIES,48.2,16.37,B24,3.0,,,20.0,,,20.0,NOT INDICATED
114201,179071.0,1944-12-02,15,AUSTRIA,OIL REFINERY,OIL REFINERIES,48.2,16.37,B24,3.0,40.0,215.0,58.0,,,58.0,F.F.F.
114238,179072.0,1944-12-02,15,AUSTRIA,OIL REFINERY,OIL REFINERIES,48.2,16.37,B24,3.0,,,7.0,,,7.0,NOT INDICATED
113885,179073.0,1944-12-02,15,AUSTRIA,OIL REFINERY,OIL REFINERIES,48.2,16.37,B24,3.0,15.0,250.0,22.0,,,22.0,F.F.F.
113899,179074.0,1944-12-02,15,AUSTRIA,OIL REFINERY,OIL REFINERIES,48.2,16.37,B24,3.0,31.0,220.0,58.0,,,58.0,F.F.F.
114239,179075.0,1944-12-02,15,AUSTRIA,OIL REFINERY,OIL REFINERIES,48.2,16.37,B24,3.0,10.0,,,20.0,,20.0,F.F.F.
114218,179076.0,1944-12-02,15,GERMANY,OIL REFINERY SYNTHETIC,SYNTHETIC OIL REFINERIES,50.33,18.3,B17,4.0,,,18.0,,,18.0,NOT INDICATED
113880,179077.0,1944-12-02,15,GERMANY,OIL REFINERY SYNTHETIC,SYNTHETIC OIL REFINERIES,50.33,18.3,B17,4.0,38.0,265.0,92.0,,,92.0,F.F.F.
114219,179078.0,1944-12-02,15,GERMANY,OIL REFINERY SYNTHETIC,SYNTHETIC OIL REFINERIES,50.33,18.3,B17,4.0,,,19.0,,,19.0,NOT INDICATED
113883,179079.0,1944-12-02,15,GERMANY,OIL REFINERY SYNTHETIC,SYNTHETIC OIL REFINERIES,50.33,18.3,B17,4.0,40.0,253.0,79.0,,,79.0,F.F.F.
114220,179080.0,1944-12-02,15,GERMANY,OIL REFINERY SYNTHETIC,SYNTHETIC OIL REFINERIES,50.33,18.3,B17,4.0,,,53.0,,,53.0,NOT INDICATED
113878,179081.0,1944-12-02,15,GERMANY,OIL REFINERY SYNTHETIC,SYNTHETIC OIL REFINERIES,50.33,18.3,B17,4.0,38.0,288.0,19.0,,,19.0,F.F.F.
114221,179082.0,1944-12-02,15,GERMANY,OIL REFINERY SYNTHETIC,SYNTHETIC OIL REFINERIES,50.33,18.3,B17,4.0,,,6.0,,,6.0,NOT INDICATED
114203,179083.0,1944-12-02,15,GERMANY,OIL REFINERY SYNTHETIC,SYNTHETIC OIL REFINERIES,50.33,18.3,B17,4.0,14.0,214.0,21.0,,,21.0,F.F.F.
114209,179084.0,1944-12-02,15,GERMANY,OIL REFINERY SYNTHETIC,SYNTHETIC OIL REFINERIES,50.33,18.3,B24,4.0,,,15.0,,,15.0,NOT INDICATED
113890,179085.0,1944-12-02,15,GERMANY,OIL REFINERY SYNTHETIC,SYNTHETIC OIL REFINERIES,50.33,18.3,B24,4.0,29.0,235.0,28.0,,,28.0,NOT INDICATED
114210,179086.0,1944-12-02,15,GERMANY,OIL REFINERY SYNTHETIC,SYNTHETIC OIL REFINERIES,50.33,18.3,B24,4.0,,,13.0,,,13.0,NOT INDICATED
113894,179087.0,1944-12-02,15,GERMANY,OIL REFINERY SYNTHETIC,SYNTHETIC OIL REFINERIES,50.33,18.3,B24,4.0,27.0,230.0,39.0,,,39.0,NOT INDICATED
114211,179088.0,1944-12-02,15,GERMANY,OIL REFINERY SYNTHETIC,SYNTHETIC OIL REFINERIES,50.33,18.3,B24,4.0,,,13.0,,,13.0,NOT INDICATED
113887,179089.0,1944-12-02,15,GERMANY,OIL REFINERY SYNTHETIC,SYNTHETIC OIL REFINERIES,50.33,18.3,B24,4.0,28.0,247.0,24.0,,,24.0,F.F.F.
114212,179090.0,1944-12-02,15,GERMANY,OIL REFINERY SYNTHETIC,SYNTHETIC OIL REFINERIES,50.33,18.3,B24,4.0,,,15.0,,,15.0,NOT INDICATED
113897,179091.0,1944-12-02,15,GERMANY,OIL REFINERY SYNTHETIC,SYNTHETIC OIL REFINERIES,50.33,18.3,B24,4.0,30.0,222.0,44.0,,,44.0,NOT INDICATED
114213,179092.0,1944-12-02,15,GERMANY,OIL REFINERY SYNTHETIC,SYNTHETIC OIL REFINERIES,50.33,18.3,B24,4.0,,,11.0,,,11.0,NOT INDICATED
113891,179093.0,1944-12-02,15,GERMANY,OIL REFINERY SYNTHETIC,SYNTHETIC OIL REFINERIES,50.33,18.3,B24,4.0,25.0,235.0,37.0,,,37.0,VISUAL
113895,179094.0,1944-12-02,15,GERMANY,OIL REFINERY SYNTHETIC,SYNTHETIC OIL REFINERIES,50.33,18.3,B24,4.0,23.0,230.0,44.0,,,44.0,NOT INDICATED
113881,179097.0,1944-12-02,15,AUSTRIA,MARSHALLING YARDS,"""RR INSTALLATIONS,  TRACKS,  MARSHALLING YARDS,  AND STATIONS""",48.2,16.63,B24,4.0,13.0,255.0,,26.0,,26.0,F.F.F.
114255,179103.0,1944-12-02,8,GERMANY,MARSHALLING YARD,"""RR INSTALLATIONS,  TRACKS,  MARSHALLING YARDS,  AND STATIONS""",49.97,7.9,B24,4.0,2.0,220.0,3.0,,,3.0,F.F.F.
114257,179104.0,1944-12-02,8,GERMANY,MARSHALLING YARD,"""RR INSTALLATIONS,  TRACKS,  MARSHALLING YARDS,  AND STATIONS""",49.97,7.9,B24,4.0,8.0,,21.0,,,21.0,NOT INDICATED
114253,179105.0,1944-12-02,8,GERMANY,MARSHALLING YARD,"""RR INSTALLATIONS,  TRACKS,  MARSHALLING YARDS,  AND STATIONS""",49.97,7.9,B24,4.0,11.0,225.0,30.0,,,30.0,F.F.F.
114258,179106.0,1944-12-02,8,GERMANY,MARSHALLING YARD,"""RR INSTALLATIONS,  TRACKS,  MARSHALLING YARDS,  AND STATIONS""",49.97,7.9,B24,4.0,10.0,,27.0,,,27.0,NOT INDICATED
114259,179107.0,1944-12-02,8,GERMANY,MARSHALLING YARD,"""RR INSTALLATIONS,  TRACKS,  MARSHALLING YARDS,  AND STATIONS""",49.97,7.9,B24,4.0,11.0,,33.0,,,33.0,NOT INDICATED
114251,179108.0,1944-12-02,8,GERMANY,MARSHALLING YARD,"""RR INSTALLATIONS,  TRACKS,  MARSHALLING YARDS,  AND STATIONS""",49.97,7.9,B24,4.0,22.0,230.0,64.0,,,64.0,F.F.F.
114254,179109.0,1944-12-02,8,GERMANY,MARSHALLING YARD,"""RR INSTALLATIONS,  TRACKS,  MARSHALLING YARDS,  AND STATIONS""",49.97,7.9,B24,4.0,8.0,225.0,19.0,,,19.0,F.F.F.
114260,179110.0,1944-12-02,8,GERMANY,MARSHALLING YARD,"""RR INSTALLATIONS,  TRACKS,  MARSHALLING YARDS,  AND STATIONS""",49.97,7.9,B24,4.0,7.0,,21.0,,,21.0,NOT INDICATED
114261,179111.0,1944-12-02,8,GERMANY,MARSHALLING YARD,"""RR INSTALLATIONS,  TRACKS,  MARSHALLING YARDS,  AND STATIONS""",49.97,7.9,B24,4.0,8.0,,22.0,,,22.0,NOT INDICATED
114262,179112.0,1944-12-02,8,GERMANY,MARSHALLING YARD,"""RR INSTALLATIONS,  TRACKS,  MARSHALLING YARDS,  AND STATIONS""",49.97,7.9,B24,4.0,9.0,,22.0,,,22.0,NOT INDICATED
114256,179113.0,1944-12-02,8,GERMANY,MARSHALLING YARD,"""RR INSTALLATIONS,  TRACKS,  MARSHALLING YARDS,  AND STATIONS""",49.97,7.9,B24,4.0,10.0,22.0,27.0,,,27.0,F.F.F.
114263,179114.0,1944-12-02,8,GERMANY,MARSHALLING YARD,"""RR INSTALLATIONS,  TRACKS,  MARSHALLING YARDS,  AND STATIONS""",49.97,7.9,B24,4.0,12.0,,32.0,,,32.0,NOT INDICATED
114252,179115.0,1944-12-02,8,GERMANY,MARSHALLING YARD,"""RR INSTALLATIONS,  TRACKS,  MARSHALLING YARDS,  AND STATIONS""",49.97,7.9,B24,4.0,8.0,228.0,20.0,,,20.0,F.F.F.
114264,179116.0,1944-12-02,8,GERMANY,MARSHALLING YARD,"""RR INSTALLATIONS,  TRACKS,  MARSHALLING YARDS,  AND STATIONS""",49.97,7.9,B24,4.0,8.0,,21.0,,,21.0,NOT INDICATED
114241,179118.0,1944-12-02,8,GERMANY,MARSHALLING YARD,"""RR INSTALLATIONS,  TRACKS,  MARSHALLING YARDS,  AND STATIONS""",50.35,7.6,B17,3.0,10.0,272.0,30.0,,,30.0,F.F.F.
114231,179129.0,1944-12-02,15,GERMANY,MARSHALLING YARDS,"""RR INSTALLATIONS,  TRACKS,  MARSHALLING YARDS,  AND STATIONS""",50.68,17.92,B17,2.0,,,2.0,,,2.0,NOT INDICATED
114232,179130.0,1944-12-02,15,GERMANY,MARSHALLING YARDS,"""RR INSTALLATIONS,  TRACKS,  MARSHALLING YARDS,  AND STATIONS""",50.68,17.92,B17,2.0,1.0,,1.0,,,1.0,NOT INDICATED
114230,179131.0,1944-12-02,15,GERMANY,MARSHALLING YARDS,"""RR INSTALLATIONS,  TRACKS,  MARSHALLING YARDS,  AND STATIONS""",50.68,17.92,B24,2.0,1.0,,3.0,,,3.0,NOT INDICATED
115063,113732.0,1944-12-03,15,AUSTRIA,TOWN,CITIES TOWNS AND URBAN AREAS,46.73,14.05,B24,2.0,,,1.0,,,1.0,NOT INDICATED
115064,113733.0,1944-12-03,15,AUSTRIA,TOWN,CITIES TOWNS AND URBAN AREAS,46.73,14.05,B24,2.0,1.0,,2.0,,,2.0,NOT INDICATED
115405,113734.0,1944-12-03,8,AUSTRIA,CITY AREA,CITIES TOWNS AND URBAN AREAS,48.3,14.3,B24,4.0,,,1.0,,,1.0,NOT INDICATED
115096,113735.0,1944-12-03,8,AUSTRIA,CITY AREA,CITIES TOWNS AND URBAN AREAS,48.3,14.3,B24,4.0,2.0,245.0,3.0,,,3.0,NOT INDICATED
115406,113736.0,1944-12-03,8,AUSTRIA,CITY AREA,CITIES TOWNS AND URBAN AREAS,48.3,14.3,B24,4.0,,,1.0,,,1.0,NOT INDICATED
115097,113737.0,1944-12-03,8,AUSTRIA,CITY AREA,CITIES TOWNS AND URBAN AREAS,48.3,14.3,B24,4.0,1.0,245.0,2.0,,,2.0,F.F.F.
115402,113738.0,1944-12-03,8,AUSTRIA,CITY AREA,CITIES TOWNS AND URBAN AREAS,48.3,14.3,B24,4.0,1.0,224.0,2.0,,,2.0,NOT INDICATED
115407,113739.0,1944-12-03,8,AUSTRIA,CITY AREA,CITIES TOWNS AND URBAN AREAS,48.3,14.3,B24,4.0,,,1.0,,,1.0,NOT INDICATED
115084,113740.0,1944-12-03,8,AUSTRIA,CITY AREA,CITIES TOWNS AND URBAN AREAS,48.3,14.3,B24,4.0,1.0,256.0,1.0,,,1.0,F.F.F.
115413,113741.0,1944-12-03,8,AUSTRIA,CITY AREA,CITIES TOWNS AND URBAN AREAS,48.3,14.3,B17,4.0,,,1.0,,,1.0,NOT INDICATED
115090,113742.0,1944-12-03,8,AUSTRIA,CITY AREA,CITIES TOWNS AND URBAN AREAS,48.3,14.3,B17,4.0,2.0,250.0,3.0,,,3.0,F.F.F.
115415,113743.0,1944-12-03,8,AUSTRIA,CITY AREA,CITIES TOWNS AND URBAN AREAS,48.3,14.3,B17,4.0,,,1.0,,,1.0,NOT INDICATED
115087,113744.0,1944-12-03,8,AUSTRIA,CITY AREA,CITIES TOWNS AND URBAN AREAS,48.3,14.3,B17,4.0,1.0,251.0,1.0,,,1.0,F.F.F.
115091,113745.0,1944-12-03,8,AUSTRIA,CITY AREA,CITIES TOWNS AND URBAN AREAS,48.3,14.3,B17,4.0,1.0,250.0,3.0,,,3.0,F.F.F.
115065,179145.0,1944-12-03,15,AUSTRIA,TOWN,CITIES TOWNS AND URBAN AREAS,46.73,14.05,B24,2.0,,,1.0,,,1.0,NOT INDICATED
115066,179146.0,1944-12-03,15,AUSTRIA,TOWN,CITIES TOWNS AND URBAN AREAS,46.73,14.05,B24,2.0,1.0,,2.0,,,2.0,NOT INDICATED
115408,179147.0,1944-12-03,8,AUSTRIA,CITY AREA,CITIES TOWNS AND URBAN AREAS,48.3,14.3,B24,4.0,,,1.0,,,1.0,NOT INDICATED
115098,179148.0,1944-12-03,8,AUSTRIA,CITY AREA,CITIES TOWNS AND URBAN AREAS,48.3,14.3,B24,4.0,2.0,245.0,3.0,,,3.0,NOT INDICATED
115409,179149.0,1944-12-03,8,AUSTRIA,CITY AREA,CITIES TOWNS AND URBAN AREAS,48.3,14.3,B24,4.0,,,1.0,,,1.0,NOT INDICATED
115099,179150.0,1944-12-03,8,AUSTRIA,CITY AREA,CITIES TOWNS AND URBAN AREAS,48.3,14.3,B24,4.0,1.0,245.0,2.0,,,2.0,F.F.F.
115403,179151.0,1944-12-03,8,AUSTRIA,CITY AREA,CITIES TOWNS AND URBAN AREAS,48.3,14.3,B24,4.0,1.0,224.0,2.0,,,2.0,NOT INDICATED
115410,179152.0,1944-12-03,8,AUSTRIA,CITY AREA,CITIES TOWNS AND URBAN AREAS,48.3,14.3,B24,4.0,,,1.0,,,1.0,NOT INDICATED
115085,179153.0,1944-12-03,8,AUSTRIA,CITY AREA,CITIES TOWNS AND URBAN AREAS,48.3,14.3,B24,4.0,1.0,256.0,1.0,,,1.0,F.F.F.
115416,179154.0,1944-12-03,8,AUSTRIA,CITY AREA,CITIES TOWNS AND URBAN AREAS,48.3,14.3,B17,4.0,,,1.0,,,1.0,NOT INDICATED
115092,179155.0,1944-12-03,8,AUSTRIA,CITY AREA,CITIES TOWNS AND URBAN AREAS,48.3,14.3,B17,4.0,2.0,250.0,3.0,,,3.0,F.F.F.
115417,179156.0,1944-12-03,8,AUSTRIA,CITY AREA,CITIES TOWNS AND URBAN AREAS,48.3,14.3,B17,4.0,,,1.0,,,1.0,NOT INDICATED
115088,179157.0,1944-12-03,8,AUSTRIA,CITY AREA,CITIES TOWNS AND URBAN AREAS,48.3,14.3,B17,4.0,1.0,251.0,1.0,,,1.0,F.F.F.
115093,179158.0,1944-12-03,8,AUSTRIA,CITY AREA,CITIES TOWNS AND URBAN AREAS,48.3,14.3,B17,4.0,1.0,250.0,3.0,,,3.0,F.F.F.
115411,179159.0,1944-12-03,8,AUSTRIA,CITY AREA,CITIES TOWNS AND URBAN AREAS,48.3,14.3,B24,4.0,,,1.0,,,1.0,NOT INDICATED
115100,179160.0,1944-12-03,8,AUSTRIA,CITY AREA,CITIES TOWNS AND URBAN AREAS,48.3,14.3,B24,4.0,2.0,245.0,3.0,,,3.0,NOT INDICATED
115412,179161.0,1944-12-03,8,AUSTRIA,CITY AREA,CITIES TOWNS AND URBAN AREAS,48.3,14.3,B24,4.0,,,1.0,,,1.0,NOT INDICATED
115401,179162.0,1944-12-03,8,AUSTRIA,CITY AREA,CITIES TOWNS AND URBAN AREAS,48.3,14.3,B24,4.0,1.0,245.0,2.0,,,2.0,F.F.F.
115404,179163.0,1944-12-03,8,AUSTRIA,CITY AREA,CITIES TOWNS AND URBAN AREAS,48.3,14.3,B24,4.0,1.0,224.0,2.0,,,2.0,NOT INDICATED
115414,179164.0,1944-12-03,8,AUSTRIA,CITY AREA,CITIES TOWNS AND URBAN AREAS,48.3,14.3,B24,4.0,,,1.0,,,1.0,NOT INDICATED
115086,179165.0,1944-12-03,8,AUSTRIA,CITY AREA,CITIES TOWNS AND URBAN AREAS,48.3,14.3,B24,4.0,1.0,256.0,1.0,,,1.0,F.F.F.
115418,179166.0,1944-12-03,8,AUSTRIA,CITY AREA,CITIES TOWNS AND URBAN AREAS,48.3,14.3,B17,4.0,,,1.0,,,1.0,NOT INDICATED
115094,179167.0,1944-12-03,8,AUSTRIA,CITY AREA,CITIES TOWNS AND URBAN AREAS,48.3,14.3,B17,4.0,2.0,250.0,3.0,,,3.0,F.F.F.
115419,179168.0,1944-12-03,8,AUSTRIA,CITY AREA,CITIES TOWNS AND URBAN AREAS,48.3,14.3,B17,4.0,,,1.0,,,1.0,NOT INDICATED
115089,179169.0,1944-12-03,8,AUSTRIA,CITY AREA,CITIES TOWNS AND URBAN AREAS,48.3,14.3,B17,4.0,1.0,251.0,1.0,,,1.0,F.F.F.
115095,179170.0,1944-12-03,8,AUSTRIA,CITY AREA,CITIES TOWNS AND URBAN AREAS,48.3,14.3,B17,4.0,1.0,250.0,3.0,,,3.0,F.F.F.
115061,179171.0,1944-12-03,15,AUSTRIA,MARSHALLING YARDS,"""RR INSTALLATIONS,  TRACKS,  MARSHALLING YARDS,  AND STATIONS""",47.27,11.38,B24,4.0,2.0,250.0,2.0,,,2.0,F.F.F.
115067,179172.0,1944-12-03,15,AUSTRIA,MARSHALLING YARDS,"""RR INSTALLATIONS,  TRACKS,  MARSHALLING YARDS,  AND STATIONS""",47.27,11.38,B24,4.0,,,2.0,,,2.0,NOT INDICATED
115060,179173.0,1944-12-03,15,AUSTRIA,MARSHALLING YARDS,"""RR INSTALLATIONS,  TRACKS,  MARSHALLING YARDS,  AND STATIONS""",47.27,11.38,B24,4.0,2.0,253.0,1.0,,,1.0,F.F.F.
115059,179174.0,1944-12-03,15,AUSTRIA,MARSHALLING YARDS,"""RR INSTALLATIONS,  TRACKS,  MARSHALLING YARDS,  AND STATIONS""",47.27,11.38,B24,4.0,2.0,260.0,3.0,,,3.0,F.F.F.
115080,179175.0,1944-12-03,12,AUSTRIA,RR,"""RR INSTALLATIONS,  TRACKS,  MARSHALLING YARDS,  AND STATIONS""",46.63,14.3,B17,3.0,,,1.0,,,1.0,NOT INDICATED
115076,179176.0,1944-12-03,12,AUSTRIA,RR,"""RR INSTALLATIONS,  TRACKS,  MARSHALLING YARDS,  AND STATIONS""",46.63,14.3,B17,3.0,1.0,250.0,1.0,,,1.0,F.F.F.
115078,179177.0,1944-12-03,12,AUSTRIA,RR,"""RR INSTALLATIONS,  TRACKS,  MARSHALLING YARDS,  AND STATIONS""",46.63,14.3,B24,3.0,1.0,,2.0,,,2.0,NOT INDICATED
115079,179178.0,1944-12-03,12,AUSTRIA,RR,"""RR INSTALLATIONS,  TRACKS,  MARSHALLING YARDS,  AND STATIONS""",46.63,14.3,B24,3.0,,,1.0,,,1.0,NOT INDICATED
115077,179179.0,1944-12-03,12,AUSTRIA,RR,"""RR INSTALLATIONS,  TRACKS,  MARSHALLING YARDS,  AND STATIONS""",46.63,14.3,B24,3.0,2.0,200.0,4.0,,,4.0,F.F.F.
115068,179180.0,1944-12-03,15,AUSTRIA,MARSHALLING YARDS,"""RR INSTALLATIONS,  TRACKS,  MARSHALLING YARDS,  AND STATIONS""",46.83,12.77,B24,2.0,,,1.0,,,1.0,NOT INDICATED
115069,179181.0,1944-12-03,15,AUSTRIA,MARSHALLING YARDS,"""RR INSTALLATIONS,  TRACKS,  MARSHALLING YARDS,  AND STATIONS""",46.83,12.77,B24,2.0,1.0,,1.0,,,1.0,NOT INDICATED
115070,179182.0,1944-12-03,15,AUSTRIA,BRIDGE,BRIDGES,48.3,14.3,B17,2.0,,,1.0,,,1.0,NOT INDICATED
115071,179183.0,1944-12-03,15,AUSTRIA,BRIDGE,BRIDGES,48.3,14.3,B17,2.0,1.0,,1.0,,,1.0,VISUAL
115081,179184.0,1944-12-03,12,AUSTRIA,MARSHALLING YARDS,"""RR INSTALLATIONS,  TRACKS,  MARSHALLING YARDS,  AND STATIONS""",48.2,16.37,B17,4.0,,,10.0,,,10.0,NOT INDICATED
115075,179185.0,1944-12-03,12,AUSTRIA,MARSHALLING YARDS,"""RR INSTALLATIONS,  TRACKS,  MARSHALLING YARDS,  AND STATIONS""",48.2,16.37,B17,4.0,23.0,270.0,36.0,,,36.0,F.F.F.
115082,179186.0,1944-12-03,12,AUSTRIA,MARSHALLING YARDS,"""RR INSTALLATIONS,  TRACKS,  MARSHALLING YARDS,  AND STATIONS""",48.2,16.37,B17,4.0,,,30.0,,,30.0,NOT INDICATED
115074,179187.0,1944-12-03,12,AUSTRIA,MARSHALLING YARDS,"""RR INSTALLATIONS,  TRACKS,  MARSHALLING YARDS,  AND STATIONS""",48.2,16.37,B17,4.0,21.0,296.0,16.0,,,16.0,F.F.F.
115083,179188.0,1944-12-03,12,AUSTRIA,MARSHALLING YARDS,"""RR INSTALLATIONS,  TRACKS,  MARSHALLING YARDS,  AND STATIONS""",48.2,16.37,B17,4.0,,,3.0,,,3.0,NOT INDICATED
115073,179189.0,1944-12-03,12,AUSTRIA,MARSHALLING YARDS,"""RR INSTALLATIONS,  TRACKS,  MARSHALLING YARDS,  AND STATIONS""",48.2,16.37,B17,4.0,6.0,300.0,9.0,,,9.0,F.F.F.
115072,179203.0,1944-12-03,15,AUSTRIA,MARSHALLING YARDS,"""RR INSTALLATIONS,  TRACKS,  MARSHALLING YARDS,  AND STATIONS""",46.67,12.67,B24,2.0,,,1.0,,,1.0,NOT INDICATED
115062,179204.0,1944-12-03,15,AUSTRIA,MARSHALLING YARDS,"""RR INSTALLATIONS,  TRACKS,  MARSHALLING YARDS,  AND STATIONS""",46.67,12.67,B24,2.0,1.0,200.0,2.0,,,2.0,NOT INDICATED
115887,113751.0,1944-12-04,8,GERMANY,UNIDENTIFIED TARGET,UNIDENTIFIED TARGETS,50.28,9.12,B17,2.0,1.0,,2.0,1.0,,3.0,NOT INDICATED
115888,179207.0,1944-12-04,8,GERMANY,UNIDENTIFIED TARGET,UNIDENTIFIED TARGETS,50.28,9.12,B17,2.0,1.0,,2.0,1.0,,3.0,NOT INDICATED
115889,179217.0,1944-12-04,8,GERMANY,UNIDENTIFIED TARGET,UNIDENTIFIED TARGETS,50.28,9.12,B17,2.0,1.0,,2.0,1.0,,3.0,NOT INDICATED
115861,179227.0,1944-12-04,8,GERMANY,MARSHALLING YARD,"""RR INSTALLATIONS,  TRACKS,  MARSHALLING YARDS,  AND STATIONS""",50.97,9.78,B24,4.0,10.0,,25.0,5.0,,30.0,NOT INDICATED
115838,179228.0,1944-12-04,8,GERMANY,MARSHALLING YARD,"""RR INSTALLATIONS,  TRACKS,  MARSHALLING YARDS,  AND STATIONS""",50.97,9.78,B24,4.0,3.0,245.0,5.0,,,5.0,F.F.F.
115862,179229.0,1944-12-04,8,GERMANY,MARSHALLING YARD,"""RR INSTALLATIONS,  TRACKS,  MARSHALLING YARDS,  AND STATIONS""",50.97,9.78,B24,4.0,9.0,,22.0,4.0,,26.0,NOT INDICATED
115863,179230.0,1944-12-04,8,GERMANY,MARSHALLING YARD,"""RR INSTALLATIONS,  TRACKS,  MARSHALLING YARDS,  AND STATIONS""",50.97,9.78,B24,4.0,8.0,,19.0,4.0,,23.0,NOT INDICATED
115856,179231.0,1944-12-04,8,GERMANY,MARSHALLING YARD,"""RR INSTALLATIONS,  TRACKS,  MARSHALLING YARDS,  AND STATIONS""",50.97,9.78,B24,4.0,8.0,228.0,18.0,3.0,,21.0,F.F.F.
115864,179232.0,1944-12-04,8,GERMANY,MARSHALLING YARD,"""RR INSTALLATIONS,  TRACKS,  MARSHALLING YARDS,  AND STATIONS""",50.97,9.78,B24,0.0,,,,,,,NOT INDICATED
115865,179233.0,1944-12-04,8,GERMANY,MARSHALLING YARD,"""RR INSTALLATIONS,  TRACKS,  MARSHALLING YARDS,  AND STATIONS""",50.97,9.78,B24,4.0,10.0,,25.0,5.0,,30.0,NOT INDICATED
115866,179234.0,1944-12-04,8,GERMANY,MARSHALLING YARD,"""RR INSTALLATIONS,  TRACKS,  MARSHALLING YARDS,  AND STATIONS""",50.97,9.78,B24,0.0,,,,,,,NOT INDICATED
115867,179235.0,1944-12-04,8,GERMANY,MARSHALLING YARD,"""RR INSTALLATIONS,  TRACKS,  MARSHALLING YARDS,  AND STATIONS""",50.97,9.78,B24,4.0,9.0,,22.0,5.0,,27.0,NOT INDICATED
115868,179236.0,1944-12-04,8,GERMANY,MARSHALLING YARD,"""RR INSTALLATIONS,  TRACKS,  MARSHALLING YARDS,  AND STATIONS""",50.97,9.78,B24,0.0,,,,,,,NOT INDICATED
115869,179237.0,1944-12-04,8,GERMANY,MARSHALLING YARD,"""RR INSTALLATIONS,  TRACKS,  MARSHALLING YARDS,  AND STATIONS""",50.97,9.78,B24,4.0,9.0,,20.0,4.0,,24.0,NOT INDICATED
115870,179238.0,1944-12-04,8,GERMANY,MARSHALLING YARD,"""RR INSTALLATIONS,  TRACKS,  MARSHALLING YARDS,  AND STATIONS""",50.97,9.78,B24,0.0,,,,,,,NOT INDICATED
115847,179239.0,1944-12-04,8,GERMANY,MARSHALLING YARD,"""RR INSTALLATIONS,  TRACKS,  MARSHALLING YARDS,  AND STATIONS""",50.97,9.78,B24,4.0,8.0,235.0,19.0,3.0,,22.0,F.F.F.
115871,179240.0,1944-12-04,8,GERMANY,MARSHALLING YARD,"""RR INSTALLATIONS,  TRACKS,  MARSHALLING YARDS,  AND STATIONS""",50.97,9.78,B24,0.0,,,,,,,NOT INDICATED
115872,179241.0,1944-12-04,8,GERMANY,MARSHALLING YARD,"""RR INSTALLATIONS,  TRACKS,  MARSHALLING YARDS,  AND STATIONS""",50.97,9.78,B24,4.0,9.0,,23.0,5.0,,28.0,NOT INDICATED
115885,179242.0,1944-12-04,8,GERMANY,MARSHALLING YARD,"""RR INSTALLATIONS,  TRACKS,  MARSHALLING YARDS,  AND STATIONS""",50.97,9.78,B17,0.0,,,,,,,NOT INDICATED
115851,179243.0,1944-12-04,8,GERMANY,MARSHALLING YARD,"""RR INSTALLATIONS,  TRACKS,  MARSHALLING YARDS,  AND STATIONS""",50.97,9.78,B24,4.0,2.0,230.0,2.0,1.0,,3.0,F.F.F.
115873,179244.0,1944-12-04,8,GERMANY,MARSHALLING YARD,"""RR INSTALLATIONS,  TRACKS,  MARSHALLING YARDS,  AND STATIONS""",50.97,9.78,B24,4.0,1.0,,3.0,1.0,,4.0,NOT INDICATED
115857,179245.0,1944-12-04,8,GERMANY,MARSHALLING YARD,"""RR INSTALLATIONS,  TRACKS,  MARSHALLING YARDS,  AND STATIONS""",50.97,9.78,B24,4.0,3.0,228.0,6.0,2.0,,8.0,F.F.F.
115874,179246.0,1944-12-04,8,GERMANY,MARSHALLING YARD,"""RR INSTALLATIONS,  TRACKS,  MARSHALLING YARDS,  AND STATIONS""",50.97,9.78,B24,4.0,11.0,,24.0,5.0,,29.0,NOT INDICATED
115875,179247.0,1944-12-04,8,GERMANY,MARSHALLING YARD,"""RR INSTALLATIONS,  TRACKS,  MARSHALLING YARDS,  AND STATIONS""",50.97,9.78,B24,4.0,10.0,,23.0,5.0,,28.0,NOT INDICATED
115839,179248.0,1944-12-04,8,GERMANY,MARSHALLING YARD,"""RR INSTALLATIONS,  TRACKS,  MARSHALLING YARDS,  AND STATIONS""",50.97,9.78,B24,4.0,8.0,245.0,20.0,4.0,,24.0,F.F.F.
115876,179249.0,1944-12-04,8,GERMANY,MARSHALLING YARD,"""RR INSTALLATIONS,  TRACKS,  MARSHALLING YARDS,  AND STATIONS""",50.97,9.78,B24,0.0,,,,,,,NOT INDICATED
115877,179250.0,1944-12-04,8,GERMANY,MARSHALLING YARD,"""RR INSTALLATIONS,  TRACKS,  MARSHALLING YARDS,  AND STATIONS""",50.97,9.78,B24,4.0,10.0,,25.0,5.0,,30.0,NOT INDICATED
115858,179251.0,1944-12-04,8,GERMANY,MARSHALLING YARD,"""RR INSTALLATIONS,  TRACKS,  MARSHALLING YARDS,  AND STATIONS""",50.97,9.78,B24,4.0,30.0,227.0,70.0,13.0,,83.0,F.F.F.
115878,179252.0,1944-12-04,8,GERMANY,MARSHALLING YARD,"""RR INSTALLATIONS,  TRACKS,  MARSHALLING YARDS,  AND STATIONS""",50.97,9.78,B24,4.0,1.0,,3.0,1.0,,4.0,NOT INDICATED
115879,179253.0,1944-12-04,8,GERMANY,MARSHALLING YARD,"""RR INSTALLATIONS,  TRACKS,  MARSHALLING YARDS,  AND STATIONS""",50.97,9.78,B24,0.0,,,,,,,NOT INDICATED
115840,179254.0,1944-12-04,8,GERMANY,MARSHALLING YARD,"""RR INSTALLATIONS,  TRACKS,  MARSHALLING YARDS,  AND STATIONS""",50.97,9.78,B24,4.0,9.0,245.0,21.0,4.0,,25.0,F.F.F.
115880,179255.0,1944-12-04,8,GERMANY,MARSHALLING YARD,"""RR INSTALLATIONS,  TRACKS,  MARSHALLING YARDS,  AND STATIONS""",50.97,9.78,B24,0.0,,,,,,,NOT INDICATED
115881,179256.0,1944-12-04,8,GERMANY,MARSHALLING YARD,"""RR INSTALLATIONS,  TRACKS,  MARSHALLING YARDS,  AND STATIONS""",50.97,9.78,B24,4.0,11.0,,28.0,6.0,,34.0,NOT INDICATED
115882,179257.0,1944-12-04,8,GERMANY,MARSHALLING YARD,"""RR INSTALLATIONS,  TRACKS,  MARSHALLING YARDS,  AND STATIONS""",50.97,9.78,B24,0.0,,,,,,,NOT INDICATED
115883,179258.0,1944-12-04,8,GERMANY,MARSHALLING YARD,"""RR INSTALLATIONS,  TRACKS,  MARSHALLING YARDS,  AND STATIONS""",50.97,9.78,B24,4.0,11.0,,26.0,5.0,,31.0,NOT INDICATED
115852,179259.0,1944-12-04,8,GERMANY,MARSHALLING YARD,"""RR INSTALLATIONS,  TRACKS,  MARSHALLING YARDS,  AND STATIONS""",50.97,9.78,B24,4.0,8.0,230.0,20.0,3.0,,23.0,F.F.F.
115884,179260.0,1944-12-04,8,GERMANY,MARSHALLING YARD,"""RR INSTALLATIONS,  TRACKS,  MARSHALLING YARDS,  AND STATIONS""",50.97,9.78,B24,0.0,,,,,,,NOT INDICATED
115886,179261.0,1944-12-04,8,GERMANY,RR,"""RR INSTALLATIONS,  TRACKS,  MARSHALLING YARDS,  AND STATIONS""",50.4,10.02,B17,4.0,4.0,,,,7.0,7.0,NOT INDICATED
115825,179262.0,1944-12-04,8,GERMANY,RR,"""RR INSTALLATIONS,  TRACKS,  MARSHALLING YARDS,  AND STATIONS""",50.4,10.02,B17,3.0,12.0,250.0,36.0,,,36.0,F.F.F.
115817,179263.0,1944-12-04,8,GERMANY,RR,"""RR INSTALLATIONS,  TRACKS,  MARSHALLING YARDS,  AND STATIONS""",50.4,10.02,B17,3.0,13.0,255.0,39.0,,,39.0,F.F.F.
115841,179264.0,1944-12-04,8,GERMANY,RR,"""RR INSTALLATIONS,  TRACKS,  MARSHALLING YARDS,  AND STATIONS""",50.4,10.02,B17,3.0,12.0,245.0,36.0,,,36.0,F.F.F.
115818,179265.0,1944-12-04,8,GERMANY,RR,"""RR INSTALLATIONS,  TRACKS,  MARSHALLING YARDS,  AND STATIONS""",50.4,10.02,B17,3.0,11.0,255.0,26.0,5.0,,31.0,F.F.F.
115826,179266.0,1944-12-04,8,GERMANY,RR,"""RR INSTALLATIONS,  TRACKS,  MARSHALLING YARDS,  AND STATIONS""",50.4,10.02,B17,3.0,13.0,250.0,32.0,7.0,,39.0,F.F.F.
115844,179267.0,1944-12-04,8,GERMANY,RR,"""RR INSTALLATIONS,  TRACKS,  MARSHALLING YARDS,  AND STATIONS""",50.4,10.02,B17,3.0,12.0,240.0,30.0,6.0,,36.0,F.F.F.
115827,179268.0,1944-12-04,8,GERMANY,RR,"""RR INSTALLATIONS,  TRACKS,  MARSHALLING YARDS,  AND STATIONS""",50.4,10.02,B17,3.0,12.0,250.0,30.0,6.0,,36.0,F.F.F.
115819,179269.0,1944-12-04,8,GERMANY,RR,"""RR INSTALLATIONS,  TRACKS,  MARSHALLING YARDS,  AND STATIONS""",50.4,10.02,B17,3.0,8.0,255.0,20.0,4.0,,24.0,F.F.F.
115820,179270.0,1944-12-04,8,GERMANY,RR,"""RR INSTALLATIONS,  TRACKS,  MARSHALLING YARDS,  AND STATIONS""",50.4,10.02,B17,3.0,13.0,255.0,31.0,6.0,,37.0,F.F.F.
115828,179271.0,1944-12-04,8,GERMANY,RR,"""RR INSTALLATIONS,  TRACKS,  MARSHALLING YARDS,  AND STATIONS""",50.4,10.02,B17,3.0,13.0,250.0,30.0,6.0,,36.0,F.F.F.
115848,179272.0,1944-12-04,8,GERMANY,RR,"""RR INSTALLATIONS,  TRACKS,  MARSHALLING YARDS,  AND STATIONS""",50.4,10.02,B17,3.0,11.0,235.0,28.0,5.0,,33.0,F.F.F.
115842,179273.0,1944-12-04,8,GERMANY,RR,"""RR INSTALLATIONS,  TRACKS,  MARSHALLING YARDS,  AND STATIONS""",50.4,10.02,B17,3.0,12.0,244.0,30.0,6.0,,36.0,F.F.F.
115860,179274.0,1944-12-04,8,GERMANY,RR,"""RR INSTALLATIONS,  TRACKS,  MARSHALLING YARDS,  AND STATIONS""",50.4,10.02,B17,3.0,13.0,225.0,33.0,7.0,,40.0,F.F.F.
115843,179275.0,1944-12-04,8,GERMANY,RR,"""RR INSTALLATIONS,  TRACKS,  MARSHALLING YARDS,  AND STATIONS""",50.4,10.02,B17,3.0,13.0,244.0,31.0,6.0,,37.0,F.F.F.
115845,179276.0,1944-12-04,8,GERMANY,RR,"""RR INSTALLATIONS,  TRACKS,  MARSHALLING YARDS,  AND STATIONS""",50.4,10.02,B17,3.0,12.0,240.0,30.0,6.0,,36.0,F.F.F.
115824,179277.0,1944-12-04,8,GERMANY,RR,"""RR INSTALLATIONS,  TRACKS,  MARSHALLING YARDS,  AND STATIONS""",50.4,10.02,B17,3.0,9.0,254.0,27.0,,,27.0,F.F.F.
115850,179278.0,1944-12-04,8,GERMANY,RR,"""RR INSTALLATIONS,  TRACKS,  MARSHALLING YARDS,  AND STATIONS""",50.4,10.02,B17,3.0,12.0,232.0,33.0,,,33.0,F.F.F.
115853,179279.0,1944-12-04,8,GERMANY,MARSHALLING YARD,"""RR INSTALLATIONS,  TRACKS,  MARSHALLING YARDS,  AND STATIONS""",50.35,7.6,B24,3.0,3.0,230.0,8.0,,,8.0,F.F.F.
115890,179280.0,1944-12-04,8,GERMANY,MARSHALLING YARD,"""RR INSTALLATIONS,  TRACKS,  MARSHALLING YARDS,  AND STATIONS""",50.35,7.6,B24,3.0,11.0,,26.0,4.0,,30.0,NOT INDICATED
115891,179281.0,1944-12-04,8,GERMANY,MARSHALLING YARD,"""RR INSTALLATIONS,  TRACKS,  MARSHALLING YARDS,  AND STATIONS""",50.35,7.6,B24,3.0,10.0,,24.0,4.0,,28.0,NOT INDICATED
115859,179282.0,1944-12-04,8,GERMANY,MARSHALLING YARD,"""RR INSTALLATIONS,  TRACKS,  MARSHALLING YARDS,  AND STATIONS""",50.35,7.6,B24,3.0,8.0,227.0,18.0,4.0,,22.0,F.F.F.
115892,179283.0,1944-12-04,8,GERMANY,MARSHALLING YARD,"""RR INSTALLATIONS,  TRACKS,  MARSHALLING YARDS,  AND STATIONS""",50.35,7.6,B24,3.0,11.0,,24.0,5.0,,29.0,NOT INDICATED
115854,179284.0,1944-12-04,8,GERMANY,MARSHALLING YARD,"""RR INSTALLATIONS,  TRACKS,  MARSHALLING YARDS,  AND STATIONS""",50.35,7.6,B24,3.0,9.0,230.0,21.0,5.0,,26.0,F.F.F.
115893,179285.0,1944-12-04,8,GERMANY,MARSHALLING YARD,"""RR INSTALLATIONS,  TRACKS,  MARSHALLING YARDS,  AND STATIONS""",50.35,7.6,B24,3.0,,,,,,,NOT INDICATED
115894,179286.0,1944-12-04,8,GERMANY,MARSHALLING YARD,"""RR INSTALLATIONS,  TRACKS,  MARSHALLING YARDS,  AND STATIONS""",50.35,7.6,B24,3.0,10.0,,23.0,5.0,,28.0,NOT INDICATED
115895,179287.0,1944-12-04,8,GERMANY,MARSHALLING YARD,"""RR INSTALLATIONS,  TRACKS,  MARSHALLING YARDS,  AND STATIONS""",50.35,7.6,B24,3.0,8.0,,18.0,4.0,,22.0,NOT INDICATED
115896,179288.0,1944-12-04,8,GERMANY,MARSHALLING YARD,"""RR INSTALLATIONS,  TRACKS,  MARSHALLING YARDS,  AND STATIONS""",50.35,7.6,B24,3.0,,,,,,,NOT INDICATED
115897,179289.0,1944-12-04,8,GERMANY,MARSHALLING YARD,"""RR INSTALLATIONS,  TRACKS,  MARSHALLING YARDS,  AND STATIONS""",50.35,7.6,B24,3.0,7.0,,16.0,4.0,,20.0,NOT INDICATED
115837,179290.0,1944-12-04,8,GERMANY,MARSHALLING YARD,"""RR INSTALLATIONS,  TRACKS,  MARSHALLING YARDS,  AND STATIONS""",50.33,8.75,B17,2.0,11.0,246.0,29.0,,,29.0,VISUAL
115829,179291.0,1944-12-04,8,GERMANY,MARSHALLING YARD,"""RR INSTALLATIONS,  TRACKS,  MARSHALLING YARDS,  AND STATIONS""",50.33,8.75,B17,2.0,9.0,250.0,23.0,4.0,,27.0,VISUAL
115821,179292.0,1944-12-04,8,GERMANY,MARSHALLING YARD,"""RR INSTALLATIONS,  TRACKS,  MARSHALLING YARDS,  AND STATIONS""",50.33,8.75,B17,2.0,12.0,255.0,30.0,6.0,,36.0,VISUAL
115846,179293.0,1944-12-04,8,GERMANY,MARSHALLING YARD,"""RR INSTALLATIONS,  TRACKS,  MARSHALLING YARDS,  AND STATIONS""",50.33,8.75,B17,2.0,12.0,240.0,30.0,6.0,,36.0,VISUAL
115830,179294.0,1944-12-04,8,GERMANY,MARSHALLING YARD,"""RR INSTALLATIONS,  TRACKS,  MARSHALLING YARDS,  AND STATIONS""",50.33,8.75,B17,2.0,3.0,250.0,8.0,2.0,,10.0,VISUAL
115831,179295.0,1944-12-04,8,GERMANY,MARSHALLING YARD,"""RR INSTALLATIONS,  TRACKS,  MARSHALLING YARDS,  AND STATIONS""",50.33,8.75,B17,2.0,11.0,250.0,26.0,6.0,,32.0,VISUAL
115832,179296.0,1944-12-04,8,GERMANY,MARSHALLING YARD,"""RR INSTALLATIONS,  TRACKS,  MARSHALLING YARDS,  AND STATIONS""",50.33,8.75,B17,2.0,11.0,250.0,31.0,,,31.0,VISUAL
115815,179297.0,1944-12-04,8,GERMANY,MARSHALLING YARD,"""RR INSTALLATIONS,  TRACKS,  MARSHALLING YARDS,  AND STATIONS""",50.33,8.75,B17,2.0,12.0,265.0,33.0,,,33.0,VISUAL
115816,179298.0,1944-12-04,8,GERMANY,MARSHALLING YARD,"""RR INSTALLATIONS,  TRACKS,  MARSHALLING YARDS,  AND STATIONS""",50.33,8.75,B17,2.0,11.0,262.0,30.0,,,30.0,VISUAL
115814,179299.0,1944-12-04,8,GERMANY,MARSHALLING YARD,"""RR INSTALLATIONS,  TRACKS,  MARSHALLING YARDS,  AND STATIONS""",50.33,8.75,B17,2.0,13.0,270.0,37.0,,,37.0,VISUAL
115833,179300.0,1944-12-04,8,GERMANY,MARSHALLING YARD,"""RR INSTALLATIONS,  TRACKS,  MARSHALLING YARDS,  AND STATIONS""",50.33,8.75,B17,2.0,13.0,250.0,37.0,,,37.0,VISUAL
115834,179301.0,1944-12-04,8,GERMANY,MARSHALLING YARD,"""RR INSTALLATIONS,  TRACKS,  MARSHALLING YARDS,  AND STATIONS""",50.55,9.67,B17,2.0,11.0,250.0,27.0,6.0,,33.0,F.F.F.
115822,179302.0,1944-12-04,8,GERMANY,MARSHALLING YARD,"""RR INSTALLATIONS,  TRACKS,  MARSHALLING YARDS,  AND STATIONS""",50.55,9.67,B17,2.0,13.0,255.0,30.0,6.0,,36.0,F.F.F.
115849,179303.0,1944-12-04,8,GERMANY,MARSHALLING YARD,"""RR INSTALLATIONS,  TRACKS,  MARSHALLING YARDS,  AND STATIONS""",50.6,8.68,B17,3.0,12.0,235.0,29.0,6.0,,35.0,F.F.F.
115823,179304.0,1944-12-04,8,GERMANY,MARSHALLING YARD,"""RR INSTALLATIONS,  TRACKS,  MARSHALLING YARDS,  AND STATIONS""",50.6,8.68,B17,3.0,13.0,255.0,32.0,7.0,,39.0,F.F.F.
115855,179305.0,1944-12-04,8,GERMANY,MARSHALLING YARD,"""RR INSTALLATIONS,  TRACKS,  MARSHALLING YARDS,  AND STATIONS""",50.6,8.68,B17,3.0,12.0,230.0,30.0,6.0,,36.0,F.F.F.
115835,179306.0,1944-12-04,8,GERMANY,MARSHALLING YARD,"""RR INSTALLATIONS,  TRACKS,  MARSHALLING YARDS,  AND STATIONS""",50.6,8.68,B17,3.0,12.0,250.0,30.0,5.0,,35.0,F.F.F.
115836,179307.0,1944-12-04,8,GERMANY,MARSHALLING YARD,"""RR INSTALLATIONS,  TRACKS,  MARSHALLING YARDS,  AND STATIONS""",50.6,8.68,B17,3.0,13.0,248.0,33.0,6.0,,39.0,F.F.F.
116651,113761.0,1944-12-05,15,GERMANY,TEGEL TANK PLANT,TANK FACTORIES,52.53,13.42,B17,3.0,12.0,280.0,27.0,,,27.0,F.F.F.
116693,113762.0,1944-12-05,15,GERMANY,TEGEL TANK PLANT,TANK FACTORIES,52.53,13.42,B17,3.0,12.0,265.0,30.0,,,30.0,F.F.F.
117033,113763.0,1944-12-05,15,GERMANY,TEGEL TANK PLANT,TANK FACTORIES,52.53,13.42,B17,3.0,10.0,254.0,25.0,,,25.0,F.F.F.
117069,113764.0,1944-12-05,15,GERMANY,TEGEL TANK PLANT,TANK FACTORIES,52.53,13.42,B17,3.0,10.0,237.0,15.0,10.0,,25.0,F.F.F.
117082,113765.0,1944-12-05,15,GERMANY,TEGEL TANK PLANT,TANK FACTORIES,52.53,13.42,B17,3.0,9.0,234.0,14.0,9.0,,23.0,F.F.F.
117065,113766.0,1944-12-05,15,GERMANY,TEGEL TANK PLANT,TANK FACTORIES,52.53,13.42,B17,3.0,12.0,244.0,17.0,10.0,,27.0,F.F.F.
116652,113767.0,1944-12-05,15,GERMANY,TEGEL TANK PLANT,TANK FACTORIES,52.53,13.42,B17,3.0,12.0,280.0,28.0,,,28.0,F.F.F.
116653,113768.0,1944-12-05,15,GERMANY,TEGEL TANK PLANT,TANK FACTORIES,52.53,13.42,B17,3.0,13.0,280.0,32.0,,,32.0,F.F.F.
117017,113769.0,1944-12-05,15,GERMANY,TEGEL TANK PLANT,TANK FACTORIES,52.53,13.42,B17,3.0,13.0,260.0,32.0,,,32.0,F.F.F.
116671,113770.0,1944-12-05,15,GERMANY,TEGEL TANK PLANT,TANK FACTORIES,52.53,13.42,B17,3.0,12.0,272.0,29.0,,,29.0,F.F.F.
117094,113771.0,1944-12-05,15,GERMANY,TEGEL TANK PLANT,TANK FACTORIES,52.53,13.42,B17,3.0,4.0,,19.0,,,19.0,NOT INDICATED
116694,113772.0,1944-12-05,15,GERMANY,TEGEL TANK PLANT,TANK FACTORIES,52.53,13.42,B17,3.0,5.0,265.0,,,9.0,9.0,F.F.F.
116663,113773.0,1944-12-05,15,GERMANY,TEGEL TANK PLANT,TANK FACTORIES,52.53,13.42,B17,3.0,10.0,275.0,25.0,,,25.0,F.F.F.
116689,113774.0,1944-12-05,15,GERMANY,TEGEL TANK PLANT,TANK FACTORIES,52.53,13.42,B17,3.0,12.0,267.0,29.0,,,29.0,F.F.F.
117005,113775.0,1944-12-05,15,GERMANY,TEGEL TANK PLANT,TANK FACTORIES,52.53,13.42,B17,3.0,16.0,263.0,38.0,,,38.0,F.F.F.
117086,113776.0,1944-12-05,15,GERMANY,TEGEL TANK PLANT,TANK FACTORIES,52.53,13.42,B17,3.0,10.0,233.0,14.0,10.0,,24.0,F.F.F.
117077,113777.0,1944-12-05,15,GERMANY,TEGEL TANK PLANT,TANK FACTORIES,52.53,13.42,B17,3.0,12.0,236.0,18.0,12.0,,30.0,F.F.F.
117006,113778.0,1944-12-05,15,GERMANY,TEGEL TANK PLANT,TANK FACTORIES,52.53,13.42,B17,3.0,12.0,263.0,18.0,12.0,,30.0,F.F.F.
117029,113779.0,1944-12-05,15,GERMANY,TEGEL TANK PLANT,TANK FACTORIES,52.53,13.42,B17,3.0,10.0,257.0,15.0,10.0,,25.0,F.F.F.
117001,113780.0,1944-12-05,15,GERMANY,TEGEL TANK PLANT,TANK FACTORIES,52.53,13.42,B17,3.0,10.0,264.0,14.0,9.0,,23.0,F.F.F.
117070,113781.0,1944-12-05,15,GERMANY,TEGEL TANK PLANT,TANK FACTORIES,52.53,13.42,B17,3.0,10.0,237.0,15.0,10.0,,25.0,F.F.F.
117090,113782.0,1944-12-05,15,GERMANY,TEGEL TANK PLANT,TANK FACTORIES,52.53,13.42,B17,3.0,12.0,232.0,18.0,12.0,,30.0,F.F.F.
117049,113783.0,1944-12-05,15,GERMANY,TEGEL TANK PLANT,TANK FACTORIES,52.53,13.42,B17,3.0,12.0,251.0,18.0,12.0,,30.0,F.F.F.
117007,113784.0,1944-12-05,15,GERMANY,TEGEL TANK PLANT,TANK FACTORIES,52.53,13.42,B17,3.0,11.0,263.0,25.0,,,25.0,F.F.F.
117045,113785.0,1944-12-05,15,GERMANY,TEGEL TANK PLANT,TANK FACTORIES,52.53,13.42,B17,3.0,13.0,253.0,30.0,,,30.0,F.F.F.
117053,113786.0,1944-12-05,15,GERMANY,TEGEL TANK PLANT,TANK FACTORIES,52.53,13.42,B17,3.0,11.0,249.0,17.0,11.0,,28.0,F.F.F.
117025,113787.0,1944-12-05,15,GERMANY,TEGEL TANK PLANT,TANK FACTORIES,52.53,13.42,B17,3.0,11.0,258.0,17.0,11.0,,28.0,F.F.F.
116681,113788.0,1944-12-05,15,GERMANY,TEGEL TANK PLANT,TANK FACTORIES,52.53,13.42,B17,3.0,10.0,268.0,15.0,10.0,,25.0,F.F.F.
117061,113789.0,1944-12-05,15,GERMANY,TEGEL TANK PLANT,TANK FACTORIES,52.53,13.42,B17,3.0,12.0,245.0,18.0,12.0,,30.0,F.F.F.
116675,113790.0,1944-12-05,15,GERMANY,TEGEL TANK PLANT,TANK FACTORIES,52.53,13.42,B17,3.0,11.0,270.0,16.0,11.0,,27.0,F.F.F.
116682,113791.0,1944-12-05,15,GERMANY,TEGEL TANK PLANT,TANK FACTORIES,52.53,13.42,B17,3.0,10.0,268.0,23.0,,,23.0,F.F.F.
116664,113792.0,1944-12-05,15,GERMANY,TEGEL TANK PLANT,TANK FACTORIES,52.53,13.42,B17,3.0,13.0,275.0,32.0,,,32.0,F.F.F.
117034,113793.0,1944-12-05,15,GERMANY,TEGEL TANK PLANT,TANK FACTORIES,52.53,13.42,B17,3.0,11.0,254.0,28.0,,,28.0,F.F.F.
117018,113794.0,1944-12-05,15,GERMANY,TEGEL TANK PLANT,TANK FACTORIES,52.53,13.42,B17,3.0,11.0,260.0,28.0,,,28.0,F.F.F.
117035,113795.0,1944-12-05,15,GERMANY,TEGEL TANK PLANT,TANK FACTORIES,52.53,13.42,B17,3.0,3.0,254.0,8.0,,,8.0,F.F.F.
117095,113796.0,1944-12-05,15,GERMANY,TEGEL TANK PLANT,TANK FACTORIES,52.53,13.42,B17,2.0,1.0,,1.0,1.0,,2.0,NOT INDICATED
117096,113797.0,1944-12-05,15,GERMANY,TEGEL TANK PLANT,TANK FACTORIES,52.53,13.42,B17,2.0,2.0,,3.0,2.0,,5.0,NOT INDICATED
117057,113798.0,1944-12-05,15,GERMANY,TEGEL TANK PLANT,TANK FACTORIES,52.53,13.42,B17,2.0,11.0,246.0,17.0,11.0,,28.0,F.F.F.
116654,113799.0,1944-12-05,15,GERMANY,TEGEL TANK PLANT,TANK FACTORIES,52.53,13.42,B17,3.0,12.0,280.0,27.0,,,27.0,F.F.F.
116695,113800.0,1944-12-05,15,GERMANY,TEGEL TANK PLANT,TANK FACTORIES,52.53,13.42,B17,3.0,12.0,265.0,30.0,,,30.0,F.F.F.
117036,113801.0,1944-12-05,15,GERMANY,TEGEL TANK PLANT,TANK FACTORIES,52.53,13.42,B17,3.0,10.0,254.0,25.0,,,25.0,F.F.F.
117071,113802.0,1944-12-05,15,GERMANY,TEGEL TANK PLANT,TANK FACTORIES,52.53,13.42,B17,3.0,10.0,237.0,15.0,10.0,,25.0,F.F.F.
117083,113803.0,1944-12-05,15,GERMANY,TEGEL TANK PLANT,TANK FACTORIES,52.53,13.42,B17,3.0,9.0,234.0,14.0,9.0,,23.0,F.F.F.
117066,113804.0,1944-12-05,15,GERMANY,TEGEL TANK PLANT,TANK FACTORIES,52.53,13.42,B17,3.0,12.0,244.0,17.0,10.0,,27.0,F.F.F.
116655,113805.0,1944-12-05,15,GERMANY,TEGEL TANK PLANT,TANK FACTORIES,52.53,13.42,B17,3.0,12.0,280.0,28.0,,,28.0,F.F.F.
116656,113806.0,1944-12-05,15,GERMANY,TEGEL TANK PLANT,TANK FACTORIES,52.53,13.42,B17,3.0,13.0,280.0,32.0,,,32.0,F.F.F.
117019,113807.0,1944-12-05,15,GERMANY,TEGEL TANK PLANT,TANK FACTORIES,52.53,13.42,B17,3.0,13.0,260.0,32.0,,,32.0,F.F.F.
116672,113808.0,1944-12-05,15,GERMANY,TEGEL TANK PLANT,TANK FACTORIES,52.53,13.42,B17,3.0,12.0,272.0,29.0,,,29.0,F.F.F.
117097,113809.0,1944-12-05,15,GERMANY,TEGEL TANK PLANT,TANK FACTORIES,52.53,13.42,B17,3.0,4.0,,19.0,,,19.0,NOT INDICATED
116696,113810.0,1944-12-05,15,GERMANY,TEGEL TANK PLANT,TANK FACTORIES,52.53,13.42,B17,3.0,5.0,265.0,,,9.0,9.0,F.F.F.
116665,113811.0,1944-12-05,15,GERMANY,TEGEL TANK PLANT,TANK FACTORIES,52.53,13.42,B17,3.0,10.0,275.0,25.0,,,25.0,F.F.F.
116690,113812.0,1944-12-05,15,GERMANY,TEGEL TANK PLANT,TANK FACTORIES,52.53,13.42,B17,3.0,12.0,267.0,29.0,,,29.0,F.F.F.
117008,113813.0,1944-12-05,15,GERMANY,TEGEL TANK PLANT,TANK FACTORIES,52.53,13.42,B17,3.0,16.0,263.0,38.0,,,38.0,F.F.F.
117087,113814.0,1944-12-05,15,GERMANY,TEGEL TANK PLANT,TANK FACTORIES,52.53,13.42,B17,3.0,10.0,233.0,14.0,10.0,,24.0,F.F.F.
117078,113815.0,1944-12-05,15,GERMANY,TEGEL TANK PLANT,TANK FACTORIES,52.53,13.42,B17,3.0,12.0,236.0,18.0,12.0,,30.0,F.F.F.
117009,113816.0,1944-12-05,15,GERMANY,TEGEL TANK PLANT,TANK FACTORIES,52.53,13.42,B17,3.0,12.0,263.0,18.0,12.0,,30.0,F.F.F.
117030,113817.0,1944-12-05,15,GERMANY,TEGEL TANK PLANT,TANK FACTORIES,52.53,13.42,B17,3.0,10.0,257.0,15.0,10.0,,25.0,F.F.F.
117002,113818.0,1944-12-05,15,GERMANY,TEGEL TANK PLANT,TANK FACTORIES,52.53,13.42,B17,3.0,10.0,264.0,14.0,9.0,,23.0,F.F.F.
117072,113819.0,1944-12-05,15,GERMANY,TEGEL TANK PLANT,TANK FACTORIES,52.53,13.42,B17,3.0,10.0,237.0,15.0,10.0,,25.0,F.F.F.
117091,113820.0,1944-12-05,15,GERMANY,TEGEL TANK PLANT,TANK FACTORIES,52.53,13.42,B17,3.0,12.0,232.0,18.0,12.0,,30.0,F.F.F.
117050,113821.0,1944-12-05,15,GERMANY,TEGEL TANK PLANT,TANK FACTORIES,52.53,13.42,B17,3.0,12.0,251.0,18.0,12.0,,30.0,F.F.F.
117010,113822.0,1944-12-05,15,GERMANY,TEGEL TANK PLANT,TANK FACTORIES,52.53,13.42,B17,3.0,11.0,263.0,25.0,,,25.0,F.F.F.
117046,113823.0,1944-12-05,15,GERMANY,TEGEL TANK PLANT,TANK FACTORIES,52.53,13.42,B17,3.0,13.0,253.0,30.0,,,30.0,F.F.F.
117054,113824.0,1944-12-05,15,GERMANY,TEGEL TANK PLANT,TANK FACTORIES,52.53,13.42,B17,3.0,11.0,249.0,17.0,11.0,,28.0,F.F.F.
117026,113825.0,1944-12-05,15,GERMANY,TEGEL TANK PLANT,TANK FACTORIES,52.53,13.42,B17,3.0,11.0,258.0,17.0,11.0,,28.0,F.F.F.
116683,113826.0,1944-12-05,15,GERMANY,TEGEL TANK PLANT,TANK FACTORIES,52.53,13.42,B17,3.0,10.0,268.0,15.0,10.0,,25.0,F.F.F.
117062,113827.0,1944-12-05,15,GERMANY,TEGEL TANK PLANT,TANK FACTORIES,52.53,13.42,B17,3.0,12.0,245.0,18.0,12.0,,30.0,F.F.F.
116676,113828.0,1944-12-05,15,GERMANY,TEGEL TANK PLANT,TANK FACTORIES,52.53,13.42,B17,3.0,11.0,270.0,16.0,11.0,,27.0,F.F.F.
116684,113829.0,1944-12-05,15,GERMANY,TEGEL TANK PLANT,TANK FACTORIES,52.53,13.42,B17,3.0,10.0,268.0,23.0,,,23.0,F.F.F.
116666,113830.0,1944-12-05,15,GERMANY,TEGEL TANK PLANT,TANK FACTORIES,52.53,13.42,B17,3.0,13.0,275.0,32.0,,,32.0,F.F.F.
117037,113831.0,1944-12-05,15,GERMANY,TEGEL TANK PLANT,TANK FACTORIES,52.53,13.42,B17,3.0,11.0,254.0,28.0,,,28.0,F.F.F.
116677,113832.0,1944-12-05,15,GERMANY,TEGEL TANK PLANT,TANK FACTORIES,52.53,13.42,B17,3.0,11.0,270.0,28.0,,,28.0,F.F.F.
117020,113833.0,1944-12-05,15,GERMANY,TEGEL TANK PLANT,TANK FACTORIES,52.53,13.42,B17,3.0,11.0,260.0,28.0,,,28.0,F.F.F.
117038,113834.0,1944-12-05,15,GERMANY,TEGEL TANK PLANT,TANK FACTORIES,52.53,13.42,B17,3.0,3.0,254.0,8.0,,,8.0,F.F.F.
117098,113835.0,1944-12-05,15,GERMANY,TEGEL TANK PLANT,TANK FACTORIES,52.53,13.42,B17,2.0,1.0,,1.0,1.0,,2.0,NOT INDICATED
117099,113836.0,1944-12-05,15,GERMANY,TEGEL TANK PLANT,TANK FACTORIES,52.53,13.42,B17,2.0,2.0,,3.0,2.0,,5.0,NOT INDICATED
117058,113837.0,1944-12-05,15,GERMANY,TEGEL TANK PLANT,TANK FACTORIES,52.53,13.42,B17,2.0,11.0,246.0,17.0,11.0,,28.0,F.F.F.
116657,179374.0,1944-12-05,15,GERMANY,TEGEL TANK PLANT,TANK FACTORIES,52.53,13.42,B17,3.0,12.0,280.0,27.0,,,27.0,F.F.F.
116697,179375.0,1944-12-05,15,GERMANY,TEGEL TANK PLANT,TANK FACTORIES,52.53,13.42,B17,3.0,12.0,265.0,30.0,,,30.0,F.F.F.
117039,179376.0,1944-12-05,15,GERMANY,TEGEL TANK PLANT,TANK FACTORIES,52.53,13.42,B17,3.0,10.0,254.0,25.0,,,25.0,F.F.F.
117073,179377.0,1944-12-05,15,GERMANY,TEGEL TANK PLANT,TANK FACTORIES,52.53,13.42,B17,3.0,10.0,237.0,15.0,10.0,,25.0,F.F.F.
117084,179378.0,1944-12-05,15,GERMANY,TEGEL TANK PLANT,TANK FACTORIES,52.53,13.42,B17,3.0,9.0,234.0,14.0,9.0,,23.0,F.F.F.
117067,179379.0,1944-12-05,15,GERMANY,TEGEL TANK PLANT,TANK FACTORIES,52.53,13.42,B17,3.0,12.0,244.0,17.0,10.0,,27.0,F.F.F.
116658,179380.0,1944-12-05,15,GERMANY,TEGEL TANK PLANT,TANK FACTORIES,52.53,13.42,B17,3.0,12.0,280.0,28.0,,,28.0,F.F.F.
116659,179381.0,1944-12-05,15,GERMANY,TEGEL TANK PLANT,TANK FACTORIES,52.53,13.42,B17,3.0,13.0,280.0,32.0,,,32.0,F.F.F.
117021,179382.0,1944-12-05,15,GERMANY,TEGEL TANK PLANT,TANK FACTORIES,52.53,13.42,B17,3.0,13.0,260.0,32.0,,,32.0,F.F.F.
116673,179383.0,1944-12-05,15,GERMANY,TEGEL TANK PLANT,TANK FACTORIES,52.53,13.42,B17,3.0,12.0,272.0,29.0,,,29.0,F.F.F.
117100,179384.0,1944-12-05,15,GERMANY,TEGEL TANK PLANT,TANK FACTORIES,52.53,13.42,B17,3.0,4.0,,19.0,,,19.0,NOT INDICATED
116698,179385.0,1944-12-05,15,GERMANY,TEGEL TANK PLANT,TANK FACTORIES,52.53,13.42,B17,3.0,5.0,265.0,,,9.0,9.0,F.F.F.
116667,179386.0,1944-12-05,15,GERMANY,TEGEL TANK PLANT,TANK FACTORIES,52.53,13.42,B17,3.0,10.0,275.0,25.0,,,25.0,F.F.F.
116691,179387.0,1944-12-05,15,GERMANY,TEGEL TANK PLANT,TANK FACTORIES,52.53,13.42,B17,3.0,12.0,267.0,29.0,,,29.0,F.F.F.
117011,179388.0,1944-12-05,15,GERMANY,TEGEL TANK PLANT,TANK FACTORIES,52.53,13.42,B17,3.0,16.0,263.0,38.0,,,38.0,F.F.F.
117088,179389.0,1944-12-05,15,GERMANY,TEGEL TANK PLANT,TANK FACTORIES,52.53,13.42,B17,3.0,10.0,233.0,14.0,10.0,,24.0,F.F.F.
117079,179390.0,1944-12-05,15,GERMANY,TEGEL TANK PLANT,TANK FACTORIES,52.53,13.42,B17,3.0,12.0,236.0,18.0,12.0,,30.0,F.F.F.
117012,179391.0,1944-12-05,15,GERMANY,TEGEL TANK PLANT,TANK FACTORIES,52.53,13.42,B17,3.0,12.0,263.0,18.0,12.0,,30.0,F.F.F.
117031,179392.0,1944-12-05,15,GERMANY,TEGEL TANK PLANT,TANK FACTORIES,52.53,13.42,B17,3.0,10.0,257.0,15.0,10.0,,25.0,F.F.F.
117003,179393.0,1944-12-05,15,GERMANY,TEGEL TANK PLANT,TANK FACTORIES,52.53,13.42,B17,3.0,10.0,264.0,14.0,9.0,,23.0,F.F.F.
117074,179394.0,1944-12-05,15,GERMANY,TEGEL TANK PLANT,TANK FACTORIES,52.53,13.42,B17,3.0,10.0,237.0,15.0,10.0,,25.0,F.F.F.
117092,179395.0,1944-12-05,15,GERMANY,TEGEL TANK PLANT,TANK FACTORIES,52.53,13.42,B17,3.0,12.0,232.0,18.0,12.0,,30.0,F.F.F.
117051,179396.0,1944-12-05,15,GERMANY,TEGEL TANK PLANT,TANK FACTORIES,52.53,13.42,B17,3.0,12.0,251.0,18.0,12.0,,30.0,F.F.F.
117013,179397.0,1944-12-05,15,GERMANY,TEGEL TANK PLANT,TANK FACTORIES,52.53,13.42,B17,3.0,11.0,263.0,25.0,,,25.0,F.F.F.
117047,179398.0,1944-12-05,15,GERMANY,TEGEL TANK PLANT,TANK FACTORIES,52.53,13.42,B17,3.0,13.0,253.0,30.0,,,30.0,F.F.F.
117055,179399.0,1944-12-05,15,GERMANY,TEGEL TANK PLANT,TANK FACTORIES,52.53,13.42,B17,3.0,11.0,249.0,17.0,11.0,,28.0,F.F.F.
117027,179400.0,1944-12-05,15,GERMANY,TEGEL TANK PLANT,TANK FACTORIES,52.53,13.42,B17,3.0,11.0,258.0,17.0,11.0,,28.0,F.F.F.
116685,179401.0,1944-12-05,15,GERMANY,TEGEL TANK PLANT,TANK FACTORIES,52.53,13.42,B17,3.0,10.0,268.0,15.0,10.0,,25.0,F.F.F.
117063,179402.0,1944-12-05,15,GERMANY,TEGEL TANK PLANT,TANK FACTORIES,52.53,13.42,B17,3.0,12.0,245.0,18.0,12.0,,30.0,F.F.F.
116678,179403.0,1944-12-05,15,GERMANY,TEGEL TANK PLANT,TANK FACTORIES,52.53,13.42,B17,3.0,11.0,270.0,16.0,11.0,,27.0,F.F.F.
116686,179404.0,1944-12-05,15,GERMANY,TEGEL TANK PLANT,TANK FACTORIES,52.53,13.42,B17,3.0,10.0,268.0,23.0,,,23.0,F.F.F.
116668,179405.0,1944-12-05,15,GERMANY,TEGEL TANK PLANT,TANK FACTORIES,52.53,13.42,B17,3.0,13.0,275.0,32.0,,,32.0,F.F.F.
117040,179406.0,1944-12-05,15,GERMANY,TEGEL TANK PLANT,TANK FACTORIES,52.53,13.42,B17,3.0,11.0,254.0,28.0,,,28.0,F.F.F.
116679,179407.0,1944-12-05,15,GERMANY,TEGEL TANK PLANT,TANK FACTORIES,52.53,13.42,B17,3.0,11.0,270.0,28.0,,,28.0,F.F.F.
117022,179408.0,1944-12-05,15,GERMANY,TEGEL TANK PLANT,TANK FACTORIES,52.53,13.42,B17,3.0,11.0,260.0,28.0,,,28.0,F.F.F.
117041,179409.0,1944-12-05,15,GERMANY,TEGEL TANK PLANT,TANK FACTORIES,52.53,13.42,B17,3.0,3.0,254.0,8.0,,,8.0,F.F.F.
117401,179410.0,1944-12-05,15,GERMANY,TEGEL TANK PLANT,TANK FACTORIES,52.53,13.42,B17,2.0,1.0,,1.0,1.0,,2.0,NOT INDICATED
117402,179411.0,1944-12-05,15,GERMANY,TEGEL TANK PLANT,TANK FACTORIES,52.53,13.42,B17,2.0,2.0,,3.0,2.0,,5.0,NOT INDICATED
117059,179412.0,1944-12-05,15,GERMANY,TEGEL TANK PLANT,TANK FACTORIES,52.53,13.42,B17,2.0,11.0,246.0,17.0,11.0,,28.0,F.F.F.
116660,179413.0,1944-12-05,15,GERMANY,TEGEL TANK PLANT,TANK FACTORIES,52.53,13.42,B17,3.0,12.0,280.0,27.0,,,27.0,F.F.F.
116699,179414.0,1944-12-05,15,GERMANY,TEGEL TANK PLANT,TANK FACTORIES,52.53,13.42,B17,3.0,12.0,265.0,30.0,,,30.0,F.F.F.
117042,179415.0,1944-12-05,15,GERMANY,TEGEL TANK PLANT,TANK FACTORIES,52.53,13.42,B17,3.0,10.0,254.0,25.0,,,25.0,F.F.F.
117075,179416.0,1944-12-05,15,GERMANY,TEGEL TANK PLANT,TANK FACTORIES,52.53,13.42,B17,3.0,10.0,237.0,15.0,10.0,,25.0,F.F.F.
117085,179417.0,1944-12-05,15,GERMANY,TEGEL TANK PLANT,TANK FACTORIES,52.53,13.42,B17,3.0,9.0,234.0,14.0,9.0,,23.0,F.F.F.
117068,179418.0,1944-12-05,15,GERMANY,TEGEL TANK PLANT,TANK FACTORIES,52.53,13.42,B17,3.0,12.0,244.0,17.0,10.0,,27.0,F.F.F.
116661,179419.0,1944-12-05,15,GERMANY,TEGEL TANK PLANT,TANK FACTORIES,52.53,13.42,B17,3.0,12.0,280.0,28.0,,,28.0,F.F.F.
116662,179420.0,1944-12-05,15,GERMANY,TEGEL TANK PLANT,TANK FACTORIES,52.53,13.42,B17,3.0,13.0,280.0,32.0,,,32.0,F.F.F.
117023,179421.0,1944-12-05,15,GERMANY,TEGEL TANK PLANT,TANK FACTORIES,52.53,13.42,B17,3.0,13.0,260.0,32.0,,,32.0,F.F.F.
116674,179422.0,1944-12-05,15,GERMANY,TEGEL TANK PLANT,TANK FACTORIES,52.53,13.42,B17,3.0,12.0,272.0,29.0,,,29.0,F.F.F.
117403,179423.0,1944-12-05,15,GERMANY,TEGEL TANK PLANT,TANK FACTORIES,52.53,13.42,B17,3.0,4.0,,19.0,,,19.0,NOT INDICATED
116700,179424.0,1944-12-05,15,GERMANY,TEGEL TANK PLANT,TANK FACTORIES,52.53,13.42,B17,3.0,5.0,265.0,,,9.0,9.0,F.F.F.
116669,179425.0,1944-12-05,15,GERMANY,TEGEL TANK PLANT,TANK FACTORIES,52.53,13.42,B17,3.0,10.0,275.0,25.0,,,25.0,F.F.F.
116692,179426.0,1944-12-05,15,GERMANY,TEGEL TANK PLANT,TANK FACTORIES,52.53,13.42,B17,3.0,12.0,267.0,29.0,,,29.0,F.F.F.
117014,179427.0,1944-12-05,15,GERMANY,TEGEL TANK PLANT,TANK FACTORIES,52.53,13.42,B17,3.0,16.0,263.0,38.0,,,38.0,F.F.F.
117089,179428.0,1944-12-05,15,GERMANY,TEGEL TANK PLANT,TANK FACTORIES,52.53,13.42,B17,3.0,10.0,233.0,14.0,10.0,,24.0,F.F.F.
117080,179429.0,1944-12-05,15,GERMANY,TEGEL TANK PLANT,TANK FACTORIES,52.53,13.42,B17,3.0,12.0,236.0,18.0,12.0,,30.0,F.F.F.
117015,179430.0,1944-12-05,15,GERMANY,TEGEL TANK PLANT,TANK FACTORIES,52.53,13.42,B17,3.0,12.0,263.0,18.0,12.0,,30.0,F.F.F.
117032,179431.0,1944-12-05,15,GERMANY,TEGEL TANK PLANT,TANK FACTORIES,52.53,13.42,B17,3.0,10.0,257.0,15.0,10.0,,25.0,F.F.F.
117004,179432.0,1944-12-05,15,GERMANY,TEGEL TANK PLANT,TANK FACTORIES,52.53,13.42,B17,3.0,10.0,264.0,14.0,9.0,,23.0,F.F.F.
117076,179433.0,1944-12-05,15,GERMANY,TEGEL TANK PLANT,TANK FACTORIES,52.53,13.42,B17,3.0,10.0,237.0,15.0,10.0,,25.0,F.F.F.
117093,179434.0,1944-12-05,15,GERMANY,TEGEL TANK PLANT,TANK FACTORIES,52.53,13.42,B17,3.0,12.0,232.0,18.0,12.0,,30.0,F.F.F.
117052,179435.0,1944-12-05,15,GERMANY,TEGEL TANK PLANT,TANK FACTORIES,52.53,13.42,B17,3.0,12.0,251.0,18.0,12.0,,30.0,F.F.F.
117016,179436.0,1944-12-05,15,GERMANY,TEGEL TANK PLANT,TANK FACTORIES,52.53,13.42,B17,3.0,11.0,263.0,25.0,,,25.0,F.F.F.
117048,179437.0,1944-12-05,15,GERMANY,TEGEL TANK PLANT,TANK FACTORIES,52.53,13.42,B17,3.0,13.0,253.0,30.0,,,30.0,F.F.F.
117056,179438.0,1944-12-05,15,GERMANY,TEGEL TANK PLANT,TANK FACTORIES,52.53,13.42,B17,3.0,11.0,249.0,17.0,11.0,,28.0,F.F.F.
117028,179439.0,1944-12-05,15,GERMANY,TEGEL TANK PLANT,TANK FACTORIES,52.53,13.42,B17,3.0,11.0,258.0,17.0,11.0,,28.0,F.F.F.
116687,179440.0,1944-12-05,15,GERMANY,TEGEL TANK PLANT,TANK FACTORIES,52.53,13.42,B17,3.0,10.0,268.0,15.0,10.0,,25.0,F.F.F.
117064,179441.0,1944-12-05,15,GERMANY,TEGEL TANK PLANT,TANK FACTORIES,52.53,13.42,B17,3.0,12.0,245.0,18.0,12.0,,30.0,F.F.F.
116680,179442.0,1944-12-05,15,GERMANY,TEGEL TANK PLANT,TANK FACTORIES,52.53,13.42,B17,3.0,11.0,270.0,16.0,11.0,,27.0,F.F.F.
116688,179443.0,1944-12-05,15,GERMANY,TEGEL TANK PLANT,TANK FACTORIES,52.53,13.42,B17,3.0,10.0,268.0,23.0,,,23.0,F.F.F.
116670,179444.0,1944-12-05,15,GERMANY,TEGEL TANK PLANT,TANK FACTORIES,52.53,13.42,B17,3.0,13.0,275.0,32.0,,,32.0,F.F.F.
117043,179445.0,1944-12-05,15,GERMANY,TEGEL TANK PLANT,TANK FACTORIES,52.53,13.42,B17,3.0,11.0,254.0,28.0,,,28.0,F.F.F.
117024,179446.0,1944-12-05,15,GERMANY,TEGEL TANK PLANT,TANK FACTORIES,52.53,13.42,B17,3.0,11.0,260.0,28.0,,,28.0,F.F.F.
117044,179447.0,1944-12-05,15,GERMANY,TEGEL TANK PLANT,TANK FACTORIES,52.53,13.42,B17,3.0,3.0,254.0,8.0,,,8.0,F.F.F.
117404,179448.0,1944-12-05,15,GERMANY,TEGEL TANK PLANT,TANK FACTORIES,52.53,13.42,B17,2.0,1.0,,1.0,1.0,,2.0,NOT INDICATED
117405,179449.0,1944-12-05,15,GERMANY,TEGEL TANK PLANT,TANK FACTORIES,52.53,13.42,B17,2.0,2.0,,3.0,2.0,,5.0,NOT INDICATED
117060,179450.0,1944-12-05,15,GERMANY,TEGEL TANK PLANT,TANK FACTORIES,52.53,13.42,B17,2.0,11.0,246.0,17.0,11.0,,28.0,F.F.F.
117409,179452.0,1944-12-05,8,GERMANY,R R,"""RR INSTALLATIONS,  TRACKS,  MARSHALLING YARDS,  AND STATIONS""",50.13,8.46,B24,4.0,2.0,235.0,3.0,,,3.0,F.F.F.
117412,179453.0,1944-12-05,8,GERMANY,R R,"""RR INSTALLATIONS,  TRACKS,  MARSHALLING YARDS,  AND STATIONS""",50.13,8.46,B24,4.0,11.0,,29.0,,,29.0,NOT INDICATED
117408,179454.0,1944-12-05,8,GERMANY,R R,"""RR INSTALLATIONS,  TRACKS,  MARSHALLING YARDS,  AND STATIONS""",50.13,8.46,B24,4.0,9.0,238.0,27.0,,,27.0,F.F.F.
117406,179455.0,1944-12-05,8,GERMANY,R R,"""RR INSTALLATIONS,  TRACKS,  MARSHALLING YARDS,  AND STATIONS""",50.13,8.46,B24,4.0,12.0,240.0,25.0,,,25.0,F.F.F.
117413,179456.0,1944-12-05,8,GERMANY,R R,"""RR INSTALLATIONS,  TRACKS,  MARSHALLING YARDS,  AND STATIONS""",50.13,8.46,B24,4.0,10.0,,30.0,,,30.0,NOT INDICATED
117414,179457.0,1944-12-05,8,GERMANY,R R,"""RR INSTALLATIONS,  TRACKS,  MARSHALLING YARDS,  AND STATIONS""",50.13,8.46,B24,4.0,10.0,,28.0,,,28.0,NOT INDICATED
117407,179458.0,1944-12-05,8,GERMANY,R R,"""RR INSTALLATIONS,  TRACKS,  MARSHALLING YARDS,  AND STATIONS""",50.13,8.46,B24,4.0,7.0,240.0,18.0,,,18.0,F.F.F.
117415,179459.0,1944-12-05,8,GERMANY,R R,"""RR INSTALLATIONS,  TRACKS,  MARSHALLING YARDS,  AND STATIONS""",50.13,8.46,B24,4.0,10.0,,28.0,,,28.0,NOT INDICATED
117416,179460.0,1944-12-05,8,GERMANY,R R,"""RR INSTALLATIONS,  TRACKS,  MARSHALLING YARDS,  AND STATIONS""",50.13,8.46,B24,4.0,10.0,,29.0,,,29.0,NOT INDICATED
117411,179461.0,1944-12-05,8,GERMANY,R R,"""RR INSTALLATIONS,  TRACKS,  MARSHALLING YARDS,  AND STATIONS""",50.13,8.46,B24,4.0,9.0,220.0,22.0,,,22.0,F.F.F.
117410,179462.0,1944-12-05,8,GERMANY,R R,"""RR INSTALLATIONS,  TRACKS,  MARSHALLING YARDS,  AND STATIONS""",50.13,8.46,B24,3.0,10.0,234.0,28.0,,,28.0,F.F.F.
117417,179463.0,1944-12-05,8,GERMANY,R R,"""RR INSTALLATIONS,  TRACKS,  MARSHALLING YARDS,  AND STATIONS""",50.13,8.46,B24,3.0,8.0,,23.0,,,23.0,NOT INDICATED
117848,113845.0,1944-12-06,8,GERMANY,WINTERSHALL SYN OIL,OIL REFINERIES,51.3,11.85,B17,2.0,10.0,255.0,25.0,,,25.0,F.F.F.
117844,113901.0,1944-12-06,15,AUSTRIA,UNIDENTIFIED TARGET,UNIDENTIFIED TARGETS,47.33,16.67,B24,2.0,1.0,,2.0,,,2.0,NOT INDICATED
117842,113902.0,1944-12-06,15,CZECHOSLOVAKIA,UNIDENTIFIED TARGET,UNIDENTIFIED TARGETS,48.15,17.12,B24,2.0,8.0,,20.0,,,20.0,NOT INDICATED
117845,179464.0,1944-12-06,15,AUSTRIA,UNIDENTIFIED TARGET,UNIDENTIFIED TARGETS,47.33,16.67,B24,2.0,1.0,,2.0,,,2.0,NOT INDICATED
117843,179465.0,1944-12-06,15,CZECHOSLOVAKIA,UNIDENTIFIED TARGET,UNIDENTIFIED TARGETS,48.15,17.12,B24,2.0,8.0,,20.0,,,20.0,NOT INDICATED
117870,179477.0,1944-12-06,8,GERMANY,UNIDENTIFIED TARGET,UNIDENTIFIED TARGETS,51.37,9.4,B17,2.0,2.0,,1.0,,,1.0,NOT INDICATED
117846,179483.0,1944-12-06,15,AUSTRIA,UNIDENTIFIED TARGET,UNIDENTIFIED TARGETS,47.33,16.67,B24,2.0,1.0,,2.0,,,2.0,NOT INDICATED
117841,179484.0,1944-12-06,15,CZECHOSLOVAKIA,UNIDENTIFIED TARGET,UNIDENTIFIED TARGETS,48.15,17.12,B24,2.0,8.0,,20.0,,,20.0,NOT INDICATED
117871,179497.0,1944-12-06,8,GERMANY,UNIDENTIFIED TARGET,UNIDENTIFIED TARGETS,51.37,9.4,B17,2.0,2.0,,1.0,,,1.0,NOT INDICATED
117849,179503.0,1944-12-06,8,GERMANY,WINTERSHALL SYN OIL,OIL REFINERIES,51.3,11.85,B17,2.0,10.0,255.0,25.0,,,25.0,F.F.F.
117839,179548.0,1944-12-06,15,CZECHOSLOVAKIA,RANGIER MY,"""RR INSTALLATIONS,  TRACKS,  MARSHALLING YARDS,  AND STATIONS""",48.15,17.12,B24,4.0,14.0,212.0,34.0,,,34.0,VISUAL
117840,179549.0,1944-12-06,15,CZECHOSLOVAKIA,MARSHALLING YARDS,"""RR INSTALLATIONS,  TRACKS,  MARSHALLING YARDS,  AND STATIONS""",48.22,16.96,B24,2.0,25.0,210.0,61.0,,,61.0,NOT INDICATED
117850,179550.0,1944-12-06,8,GERMANY,MARSHALLING YARD,"""RR INSTALLATIONS,  TRACKS,  MARSHALLING YARDS,  AND STATIONS""",52.03,8.53,B24,3.0,11.0,215.0,39.0,,,39.0,F.F.F.
117854,179551.0,1944-12-06,8,GERMANY,MARSHALLING YARD,"""RR INSTALLATIONS,  TRACKS,  MARSHALLING YARDS,  AND STATIONS""",52.03,8.53,B24,3.0,10.0,202.0,30.0,,,30.0,F.F.F.
117857,179552.0,1944-12-06,8,GERMANY,MARSHALLING YARD,"""RR INSTALLATIONS,  TRACKS,  MARSHALLING YARDS,  AND STATIONS""",52.03,8.53,B24,3.0,10.0,,35.0,,,35.0,NOT INDICATED
117851,179553.0,1944-12-06,8,GERMANY,MARSHALLING YARD,"""RR INSTALLATIONS,  TRACKS,  MARSHALLING YARDS,  AND STATIONS""",52.03,8.53,B24,3.0,8.0,210.0,28.0,,,28.0,F.F.F.
117858,179554.0,1944-12-06,8,GERMANY,MARSHALLING YARD,"""RR INSTALLATIONS,  TRACKS,  MARSHALLING YARDS,  AND STATIONS""",52.03,8.53,B24,3.0,9.0,,35.0,,,35.0,NOT INDICATED
117852,179555.0,1944-12-06,8,GERMANY,MARSHALLING YARD,"""RR INSTALLATIONS,  TRACKS,  MARSHALLING YARDS,  AND STATIONS""",52.03,8.53,B24,3.0,7.0,210.0,26.0,,,26.0,F.F.F.
117859,179556.0,1944-12-06,8,GERMANY,MARSHALLING YARD,"""RR INSTALLATIONS,  TRACKS,  MARSHALLING YARDS,  AND STATIONS""",52.03,8.53,B24,3.0,9.0,,33.0,,,33.0,NOT INDICATED
117855,179557.0,1944-12-06,8,GERMANY,MARSHALLING YARD,"""RR INSTALLATIONS,  TRACKS,  MARSHALLING YARDS,  AND STATIONS""",52.03,8.53,B24,3.0,10.0,192.0,36.0,,,36.0,F.F.F.
117860,179558.0,1944-12-06,8,GERMANY,MARSHALLING YARD,"""RR INSTALLATIONS,  TRACKS,  MARSHALLING YARDS,  AND STATIONS""",52.03,8.53,B24,3.0,,,31.0,,,31.0,NOT INDICATED
117861,179559.0,1944-12-06,8,GERMANY,MARSHALLING YARD,"""RR INSTALLATIONS,  TRACKS,  MARSHALLING YARDS,  AND STATIONS""",52.03,8.53,B24,3.0,9.0,,1.0,,,1.0,NOT INDICATED
117862,179560.0,1944-12-06,8,GERMANY,MARSHALLING YARD,"""RR INSTALLATIONS,  TRACKS,  MARSHALLING YARDS,  AND STATIONS""",52.03,8.53,B24,3.0,,,27.0,,,27.0,NOT INDICATED
117853,179561.0,1944-12-06,8,GERMANY,MARSHALLING YARD,"""RR INSTALLATIONS,  TRACKS,  MARSHALLING YARDS,  AND STATIONS""",52.03,8.53,B24,3.0,10.0,210.0,1.0,,,1.0,F.F.F.
117863,179562.0,1944-12-06,8,GERMANY,MARSHALLING YARD,"""RR INSTALLATIONS,  TRACKS,  MARSHALLING YARDS,  AND STATIONS""",52.03,8.53,B24,3.0,10.0,,32.0,,,32.0,NOT INDICATED
117864,179563.0,1944-12-06,8,GERMANY,MARSHALLING YARD,"""RR INSTALLATIONS,  TRACKS,  MARSHALLING YARDS,  AND STATIONS""",52.03,8.53,B24,3.0,,,29.0,,,29.0,NOT INDICATED
117865,179564.0,1944-12-06,8,GERMANY,MARSHALLING YARD,"""RR INSTALLATIONS,  TRACKS,  MARSHALLING YARDS,  AND STATIONS""",52.03,8.53,B24,3.0,10.0,,1.0,,,1.0,NOT INDICATED
119186,113903.0,1944-12-07,15,AUSTRIA,UNIDENTIFIED TARGET,UNIDENTIFIED TARGETS,46.8,13.5,B17,2.0,1.0,238.0,3.0,,,3.0,NOT INDICATED
119195,113906.0,1944-12-07,12,AUSTRIA,CITY AREA,CITIES TOWNS AND URBAN AREAS,46.63,14.3,B24,3.0,1.0,243.0,2.0,,,2.0,F.F.F.
119502,113907.0,1944-12-07,12,AUSTRIA,CITY AREA,CITIES TOWNS AND URBAN AREAS,46.63,14.3,B24,2.0,1.0,225.0,2.0,,,2.0,NOT INDICATED
119199,113908.0,1944-12-07,12,AUSTRIA,CITY AREA,CITIES TOWNS AND URBAN AREAS,46.83,12.77,B24,3.0,1.0,227.0,2.0,,,2.0,NOT INDICATED
119192,113909.0,1944-12-07,12,AUSTRIA,CITY AREA,CITIES TOWNS AND URBAN AREAS,46.83,12.77,B24,2.0,1.0,250.0,2.0,,,2.0,VISUAL
119187,179597.0,1944-12-07,15,AUSTRIA,UNIDENTIFIED TARGET,UNIDENTIFIED TARGETS,46.8,13.5,B17,2.0,1.0,238.0,3.0,,,3.0,NOT INDICATED
119196,179600.0,1944-12-07,12,AUSTRIA,CITY AREA,CITIES TOWNS AND URBAN AREAS,46.63,14.3,B24,3.0,1.0,243.0,2.0,,,2.0,F.F.F.
119503,179601.0,1944-12-07,12,AUSTRIA,CITY AREA,CITIES TOWNS AND URBAN AREAS,46.63,14.3,B24,2.0,1.0,225.0,2.0,,,2.0,NOT INDICATED
119200,179602.0,1944-12-07,12,AUSTRIA,CITY AREA,CITIES TOWNS AND URBAN AREAS,46.83,12.77,B24,3.0,1.0,227.0,2.0,,,2.0,NOT INDICATED
119193,179603.0,1944-12-07,12,AUSTRIA,CITY AREA,CITIES TOWNS AND URBAN AREAS,46.83,12.77,B24,2.0,1.0,250.0,2.0,,,2.0,VISUAL
119197,179604.0,1944-12-07,12,AUSTRIA,CITY AREA,CITIES TOWNS AND URBAN AREAS,46.63,14.3,B24,3.0,1.0,243.0,2.0,,,2.0,F.F.F.
119504,179605.0,1944-12-07,12,AUSTRIA,CITY AREA,CITIES TOWNS AND URBAN AREAS,46.63,14.3,B24,2.0,1.0,225.0,2.0,,,2.0,NOT INDICATED
119501,179606.0,1944-12-07,12,AUSTRIA,CITY AREA,CITIES TOWNS AND URBAN AREAS,46.83,12.77,B24,3.0,1.0,227.0,2.0,,,2.0,NOT INDICATED
119194,179607.0,1944-12-07,12,AUSTRIA,CITY AREA,CITIES TOWNS AND URBAN AREAS,46.83,12.77,B24,2.0,1.0,250.0,2.0,,,2.0,VISUAL
119188,179608.0,1944-12-07,15,GERMANY,UNIDENTIFIED TARGET,UNIDENTIFIED TARGETS,46.8,13.5,B17,2.0,1.0,238.0,3.0,,,3.0,NOT INDICATED
119182,179611.0,1944-12-07,15,AUSTRIA,MARSHALLING YARDS,"""RR INSTALLATIONS,  TRACKS,  MARSHALLING YARDS,  AND STATIONS""",47.27,11.38,B24,4.0,1.0,255.0,2.0,,,2.0,NOT INDICATED
119181,179612.0,1944-12-07,15,AUSTRIA,MARSHALLING YARDS,"""RR INSTALLATIONS,  TRACKS,  MARSHALLING YARDS,  AND STATIONS""",47.27,11.38,B24,4.0,1.0,260.0,2.0,,,2.0,F.F.F.
119183,179613.0,1944-12-07,15,AUSTRIA,MARSHALLING YARDS,"""RR INSTALLATIONS,  TRACKS,  MARSHALLING YARDS,  AND STATIONS""",47.27,11.38,B24,4.0,1.0,246.0,2.0,,,2.0,NOT INDICATED
119184,179614.0,1944-12-07,15,AUSTRIA,MARSHALLING YARDS,"""RR INSTALLATIONS,  TRACKS,  MARSHALLING YARDS,  AND STATIONS""",47.27,11.38,B24,4.0,1.0,240.0,2.0,,,2.0,F.F.F.
119505,179615.0,1944-12-07,12,AUSTRIA,RR,"""RR INSTALLATIONS,  TRACKS,  MARSHALLING YARDS,  AND STATIONS""",46.63,14.3,B17,4.0,2.0,225.0,5.0,,,5.0,F.F.F.
119506,179616.0,1944-12-07,12,AUSTRIA,RR,"""RR INSTALLATIONS,  TRACKS,  MARSHALLING YARDS,  AND STATIONS""",46.63,14.3,B24,4.0,1.0,,2.0,,,2.0,F.F.F.
119191,179617.0,1944-12-07,12,AUSTRIA,RR,"""RR INSTALLATIONS,  TRACKS,  MARSHALLING YARDS,  AND STATIONS""",46.63,14.3,B17,3.0,1.0,250.0,3.0,,,3.0,F.F.F.
119198,179618.0,1944-12-07,12,AUSTRIA,RR,"""RR INSTALLATIONS,  TRACKS,  MARSHALLING YARDS,  AND STATIONS""",46.63,14.3,B17,3.0,1.0,240.0,3.0,,,3.0,VISUAL
119178,179619.0,1944-12-07,15,AUSTRIA,MARSHALLING YARUS,"""RR INSTALLATIONS,  TRACKS,  MARSHALLING YARDS,  AND STATIONS""",47.78,13.03,B17,4.0,2.0,283.0,5.0,,,5.0,F.F.F.
119180,179620.0,1944-12-07,15,AUSTRIA,MARSHALLING YARUS,"""RR INSTALLATIONS,  TRACKS,  MARSHALLING YARDS,  AND STATIONS""",47.78,13.03,B17,4.0,2.0,268.0,5.0,,,5.0,F.F.F.
119179,179621.0,1944-12-07,15,AUSTRIA,MARSHALLING YARUS,"""RR INSTALLATIONS,  TRACKS,  MARSHALLING YARDS,  AND STATIONS""",47.78,13.03,B17,4.0,1.0,282.0,3.0,,,3.0,F.F.F.
119189,179622.0,1944-12-07,15,AUSTRIA,MARSHALLING YARUS,"""RR INSTALLATIONS,  TRACKS,  MARSHALLING YARDS,  AND STATIONS""",47.78,13.03,B24,4.0,1.0,233.0,2.0,,,2.0,NOT INDICATED
119190,179623.0,1944-12-07,15,AUSTRIA,MARSHALLING YARUS,"""RR INSTALLATIONS,  TRACKS,  MARSHALLING YARDS,  AND STATIONS""",47.78,13.03,B24,4.0,1.0,225.0,2.0,,,2.0,F.F.F.
119185,179624.0,1944-12-07,15,AUSTRIA,MARSHALLING YARUS,"""RR INSTALLATIONS,  TRACKS,  MARSHALLING YARDS,  AND STATIONS""",47.78,13.03,B24,4.0,1.0,240.0,3.0,,,3.0,NOT INDICATED
119594,113910.0,1944-12-08,15,AUSTRIA,SYN OIL REFINERY,OIL REFINERIES,48.32,15.92,B17,4.0,,,,,,,NOT INDICATED
119587,113911.0,1944-12-08,15,AUSTRIA,SYN OIL REFINERY,OIL REFINERIES,48.32,15.92,B17,4.0,1.0,250.0,3.0,,,3.0,NOT INDICATED
119595,113912.0,1944-12-08,15,AUSTRIA,SYN OIL REFINERY,OIL REFINERIES,48.32,15.92,B17,4.0,,,,,,,NOT INDICATED
119585,113913.0,1944-12-08,15,AUSTRIA,SYN OIL REFINERY,OIL REFINERIES,48.32,15.92,B17,4.0,1.0,262.0,3.0,,,3.0,F.F.F.
119596,113914.0,1944-12-08,15,AUSTRIA,SYN OIL REFINERY,OIL REFINERIES,48.32,15.92,B17,4.0,,,1.0,,,1.0,NOT INDICATED
119588,113915.0,1944-12-08,15,AUSTRIA,SYN OIL REFINERY,OIL REFINERIES,48.32,15.92,B17,4.0,3.0,250.0,7.0,,,7.0,F.F.F.
119906,113921.0,1944-12-08,12,AUSTRIA,CITY AREA,CITIES TOWNS AND URBAN AREAS,46.63,14.3,B17,4.0,,,5.0,,,5.0,NOT INDICATED
119902,113922.0,1944-12-08,12,AUSTRIA,CITY AREA,CITIES TOWNS AND URBAN AREAS,46.63,14.3,B17,4.0,2.0,220.0,1.0,,,1.0,NOT INDICATED
119907,179631.0,1944-12-08,12,AUSTRIA,CITY AREA,CITIES TOWNS AND URBAN AREAS,46.63,14.3,B17,4.0,,,5.0,,,5.0,NOT INDICATED
119903,179632.0,1944-12-08,12,AUSTRIA,CITY AREA,CITIES TOWNS AND URBAN AREAS,46.63,14.3,B17,4.0,2.0,220.0,1.0,,,1.0,NOT INDICATED
119908,179633.0,1944-12-08,12,AUSTRIA,CITY AREA,CITIES TOWNS AND URBAN AREAS,46.63,14.3,B17,4.0,,,5.0,,,5.0,NOT INDICATED
119904,179634.0,1944-12-08,12,AUSTRIA,CITY AREA,CITIES TOWNS AND URBAN AREAS,46.63,14.3,B17,4.0,2.0,220.0,1.0,,,1.0,NOT INDICATED
119597,179637.0,1944-12-08,15,AUSTRIA,SYN OIL REFINERY,OIL REFINERIES,48.32,15.92,B17,4.0,,,,,,,NOT INDICATED
119589,179638.0,1944-12-08,15,AUSTRIA,SYN OIL REFINERY,OIL REFINERIES,48.32,15.92,B17,4.0,1.0,250.0,3.0,,,3.0,NOT INDICATED
119598,179639.0,1944-12-08,15,AUSTRIA,SYN OIL REFINERY,OIL REFINERIES,48.32,15.92,B17,4.0,,,,,,,NOT INDICATED
119586,179640.0,1944-12-08,15,AUSTRIA,SYN OIL REFINERY,OIL REFINERIES,48.32,15.92,B17,4.0,1.0,262.0,3.0,,,3.0,F.F.F.
119599,179641.0,1944-12-08,15,AUSTRIA,SYN OIL REFINERY,OIL REFINERIES,48.32,15.92,B17,4.0,,,1.0,,,1.0,NOT INDICATED
119590,179642.0,1944-12-08,15,AUSTRIA,SYN OIL REFINERY,OIL REFINERIES,48.32,15.92,B17,4.0,3.0,250.0,7.0,,,7.0,F.F.F.
119593,179643.0,1944-12-08,15,AUSTRIA,MARSHALLING YARDS,"""RR INSTALLATIONS,  TRACKS,  MARSHALLING YARDS,  AND STATIONS""",47.1,15.7,B24,3.0,,,,,,,NOT INDICATED
119591,179644.0,1944-12-08,15,AUSTRIA,MARSHALLING YARDS,"""RR INSTALLATIONS,  TRACKS,  MARSHALLING YARDS,  AND STATIONS""",47.1,15.7,B24,3.0,2.0,230.0,2.0,,,2.0,NOT INDICATED
119909,179653.0,1944-12-08,12,AUSTRIA,RR,"""RR INSTALLATIONS,  TRACKS,  MARSHALLING YARDS,  AND STATIONS""",46.63,14.3,B17,2.0,,,,,,,NOT INDICATED
119600,179654.0,1944-12-08,12,AUSTRIA,RR,"""RR INSTALLATIONS,  TRACKS,  MARSHALLING YARDS,  AND STATIONS""",46.63,14.3,B17,2.0,1.0,277.0,3.0,,,3.0,NOT INDICATED
119901,179655.0,1944-12-08,12,AUSTRIA,RR,"""RR INSTALLATIONS,  TRACKS,  MARSHALLING YARDS,  AND STATIONS""",46.63,14.3,B24,2.0,2.0,220.0,4.0,,,4.0,F.F.F.
119905,179656.0,1944-12-08,12,AUSTRIA,RR,"""RR INSTALLATIONS,  TRACKS,  MARSHALLING YARDS,  AND STATIONS""",46.63,14.3,B24,2.0,2.0,,4.0,,,4.0,F.F.F.
119592,179657.0,1944-12-08,15,AUSTRIA,O ALBINGY RR BRIDGE,BRIDGES,48.22,15.63,B24,2.0,1.0,193.0,2.0,,,2.0,VISUAL
120307,113923.0,1944-12-09,15,AUSTRIA,UNIDENTIFIED TARGET,UNIDENTIFIED TARGETS,48.3,14.3,B24,4.0,15.0,234.0,34.0,,,34.0,F.F.F.
120314,113924.0,1944-12-09,15,AUSTRIA,UNIDENTIFIED TARGET,UNIDENTIFIED TARGETS,46.8,13.5,B24,2.0,1.0,,,1.0,,1.0,F.F.F.
120338,113941.0,1944-12-09,8,GERMANY,MILITARY CAMP,TROOP CONCENTRATIONS,49.62,7.33,B26,,,129.0,1.0,,,1.0,VISUAL
120341,113942.0,1944-12-09,8,GERMANY,MILITARY CAMP,TROOP CONCENTRATIONS,49.62,7.33,B26,,,125.0,1.0,,,1.0,VISUAL
120335,113943.0,1944-12-09,8,GERMANY,MILITARY CAMP,TROOP CONCENTRATIONS,49.62,7.33,B26,,,137.0,1.0,,,1.0,VISUAL
120344,113944.0,1944-12-09,8,GERMANY,MILITARY CAMP,TROOP CONCENTRATIONS,49.62,7.33,B26,,,120.0,62.0,,,62.0,VISUAL
120332,113945.0,1944-12-09,8,GERMANY,MILITARY CAMP,TROOP CONCENTRATIONS,49.62,7.33,B26,,,138.0,58.0,,,58.0,VISUAL
120309,113962.0,1944-12-09,15,CZECHOSLOVAKIA,SKODA ARMS WORKS,ARMAMENT AND ORDNANCE PLANTS,49.75,13.37,B17,3.0,,,7.0,,,7.0,NOT INDICATED
120303,113963.0,1944-12-09,15,CZECHOSLOVAKIA,SKODA ARMS WORKS,ARMAMENT AND ORDNANCE PLANTS,49.75,13.37,B17,3.0,16.0,245.0,38.0,,,38.0,F.F.F.
120310,113964.0,1944-12-09,15,CZECHOSLOVAKIA,SKODA ARMS WORKS,ARMAMENT AND ORDNANCE PLANTS,49.75,13.37,B17,3.0,,,7.0,,,7.0,NOT INDICATED
120304,113965.0,1944-12-09,15,CZECHOSLOVAKIA,SKODA ARMS WORKS,ARMAMENT AND ORDNANCE PLANTS,49.75,13.37,B17,3.0,16.0,245.0,38.0,,,38.0,F.F.F.
120316,113966.0,1944-12-09,12,AUSTRIA,CITY AREA,CITIES TOWNS AND URBAN AREAS,46.63,14.3,B17,2.0,,,2.0,,,2.0,NOT INDICATED
120317,113967.0,1944-12-09,12,AUSTRIA,CITY AREA,CITIES TOWNS AND URBAN AREAS,46.63,14.3,B17,2.0,1.0,,1.0,,,1.0,NOT INDICATED
120326,113968.0,1944-12-09,8,AUSTRIA,CITY AREA,CITIES TOWNS AND URBAN AREAS,48.3,14.3,B24,4.0,13.0,235.0,29.0,,,29.0,F.F.F.
120329,113969.0,1944-12-09,8,AUSTRIA,CITY AREA,CITIES TOWNS AND URBAN AREAS,48.3,14.3,B24,4.0,15.0,215.0,36.0,,,36.0,F.F.F.
120349,113970.0,1944-12-09,8,AUSTRIA,CITY AREA,CITIES TOWNS AND URBAN AREAS,48.3,14.3,B24,4.0,,,7.0,,,7.0,NOT INDICATED
120323,113971.0,1944-12-09,8,AUSTRIA,CITY AREA,CITIES TOWNS AND URBAN AREAS,48.3,14.3,B24,4.0,13.0,240.0,24.0,,,24.0,F.F.F.
120311,179665.0,1944-12-09,15,CZECHOSLOVAKIA,SKODA ARMS WORKS,ARMAMENT AND ORDNANCE PLANTS,49.75,13.37,B17,3.0,,,7.0,,,7.0,NOT INDICATED
120305,179666.0,1944-12-09,15,CZECHOSLOVAKIA,SKODA ARMS WORKS,ARMAMENT AND ORDNANCE PLANTS,49.75,13.37,B17,3.0,16.0,245.0,38.0,,,38.0,F.F.F.
120308,179667.0,1944-12-09,15,AUSTRIA,UNIDENTIFIED TARGET,UNIDENTIFIED TARGETS,48.3,14.3,B24,4.0,15.0,234.0,34.0,,,34.0,F.F.F.
120315,179668.0,1944-12-09,15,AUSTRIA,UNIDENTIFIED TARGET,UNIDENTIFIED TARGETS,46.8,13.5,B24,2.0,1.0,,,1.0,,1.0,F.F.F.
120318,179679.0,1944-12-09,12,AUSTRIA,CITY AREA,CITIES TOWNS AND URBAN AREAS,46.63,14.3,B17,2.0,,,2.0,,,2.0,NOT INDICATED
120319,179680.0,1944-12-09,12,AUSTRIA,CITY AREA,CITIES TOWNS AND URBAN AREAS,46.63,14.3,B17,2.0,1.0,,1.0,,,1.0,NOT INDICATED
120327,179681.0,1944-12-09,8,AUSTRIA,CITY AREA,CITIES TOWNS AND URBAN AREAS,48.3,14.3,B24,4.0,13.0,235.0,29.0,,,29.0,F.F.F.
120330,179682.0,1944-12-09,8,AUSTRIA,CITY AREA,CITIES TOWNS AND URBAN AREAS,48.3,14.3,B24,4.0,15.0,215.0,36.0,,,36.0,F.F.F.
120350,179683.0,1944-12-09,8,AUSTRIA,CITY AREA,CITIES TOWNS AND URBAN AREAS,48.3,14.3,B24,4.0,,,7.0,,,7.0,NOT INDICATED
120324,179684.0,1944-12-09,8,AUSTRIA,CITY AREA,CITIES TOWNS AND URBAN AREAS,48.3,14.3,B24,4.0,13.0,240.0,24.0,,,24.0,F.F.F.
120320,179688.0,1944-12-09,12,AUSTRIA,CITY AREA,CITIES TOWNS AND URBAN AREAS,46.63,14.3,B17,2.0,,,2.0,,,2.0,NOT INDICATED
120321,179689.0,1944-12-09,12,AUSTRIA,CITY AREA,CITIES TOWNS AND URBAN AREAS,46.63,14.3,B17,2.0,1.0,,1.0,,,3.0,NOT INDICATED
120328,179690.0,1944-12-09,8,AUSTRIA,CITY AREA,CITIES TOWNS AND URBAN AREAS,48.3,14.3,B24,4.0,13.0,235.0,29.0,,,29.0,F.F.F.
120331,179691.0,1944-12-09,8,AUSTRIA,CITY AREA,CITIES TOWNS AND URBAN AREAS,48.3,14.3,B24,4.0,15.0,215.0,36.0,,,36.0,F.F.F.
120351,179692.0,1944-12-09,8,AUSTRIA,CITY AREA,CITIES TOWNS AND URBAN AREAS,48.3,14.3,B24,4.0,,,7.0,,,7.0,NOT INDICATED
120325,179693.0,1944-12-09,8,AUSTRIA,CITY AREA,CITIES TOWNS AND URBAN AREAS,48.3,14.3,B24,4.0,13.0,240.0,24.0,,,24.0,F.F.F.
120313,179694.0,1944-12-09,15,AUSTRIA,UNIDENTIFIED TARGET,UNIDENTIFIED TARGETS,46.8,13.5,B24,2.0,1.0,,,1.0,,1.0,F.F.F.
120312,179706.0,1944-12-09,15,CZECHOSLOVAKIA,SKODA ARMS WORKS,ARMAMENT AND ORDNANCE PLANTS,49.75,13.37,B17,3.0,,,7.0,,,7.0,NOT INDICATED
120306,179707.0,1944-12-09,15,CZECHOSLOVAKIA,SKODA ARMS WORKS,ARMAMENT AND ORDNANCE PLANTS,49.75,13.37,B17,3.0,16.0,245.0,38.0,,,38.0,F.F.F.
120339,214999.0,1944-12-09,8,GERMANY,MILITARY CAMP,TROOP CONCENTRATIONS,49.62,7.33,B26,,,129.0,1.0,,,1.0,VISUAL
120342,215000.0,1944-12-09,8,GERMANY,MILITARY CAMP,TROOP CONCENTRATIONS,49.62,7.33,B26,,,125.0,1.0,,,1.0,VISUAL
120336,215001.0,1944-12-09,8,GERMANY,MILITARY CAMP,TROOP CONCENTRATIONS,49.62,7.33,B26,,,137.0,1.0,,,1.0,VISUAL
120346,215002.0,1944-12-09,8,GERMANY,MILITARY CAMP,TROOP CONCENTRATIONS,49.62,7.33,B26,,,12.0,62.0,,,62.0,VISUAL
120333,215003.0,1944-12-09,8,GERMANY,MILITARY CAMP,TROOP CONCENTRATIONS,49.62,7.33,B26,,,138.0,58.0,,,58.0,VISUAL
120340,215006.0,1944-12-09,8,GERMANY,MILITARY CAMP,TROOP CONCENTRATIONS,49.62,7.33,B26,,,129.0,1.0,,,1.0,VISUAL
120343,215007.0,1944-12-09,8,GERMANY,MILITARY CAMP,TROOP CONCENTRATIONS,49.62,7.33,B26,,,125.0,1.0,,,1.0,VISUAL
120337,215008.0,1944-12-09,8,GERMANY,MILITARY CAMP,TROOP CONCENTRATIONS,49.62,7.33,B26,,,137.0,1.0,,,1.0,VISUAL
120345,215009.0,1944-12-09,8,GERMANY,MILITARY CAMP,TROOP CONCENTRATIONS,49.62,7.33,B26,,,120.0,62.0,,,62.0,VISUAL
120334,215010.0,1944-12-09,8,GERMANY,MILITARY CAMP,TROOP CONCENTRATIONS,49.62,7.33,B26,,,138.0,58.0,,,58.0,VISUAL
121189,113975.0,1944-12-10,8,GERMANY,RR BRIDGE,BRIDGES,48.03,7.62,B26,,,127.0,11.0,,,11.0,NOT INDICATED
121187,113991.0,1944-12-10,8,GERMANY,DEFENDED VILLAGE,TACTICAL TARGETS: (UNIDENTIFIED OR NOT LISTED BELOW),53.48,10.62,B26,,,140.0,57.0,,,57.0,VISUAL
121152,179754.0,1944-12-10,12,AUSTRIA,RR,"""RR INSTALLATIONS,  TRACKS,  MARSHALLING YARDS,  AND STATIONS""",46.63,14.3,B17,2.0,,,3.0,,,3.0,NOT INDICATED
121151,179755.0,1944-12-10,12,AUSTRIA,RR,"""RR INSTALLATIONS,  TRACKS,  MARSHALLING YARDS,  AND STATIONS""",46.63,14.3,B17,2.0,6.0,244.0,12.0,,,12.0,F.F.F.
121180,179756.0,1944-12-10,8,GERMANY,MARSHALLING YARD,"""RR INSTALLATIONS,  TRACKS,  MARSHALLING YARDS,  AND STATIONS""",49.97,7.9,B24,4.0,2.0,225.0,4.0,1.0,,5.0,GEE
121192,179757.0,1944-12-10,8,GERMANY,MARSHALLING YARD,"""RR INSTALLATIONS,  TRACKS,  MARSHALLING YARDS,  AND STATIONS""",49.97,7.9,B24,4.0,7.0,,13.0,3.0,,16.0,NOT INDICATED
121193,179758.0,1944-12-10,8,GERMANY,MARSHALLING YARD,"""RR INSTALLATIONS,  TRACKS,  MARSHALLING YARDS,  AND STATIONS""",49.97,7.9,B24,4.0,11.0,,23.0,5.0,,28.0,NOT INDICATED
121177,179759.0,1944-12-10,8,GERMANY,MARSHALLING YARD,"""RR INSTALLATIONS,  TRACKS,  MARSHALLING YARDS,  AND STATIONS""",49.97,7.9,B24,4.0,2.0,233.0,4.0,1.0,,5.0,GEE
121178,179760.0,1944-12-10,8,GERMANY,MARSHALLING YARD,"""RR INSTALLATIONS,  TRACKS,  MARSHALLING YARDS,  AND STATIONS""",49.97,7.9,B24,4.0,10.0,233.0,20.0,5.0,,25.0,GEE
121194,179761.0,1944-12-10,8,GERMANY,MARSHALLING YARD,"""RR INSTALLATIONS,  TRACKS,  MARSHALLING YARDS,  AND STATIONS""",49.97,7.9,B24,4.0,10.0,,22.0,5.0,,27.0,NOT INDICATED
121195,179762.0,1944-12-10,8,GERMANY,MARSHALLING YARD,"""RR INSTALLATIONS,  TRACKS,  MARSHALLING YARDS,  AND STATIONS""",49.97,7.9,B24,0.0,,,18.0,4.0,,22.0,NOT INDICATED
121183,179763.0,1944-12-10,8,GERMANY,MARSHALLING YARD,"""RR INSTALLATIONS,  TRACKS,  MARSHALLING YARDS,  AND STATIONS""",49.97,7.9,B24,4.0,9.0,220.0,1.0,,,1.0,GEE
121196,179764.0,1944-12-10,8,GERMANY,MARSHALLING YARD,"""RR INSTALLATIONS,  TRACKS,  MARSHALLING YARDS,  AND STATIONS""",49.97,7.9,B24,0.0,,,15.0,,,15.0,NOT INDICATED
121197,179765.0,1944-12-10,8,GERMANY,MARSHALLING YARD,"""RR INSTALLATIONS,  TRACKS,  MARSHALLING YARDS,  AND STATIONS""",49.97,7.9,B24,4.0,9.0,,1.0,4.0,,5.0,NOT INDICATED
121184,179766.0,1944-12-10,8,GERMANY,MARSHALLING YARD,"""RR INSTALLATIONS,  TRACKS,  MARSHALLING YARDS,  AND STATIONS""",49.97,7.9,B24,4.0,9.0,220.0,18.0,4.0,,22.0,GEE
121198,179767.0,1944-12-10,8,GERMANY,MARSHALLING YARD,"""RR INSTALLATIONS,  TRACKS,  MARSHALLING YARDS,  AND STATIONS""",49.97,7.9,B24,4.0,10.0,,21.0,5.0,,26.0,NOT INDICATED
121199,179768.0,1944-12-10,8,GERMANY,MARSHALLING YARD,"""RR INSTALLATIONS,  TRACKS,  MARSHALLING YARDS,  AND STATIONS""",49.97,7.9,B24,4.0,7.0,,14.0,3.0,,17.0,NOT INDICATED
121200,179769.0,1944-12-10,8,GERMANY,MARSHALLING YARD,"""RR INSTALLATIONS,  TRACKS,  MARSHALLING YARDS,  AND STATIONS""",49.97,7.9,B24,0.0,,,21.0,5.0,,26.0,NOT INDICATED
121501,179770.0,1944-12-10,8,GERMANY,MARSHALLING YARD,"""RR INSTALLATIONS,  TRACKS,  MARSHALLING YARDS,  AND STATIONS""",49.97,7.9,B24,4.0,11.0,,1.0,,,1.0,NOT INDICATED
121502,179771.0,1944-12-10,8,GERMANY,MARSHALLING YARD,"""RR INSTALLATIONS,  TRACKS,  MARSHALLING YARDS,  AND STATIONS""",49.97,7.9,B24,0.0,,,,5.0,,5.0,NOT INDICATED
121185,179772.0,1944-12-10,8,GERMANY,MARSHALLING YARD,"""RR INSTALLATIONS,  TRACKS,  MARSHALLING YARDS,  AND STATIONS""",49.97,7.9,B24,4.0,10.0,218.0,20.0,,,20.0,GEE
121503,179773.0,1944-12-10,8,GERMANY,MARSHALLING YARD,"""RR INSTALLATIONS,  TRACKS,  MARSHALLING YARDS,  AND STATIONS""",49.97,7.9,B24,0.0,,,,5.0,,5.0,NOT INDICATED
121504,179774.0,1944-12-10,8,GERMANY,MARSHALLING YARD,"""RR INSTALLATIONS,  TRACKS,  MARSHALLING YARDS,  AND STATIONS""",49.97,7.9,B24,4.0,10.0,,20.0,,,20.0,NOT INDICATED
121505,179775.0,1944-12-10,8,GERMANY,MARSHALLING YARD,"""RR INSTALLATIONS,  TRACKS,  MARSHALLING YARDS,  AND STATIONS""",49.97,7.9,B24,0.0,,,,,,,NOT INDICATED
121186,179776.0,1944-12-10,8,GERMANY,MARSHALLING YARD,"""RR INSTALLATIONS,  TRACKS,  MARSHALLING YARDS,  AND STATIONS""",49.97,7.9,B24,4.0,8.0,206.0,16.0,4.0,,20.0,GEE
121506,179777.0,1944-12-10,8,GERMANY,MARSHALLING YARD,"""RR INSTALLATIONS,  TRACKS,  MARSHALLING YARDS,  AND STATIONS""",49.97,7.9,B24,4.0,10.0,,21.0,5.0,,26.0,NOT INDICATED
121181,179778.0,1944-12-10,8,GERMANY,MARSHALLING YARD,"""RR INSTALLATIONS,  TRACKS,  MARSHALLING YARDS,  AND STATIONS""",49.97,7.9,B24,4.0,2.0,223.0,1.0,,,1.0,GEE
121182,179779.0,1944-12-10,8,GERMANY,MARSHALLING YARD,"""RR INSTALLATIONS,  TRACKS,  MARSHALLING YARDS,  AND STATIONS""",49.97,7.9,B24,4.0,10.0,223.0,19.0,4.0,,23.0,GEE
121507,179780.0,1944-12-10,8,GERMANY,MARSHALLING YARD,"""RR INSTALLATIONS,  TRACKS,  MARSHALLING YARDS,  AND STATIONS""",49.97,7.9,B24,4.0,9.0,,16.0,3.0,,19.0,NOT INDICATED
121179,179781.0,1944-12-10,8,GERMANY,MARSHALLING YARD,"""RR INSTALLATIONS,  TRACKS,  MARSHALLING YARDS,  AND STATIONS""",49.97,7.9,B24,4.0,8.0,230.0,16.0,4.0,,20.0,GEE
121508,179782.0,1944-12-10,8,GERMANY,MARSHALLING YARD,"""RR INSTALLATIONS,  TRACKS,  MARSHALLING YARDS,  AND STATIONS""",49.97,7.9,B24,0.0,,,16.0,4.0,,20.0,NOT INDICATED
121509,179783.0,1944-12-10,8,GERMANY,MARSHALLING YARD,"""RR INSTALLATIONS,  TRACKS,  MARSHALLING YARDS,  AND STATIONS""",49.97,7.9,B24,4.0,9.0,,1.0,,,1.0,NOT INDICATED
121162,179784.0,1944-12-10,8,GERMANY,MARSHALLING YARD,"""RR INSTALLATIONS,  TRACKS,  MARSHALLING YARDS,  AND STATIONS""",50.35,7.6,B17,4.0,12.0,250.0,20.0,6.0,,26.0,MICRO H
121159,179785.0,1944-12-10,8,GERMANY,MARSHALLING YARD,"""RR INSTALLATIONS,  TRACKS,  MARSHALLING YARDS,  AND STATIONS""",50.35,7.6,B17,4.0,13.0,255.0,22.0,6.0,,28.0,MICRO H
121171,179786.0,1944-12-10,8,GERMANY,MARSHALLING YARD,"""RR INSTALLATIONS,  TRACKS,  MARSHALLING YARDS,  AND STATIONS""",50.35,7.6,B17,4.0,13.0,245.0,22.0,7.0,,29.0,MICRO H
121163,179787.0,1944-12-10,8,GERMANY,MARSHALLING YARD,"""RR INSTALLATIONS,  TRACKS,  MARSHALLING YARDS,  AND STATIONS""",50.35,7.6,B17,4.0,12.0,250.0,20.0,6.0,,26.0,MICRO H
121174,179788.0,1944-12-10,8,GERMANY,MARSHALLING YARD,"""RR INSTALLATIONS,  TRACKS,  MARSHALLING YARDS,  AND STATIONS""",50.35,7.6,B17,4.0,13.0,238.0,20.0,6.0,,26.0,MICRO H
121155,179789.0,1944-12-10,8,GERMANY,MARSHALLING YARD,"""RR INSTALLATIONS,  TRACKS,  MARSHALLING YARDS,  AND STATIONS""",50.35,7.6,B17,4.0,12.0,265.0,18.0,5.0,,23.0,MICRO H
121153,179790.0,1944-12-10,8,GERMANY,MARSHALLING YARD,"""RR INSTALLATIONS,  TRACKS,  MARSHALLING YARDS,  AND STATIONS""",50.35,7.6,B17,4.0,11.0,274.0,17.0,5.0,,22.0,MICRO H
121154,179791.0,1944-12-10,8,GERMANY,MARSHALLING YARD,"""RR INSTALLATIONS,  TRACKS,  MARSHALLING YARDS,  AND STATIONS""",50.35,7.6,B17,4.0,12.0,271.0,20.0,6.0,,26.0,MICRO H
121172,179792.0,1944-12-10,8,GERMANY,MARSHALLING YARD,"""RR INSTALLATIONS,  TRACKS,  MARSHALLING YARDS,  AND STATIONS""",50.35,7.6,B17,4.0,8.0,245.0,14.0,4.0,,18.0,MICRO H
121176,179793.0,1944-12-10,8,GERMANY,MARSHALLING YARD,"""RR INSTALLATIONS,  TRACKS,  MARSHALLING YARDS,  AND STATIONS""",50.35,7.6,B17,4.0,10.0,235.0,17.0,5.0,,22.0,MICRO H
121161,179794.0,1944-12-10,8,GERMANY,MARSHALLING YARD,"""RR INSTALLATIONS,  TRACKS,  MARSHALLING YARDS,  AND STATIONS""",50.35,7.6,B17,4.0,12.0,254.0,20.0,6.0,,26.0,MICRO H
121173,179795.0,1944-12-10,8,GERMANY,MARSHALLING YARD,"""RR INSTALLATIONS,  TRACKS,  MARSHALLING YARDS,  AND STATIONS""",50.35,7.6,B17,4.0,12.0,245.0,20.0,6.0,,26.0,MICRO H
121168,179796.0,1944-12-10,8,GERMANY,MARSHALLING YARD,"""RR INSTALLATIONS,  TRACKS,  MARSHALLING YARDS,  AND STATIONS""",50.35,7.6,B17,4.0,13.0,249.0,22.0,7.0,,29.0,MICRO H
121170,179797.0,1944-12-10,8,GERMANY,MARSHALLING YARD,"""RR INSTALLATIONS,  TRACKS,  MARSHALLING YARDS,  AND STATIONS""",50.35,7.6,B17,4.0,13.0,246.0,22.0,7.0,,29.0,MICRO H
121175,179798.0,1944-12-10,8,GERMANY,MARSHALLING YARD,"""RR INSTALLATIONS,  TRACKS,  MARSHALLING YARDS,  AND STATIONS""",50.35,7.6,B17,3.0,13.0,238.0,20.0,6.0,,26.0,F.F.F.
121164,179799.0,1944-12-10,8,GERMANY,MARSHALLING YARD,"""RR INSTALLATIONS,  TRACKS,  MARSHALLING YARDS,  AND STATIONS""",50.35,7.6,B17,3.0,1.0,250.0,2.0,1.0,,3.0,F.F.F.
121165,179800.0,1944-12-10,8,GERMANY,MARSHALLING YARD,"""RR INSTALLATIONS,  TRACKS,  MARSHALLING YARDS,  AND STATIONS""",50.35,7.6,B17,3.0,12.0,250.0,20.0,6.0,,26.0,F.F.F.
121166,179801.0,1944-12-10,8,GERMANY,MARSHALLING YARD,"""RR INSTALLATIONS,  TRACKS,  MARSHALLING YARDS,  AND STATIONS""",50.35,7.6,B17,3.0,12.0,250.0,20.0,6.0,,26.0,F.F.F.
121158,179802.0,1944-12-10,8,GERMANY,MARSHALLING YARD,"""RR INSTALLATIONS,  TRACKS,  MARSHALLING YARDS,  AND STATIONS""",50.35,7.6,B17,3.0,11.0,256.0,19.0,5.0,,24.0,F.F.F.
121169,179803.0,1944-12-10,8,GERMANY,MARSHALLING YARD,"""RR INSTALLATIONS,  TRACKS,  MARSHALLING YARDS,  AND STATIONS""",50.35,7.6,B17,3.0,12.0,247.0,20.0,5.0,,25.0,F.F.F.
121157,179804.0,1944-12-10,8,GERMANY,MARSHALLING YARD,"""RR INSTALLATIONS,  TRACKS,  MARSHALLING YARDS,  AND STATIONS""",50.35,7.6,B17,3.0,10.0,258.0,17.0,4.0,,21.0,F.F.F.
121156,179805.0,1944-12-10,8,GERMANY,MARSHALLING YARD,"""RR INSTALLATIONS,  TRACKS,  MARSHALLING YARDS,  AND STATIONS""",50.35,7.6,B17,3.0,12.0,265.0,20.0,6.0,,26.0,F.F.F.
121160,179806.0,1944-12-10,8,GERMANY,MARSHALLING YARD,"""RR INSTALLATIONS,  TRACKS,  MARSHALLING YARDS,  AND STATIONS""",50.35,7.6,B17,3.0,13.0,255.0,19.0,5.0,,24.0,F.F.F.
121167,179807.0,1944-12-10,8,GERMANY,MARSHALLING YARD,"""RR INSTALLATIONS,  TRACKS,  MARSHALLING YARDS,  AND STATIONS""",50.35,7.6,B17,3.0,12.0,250.0,20.0,5.0,,25.0,F.F.F.
121190,215031.0,1944-12-10,8,GERMANY,RR BRIDGE,BRIDGES,48.03,7.62,B26,,,127.0,11.0,,,11.0,NOT INDICATED
121191,215048.0,1944-12-10,8,GERMANY,DEFENDED VILLAGE,TACTICAL TARGETS: (UNIDENTIFIED OR NOT LISTED BELOW),53.48,10.62,B26,,,14.0,57.0,,,57.0,VISUAL
121188,215054.0,1944-12-10,8,GERMANY,DEFENDED VILLAGE,TACTICAL TARGETS: (UNIDENTIFIED OR NOT LISTED BELOW),53.48,10.62,B26,,,140.0,57.0,,,57.0,VISUAL
121990,113998.0,1944-12-11,15,AUSTRIA,UNIDENTIFIED TARGET,UNIDENTIFIED TARGETS,47.1,15.7,B24,2.0,1.0,,1.0,,,1.0,NOT INDICATED
121968,113999.0,1944-12-11,15,AUSTRIA,UNIDENTIFIED TARGET,UNIDENTIFIED TARGETS,47.07,15.43,B24,3.0,22.0,230.0,44.0,,,44.0,NOT INDICATED
121985,114000.0,1944-12-11,15,AUSTRIA,UNIDENTIFIED TARGET,UNIDENTIFIED TARGETS,47.27,15.68,B24,2.0,1.0,,2.0,,,2.0,NOT INDICATED
121991,114001.0,1944-12-11,15,AUSTRIA,UNIDENTIFIED TARGET,UNIDENTIFIED TARGETS,47.1,15.7,B24,2.0,,,1.0,,,1.0,NOT INDICATED
122318,114002.0,1944-12-11,15,AUSTRIA,UNIDENTIFIED TARGET,UNIDENTIFIED TARGETS,46.8,13.5,B24,2.0,2.0,,4.0,,,4.0,NOT INDICATED
122000,114004.0,1944-12-11,15,AUSTRIA,SYN OIL REFINERY,OIL REFINERIES,48.32,15.92,B17,4.0,,,8.0,,,8.0,NOT INDICATED
121947,114005.0,1944-12-11,15,AUSTRIA,SYN OIL REFINERY,OIL REFINERIES,48.32,15.92,B17,4.0,16.0,262.0,33.0,,,33.0,F.F.F.
121941,114006.0,1944-12-11,15,AUSTRIA,SYN OIL REFINERY,OIL REFINERIES,48.32,15.92,B17,4.0,24.0,286.0,53.0,,,53.0,F.F.F.
122301,114007.0,1944-12-11,15,AUSTRIA,SYN OIL REFINERY,OIL REFINERIES,48.32,15.92,B17,4.0,,,13.0,,,13.0,NOT INDICATED
121956,114008.0,1944-12-11,15,AUSTRIA,SYN OIL REFINERY,OIL REFINERIES,48.32,15.92,B17,4.0,28.0,250.0,67.0,,,67.0,F.F.F.
122302,114009.0,1944-12-11,15,AUSTRIA,SYN OIL REFINERY,OIL REFINERIES,48.32,15.92,B17,4.0,,,12.0,,,12.0,NOT INDICATED
121943,114010.0,1944-12-11,15,AUSTRIA,SYN OIL REFINERY,OIL REFINERIES,48.32,15.92,B17,4.0,26.0,265.0,38.0,,,38.0,VISUAL
122309,114011.0,1944-12-11,15,AUSTRIA,SYN OIL REFINERY,OIL REFINERIES,48.32,15.92,B17,4.0,,,13.0,,,13.0,NOT INDICATED
121944,114012.0,1944-12-11,15,AUSTRIA,SYN OIL REFINERY,OIL REFINERIES,48.32,15.92,B17,4.0,26.0,265.0,63.0,,,63.0,NOT INDICATED
121998,114013.0,1944-12-11,15,AUSTRIA,SYN OIL REFINERY,OIL REFINERIES,48.32,15.92,B24,4.0,,,7.0,,,7.0,NOT INDICATED
121955,114014.0,1944-12-11,15,AUSTRIA,SYN OIL REFINERY,OIL REFINERIES,48.32,15.92,B24,4.0,14.0,250.0,20.0,,,20.0,NOT INDICATED
121999,114015.0,1944-12-11,15,AUSTRIA,SYN OIL REFINERY,OIL REFINERIES,48.32,15.92,B24,4.0,,,4.0,,,4.0,NOT INDICATED
121965,114016.0,1944-12-11,15,AUSTRIA,SYN OIL REFINERY,OIL REFINERIES,48.32,15.92,B24,4.0,19.0,231.0,33.0,,,33.0,F.F.F.
122303,114017.0,1944-12-11,15,AUSTRIA,SYN OIL REFINERY,OIL REFINERIES,48.32,15.92,B24,4.0,,,14.0,,,14.0,NOT INDICATED
121976,114018.0,1944-12-11,15,AUSTRIA,SYN OIL REFINERY,OIL REFINERIES,48.32,15.92,B24,4.0,28.0,226.0,41.0,,,41.0,NOT INDICATED
122304,114019.0,1944-12-11,15,AUSTRIA,SYN OIL REFINERY,OIL REFINERIES,48.32,15.92,B24,4.0,,,12.0,,,12.0,NOT INDICATED
121949,114020.0,1944-12-11,15,AUSTRIA,SYN OIL REFINERY,OIL REFINERIES,48.32,15.92,B24,4.0,24.0,255.0,35.0,,,35.0,NOT INDICATED
122314,114026.0,1944-12-11,15,AUSTRIA,AIRDROME,AIR FIELDS AND AIRDROMES,46.0,16.88,B24,2.0,,,3.0,,,3.0,NOT INDICATED
121981,114027.0,1944-12-11,15,AUSTRIA,AIRDROME,AIR FIELDS AND AIRDROMES,46.0,16.88,B24,2.0,7.0,223.0,11.0,,,11.0,NOT INDICATED
122320,114028.0,1944-12-11,15,AUSTRIA,AIRDROME,AIR FIELDS AND AIRDROMES,48.2,16.37,B24,2.0,1.0,,,3.0,,3.0,NOT INDICATED
121978,114029.0,1944-12-11,15,AUSTRIA,GOODS DEPOT,SUPPLY DUMPS AND WAREHOUSES,48.2,16.37,B24,4.0,11.0,224.0,,28.0,,28.0,NOT INDICATED
121959,114030.0,1944-12-11,15,AUSTRIA,GOODS DEPOT,SUPPLY DUMPS AND WAREHOUSES,48.2,16.37,B24,4.0,24.0,245.0,33.0,,,33.0,F.F.F.
121970,114031.0,1944-12-11,15,AUSTRIA,GOODS DEPOT,SUPPLY DUMPS AND WAREHOUSES,48.2,16.37,B24,4.0,23.0,230.0,,58.0,,58.0,NOT INDICATED
121971,114032.0,1944-12-11,15,AUSTRIA,GOODS DEPOT,SUPPLY DUMPS AND WAREHOUSES,48.2,16.37,B24,4.0,25.0,230.0,,60.0,,60.0,NOT INDICATED
122321,114033.0,1944-12-11,15,AUSTRIA,GOODS DEPOT,SUPPLY DUMPS AND WAREHOUSES,48.2,16.37,B24,4.0,,,12.0,,,12.0,NOT INDICATED
121962,114034.0,1944-12-11,15,AUSTRIA,GOODS DEPOT,SUPPLY DUMPS AND WAREHOUSES,48.2,16.37,B24,4.0,24.0,243.0,45.0,,,45.0,NOT INDICATED
121994,114041.0,1944-12-11,15,AUSTRIA,TANK WORKS,TANK FACTORIES,47.43,15.32,B17,3.0,,,6.0,,,6.0,NOT INDICATED
121951,114042.0,1944-12-11,15,AUSTRIA,TANK WORKS,TANK FACTORIES,47.43,15.32,B17,3.0,12.0,254.0,24.0,,,24.0,VISUAL
121995,114043.0,1944-12-11,15,AUSTRIA,TANK WORKS,TANK FACTORIES,47.43,15.32,B17,3.0,,,6.0,,,6.0,NOT INDICATED
121952,114044.0,1944-12-11,15,AUSTRIA,TANK WORKS,TANK FACTORIES,47.43,15.32,B17,3.0,12.0,254.0,24.0,,,24.0,VISUAL
121996,179808.0,1944-12-11,15,AUSTRIA,TANK WORKS,TANK FACTORIES,47.43,15.32,B17,3.0,,,6.0,,,6.0,NOT INDICATED
121953,179809.0,1944-12-11,15,AUSTRIA,TANK WORKS,TANK FACTORIES,47.43,15.32,B17,3.0,12.0,254.0,24.0,,,24.0,VISUAL
121986,179810.0,1944-12-11,15,AUSTRIA,UNIDENTIFIED TARGET,UNIDENTIFIED TARGETS,47.27,15.68,B24,2.0,1.0,,2.0,,,2.0,NOT INDICATED
121992,179811.0,1944-12-11,15,AUSTRIA,UNIDENTIFIED TARGET,UNIDENTIFIED TARGETS,47.1,15.7,B24,2.0,,,1.0,,,1.0,NOT INDICATED
121993,179812.0,1944-12-11,15,AUSTRIA,UNIDENTIFIED TARGET,UNIDENTIFIED TARGETS,47.1,15.7,B24,2.0,1.0,,1.0,,,1.0,NOT INDICATED
121969,179813.0,1944-12-11,15,AUSTRIA,UNIDENTIFIED TARGET,UNIDENTIFIED TARGETS,47.07,15.43,B24,3.0,22.0,230.0,44.0,,,44.0,NOT INDICATED
122319,179814.0,1944-12-11,15,AUSTRIA,UNIDENTIFIED TARGET,UNIDENTIFIED TARGETS,46.8,13.5,B24,2.0,2.0,,4.0,,,4.0,NOT INDICATED
121984,179845.0,1944-12-11,15,AUSTRIA,UNIDENTIFIED TARGET,UNIDENTIFIED TARGETS,47.27,15.68,B24,2.0,1.0,,2.0,,,2.0,NOT INDICATED
121988,179846.0,1944-12-11,15,AUSTRIA,UNIDENTIFIED TARGET,UNIDENTIFIED TARGETS,47.1,15.7,B24,2.0,,,1.0,,,1.0,NOT INDICATED
121989,179847.0,1944-12-11,15,AUSTRIA,UNIDENTIFIED TARGET,UNIDENTIFIED TARGETS,47.1,15.7,B24,2.0,1.0,,1.0,,,1.0,NOT INDICATED
121967,179848.0,1944-12-11,15,AUSTRIA,UNIDENTIFIED TARGET,UNIDENTIFIED TARGETS,47.07,15.43,B24,3.0,22.0,230.0,44.0,,,44.0,NOT INDICATED
122317,179849.0,1944-12-11,15,AUSTRIA,UNIDENTIFIED TARGET,UNIDENTIFIED TARGETS,46.8,13.5,B24,2.0,2.0,,4.0,,,4.0,NOT INDICATED
121997,179866.0,1944-12-11,15,AUSTRIA,TANK WORKS,TANK FACTORIES,47.43,15.32,B17,3.0,,,6.0,,,6.0,NOT INDICATED
121954,179867.0,1944-12-11,15,AUSTRIA,TANK WORKS,TANK FACTORIES,47.43,15.32,B17,3.0,12.0,254.0,24.0,,,24.0,VISUAL
122310,179868.0,1944-12-11,15,AUSTRIA,SYN OIL REFINERY,OIL REFINERIES,48.32,15.92,B17,4.0,,,8.0,,,8.0,NOT INDICATED
121948,179869.0,1944-12-11,15,AUSTRIA,SYN OIL REFINERY,OIL REFINERIES,48.32,15.92,B17,4.0,16.0,262.0,33.0,,,33.0,F.F.F.
121942,179870.0,1944-12-11,15,AUSTRIA,SYN OIL REFINERY,OIL REFINERIES,48.32,15.92,B17,4.0,24.0,286.0,53.0,,,53.0,F.F.F.
122311,179871.0,1944-12-11,15,AUSTRIA,SYN OIL REFINERY,OIL REFINERIES,48.32,15.92,B17,4.0,,,13.0,,,13.0,NOT INDICATED
121958,179872.0,1944-12-11,15,AUSTRIA,SYN OIL REFINERY,OIL REFINERIES,48.32,15.92,B17,4.0,28.0,250.0,67.0,,,67.0,F.F.F.
122312,179873.0,1944-12-11,15,AUSTRIA,SYN OIL REFINERY,OIL REFINERIES,48.32,15.92,B17,4.0,,,12.0,,,12.0,NOT INDICATED
121945,179874.0,1944-12-11,15,AUSTRIA,SYN OIL REFINERY,OIL REFINERIES,48.32,15.92,B17,4.0,26.0,265.0,38.0,,,38.0,VISUAL
122313,179875.0,1944-12-11,15,AUSTRIA,SYN OIL REFINERY,OIL REFINERIES,48.32,15.92,B17,4.0,,,13.0,,,13.0,NOT INDICATED
121946,179876.0,1944-12-11,15,AUSTRIA,SYN OIL REFINERY,OIL REFINERIES,48.32,15.92,B17,4.0,26.0,265.0,63.0,,,63.0,NOT INDICATED
122305,179877.0,1944-12-11,15,AUSTRIA,SYN OIL REFINERY,OIL REFINERIES,48.32,15.92,B24,4.0,,,7.0,,,7.0,NOT INDICATED
121957,179878.0,1944-12-11,15,AUSTRIA,SYN OIL REFINERY,OIL REFINERIES,48.32,15.92,B24,4.0,14.0,250.0,20.0,,,20.0,NOT INDICATED
122306,179879.0,1944-12-11,15,AUSTRIA,SYN OIL REFINERY,OIL REFINERIES,48.32,15.92,B24,4.0,,,4.0,,,4.0,NOT INDICATED
121966,179880.0,1944-12-11,15,AUSTRIA,SYN OIL REFINERY,OIL REFINERIES,48.32,15.92,B24,4.0,19.0,231.0,33.0,,,33.0,F.F.F.
122307,179881.0,1944-12-11,15,AUSTRIA,SYN OIL REFINERY,OIL REFINERIES,48.32,15.92,B24,4.0,,,14.0,,,14.0,NOT INDICATED
121977,179882.0,1944-12-11,15,AUSTRIA,SYN OIL REFINERY,OIL REFINERIES,48.32,15.92,B24,4.0,28.0,226.0,41.0,,,41.0,NOT INDICATED
122308,179883.0,1944-12-11,15,AUSTRIA,SYN OIL REFINERY,OIL REFINERIES,48.32,15.92,B24,4.0,,,12.0,,,12.0,NOT INDICATED
121950,179884.0,1944-12-11,15,AUSTRIA,SYN OIL REFINERY,OIL REFINERIES,48.32,15.92,B24,4.0,24.0,255.0,35.0,,,35.0,NOT INDICATED
121987,179885.0,1944-12-11,15,AUSTRIA,BRIDGE,BRIDGES,46.95,15.9,B24,2.0,1.0,,1.0,,,1.0,NOT INDICATED
122329,179888.0,1944-12-11,12,AUSTRIA,MARSHALLING YARDS,"""RR INSTALLATIONS,  TRACKS,  MARSHALLING YARDS,  AND STATIONS""",48.2,16.37,B24,4.0,,,13.0,,,13.0,NOT INDICATED
122328,179889.0,1944-12-11,12,AUSTRIA,MARSHALLING YARDS,"""RR INSTALLATIONS,  TRACKS,  MARSHALLING YARDS,  AND STATIONS""",48.2,16.37,B24,4.0,25.0,223.0,41.0,,,41.0,F.F.F.
122330,179890.0,1944-12-11,12,AUSTRIA,MARSHALLING YARDS,"""RR INSTALLATIONS,  TRACKS,  MARSHALLING YARDS,  AND STATIONS""",48.2,16.37,B24,4.0,1.0,,12.0,,,12.0,NOT INDICATED
122327,179891.0,1944-12-11,12,AUSTRIA,MARSHALLING YARDS,"""RR INSTALLATIONS,  TRACKS,  MARSHALLING YARDS,  AND STATIONS""",48.2,16.37,B24,4.0,24.0,240.0,23.0,,,23.0,NOT INDICATED
122331,179892.0,1944-12-11,12,AUSTRIA,MARSHALLING YARDS,"""RR INSTALLATIONS,  TRACKS,  MARSHALLING YARDS,  AND STATIONS""",48.2,16.37,B24,2.0,,,1.0,,,1.0,NOT INDICATED
122332,179893.0,1944-12-11,12,AUSTRIA,MARSHALLING YARDS,"""RR INSTALLATIONS,  TRACKS,  MARSHALLING YARDS,  AND STATIONS""",48.2,16.37,B24,2.0,1.0,,2.0,,,2.0,NOT INDICATED
122326,179894.0,1944-12-11,15,AUSTRIA,BRIDGE,BRIDGES,47.67,15.67,B24,2.0,1.0,,2.0,,,2.0,NOT INDICATED
122353,179896.0,1944-12-11,8,GERMANY,MARSHALLING YARD,"""RR INSTALLATIONS,  TRACKS,  MARSHALLING YARDS,  AND STATIONS""",50.35,7.6,B17,1.0,5.0,258.0,15.0,,,15.0,F.F.F.
122342,179897.0,1944-12-11,8,GERMANY,MARSHALLING YARD,"""RR INSTALLATIONS,  TRACKS,  MARSHALLING YARDS,  AND STATIONS""",50.35,7.6,B17,1.0,10.0,264.0,29.0,,,29.0,F.F.F.
122333,179898.0,1944-12-11,8,GERMANY,MARSHALLING YARD,"""RR INSTALLATIONS,  TRACKS,  MARSHALLING YARDS,  AND STATIONS""",50.35,7.6,B17,1.0,13.0,269.0,38.0,,,38.0,F.F.F.
122351,179899.0,1944-12-11,8,GERMANY,MARSHALLING YARD,"""RR INSTALLATIONS,  TRACKS,  MARSHALLING YARDS,  AND STATIONS""",50.35,7.6,B17,1.0,12.0,259.0,35.0,,,35.0,F.F.F.
122334,179900.0,1944-12-11,8,GERMANY,MARSHALLING YARD,"""RR INSTALLATIONS,  TRACKS,  MARSHALLING YARDS,  AND STATIONS""",50.35,7.6,B17,1.0,12.0,268.0,36.0,,,36.0,F.F.F.
122365,179901.0,1944-12-11,8,GERMANY,MARSHALLING YARD,"""RR INSTALLATIONS,  TRACKS,  MARSHALLING YARDS,  AND STATIONS""",50.35,7.6,B17,1.0,11.0,250.0,32.0,,,32.0,F.F.F.
122354,179902.0,1944-12-11,8,GERMANY,MARSHALLING YARD,"""RR INSTALLATIONS,  TRACKS,  MARSHALLING YARDS,  AND STATIONS""",50.35,7.6,B17,1.0,6.0,258.0,18.0,,,18.0,F.F.F.
122346,179903.0,1944-12-11,8,GERMANY,MARSHALLING YARD,"""RR INSTALLATIONS,  TRACKS,  MARSHALLING YARDS,  AND STATIONS""",50.35,7.6,B17,1.0,10.0,263.0,27.0,,,27.0,F.F.F.
122335,179904.0,1944-12-11,8,GERMANY,MARSHALLING YARD,"""RR INSTALLATIONS,  TRACKS,  MARSHALLING YARDS,  AND STATIONS""",50.35,7.6,B17,1.0,11.0,268.0,32.0,,,32.0,F.F.F.
122347,179905.0,1944-12-11,8,GERMANY,MARSHALLING YARD,"""RR INSTALLATIONS,  TRACKS,  MARSHALLING YARDS,  AND STATIONS""",50.35,7.6,B17,1.0,9.0,260.0,23.0,,,23.0,F.F.F.
122711,179906.0,1944-12-11,8,GERMANY,MARSHALLING YARD,"""RR INSTALLATIONS,  TRACKS,  MARSHALLING YARDS,  AND STATIONS""",50.35,7.6,B17,1.0,8.0,220.0,24.0,,,24.0,F.F.F.
122355,179907.0,1944-12-11,8,GERMANY,MARSHALLING YARD,"""RR INSTALLATIONS,  TRACKS,  MARSHALLING YARDS,  AND STATIONS""",50.35,7.6,B17,1.0,11.0,255.0,30.0,,,30.0,F.F.F.
122366,179908.0,1944-12-11,8,GERMANY,MARSHALLING YARD,"""RR INSTALLATIONS,  TRACKS,  MARSHALLING YARDS,  AND STATIONS""",50.35,7.6,B17,1.0,12.0,250.0,33.0,,,33.0,F.F.F.
122343,179909.0,1944-12-11,8,GERMANY,MARSHALLING YARD,"""RR INSTALLATIONS,  TRACKS,  MARSHALLING YARDS,  AND STATIONS""",50.35,7.6,B17,1.0,5.0,264.0,8.0,2.0,,10.0,MICRO H
122721,179910.0,1944-12-11,8,GERMANY,MARSHALLING YARD,"""RR INSTALLATIONS,  TRACKS,  MARSHALLING YARDS,  AND STATIONS""",50.1,8.67,B17,,12.0,39.0,36.0,,,36.0,F.F.F.
122394,179911.0,1944-12-11,8,GERMANY,MARSHALLING YARD,"""RR INSTALLATIONS,  TRACKS,  MARSHALLING YARDS,  AND STATIONS""",50.1,8.67,B17,3.0,11.0,236.0,33.0,,,33.0,F.F.F.
122395,179912.0,1944-12-11,8,GERMANY,MARSHALLING YARD,"""RR INSTALLATIONS,  TRACKS,  MARSHALLING YARDS,  AND STATIONS""",50.1,8.67,B17,3.0,11.0,236.0,33.0,,,33.0,F.F.F.
122389,179913.0,1944-12-11,8,GERMANY,MARSHALLING YARD,"""RR INSTALLATIONS,  TRACKS,  MARSHALLING YARDS,  AND STATIONS""",50.1,8.67,B17,3.0,12.0,241.0,33.0,,,33.0,F.F.F.
122396,179914.0,1944-12-11,8,GERMANY,MARSHALLING YARD,"""RR INSTALLATIONS,  TRACKS,  MARSHALLING YARDS,  AND STATIONS""",50.1,8.67,B17,3.0,12.0,236.0,36.0,,,36.0,F.F.F.
122705,179915.0,1944-12-11,8,GERMANY,MARSHALLING YARD,"""RR INSTALLATIONS,  TRACKS,  MARSHALLING YARDS,  AND STATIONS""",50.1,8.67,B17,3.0,12.0,230.0,36.0,,,36.0,F.F.F.
122390,179916.0,1944-12-11,8,GERMANY,MARSHALLING YARD,"""RR INSTALLATIONS,  TRACKS,  MARSHALLING YARDS,  AND STATIONS""",50.1,8.67,B17,3.0,12.0,240.0,36.0,,,36.0,F.F.F.
122376,179917.0,1944-12-11,8,GERMANY,MARSHALLING YARD,"""RR INSTALLATIONS,  TRACKS,  MARSHALLING YARDS,  AND STATIONS""",50.1,8.67,B17,3.0,12.0,248.0,36.0,,,36.0,F.F.F.
122360,179918.0,1944-12-11,8,GERMANY,MARSHALLING YARD,"""RR INSTALLATIONS,  TRACKS,  MARSHALLING YARDS,  AND STATIONS""",50.1,8.67,B17,3.0,12.0,254.0,36.0,,,36.0,F.F.F.
122384,179919.0,1944-12-11,8,GERMANY,MARSHALLING YARD,"""RR INSTALLATIONS,  TRACKS,  MARSHALLING YARDS,  AND STATIONS""",50.1,8.67,B17,3.0,12.0,244.0,36.0,,,36.0,F.F.F.
122352,179920.0,1944-12-11,8,GERMANY,MARSHALLING YARD,"""RR INSTALLATIONS,  TRACKS,  MARSHALLING YARDS,  AND STATIONS""",50.1,8.67,B17,3.0,12.0,259.0,36.0,,,36.0,F.F.F.
122361,179921.0,1944-12-11,8,GERMANY,MARSHALLING YARD,"""RR INSTALLATIONS,  TRACKS,  MARSHALLING YARDS,  AND STATIONS""",50.1,8.67,B17,3.0,12.0,254.0,36.0,,,36.0,F.F.F.
122397,179922.0,1944-12-11,8,GERMANY,MARSHALLING YARD,"""RR INSTALLATIONS,  TRACKS,  MARSHALLING YARDS,  AND STATIONS""",50.1,8.67,B17,3.0,12.0,236.0,36.0,,,36.0,F.F.F.
122702,179923.0,1944-12-11,8,GERMANY,MARSHALLING YARD,"""RR INSTALLATIONS,  TRACKS,  MARSHALLING YARDS,  AND STATIONS""",50.1,8.67,B17,3.0,12.0,231.0,36.0,,,36.0,F.F.F.
122385,179924.0,1944-12-11,8,GERMANY,MARSHALLING YARD,"""RR INSTALLATIONS,  TRACKS,  MARSHALLING YARDS,  AND STATIONS""",50.1,8.67,B17,3.0,12.0,244.0,36.0,,,36.0,F.F.F.
122362,179925.0,1944-12-11,8,GERMANY,MARSHALLING YARD,"""RR INSTALLATIONS,  TRACKS,  MARSHALLING YARDS,  AND STATIONS""",50.1,8.67,B17,3.0,12.0,252.0,36.0,,,36.0,F.F.F.
122398,179926.0,1944-12-11,8,GERMANY,MARSHALLING YARD,"""RR INSTALLATIONS,  TRACKS,  MARSHALLING YARDS,  AND STATIONS""",50.1,8.67,B17,3.0,11.0,236.0,32.0,,,32.0,F.F.F.
122703,179927.0,1944-12-11,8,GERMANY,MARSHALLING YARD,"""RR INSTALLATIONS,  TRACKS,  MARSHALLING YARDS,  AND STATIONS""",50.1,8.67,B17,3.0,11.0,231.0,33.0,,,33.0,F.F.F.
122388,179928.0,1944-12-11,8,GERMANY,MARSHALLING YARD,"""RR INSTALLATIONS,  TRACKS,  MARSHALLING YARDS,  AND STATIONS""",50.1,8.67,B17,3.0,12.0,242.0,36.0,,,36.0,F.F.F.
122367,179929.0,1944-12-11,8,GERMANY,MARSHALLING YARD,"""RR INSTALLATIONS,  TRACKS,  MARSHALLING YARDS,  AND STATIONS""",50.1,8.67,B17,3.0,11.0,250.0,33.0,,,33.0,F.F.F.
122379,179930.0,1944-12-11,8,GERMANY,MARSHALLING YARD,"""RR INSTALLATIONS,  TRACKS,  MARSHALLING YARDS,  AND STATIONS""",50.1,8.67,B17,3.0,12.0,245.0,36.0,,,36.0,F.F.F.
122356,179931.0,1944-12-11,8,GERMANY,MARSHALLING YARD,"""RR INSTALLATIONS,  TRACKS,  MARSHALLING YARDS,  AND STATIONS""",50.1,8.67,B17,3.0,13.0,255.0,38.0,,,38.0,F.F.F.
122375,179932.0,1944-12-11,8,GERMANY,MARSHALLING YARD,"""RR INSTALLATIONS,  TRACKS,  MARSHALLING YARDS,  AND STATIONS""",50.1,8.67,B17,3.0,12.0,249.0,36.0,,,36.0,F.F.F.
122344,179933.0,1944-12-11,8,GERMANY,MARSHALLING YARD,"""RR INSTALLATIONS,  TRACKS,  MARSHALLING YARDS,  AND STATIONS""",50.1,8.67,B17,3.0,12.0,264.0,36.0,,,36.0,F.F.F.
122380,179934.0,1944-12-11,8,GERMANY,MARSHALLING YARD,"""RR INSTALLATIONS,  TRACKS,  MARSHALLING YARDS,  AND STATIONS""",50.1,8.67,B17,3.0,12.0,245.0,36.0,,,36.0,F.F.F.
122392,179935.0,1944-12-11,8,GERMANY,MARSHALLING YARD,"""RR INSTALLATIONS,  TRACKS,  MARSHALLING YARDS,  AND STATIONS""",50.1,8.67,B17,3.0,12.0,239.0,36.0,,,36.0,F.F.F.
122363,179936.0,1944-12-11,8,GERMANY,MARSHALLING YARD,"""RR INSTALLATIONS,  TRACKS,  MARSHALLING YARDS,  AND STATIONS""",50.1,8.67,B17,3.0,12.0,252.0,33.0,,,33.0,F.F.F.
122704,179937.0,1944-12-11,8,GERMANY,MARSHALLING YARD,"""RR INSTALLATIONS,  TRACKS,  MARSHALLING YARDS,  AND STATIONS""",50.1,8.67,B17,3.0,11.0,231.0,33.0,,,33.0,F.F.F.
122339,179938.0,1944-12-11,8,GERMANY,MARSHALLING YARD,"""RR INSTALLATIONS,  TRACKS,  MARSHALLING YARDS,  AND STATIONS""",50.6,8.68,B17,3.0,12.0,266.0,20.0,6.0,,26.0,MICRO H
122368,179939.0,1944-12-11,8,GERMANY,MARSHALLING YARD,"""RR INSTALLATIONS,  TRACKS,  MARSHALLING YARDS,  AND STATIONS""",50.6,8.68,B17,3.0,12.0,250.0,20.0,6.0,,26.0,MICRO H
122386,179940.0,1944-12-11,8,GERMANY,MARSHALLING YARD,"""RR INSTALLATIONS,  TRACKS,  MARSHALLING YARDS,  AND STATIONS""",50.6,8.68,B17,3.0,4.0,244.0,12.0,,,12.0,MICRO H
122341,179941.0,1944-12-11,8,GERMANY,MARSHALLING YARD,"""RR INSTALLATIONS,  TRACKS,  MARSHALLING YARDS,  AND STATIONS""",50.6,8.68,B17,3.0,11.0,265.0,18.0,6.0,,24.0,MICRO H
122336,179942.0,1944-12-11,8,GERMANY,MARSHALLING YARD,"""RR INSTALLATIONS,  TRACKS,  MARSHALLING YARDS,  AND STATIONS""",50.6,8.68,B17,3.0,13.0,268.0,22.0,6.0,,28.0,MICRO H
122348,179943.0,1944-12-11,8,GERMANY,MARSHALLING YARD,"""RR INSTALLATIONS,  TRACKS,  MARSHALLING YARDS,  AND STATIONS""",50.6,8.68,B17,3.0,13.0,260.0,22.0,7.0,,29.0,MICRO H
122364,179944.0,1944-12-11,8,GERMANY,MARSHALLING YARD,"""RR INSTALLATIONS,  TRACKS,  MARSHALLING YARDS,  AND STATIONS""",50.6,8.68,B17,3.0,11.0,251.0,33.0,,,33.0,MICRO H
122357,179945.0,1944-12-11,8,GERMANY,MARSHALLING YARD,"""RR INSTALLATIONS,  TRACKS,  MARSHALLING YARDS,  AND STATIONS""",50.6,8.68,B17,3.0,11.0,255.0,32.0,,,32.0,MICRO H
122387,179946.0,1944-12-11,8,GERMANY,MARSHALLING YARD,"""RR INSTALLATIONS,  TRACKS,  MARSHALLING YARDS,  AND STATIONS""",50.6,8.68,B17,3.0,9.0,244.0,27.0,,,27.0,MICRO H
122340,179947.0,1944-12-11,8,GERMANY,MARSHALLING YARD,"""RR INSTALLATIONS,  TRACKS,  MARSHALLING YARDS,  AND STATIONS""",50.6,8.68,B17,3.0,10.0,266.0,17.0,5.0,,22.0,MICRO H
122337,179948.0,1944-12-11,8,GERMANY,MARSHALLING YARD,"""RR INSTALLATIONS,  TRACKS,  MARSHALLING YARDS,  AND STATIONS""",50.6,8.68,B17,3.0,12.0,268.0,20.0,6.0,,26.0,MICRO H
122349,179949.0,1944-12-11,8,GERMANY,MARSHALLING YARD,"""RR INSTALLATIONS,  TRACKS,  MARSHALLING YARDS,  AND STATIONS""",50.6,8.68,B17,3.0,13.0,260.0,22.0,7.0,,29.0,MICRO H
122369,179950.0,1944-12-11,8,GERMANY,MARSHALLING YARD,"""RR INSTALLATIONS,  TRACKS,  MARSHALLING YARDS,  AND STATIONS""",50.6,8.68,B17,3.0,11.0,250.0,19.0,5.0,,24.0,F.F.F.
122350,179951.0,1944-12-11,8,GERMANY,MARSHALLING YARD,"""RR INSTALLATIONS,  TRACKS,  MARSHALLING YARDS,  AND STATIONS""",50.6,8.68,B17,3.0,12.0,260.0,21.0,6.0,,27.0,F.F.F.
122370,179952.0,1944-12-11,8,GERMANY,MARSHALLING YARD,"""RR INSTALLATIONS,  TRACKS,  MARSHALLING YARDS,  AND STATIONS""",50.6,8.68,B17,3.0,13.0,250.0,22.0,7.0,,29.0,F.F.F.
122371,179953.0,1944-12-11,8,GERMANY,MARSHALLING YARD,"""RR INSTALLATIONS,  TRACKS,  MARSHALLING YARDS,  AND STATIONS""",50.6,8.68,B17,3.0,12.0,250.0,20.0,5.0,,25.0,MICRO H
122345,179954.0,1944-12-11,8,GERMANY,MARSHALLING YARD,"""RR INSTALLATIONS,  TRACKS,  MARSHALLING YARDS,  AND STATIONS""",50.6,8.68,B17,3.0,10.0,264.0,17.0,5.0,,22.0,MICRO H
122399,179955.0,1944-12-11,8,GERMANY,MARSHALLING YARD,"""RR INSTALLATIONS,  TRACKS,  MARSHALLING YARDS,  AND STATIONS""",50.6,8.68,B17,3.0,13.0,235.0,22.0,6.0,,28.0,MICRO H
122722,179956.0,1944-12-11,8,GERMANY,MARSHALLING YARD,"""RR INSTALLATIONS,  TRACKS,  MARSHALLING YARDS,  AND STATIONS""",50.6,8.68,B17,3.0,2.0,,3.0,1.0,,4.0,NOT INDICATED
122400,179957.0,1944-12-11,8,GERMANY,MARSHALLING YARD,"""RR INSTALLATIONS,  TRACKS,  MARSHALLING YARDS,  AND STATIONS""",50.6,8.68,B17,3.0,11.0,235.0,18.0,5.0,,23.0,MICRO H
122391,179958.0,1944-12-11,8,GERMANY,MARSHALLING YARD,"""RR INSTALLATIONS,  TRACKS,  MARSHALLING YARDS,  AND STATIONS""",50.6,8.68,B17,3.0,13.0,240.0,22.0,7.0,,29.0,MICRO H
122706,179959.0,1944-12-11,8,GERMANY,MARSHALLING YARD,"""RR INSTALLATIONS,  TRACKS,  MARSHALLING YARDS,  AND STATIONS""",50.6,8.68,B17,3.0,13.0,230.0,20.0,6.0,,26.0,MICRO H
122372,179960.0,1944-12-11,8,GERMANY,MARSHALLING YARD,"""RR INSTALLATIONS,  TRACKS,  MARSHALLING YARDS,  AND STATIONS""",50.6,8.68,B17,3.0,12.0,250.0,36.0,,,36.0,MICRO H
122358,179961.0,1944-12-11,8,GERMANY,MARSHALLING YARD,"""RR INSTALLATIONS,  TRACKS,  MARSHALLING YARDS,  AND STATIONS""",50.6,8.68,B17,3.0,13.0,255.0,39.0,,,39.0,MICRO H
122381,179962.0,1944-12-11,8,GERMANY,MARSHALLING YARD,"""RR INSTALLATIONS,  TRACKS,  MARSHALLING YARDS,  AND STATIONS""",50.6,8.68,B17,3.0,13.0,245.0,39.0,,,39.0,MICRO H
122382,179963.0,1944-12-11,8,GERMANY,MARSHALLING YARD,"""RR INSTALLATIONS,  TRACKS,  MARSHALLING YARDS,  AND STATIONS""",50.6,8.68,B17,3.0,12.0,245.0,35.0,,,35.0,MICRO H
122373,179964.0,1944-12-11,8,GERMANY,MARSHALLING YARD,"""RR INSTALLATIONS,  TRACKS,  MARSHALLING YARDS,  AND STATIONS""",50.6,8.68,B17,3.0,13.0,250.0,37.0,,,37.0,MICRO H
122393,179965.0,1944-12-11,8,GERMANY,MARSHALLING YARD,"""RR INSTALLATIONS,  TRACKS,  MARSHALLING YARDS,  AND STATIONS""",50.6,8.68,B17,3.0,12.0,238.0,35.0,,,35.0,MICRO H
122374,179966.0,1944-12-11,8,GERMANY,MARSHALLING YARD,"""RR INSTALLATIONS,  TRACKS,  MARSHALLING YARDS,  AND STATIONS""",50.6,8.68,B17,3.0,12.0,250.0,20.0,6.0,,26.0,F.F.F.
122359,179967.0,1944-12-11,8,GERMANY,MARSHALLING YARD,"""RR INSTALLATIONS,  TRACKS,  MARSHALLING YARDS,  AND STATIONS""",50.6,8.68,B17,3.0,12.0,255.0,20.0,6.0,,26.0,F.F.F.
122383,179968.0,1944-12-11,8,GERMANY,MARSHALLING YARD,"""RR INSTALLATIONS,  TRACKS,  MARSHALLING YARDS,  AND STATIONS""",50.6,8.68,B17,3.0,12.0,245.0,20.0,6.0,,26.0,F.F.F.
122723,179969.0,1944-12-11,8,GERMANY,MARSHALLING YARD,"""RR INSTALLATIONS,  TRACKS,  MARSHALLING YARDS,  AND STATIONS""",50.6,8.68,B17,3.0,1.0,,3.0,,,3.0,NOT INDICATED
122338,179970.0,1944-12-11,8,GERMANY,MARSHALLING YARD,"""RR INSTALLATIONS,  TRACKS,  MARSHALLING YARDS,  AND STATIONS""",50.6,8.68,B17,3.0,12.0,267.0,19.0,6.0,,25.0,MICRO H
122712,179971.0,1944-12-11,8,GERMANY,RR,"""RR INSTALLATIONS,  TRACKS,  MARSHALLING YARDS,  AND STATIONS""",50.13,8.93,B24,3.0,9.0,220.0,25.0,,,25.0,H2X
122724,179972.0,1944-12-11,8,GERMANY,RR,"""RR INSTALLATIONS,  TRACKS,  MARSHALLING YARDS,  AND STATIONS""",50.13,8.93,B24,3.0,9.0,,26.0,,,26.0,NOT INDICATED
122725,179973.0,1944-12-11,8,GERMANY,RR,"""RR INSTALLATIONS,  TRACKS,  MARSHALLING YARDS,  AND STATIONS""",50.13,8.93,B24,3.0,9.0,,27.0,,,27.0,NOT INDICATED
122726,179974.0,1944-12-11,8,GERMANY,RR,"""RR INSTALLATIONS,  TRACKS,  MARSHALLING YARDS,  AND STATIONS""",50.13,8.93,B24,8.0,,,19.0,,,19.0,NOT INDICATED
122727,179975.0,1944-12-11,8,GERMANY,RR,"""RR INSTALLATIONS,  TRACKS,  MARSHALLING YARDS,  AND STATIONS""",50.13,8.93,B24,3.0,8.0,,1.0,,,1.0,NOT INDICATED
122728,179976.0,1944-12-11,8,GERMANY,RR,"""RR INSTALLATIONS,  TRACKS,  MARSHALLING YARDS,  AND STATIONS""",50.13,8.93,B24,3.0,10.0,,29.0,,,29.0,NOT INDICATED
122729,179977.0,1944-12-11,8,GERMANY,RR,"""RR INSTALLATIONS,  TRACKS,  MARSHALLING YARDS,  AND STATIONS""",50.13,8.93,B24,3.0,,,15.0,,,15.0,NOT INDICATED
122709,179978.0,1944-12-11,8,GERMANY,RR,"""RR INSTALLATIONS,  TRACKS,  MARSHALLING YARDS,  AND STATIONS""",50.13,8.93,B24,3.0,7.0,223.0,4.0,,,4.0,H2X
122730,179979.0,1944-12-11,8,GERMANY,RR,"""RR INSTALLATIONS,  TRACKS,  MARSHALLING YARDS,  AND STATIONS""",50.13,8.93,B24,3.0,4.0,,12.0,,,12.0,NOT INDICATED
122731,179980.0,1944-12-11,8,GERMANY,RR,"""RR INSTALLATIONS,  TRACKS,  MARSHALLING YARDS,  AND STATIONS""",50.13,8.93,B24,3.0,,,5.0,1.0,,6.0,NOT INDICATED
122732,179981.0,1944-12-11,8,GERMANY,RR,"""RR INSTALLATIONS,  TRACKS,  MARSHALLING YARDS,  AND STATIONS""",50.13,8.93,B24,3.0,4.0,,22.0,,,22.0,NOT INDICATED
122733,179982.0,1944-12-11,8,GERMANY,RR,"""RR INSTALLATIONS,  TRACKS,  MARSHALLING YARDS,  AND STATIONS""",50.13,8.93,B24,3.0,,,2.0,,,2.0,NOT INDICATED
122734,179983.0,1944-12-11,8,GERMANY,RR,"""RR INSTALLATIONS,  TRACKS,  MARSHALLING YARDS,  AND STATIONS""",50.13,8.93,B24,3.0,6.0,,15.0,,,15.0,NOT INDICATED
122701,179984.0,1944-12-11,8,GERMANY,RR,"""RR INSTALLATIONS,  TRACKS,  MARSHALLING YARDS,  AND STATIONS""",50.13,8.93,B24,3.0,12.0,233.0,32.0,,,32.0,H2X
122735,179985.0,1944-12-11,8,GERMANY,RR,"""RR INSTALLATIONS,  TRACKS,  MARSHALLING YARDS,  AND STATIONS""",50.13,8.93,B24,3.0,10.0,,30.0,,,30.0,NOT INDICATED
122736,179986.0,1944-12-11,8,GERMANY,RR,"""RR INSTALLATIONS,  TRACKS,  MARSHALLING YARDS,  AND STATIONS""",50.13,8.93,B24,3.0,12.0,,34.0,,,34.0,NOT INDICATED
122737,179987.0,1944-12-11,8,GERMANY,RR,"""RR INSTALLATIONS,  TRACKS,  MARSHALLING YARDS,  AND STATIONS""",50.13,8.93,B24,3.0,4.0,,9.0,2.0,,11.0,NOT INDICATED
122738,179988.0,1944-12-11,8,GERMANY,RR,"""RR INSTALLATIONS,  TRACKS,  MARSHALLING YARDS,  AND STATIONS""",50.13,8.93,B24,3.0,,,,4.0,,4.0,NOT INDICATED
122710,179989.0,1944-12-11,8,GERMANY,RR,"""RR INSTALLATIONS,  TRACKS,  MARSHALLING YARDS,  AND STATIONS""",50.13,8.93,B24,3.0,9.0,223.0,16.0,,,16.0,H2X
122739,179990.0,1944-12-11,8,GERMANY,RR,"""RR INSTALLATIONS,  TRACKS,  MARSHALLING YARDS,  AND STATIONS""",50.13,8.93,B24,3.0,,,,2.0,,2.0,NOT INDICATED
122740,179991.0,1944-12-11,8,GERMANY,RR,"""RR INSTALLATIONS,  TRACKS,  MARSHALLING YARDS,  AND STATIONS""",50.13,8.93,B24,3.0,6.0,,9.0,,,9.0,NOT INDICATED
122741,179992.0,1944-12-11,8,GERMANY,RR,"""RR INSTALLATIONS,  TRACKS,  MARSHALLING YARDS,  AND STATIONS""",50.13,8.93,B24,3.0,,,,4.0,,4.0,NOT INDICATED
122742,179993.0,1944-12-11,8,GERMANY,RR,"""RR INSTALLATIONS,  TRACKS,  MARSHALLING YARDS,  AND STATIONS""",50.13,8.93,B24,3.0,9.0,,18.0,,,18.0,NOT INDICATED
122743,179994.0,1944-12-11,8,GERMANY,RR,"""RR INSTALLATIONS,  TRACKS,  MARSHALLING YARDS,  AND STATIONS""",50.13,8.93,B24,3.0,7.0,,15.0,4.0,,19.0,NOT INDICATED
122744,179995.0,1944-12-11,8,GERMANY,RR,"""RR INSTALLATIONS,  TRACKS,  MARSHALLING YARDS,  AND STATIONS""",50.13,8.93,B24,3.0,,,15.0,4.0,,19.0,NOT INDICATED
122713,179996.0,1944-12-11,8,GERMANY,RR,"""RR INSTALLATIONS,  TRACKS,  MARSHALLING YARDS,  AND STATIONS""",50.13,8.93,B24,3.0,9.0,220.0,1.0,,,1.0,H2X
122745,179997.0,1944-12-11,8,GERMANY,RR,"""RR INSTALLATIONS,  TRACKS,  MARSHALLING YARDS,  AND STATIONS""",50.13,8.93,B24,3.0,,,20.0,5.0,,25.0,NOT INDICATED
122746,179998.0,1944-12-11,8,GERMANY,RR,"""RR INSTALLATIONS,  TRACKS,  MARSHALLING YARDS,  AND STATIONS""",50.13,8.93,B24,3.0,10.0,,1.0,,,1.0,NOT INDICATED
122747,179999.0,1944-12-11,8,GERMANY,RR,"""RR INSTALLATIONS,  TRACKS,  MARSHALLING YARDS,  AND STATIONS""",50.13,8.93,B24,8.0,,,15.0,4.0,,19.0,NOT INDICATED
122748,180000.0,1944-12-11,8,GERMANY,RR,"""RR INSTALLATIONS,  TRACKS,  MARSHALLING YARDS,  AND STATIONS""",50.13,8.93,B24,3.0,8.0,,1.0,,,1.0,NOT INDICATED
122749,180001.0,1944-12-11,8,GERMANY,RR,"""RR INSTALLATIONS,  TRACKS,  MARSHALLING YARDS,  AND STATIONS""",50.13,8.93,B24,3.0,,,20.0,5.0,,25.0,NOT INDICATED
122750,180002.0,1944-12-11,8,GERMANY,RR,"""RR INSTALLATIONS,  TRACKS,  MARSHALLING YARDS,  AND STATIONS""",50.13,8.93,B24,3.0,10.0,,1.0,,,1.0,NOT INDICATED
122714,180003.0,1944-12-11,8,GERMANY,RR,"""RR INSTALLATIONS,  TRACKS,  MARSHALLING YARDS,  AND STATIONS""",50.13,8.93,B24,3.0,10.0,220.0,24.0,,,24.0,H2X
122751,180004.0,1944-12-11,8,GERMANY,RR,"""RR INSTALLATIONS,  TRACKS,  MARSHALLING YARDS,  AND STATIONS""",50.13,8.93,B24,3.0,12.0,,27.0,,,27.0,NOT INDICATED
122752,180005.0,1944-12-11,8,GERMANY,RR,"""RR INSTALLATIONS,  TRACKS,  MARSHALLING YARDS,  AND STATIONS""",50.13,8.93,B24,3.0,12.0,,24.0,,,24.0,NOT INDICATED
122753,180006.0,1944-12-11,8,GERMANY,RR,"""RR INSTALLATIONS,  TRACKS,  MARSHALLING YARDS,  AND STATIONS""",50.13,8.93,B24,3.0,7.0,,18.0,,,18.0,NOT INDICATED
122754,180007.0,1944-12-11,8,GERMANY,RR,"""RR INSTALLATIONS,  TRACKS,  MARSHALLING YARDS,  AND STATIONS""",50.13,8.93,B24,3.0,,,,5.0,,5.0,NOT INDICATED
122715,180008.0,1944-12-11,8,GERMANY,RR,"""RR INSTALLATIONS,  TRACKS,  MARSHALLING YARDS,  AND STATIONS""",50.13,8.93,B24,3.0,11.0,220.0,22.0,,,22.0,H2X
122755,180009.0,1944-12-11,8,GERMANY,RR,"""RR INSTALLATIONS,  TRACKS,  MARSHALLING YARDS,  AND STATIONS""",50.13,8.93,B24,3.0,,,11.0,3.0,,14.0,NOT INDICATED
122756,180010.0,1944-12-11,8,GERMANY,RR,"""RR INSTALLATIONS,  TRACKS,  MARSHALLING YARDS,  AND STATIONS""",50.13,8.93,B24,3.0,7.0,,3.0,,,3.0,NOT INDICATED
122757,180011.0,1944-12-11,8,GERMANY,RR,"""RR INSTALLATIONS,  TRACKS,  MARSHALLING YARDS,  AND STATIONS""",50.13,8.93,B24,3.0,,,24.0,,,24.0,NOT INDICATED
122758,180012.0,1944-12-11,8,GERMANY,RR,"""RR INSTALLATIONS,  TRACKS,  MARSHALLING YARDS,  AND STATIONS""",50.13,8.93,B24,3.0,10.0,,1.0,,,1.0,NOT INDICATED
122759,180013.0,1944-12-11,8,GERMANY,RR,"""RR INSTALLATIONS,  TRACKS,  MARSHALLING YARDS,  AND STATIONS""",50.13,8.93,B24,3.0,,,15.0,,,15.0,NOT INDICATED
122760,180014.0,1944-12-11,8,GERMANY,RR,"""RR INSTALLATIONS,  TRACKS,  MARSHALLING YARDS,  AND STATIONS""",50.13,8.93,B24,3.0,7.0,,1.0,,,1.0,NOT INDICATED
122761,180015.0,1944-12-11,8,GERMANY,RR,"""RR INSTALLATIONS,  TRACKS,  MARSHALLING YARDS,  AND STATIONS""",50.13,8.93,B24,3.0,9.0,,30.0,,,30.0,NOT INDICATED
122716,180016.0,1944-12-11,8,GERMANY,RR,"""RR INSTALLATIONS,  TRACKS,  MARSHALLING YARDS,  AND STATIONS""",50.13,8.93,B24,3.0,9.0,217.0,25.0,,,25.0,H2X
122762,180017.0,1944-12-11,8,GERMANY,RR,"""RR INSTALLATIONS,  TRACKS,  MARSHALLING YARDS,  AND STATIONS""",50.13,8.93,B24,3.0,9.0,,27.0,,,27.0,NOT INDICATED
122763,180018.0,1944-12-11,8,GERMANY,RR,"""RR INSTALLATIONS,  TRACKS,  MARSHALLING YARDS,  AND STATIONS""",50.13,8.93,B24,3.0,8.0,,24.0,,,24.0,NOT INDICATED
122764,180019.0,1944-12-11,8,GERMANY,RR,"""RR INSTALLATIONS,  TRACKS,  MARSHALLING YARDS,  AND STATIONS""",50.13,8.93,B24,3.0,9.0,,25.0,,,25.0,NOT INDICATED
122765,180020.0,1944-12-11,8,GERMANY,RR,"""RR INSTALLATIONS,  TRACKS,  MARSHALLING YARDS,  AND STATIONS""",50.13,8.93,B24,3.0,8.0,,24.0,,,24.0,NOT INDICATED
122766,180021.0,1944-12-11,8,GERMANY,RR,"""RR INSTALLATIONS,  TRACKS,  MARSHALLING YARDS,  AND STATIONS""",50.13,8.93,B24,3.0,,,8.0,,,8.0,NOT INDICATED
122767,180022.0,1944-12-11,8,GERMANY,RR,"""RR INSTALLATIONS,  TRACKS,  MARSHALLING YARDS,  AND STATIONS""",50.13,8.93,B24,1.0,4.0,,2.0,,,2.0,NOT INDICATED
122315,215065.0,1944-12-11,15,AUSTRIA,AIRDROME,AIR FIELDS AND AIRDROMES,46.0,16.88,B24,2.0,,,3.0,,,3.0,NOT INDICATED
121982,215066.0,1944-12-11,15,AUSTRIA,AIRDROME,AIR FIELDS AND AIRDROMES,46.0,16.88,B24,2.0,7.0,223.0,11.0,,,11.0,NOT INDICATED
122322,215067.0,1944-12-11,15,AUSTRIA,AIRDROME,AIR FIELDS AND AIRDROMES,48.2,16.37,B24,2.0,1.0,,,3.0,,3.0,NOT INDICATED
121979,215078.0,1944-12-11,15,AUSTRIA,GOODS DEPOT,SUPPLY DUMPS AND WAREHOUSES,48.2,16.37,B24,4.0,11.0,224.0,,28.0,,28.0,NOT INDICATED
121960,215079.0,1944-12-11,15,AUSTRIA,GOODS DEPOT,SUPPLY DUMPS AND WAREHOUSES,48.2,16.37,B24,4.0,24.0,245.0,33.0,,,33.0,F.F.F.
121972,215080.0,1944-12-11,15,AUSTRIA,GOODS DEPOT,SUPPLY DUMPS AND WAREHOUSES,48.2,16.37,B24,4.0,23.0,230.0,,58.0,,58.0,NOT INDICATED
121973,215081.0,1944-12-11,15,AUSTRIA,GOODS DEPOT,SUPPLY DUMPS AND WAREHOUSES,48.2,16.37,B24,4.0,25.0,230.0,,60.0,,60.0,NOT INDICATED
122323,215082.0,1944-12-11,15,AUSTRIA,GOODS DEPOT,SUPPLY DUMPS AND WAREHOUSES,48.2,16.37,B24,4.0,,,12.0,,,12.0,NOT INDICATED
121964,215083.0,1944-12-11,15,AUSTRIA,GOODS DEPOT,SUPPLY DUMPS AND WAREHOUSES,48.2,16.37,B24,4.0,24.0,243.0,45.0,,,45.0,NOT INDICATED
122316,215084.0,1944-12-11,15,AUSTRIA,AIRDROME,AIR FIELDS AND AIRDROMES,46.0,16.88,B24,2.0,,,3.0,,,3.0,NOT INDICATED
121983,215085.0,1944-12-11,15,AUSTRIA,AIRDROME,AIR FIELDS AND AIRDROMES,46.0,16.88,B24,2.0,7.0,223.0,11.0,,,11.0,NOT INDICATED
122325,215086.0,1944-12-11,15,AUSTRIA,AIRDROME,AIR FIELDS AND AIRDROMES,48.2,16.37,B24,2.0,1.0,,,3.0,,3.0,NOT INDICATED
122324,216396.0,1944-12-11,15,AUSTRIA,GOODS DEPOT,SUPPLY DUMPS AND WAREHOUSES,48.2,16.37,B24,4.0,,,12.0,,,12.0,NOT INDICATED
121963,216497.0,1944-12-11,15,AUSTRIA,GOODS DEPOT,SUPPLY DUMPS AND WAREHOUSES,48.2,16.37,B24,4.0,24.0,243.0,45.0,,,45.0,NOT INDICATED
121980,216498.0,1944-12-11,15,AUSTRIA,GOODS DEPOT,SUPPLY DUMPS AND WAREHOUSES,48.2,16.37,B24,4.0,11.0,224.0,,28.0,,28.0,NOT INDICATED
121961,216499.0,1944-12-11,15,AUSTRIA,GOODS DEPOT,SUPPLY DUMPS AND WAREHOUSES,48.2,16.37,B24,4.0,24.0,245.0,33.0,,,33.0,F.F.F.
121974,216500.0,1944-12-11,15,AUSTRIA,GOODS DEPOT,SUPPLY DUMPS AND WAREHOUSES,48.2,16.37,B24,4.0,23.0,230.0,,58.0,,58.0,NOT INDICATED
121975,216501.0,1944-12-11,15,AUSTRIA,GOODS DEPOT,SUPPLY DUMPS AND WAREHOUSES,48.2,16.37,B24,4.0,25.0,230.0,,60.0,,60.0,NOT INDICATED
123978,114054.0,1944-12-12,15,CZECHOSLOVAKIA,OIL REFINERY,OIL REFINERIES,49.85,18.3,B17,3.0,,,,,,,NOT INDICATED
123918,114055.0,1944-12-12,15,CZECHOSLOVAKIA,OIL REFINERY,OIL REFINERIES,49.85,18.3,B17,3.0,1.0,250.0,2.0,,,2.0,F.F.F.
123964,114056.0,1944-12-12,15,CZECHOSLOVAKIA,OIL REFINERY,OIL REFINERIES,49.85,18.3,B24,3.0,1.0,,1.0,,,1.0,NOT INDICATED
123965,114057.0,1944-12-12,15,CZECHOSLOVAKIA,OIL REFINERY,OIL REFINERIES,49.85,18.3,B24,3.0,1.0,,2.0,,,2.0,NOT INDICATED
123966,114058.0,1944-12-12,15,CZECHOSLOVAKIA,OIL REFINERY,OIL REFINERIES,49.85,18.3,B24,3.0,,,1.0,,,1.0,NOT INDICATED
123967,114059.0,1944-12-12,15,CZECHOSLOVAKIA,OIL REFINERY,OIL REFINERIES,49.85,18.3,B24,3.0,1.0,,2.0,,,2.0,NOT INDICATED
123968,114060.0,1944-12-12,15,CZECHOSLOVAKIA,OIL REFINERY,OIL REFINERIES,49.85,18.3,B24,3.0,,,1.0,,,1.0,NOT INDICATED
123916,114061.0,1944-12-12,15,CZECHOSLOVAKIA,OIL REFINERY,OIL REFINERIES,49.85,18.3,B24,3.0,1.0,250.0,2.0,,,2.0,F.F.F.
123969,114062.0,1944-12-12,15,CZECHOSLOVAKIA,OIL REFINERY,OIL REFINERIES,49.85,18.3,B24,3.0,,,1.0,,,1.0,NOT INDICATED
123970,114063.0,1944-12-12,15,CZECHOSLOVAKIA,OIL REFINERY,OIL REFINERIES,49.85,18.3,B24,3.0,1.0,,2.0,,,2.0,NOT INDICATED
123952,114064.0,1944-12-12,15,GERMANY,OIL REFINERY SYNTHETIC,SYNTHETIC OIL REFINERIES,50.33,18.3,B17,4.0,,,2.0,,,2.0,NOT INDICATED
123600,114065.0,1944-12-12,15,GERMANY,OIL REFINERY SYNTHETIC,SYNTHETIC OIL REFINERIES,50.33,18.3,B17,4.0,4.0,280.0,7.0,,,7.0,F.F.F.
123938,114066.0,1944-12-12,15,GERMANY,OIL REFINERY SYNTHETIC,SYNTHETIC OIL REFINERIES,50.33,18.3,B24,4.0,,,1.0,,,1.0,NOT INDICATED
123924,114067.0,1944-12-12,15,GERMANY,OIL REFINERY SYNTHETIC,SYNTHETIC OIL REFINERIES,50.33,18.3,B24,4.0,2.0,239.0,2.0,,,2.0,F.F.F.
123910,114068.0,1944-12-12,15,GERMANY,OIL REFINERY SYNTHETIC,SYNTHETIC OIL REFINERIES,50.33,18.3,B24,4.0,2.0,265.0,3.0,,,3.0,F.F.F.
123928,114069.0,1944-12-12,15,GERMANY,OIL REFINERY SYNTHETIC,SYNTHETIC OIL REFINERIES,50.33,18.3,B24,4.0,2.0,233.0,3.0,,,3.0,F.F.F.
123932,114070.0,1944-12-12,15,GERMANY,OIL REFINERY SYNTHETIC,SYNTHETIC OIL REFINERIES,50.33,18.3,B24,4.0,2.0,225.0,5.0,,,5.0,NOT INDICATED
123953,114071.0,1944-12-12,15,GERMANY,OIL REFINERY SYNTHETIC,SYNTHETIC OIL REFINERIES,50.33,18.3,B17,4.0,,,1.0,,,1.0,NOT INDICATED
123906,114072.0,1944-12-12,15,GERMANY,OIL REFINERY SYNTHETIC,SYNTHETIC OIL REFINERIES,50.33,18.3,B17,4.0,3.0,270.0,7.0,,,7.0,F.F.F.
123954,114073.0,1944-12-12,15,GERMANY,OIL REFINERY SYNTHETIC,SYNTHETIC OIL REFINERIES,50.33,18.3,B17,4.0,,,11.0,,,11.0,NOT INDICATED
123907,114074.0,1944-12-12,15,GERMANY,OIL REFINERY SYNTHETIC,SYNTHETIC OIL REFINERIES,50.33,18.3,B17,4.0,5.0,270.0,1.0,,,1.0,F.F.F.
123955,114075.0,1944-12-12,15,GERMANY,OIL REFINERY SYNTHETIC,SYNTHETIC OIL REFINERIES,50.33,18.3,B17,4.0,,,1.0,,,1.0,NOT INDICATED
123598,114076.0,1944-12-12,15,GERMANY,OIL REFINERY SYNTHETIC,SYNTHETIC OIL REFINERIES,50.33,18.3,B17,4.0,4.0,285.0,7.0,,,7.0,F.F.F.
123956,114077.0,1944-12-12,15,GERMANY,OIL REFINERY SYNTHETIC,SYNTHETIC OIL REFINERIES,50.33,18.3,B17,4.0,,,1.0,,,1.0,NOT INDICATED
123596,114078.0,1944-12-12,15,GERMANY,OIL REFINERY SYNTHETIC,SYNTHETIC OIL REFINERIES,50.33,18.3,B17,4.0,3.0,289.0,7.0,,,7.0,F.F.F.
123957,114079.0,1944-12-12,15,GERMANY,OIL REFINERY SYNTHETIC,SYNTHETIC OIL REFINERIES,50.33,18.3,B17,4.0,,,1.0,,,1.0,NOT INDICATED
123902,114080.0,1944-12-12,15,GERMANY,OIL REFINERY SYNTHETIC,SYNTHETIC OIL REFINERIES,50.33,18.3,B17,4.0,4.0,275.0,7.0,,,7.0,F.F.F.
123939,114081.0,1944-12-12,15,GERMANY,OIL REFINERY SYNTHETIC,SYNTHETIC OIL REFINERIES,50.33,18.3,B24,4.0,,,1.0,,,1.0,NOT INDICATED
123914,114082.0,1944-12-12,15,GERMANY,OIL REFINERY SYNTHETIC,SYNTHETIC OIL REFINERIES,50.33,18.3,B24,4.0,3.0,250.0,5.0,,,5.0,F.F.F.
123940,114083.0,1944-12-12,15,GERMANY,OIL REFINERY SYNTHETIC,SYNTHETIC OIL REFINERIES,50.33,18.3,B24,4.0,,,3.0,,,3.0,NOT INDICATED
123926,114084.0,1944-12-12,15,GERMANY,OIL REFINERY SYNTHETIC,SYNTHETIC OIL REFINERIES,50.33,18.3,B24,4.0,5.0,237.0,8.0,,,8.0,F.F.F.
123941,114085.0,1944-12-12,15,GERMANY,OIL REFINERY SYNTHETIC,SYNTHETIC OIL REFINERIES,50.33,18.3,B24,4.0,,,2.0,,,2.0,NOT INDICATED
123934,114086.0,1944-12-12,15,GERMANY,OIL REFINERY SYNTHETIC,SYNTHETIC OIL REFINERIES,50.33,18.3,B24,4.0,3.0,221.0,3.0,,,3.0,F.F.F.
123942,114087.0,1944-12-12,15,GERMANY,OIL REFINERY SYNTHETIC,SYNTHETIC OIL REFINERIES,50.33,18.3,B24,4.0,,,2.0,,,2.0,NOT INDICATED
123920,114088.0,1944-12-12,15,GERMANY,OIL REFINERY SYNTHETIC,SYNTHETIC OIL REFINERIES,50.33,18.3,B24,4.0,3.0,246.0,3.0,,,3.0,F.F.F.
123930,114089.0,1944-12-12,15,GERMANY,OIL REFINERY SYNTHETIC,SYNTHETIC OIL REFINERIES,50.33,18.3,B24,4.0,1.0,231.0,2.0,,,2.0,F.F.F.
123936,114090.0,1944-12-12,15,GERMANY,OIL REFINERY SYNTHETIC,SYNTHETIC OIL REFINERIES,50.33,18.3,B24,4.0,1.0,214.0,2.0,,,2.0,F.F.F.
123943,114091.0,1944-12-12,15,GERMANY,OIL REFINERY SYNTHETIC,SYNTHETIC OIL REFINERIES,50.33,18.3,B24,4.0,,,1.0,,,1.0,NOT INDICATED
123922,114092.0,1944-12-12,15,GERMANY,OIL REFINERY SYNTHETIC,SYNTHETIC OIL REFINERIES,50.33,18.3,B24,4.0,1.0,245.0,2.0,,,2.0,NOT INDICATED
123904,114093.0,1944-12-12,15,GERMANY,OIL REFINERY SYNTHETIC,SYNTHETIC OIL REFINERIES,50.33,18.3,B24,4.0,2.0,272.0,3.0,,,3.0,F.F.F.
123944,114094.0,1944-12-12,15,GERMANY,OIL REFINERY SYNTHETIC,SYNTHETIC OIL REFINERIES,50.33,18.3,B24,4.0,,,1.0,,,1.0,NOT INDICATED
123912,114095.0,1944-12-12,15,GERMANY,OIL REFINERY SYNTHETIC,SYNTHETIC OIL REFINERIES,50.33,18.3,B24,4.0,1.0,260.0,2.0,,,2.0,NOT INDICATED
124352,114127.0,1944-12-12,8,GERMANY,CITY AREA,CITIES TOWNS AND URBAN AREAS,53.2,8.63,B26,,,124.0,4.0,,,4.0,VISUAL
124306,114135.0,1944-12-12,8,GERMANY,UNIDENTIFIED TARGET,UNIDENTIFIED TARGETS,49.88,8.87,B17,2.0,9.0,257.0,13.0,14.0,,27.0,VISUAL
123982,114137.0,1944-12-12,15,GERMANY,UNIDENTIFIED TARGET,UNIDENTIFIED TARGETS,50.68,17.92,B17,2.0,,,,,,,NOT INDICATED
123983,114138.0,1944-12-12,15,GERMANY,UNIDENTIFIED TARGET,UNIDENTIFIED TARGETS,50.68,17.92,B17,2.0,1.0,,2.0,,,2.0,NOT INDICATED
124364,114139.0,1944-12-12,8,GERMANY,TOWN,CITIES TOWNS AND URBAN AREAS,50.22,7.6,B17,2.0,1.0,,3.0,,,3.0,NOT INDICATED
124353,114140.0,1944-12-12,8,GERMANY,CITY AREA,CITIES TOWNS AND URBAN AREAS,53.2,8.63,B26,,,124.0,4.0,,,4.0,VISUAL
124302,161410.0,1944-12-12,8,GERMANY,KF BORGWARD AG,VEHICLE MFG. PLANTS,53.08,8.72,B17,4.0,10.0,258.0,2.0,,,2.0,VISUAL
124307,180090.0,1944-12-12,8,GERMANY,UNIDENTIFIED TARGET,UNIDENTIFIED TARGETS,49.88,8.87,B17,2.0,9.0,257.0,13.0,14.0,,27.0,VISUAL
123984,180092.0,1944-12-12,15,GERMANY,UNIDENTIFIED TARGET,UNIDENTIFIED TARGETS,50.68,17.92,B17,2.0,,,,,,,NOT INDICATED
123985,180093.0,1944-12-12,15,GERMANY,UNIDENTIFIED TARGET,UNIDENTIFIED TARGETS,50.68,17.92,B17,2.0,1.0,,2.0,,,2.0,NOT INDICATED
124365,180114.0,1944-12-12,8,GERMANY,TOWN,CITIES TOWNS AND URBAN AREAS,50.22,7.6,B17,2.0,1.0,,3.0,,,3.0,NOT INDICATED
124354,180115.0,1944-12-12,8,GERMANY,CITY AREA,CITIES TOWNS AND URBAN AREAS,53.2,8.63,B26,,,124.0,4.0,,,4.0,VISUAL
124355,180117.0,1944-12-12,8,GERMANY,CITY AREA,CITIES TOWNS AND URBAN AREAS,53.2,8.63,B26,,,124.0,4.0,,,4.0,VISUAL
124366,180125.0,1944-12-12,8,GERMANY,TOWN,CITIES TOWNS AND URBAN AREAS,50.22,7.6,B17,2.0,1.0,,3.0,,,3.0,NOT INDICATED
124308,180128.0,1944-12-12,8,GERMANY,UNIDENTIFIED TARGET,UNIDENTIFIED TARGETS,49.88,8.87,B17,2.0,9.0,257.0,13.0,14.0,,27.0,VISUAL
123986,180130.0,1944-12-12,15,GERMANY,UNIDENTIFIED TARGET,UNIDENTIFIED TARGETS,50.68,17.92,B17,2.0,,,,,,,NOT INDICATED
123987,180131.0,1944-12-12,15,GERMANY,UNIDENTIFIED TARGET,UNIDENTIFIED TARGETS,50.68,17.92,B17,2.0,1.0,,2.0,,,2.0,NOT INDICATED
123979,180147.0,1944-12-12,15,CZECHOSLOVAKIA,OIL REFINERY,OIL REFINERIES,49.85,18.3,B17,3.0,,,,,,,NOT INDICATED
123919,180148.0,1944-12-12,15,CZECHOSLOVAKIA,OIL REFINERY,OIL REFINERIES,49.85,18.3,B17,3.0,1.0,250.0,2.0,,,2.0,F.F.F.
123971,180149.0,1944-12-12,15,CZECHOSLOVAKIA,OIL REFINERY,OIL REFINERIES,49.85,18.3,B24,3.0,1.0,,1.0,,,1.0,NOT INDICATED
123972,180150.0,1944-12-12,15,CZECHOSLOVAKIA,OIL REFINERY,OIL REFINERIES,49.85,18.3,B24,3.0,1.0,,2.0,,,2.0,NOT INDICATED
123973,180151.0,1944-12-12,15,CZECHOSLOVAKIA,OIL REFINERY,OIL REFINERIES,49.85,18.3,B24,3.0,,,1.0,,,1.0,NOT INDICATED
123974,180152.0,1944-12-12,15,CZECHOSLOVAKIA,OIL REFINERY,OIL REFINERIES,49.85,18.3,B24,3.0,1.0,,2.0,,,2.0,NOT INDICATED
123975,180153.0,1944-12-12,15,CZECHOSLOVAKIA,OIL REFINERY,OIL REFINERIES,49.85,18.3,B24,3.0,,,1.0,,,1.0,NOT INDICATED
123917,180154.0,1944-12-12,15,CZECHOSLOVAKIA,OIL REFINERY,OIL REFINERIES,49.85,18.3,B24,3.0,1.0,250.0,2.0,,,2.0,F.F.F.
123976,180155.0,1944-12-12,15,CZECHOSLOVAKIA,OIL REFINERY,OIL REFINERIES,49.85,18.3,B24,3.0,,,1.0,,,1.0,NOT INDICATED
123977,180156.0,1944-12-12,15,CZECHOSLOVAKIA,OIL REFINERY,OIL REFINERIES,49.85,18.3,B24,3.0,1.0,,2.0,,,2.0,NOT INDICATED
123958,180157.0,1944-12-12,15,GERMANY,OIL REFINERY SYNTHETIC,SYNTHETIC OIL REFINERIES,50.33,18.3,B17,4.0,,,2.0,,,2.0,NOT INDICATED
123901,180158.0,1944-12-12,15,GERMANY,OIL REFINERY SYNTHETIC,SYNTHETIC OIL REFINERIES,50.33,18.3,B17,4.0,4.0,280.0,7.0,,,7.0,F.F.F.
123945,180159.0,1944-12-12,15,GERMANY,OIL REFINERY SYNTHETIC,SYNTHETIC OIL REFINERIES,50.33,18.3,B24,4.0,,,1.0,,,1.0,NOT INDICATED
123925,180160.0,1944-12-12,15,GERMANY,OIL REFINERY SYNTHETIC,SYNTHETIC OIL REFINERIES,50.33,18.3,B24,4.0,2.0,239.0,2.0,,,2.0,F.F.F.
123911,180161.0,1944-12-12,15,GERMANY,OIL REFINERY SYNTHETIC,SYNTHETIC OIL REFINERIES,50.33,18.3,B24,4.0,2.0,265.0,3.0,,,3.0,F.F.F.
123929,180162.0,1944-12-12,15,GERMANY,OIL REFINERY SYNTHETIC,SYNTHETIC OIL REFINERIES,50.33,18.3,B24,4.0,2.0,233.0,3.0,,,3.0,F.F.F.
123933,180163.0,1944-12-12,15,GERMANY,OIL REFINERY SYNTHETIC,SYNTHETIC OIL REFINERIES,50.33,18.3,B24,4.0,2.0,225.0,5.0,,,5.0,NOT INDICATED
123959,180164.0,1944-12-12,15,GERMANY,OIL REFINERY SYNTHETIC,SYNTHETIC OIL REFINERIES,50.33,18.3,B17,4.0,,,1.0,,,1.0,NOT INDICATED
123908,180165.0,1944-12-12,15,GERMANY,OIL REFINERY SYNTHETIC,SYNTHETIC OIL REFINERIES,50.33,18.3,B17,4.0,3.0,270.0,7.0,,,7.0,F.F.F.
123960,180166.0,1944-12-12,15,GERMANY,OIL REFINERY SYNTHETIC,SYNTHETIC OIL REFINERIES,50.33,18.3,B17,4.0,,,11.0,,,11.0,NOT INDICATED
123909,180167.0,1944-12-12,15,GERMANY,OIL REFINERY SYNTHETIC,SYNTHETIC OIL REFINERIES,50.33,18.3,B17,4.0,5.0,270.0,1.0,,,1.0,F.F.F.
123961,180168.0,1944-12-12,15,GERMANY,OIL REFINERY SYNTHETIC,SYNTHETIC OIL REFINERIES,50.33,18.3,B17,4.0,,,1.0,,,1.0,NOT INDICATED
123599,180169.0,1944-12-12,15,GERMANY,OIL REFINERY SYNTHETIC,SYNTHETIC OIL REFINERIES,50.33,18.3,B17,4.0,4.0,285.0,7.0,,,7.0,F.F.F.
123962,180170.0,1944-12-12,15,GERMANY,OIL REFINERY SYNTHETIC,SYNTHETIC OIL REFINERIES,50.33,18.3,B17,4.0,,,1.0,,,1.0,NOT INDICATED
123597,180171.0,1944-12-12,15,GERMANY,OIL REFINERY SYNTHETIC,SYNTHETIC OIL REFINERIES,50.33,18.3,B17,4.0,3.0,289.0,7.0,,,7.0,F.F.F.
123963,180172.0,1944-12-12,15,GERMANY,OIL REFINERY SYNTHETIC,SYNTHETIC OIL REFINERIES,50.33,18.3,B17,4.0,,,1.0,,,1.0,NOT INDICATED
123903,180173.0,1944-12-12,15,GERMANY,OIL REFINERY SYNTHETIC,SYNTHETIC OIL REFINERIES,50.33,18.3,B17,4.0,4.0,275.0,7.0,,,7.0,F.F.F.
123946,180174.0,1944-12-12,15,GERMANY,OIL REFINERY SYNTHETIC,SYNTHETIC OIL REFINERIES,50.33,18.3,B24,4.0,,,1.0,,,1.0,NOT INDICATED
123915,180175.0,1944-12-12,15,GERMANY,OIL REFINERY SYNTHETIC,SYNTHETIC OIL REFINERIES,50.33,18.3,B24,4.0,3.0,250.0,5.0,,,5.0,F.F.F.
123947,180176.0,1944-12-12,15,GERMANY,OIL REFINERY SYNTHETIC,SYNTHETIC OIL REFINERIES,50.33,18.3,B24,4.0,,,3.0,,,3.0,NOT INDICATED
123927,180177.0,1944-12-12,15,GERMANY,OIL REFINERY SYNTHETIC,SYNTHETIC OIL REFINERIES,50.33,18.3,B24,4.0,5.0,237.0,8.0,,,8.0,F.F.F.
123948,180178.0,1944-12-12,15,GERMANY,OIL REFINERY SYNTHETIC,SYNTHETIC OIL REFINERIES,50.33,18.3,B24,4.0,,,2.0,,,2.0,NOT INDICATED
123935,180179.0,1944-12-12,15,GERMANY,OIL REFINERY SYNTHETIC,SYNTHETIC OIL REFINERIES,50.33,18.3,B24,4.0,3.0,221.0,3.0,,,3.0,F.F.F.
123949,180180.0,1944-12-12,15,GERMANY,OIL REFINERY SYNTHETIC,SYNTHETIC OIL REFINERIES,50.33,18.3,B24,4.0,,,2.0,,,2.0,NOT INDICATED
123921,180181.0,1944-12-12,15,GERMANY,OIL REFINERY SYNTHETIC,SYNTHETIC OIL REFINERIES,50.33,18.3,B24,4.0,3.0,246.0,3.0,,,3.0,F.F.F.
123931,180182.0,1944-12-12,15,GERMANY,OIL REFINERY SYNTHETIC,SYNTHETIC OIL REFINERIES,50.33,18.3,B24,4.0,1.0,231.0,2.0,,,2.0,F.F.F.
123937,180183.0,1944-12-12,15,GERMANY,OIL REFINERY SYNTHETIC,SYNTHETIC OIL REFINERIES,50.33,18.3,B24,4.0,1.0,214.0,2.0,,,2.0,F.F.F.
123950,180184.0,1944-12-12,15,GERMANY,OIL REFINERY SYNTHETIC,SYNTHETIC OIL REFINERIES,50.33,18.3,B24,4.0,,,1.0,,,1.0,NOT INDICATED
123923,180185.0,1944-12-12,15,GERMANY,OIL REFINERY SYNTHETIC,SYNTHETIC OIL REFINERIES,50.33,18.3,B24,4.0,1.0,245.0,2.0,,,2.0,NOT INDICATED
123905,180186.0,1944-12-12,15,GERMANY,OIL REFINERY SYNTHETIC,SYNTHETIC OIL REFINERIES,50.33,18.3,B24,4.0,2.0,272.0,3.0,,,3.0,F.F.F.
123951,180187.0,1944-12-12,15,GERMANY,OIL REFINERY SYNTHETIC,SYNTHETIC OIL REFINERIES,50.33,18.3,B24,4.0,,,1.0,,,1.0,NOT INDICATED
123913,180188.0,1944-12-12,15,GERMANY,OIL REFINERY SYNTHETIC,SYNTHETIC OIL REFINERIES,50.33,18.3,B24,4.0,1.0,260.0,2.0,,,2.0,NOT INDICATED
123980,180233.0,1944-12-12,15,CZECHOSLOVAKIA,RR,"""RR INSTALLATIONS,  TRACKS,  MARSHALLING YARDS,  AND STATIONS""",49.85,18.3,B17,3.0,,,,,,,NOT INDICATED
123981,180234.0,1944-12-12,15,CZECHOSLOVAKIA,RR,"""RR INSTALLATIONS,  TRACKS,  MARSHALLING YARDS,  AND STATIONS""",49.85,18.3,B17,3.0,1.0,,2.0,,,2.0,F.F.F.
124350,180236.0,1944-12-12,8,GERMANY,MARSHALLING YARD,"""RR INSTALLATIONS,  TRACKS,  MARSHALLING YARDS,  AND STATIONS""",50.0,9.17,B24,4.0,10.0,210.0,20.0,4.0,,24.0,VISUAL
124356,180237.0,1944-12-12,8,GERMANY,MARSHALLING YARD,"""RR INSTALLATIONS,  TRACKS,  MARSHALLING YARDS,  AND STATIONS""",50.0,9.17,B24,4.0,8.0,,16.0,4.0,,20.0,NOT INDICATED
124357,180238.0,1944-12-12,8,GERMANY,MARSHALLING YARD,"""RR INSTALLATIONS,  TRACKS,  MARSHALLING YARDS,  AND STATIONS""",50.0,9.17,B24,4.0,11.0,,23.0,5.0,,28.0,NOT INDICATED
124343,180239.0,1944-12-12,8,GERMANY,MARSHALLING YARD,"""RR INSTALLATIONS,  TRACKS,  MARSHALLING YARDS,  AND STATIONS""",50.0,9.17,B24,4.0,1.0,220.0,2.0,1.0,,3.0,VISUAL
124351,180240.0,1944-12-12,8,GERMANY,MARSHALLING YARD,"""RR INSTALLATIONS,  TRACKS,  MARSHALLING YARDS,  AND STATIONS""",50.0,9.17,B24,4.0,10.0,210.0,20.0,5.0,,25.0,VISUAL
124358,180241.0,1944-12-12,8,GERMANY,MARSHALLING YARD,"""RR INSTALLATIONS,  TRACKS,  MARSHALLING YARDS,  AND STATIONS""",50.0,9.17,B24,0.0,,,,6.0,,6.0,NOT INDICATED
124359,180242.0,1944-12-12,8,GERMANY,MARSHALLING YARD,"""RR INSTALLATIONS,  TRACKS,  MARSHALLING YARDS,  AND STATIONS""",50.0,9.17,B24,4.0,11.0,,22.0,,,22.0,NOT INDICATED
124360,180243.0,1944-12-12,8,GERMANY,MARSHALLING YARD,"""RR INSTALLATIONS,  TRACKS,  MARSHALLING YARDS,  AND STATIONS""",50.0,9.17,B24,0.0,,,,5.0,,5.0,NOT INDICATED
124361,180244.0,1944-12-12,8,GERMANY,MARSHALLING YARD,"""RR INSTALLATIONS,  TRACKS,  MARSHALLING YARDS,  AND STATIONS""",50.0,9.17,B24,4.0,10.0,,20.0,,,20.0,NOT INDICATED
124349,180245.0,1944-12-12,8,GERMANY,MARSHALLING YARD,"""RR INSTALLATIONS,  TRACKS,  MARSHALLING YARDS,  AND STATIONS""",50.0,9.17,B24,4.0,9.0,215.0,14.0,3.0,,17.0,VISUAL
124362,180246.0,1944-12-12,8,GERMANY,MARSHALLING YARD,"""RR INSTALLATIONS,  TRACKS,  MARSHALLING YARDS,  AND STATIONS""",50.0,9.17,B24,4.0,9.0,,18.0,4.0,,22.0,NOT INDICATED
124363,180247.0,1944-12-12,8,GERMANY,MARSHALLING YARD,"""RR INSTALLATIONS,  TRACKS,  MARSHALLING YARDS,  AND STATIONS""",50.0,9.17,B24,4.0,8.0,,16.0,4.0,,20.0,NOT INDICATED
124315,180248.0,1944-12-12,8,GERMANY,MARSHALLING YARD,"""RR INSTALLATIONS,  TRACKS,  MARSHALLING YARDS,  AND STATIONS""",49.87,8.65,B17,4.0,11.0,250.0,28.0,5.0,,33.0,VISUAL
123991,180249.0,1944-12-12,8,GERMANY,MARSHALLING YARD,"""RR INSTALLATIONS,  TRACKS,  MARSHALLING YARDS,  AND STATIONS""",49.87,8.65,B17,4.0,12.0,272.0,30.0,6.0,,36.0,VISUAL
124325,180250.0,1944-12-12,8,GERMANY,MARSHALLING YARD,"""RR INSTALLATIONS,  TRACKS,  MARSHALLING YARDS,  AND STATIONS""",49.87,8.65,B17,4.0,12.0,245.0,30.0,6.0,,36.0,VISUAL
123997,180251.0,1944-12-12,8,GERMANY,MARSHALLING YARD,"""RR INSTALLATIONS,  TRACKS,  MARSHALLING YARDS,  AND STATIONS""",49.87,8.65,B17,4.0,12.0,263.0,30.0,5.0,,35.0,VISUAL
123990,180252.0,1944-12-12,8,GERMANY,MARSHALLING YARD,"""RR INSTALLATIONS,  TRACKS,  MARSHALLING YARDS,  AND STATIONS""",49.87,8.65,B17,4.0,12.0,278.0,30.0,6.0,,36.0,VISUAL
124313,180253.0,1944-12-12,8,GERMANY,MARSHALLING YARD,"""RR INSTALLATIONS,  TRACKS,  MARSHALLING YARDS,  AND STATIONS""",49.87,8.65,B17,4.0,13.0,253.0,32.0,6.0,,38.0,VISUAL
124326,180254.0,1944-12-12,8,GERMANY,MARSHALLING YARD,"""RR INSTALLATIONS,  TRACKS,  MARSHALLING YARDS,  AND STATIONS""",49.87,8.65,B17,4.0,10.0,245.0,14.0,15.0,,29.0,VISUAL
124316,180255.0,1944-12-12,8,GERMANY,MARSHALLING YARD,"""RR INSTALLATIONS,  TRACKS,  MARSHALLING YARDS,  AND STATIONS""",49.87,8.65,B17,4.0,13.0,250.0,19.0,20.0,,39.0,VISUAL
124331,180256.0,1944-12-12,8,GERMANY,MARSHALLING YARD,"""RR INSTALLATIONS,  TRACKS,  MARSHALLING YARDS,  AND STATIONS""",49.87,8.65,B17,4.0,12.0,240.0,18.0,18.0,,36.0,VISUAL
124303,180257.0,1944-12-12,8,GERMANY,MARSHALLING YARD,"""RR INSTALLATIONS,  TRACKS,  MARSHALLING YARDS,  AND STATIONS""",49.87,8.65,B17,4.0,12.0,258.0,30.0,6.0,,36.0,VISUAL
123993,180258.0,1944-12-12,8,GERMANY,MARSHALLING YARD,"""RR INSTALLATIONS,  TRACKS,  MARSHALLING YARDS,  AND STATIONS""",49.87,8.65,B17,4.0,12.0,268.0,30.0,6.0,,36.0,VISUAL
124301,180259.0,1944-12-12,8,GERMANY,MARSHALLING YARD,"""RR INSTALLATIONS,  TRACKS,  MARSHALLING YARDS,  AND STATIONS""",49.87,8.65,B17,4.0,13.0,260.0,33.0,6.0,,39.0,VISUAL
124327,180260.0,1944-12-12,8,GERMANY,MARSHALLING YARD,"""RR INSTALLATIONS,  TRACKS,  MARSHALLING YARDS,  AND STATIONS""",49.87,8.65,B17,4.0,12.0,245.0,29.0,6.0,,35.0,VISUAL
124314,180261.0,1944-12-12,8,GERMANY,MARSHALLING YARD,"""RR INSTALLATIONS,  TRACKS,  MARSHALLING YARDS,  AND STATIONS""",49.87,8.65,B17,4.0,13.0,253.0,33.0,6.0,,39.0,VISUAL
124332,180262.0,1944-12-12,8,GERMANY,MARSHALLING YARD,"""RR INSTALLATIONS,  TRACKS,  MARSHALLING YARDS,  AND STATIONS""",49.87,8.65,B17,4.0,13.0,236.0,33.0,7.0,,40.0,VISUAL
123998,180263.0,1944-12-12,8,GERMANY,MARSHALLING YARD,"""RR INSTALLATIONS,  TRACKS,  MARSHALLING YARDS,  AND STATIONS""",49.87,8.65,B17,4.0,11.0,263.0,14.0,14.0,,28.0,VISUAL
123994,180264.0,1944-12-12,8,GERMANY,MARSHALLING YARD,"""RR INSTALLATIONS,  TRACKS,  MARSHALLING YARDS,  AND STATIONS""",49.87,8.65,B17,4.0,12.0,268.0,18.0,18.0,,36.0,VISUAL
124329,180265.0,1944-12-12,8,GERMANY,MARSHALLING YARD,"""RR INSTALLATIONS,  TRACKS,  MARSHALLING YARDS,  AND STATIONS""",49.87,8.65,B17,4.0,10.0,244.0,24.0,5.0,,29.0,VISUAL
124324,180266.0,1944-12-12,8,GERMANY,MARSHALLING YARD,"""RR INSTALLATIONS,  TRACKS,  MARSHALLING YARDS,  AND STATIONS""",49.87,8.65,B17,4.0,12.0,247.0,29.0,6.0,,35.0,VISUAL
124330,180267.0,1944-12-12,8,GERMANY,MARSHALLING YARD,"""RR INSTALLATIONS,  TRACKS,  MARSHALLING YARDS,  AND STATIONS""",49.87,8.65,B17,4.0,12.0,244.0,28.0,5.0,,33.0,VISUAL
123992,180268.0,1944-12-12,8,GERMANY,MARSHALLING YARD,"""RR INSTALLATIONS,  TRACKS,  MARSHALLING YARDS,  AND STATIONS""",49.87,8.65,B17,4.0,12.0,270.0,30.0,6.0,,36.0,VISUAL
123999,180269.0,1944-12-12,8,GERMANY,MARSHALLING YARD,"""RR INSTALLATIONS,  TRACKS,  MARSHALLING YARDS,  AND STATIONS""",49.87,8.65,B17,4.0,13.0,263.0,33.0,6.0,,39.0,VISUAL
124309,180270.0,1944-12-12,8,GERMANY,MARSHALLING YARD,"""RR INSTALLATIONS,  TRACKS,  MARSHALLING YARDS,  AND STATIONS""",49.87,8.65,B17,4.0,13.0,255.0,30.0,6.0,,36.0,VISUAL
124304,180271.0,1944-12-12,8,GERMANY,MARSHALLING YARD,"""RR INSTALLATIONS,  TRACKS,  MARSHALLING YARDS,  AND STATIONS""",49.87,8.65,B17,4.0,11.0,257.0,16.0,15.0,,31.0,VISUAL
124000,180272.0,1944-12-12,8,GERMANY,MARSHALLING YARD,"""RR INSTALLATIONS,  TRACKS,  MARSHALLING YARDS,  AND STATIONS""",49.87,8.65,B17,4.0,12.0,262.0,18.0,18.0,,36.0,VISUAL
124310,180273.0,1944-12-12,8,GERMANY,MARSHALLING YARD,"""RR INSTALLATIONS,  TRACKS,  MARSHALLING YARDS,  AND STATIONS""",49.87,8.65,B17,4.0,13.0,255.0,20.0,20.0,,40.0,VISUAL
123996,180274.0,1944-12-12,8,GERMANY,MARSHALLING YARD,"""RR INSTALLATIONS,  TRACKS,  MARSHALLING YARDS,  AND STATIONS""",49.87,8.65,B17,4.0,11.0,264.0,28.0,6.0,,34.0,VISUAL
123995,180275.0,1944-12-12,8,GERMANY,MARSHALLING YARD,"""RR INSTALLATIONS,  TRACKS,  MARSHALLING YARDS,  AND STATIONS""",49.87,8.65,B17,4.0,13.0,266.0,33.0,7.0,,40.0,VISUAL
124305,180276.0,1944-12-12,8,GERMANY,MARSHALLING YARD,"""RR INSTALLATIONS,  TRACKS,  MARSHALLING YARDS,  AND STATIONS""",49.87,8.65,B17,4.0,13.0,257.0,32.0,6.0,,38.0,VISUAL
124323,180277.0,1944-12-12,8,GERMANY,MARSHALLING YARD,"""RR INSTALLATIONS,  TRACKS,  MARSHALLING YARDS,  AND STATIONS""",49.87,8.65,B17,4.0,12.0,249.0,30.0,6.0,,36.0,VISUAL
124312,180278.0,1944-12-12,8,GERMANY,MARSHALLING YARD,"""RR INSTALLATIONS,  TRACKS,  MARSHALLING YARDS,  AND STATIONS""",49.87,8.65,B17,4.0,12.0,254.0,30.0,6.0,,36.0,VISUAL
124342,180279.0,1944-12-12,8,GERMANY,MARSHALLING YARD,"""RR INSTALLATIONS,  TRACKS,  MARSHALLING YARDS,  AND STATIONS""",49.87,8.65,B17,4.0,12.0,224.0,28.0,6.0,,34.0,VISUAL
124333,180280.0,1944-12-12,8,GERMANY,MARSHALLING YARD,"""RR INSTALLATIONS,  TRACKS,  MARSHALLING YARDS,  AND STATIONS""",49.87,8.65,B17,4.0,11.0,235.0,28.0,6.0,,34.0,VISUAL
124337,180281.0,1944-12-12,8,GERMANY,MARSHALLING YARD,"""RR INSTALLATIONS,  TRACKS,  MARSHALLING YARDS,  AND STATIONS""",49.87,8.65,B17,4.0,12.0,228.0,30.0,6.0,,36.0,VISUAL
124335,180282.0,1944-12-12,8,GERMANY,MARSHALLING YARD,"""RR INSTALLATIONS,  TRACKS,  MARSHALLING YARDS,  AND STATIONS""",49.87,8.65,B17,4.0,12.0,233.0,30.0,5.0,,35.0,VISUAL
124311,180283.0,1944-12-12,8,GERMANY,MARSHALLING YARD,"""RR INSTALLATIONS,  TRACKS,  MARSHALLING YARDS,  AND STATIONS""",49.87,8.65,B17,4.0,12.0,255.0,30.0,6.0,,36.0,VISUAL
124317,180284.0,1944-12-12,8,GERMANY,MARSHALLING YARD,"""RR INSTALLATIONS,  TRACKS,  MARSHALLING YARDS,  AND STATIONS""",49.87,8.65,B17,4.0,12.0,250.0,30.0,6.0,,36.0,VISUAL
124328,180285.0,1944-12-12,8,GERMANY,MARSHALLING YARD,"""RR INSTALLATIONS,  TRACKS,  MARSHALLING YARDS,  AND STATIONS""",49.87,8.65,B17,4.0,13.0,245.0,32.0,7.0,,39.0,VISUAL
124369,180286.0,1944-12-12,8,GERMANY,MARSHALLING YARD,"""RR INSTALLATIONS,  TRACKS,  MARSHALLING YARDS,  AND STATIONS""",50.33,8.75,B24,1.0,8.0,,16.0,4.0,,20.0,NOT INDICATED
124344,180287.0,1944-12-12,8,GERMANY,RR,"""RR INSTALLATIONS,  TRACKS,  MARSHALLING YARDS,  AND STATIONS""",50.13,8.93,B24,4.0,10.0,220.0,26.0,,,26.0,H2X
124370,180288.0,1944-12-12,8,GERMANY,RR,"""RR INSTALLATIONS,  TRACKS,  MARSHALLING YARDS,  AND STATIONS""",50.13,8.93,B24,4.0,11.0,,31.0,,,31.0,NOT INDICATED
124371,180289.0,1944-12-12,8,GERMANY,RR,"""RR INSTALLATIONS,  TRACKS,  MARSHALLING YARDS,  AND STATIONS""",50.13,8.93,B24,4.0,7.0,,19.0,,,19.0,NOT INDICATED
124338,180290.0,1944-12-12,8,GERMANY,RR,"""RR INSTALLATIONS,  TRACKS,  MARSHALLING YARDS,  AND STATIONS""",50.13,8.93,B24,4.0,11.0,228.0,21.0,5.0,,26.0,VISUAL
124372,180291.0,1944-12-12,8,GERMANY,RR,"""RR INSTALLATIONS,  TRACKS,  MARSHALLING YARDS,  AND STATIONS""",50.13,8.93,B24,4.0,11.0,,23.0,5.0,,28.0,NOT INDICATED
124373,180292.0,1944-12-12,8,GERMANY,RR,"""RR INSTALLATIONS,  TRACKS,  MARSHALLING YARDS,  AND STATIONS""",50.13,8.93,B24,4.0,3.0,,7.0,2.0,,9.0,NOT INDICATED
124345,180293.0,1944-12-12,8,GERMANY,RR,"""RR INSTALLATIONS,  TRACKS,  MARSHALLING YARDS,  AND STATIONS""",50.13,8.93,B24,4.0,10.0,220.0,26.0,,,26.0,VISUAL
124374,180294.0,1944-12-12,8,GERMANY,RR,"""RR INSTALLATIONS,  TRACKS,  MARSHALLING YARDS,  AND STATIONS""",50.13,8.93,B24,4.0,10.0,,28.0,,,28.0,NOT INDICATED
124375,180295.0,1944-12-12,8,GERMANY,RR,"""RR INSTALLATIONS,  TRACKS,  MARSHALLING YARDS,  AND STATIONS""",50.13,8.93,B24,4.0,10.0,,28.0,,,28.0,NOT INDICATED
124376,180296.0,1944-12-12,8,GERMANY,RR,"""RR INSTALLATIONS,  TRACKS,  MARSHALLING YARDS,  AND STATIONS""",50.13,8.93,B24,0.0,,,15.0,4.0,,19.0,NOT INDICATED
124346,180297.0,1944-12-12,8,GERMANY,RR,"""RR INSTALLATIONS,  TRACKS,  MARSHALLING YARDS,  AND STATIONS""",50.13,8.93,B24,4.0,10.0,220.0,2.0,,,2.0,VISUAL
124377,180298.0,1944-12-12,8,GERMANY,RR,"""RR INSTALLATIONS,  TRACKS,  MARSHALLING YARDS,  AND STATIONS""",50.13,8.93,B24,0.0,,,22.0,5.0,,27.0,NOT INDICATED
124378,180299.0,1944-12-12,8,GERMANY,RR,"""RR INSTALLATIONS,  TRACKS,  MARSHALLING YARDS,  AND STATIONS""",50.13,8.93,B24,4.0,11.0,,1.0,,,1.0,NOT INDICATED
124379,180300.0,1944-12-12,8,GERMANY,RR,"""RR INSTALLATIONS,  TRACKS,  MARSHALLING YARDS,  AND STATIONS""",50.13,8.93,B24,0.0,,,24.0,6.0,,30.0,NOT INDICATED
124380,180301.0,1944-12-12,8,GERMANY,RR,"""RR INSTALLATIONS,  TRACKS,  MARSHALLING YARDS,  AND STATIONS""",50.13,8.93,B24,4.0,12.0,,1.0,,,1.0,NOT INDICATED
124336,180302.0,1944-12-12,8,GERMANY,RR,"""RR INSTALLATIONS,  TRACKS,  MARSHALLING YARDS,  AND STATIONS""",50.13,8.93,B24,4.0,10.0,230.0,25.0,,,25.0,VISUAL
124381,180303.0,1944-12-12,8,GERMANY,RR,"""RR INSTALLATIONS,  TRACKS,  MARSHALLING YARDS,  AND STATIONS""",50.13,8.93,B24,4.0,10.0,,25.0,,,25.0,NOT INDICATED
124382,180304.0,1944-12-12,8,GERMANY,RR,"""RR INSTALLATIONS,  TRACKS,  MARSHALLING YARDS,  AND STATIONS""",50.13,8.93,B24,4.0,9.0,,25.0,,,25.0,NOT INDICATED
124383,180305.0,1944-12-12,8,GERMANY,RR,"""RR INSTALLATIONS,  TRACKS,  MARSHALLING YARDS,  AND STATIONS""",50.13,8.93,B24,0.0,,,,5.0,,5.0,NOT INDICATED
124339,180306.0,1944-12-12,8,GERMANY,RR,"""RR INSTALLATIONS,  TRACKS,  MARSHALLING YARDS,  AND STATIONS""",50.13,8.93,B24,4.0,11.0,228.0,21.0,,,21.0,VISUAL
124384,180307.0,1944-12-12,8,GERMANY,RR,"""RR INSTALLATIONS,  TRACKS,  MARSHALLING YARDS,  AND STATIONS""",50.13,8.93,B24,0.0,,,,4.0,,4.0,NOT INDICATED
124385,180308.0,1944-12-12,8,GERMANY,RR,"""RR INSTALLATIONS,  TRACKS,  MARSHALLING YARDS,  AND STATIONS""",50.13,8.93,B24,4.0,9.0,,18.0,,,18.0,NOT INDICATED
124386,180309.0,1944-12-12,8,GERMANY,RR,"""RR INSTALLATIONS,  TRACKS,  MARSHALLING YARDS,  AND STATIONS""",50.13,8.93,B24,0.0,,,,5.0,,5.0,NOT INDICATED
124387,180310.0,1944-12-12,8,GERMANY,RR,"""RR INSTALLATIONS,  TRACKS,  MARSHALLING YARDS,  AND STATIONS""",50.13,8.93,B24,4.0,10.0,,20.0,,,20.0,NOT INDICATED
124347,180311.0,1944-12-12,8,GERMANY,RR,"""RR INSTALLATIONS,  TRACKS,  MARSHALLING YARDS,  AND STATIONS""",50.13,8.93,B24,4.0,9.0,220.0,24.0,,,24.0,VISUAL
124388,180312.0,1944-12-12,8,GERMANY,RR,"""RR INSTALLATIONS,  TRACKS,  MARSHALLING YARDS,  AND STATIONS""",50.13,8.93,B24,4.0,10.0,,29.0,,,29.0,NOT INDICATED
124389,180313.0,1944-12-12,8,GERMANY,RR,"""RR INSTALLATIONS,  TRACKS,  MARSHALLING YARDS,  AND STATIONS""",50.13,8.93,B24,4.0,10.0,,30.0,,,30.0,NOT INDICATED
124390,180314.0,1944-12-12,8,GERMANY,RR,"""RR INSTALLATIONS,  TRACKS,  MARSHALLING YARDS,  AND STATIONS""",50.13,8.93,B24,4.0,10.0,,29.0,,,29.0,NOT INDICATED
124334,180315.0,1944-12-12,8,GERMANY,RR,"""RR INSTALLATIONS,  TRACKS,  MARSHALLING YARDS,  AND STATIONS""",50.13,8.93,B24,4.0,10.0,235.0,22.0,,,22.0,VISUAL
124391,180316.0,1944-12-12,8,GERMANY,RR,"""RR INSTALLATIONS,  TRACKS,  MARSHALLING YARDS,  AND STATIONS""",50.13,8.93,B24,4.0,9.0,,27.0,,,27.0,NOT INDICATED
124392,180317.0,1944-12-12,8,GERMANY,RR,"""RR INSTALLATIONS,  TRACKS,  MARSHALLING YARDS,  AND STATIONS""",50.13,8.93,B24,4.0,9.0,,30.0,,,30.0,NOT INDICATED
124348,180318.0,1944-12-12,8,GERMANY,RR,"""RR INSTALLATIONS,  TRACKS,  MARSHALLING YARDS,  AND STATIONS""",50.13,8.93,B24,4.0,10.0,220.0,26.0,,,26.0,VISUAL
124393,180319.0,1944-12-12,8,GERMANY,RR,"""RR INSTALLATIONS,  TRACKS,  MARSHALLING YARDS,  AND STATIONS""",50.13,8.93,B24,4.0,8.0,,24.0,,,24.0,NOT INDICATED
124394,180320.0,1944-12-12,8,GERMANY,RR,"""RR INSTALLATIONS,  TRACKS,  MARSHALLING YARDS,  AND STATIONS""",50.13,8.93,B24,4.0,10.0,,27.0,,,27.0,NOT INDICATED
123988,180323.0,1944-12-12,15,GERMANY,MARSHALLING YARDS,"""RR INSTALLATIONS,  TRACKS,  MARSHALLING YARDS,  AND STATIONS""",50.68,17.92,B17,2.0,,,2.0,,,2.0,NOT INDICATED
123989,180324.0,1944-12-12,15,GERMANY,MARSHALLING YARDS,"""RR INSTALLATIONS,  TRACKS,  MARSHALLING YARDS,  AND STATIONS""",50.68,17.92,B17,2.0,1.0,,,,,,NOT INDICATED
125527,114143.0,1944-12-13,8,BELGIUM,VEHICLE,HIGHWAYS AND VEHICLES,50.33,5.67,B26,,,120.0,1.0,,,1.0,VISUAL
125518,114144.0,1944-12-13,8,GERMANY,DEFENDED VILLAGE,TACTICAL TARGETS: (UNIDENTIFIED OR NOT LISTED BELOW),53.2,8.63,A20,,,135.0,51.0,,,51.0,VISUAL
125525,114145.0,1944-12-13,8,GERMANY,SUPPLY DUMPS,SUPPLY DUMPS AND WAREHOUSES,48.39,10.88,B26,,,120.0,2.0,,,2.0,VISUAL
125521,114146.0,1944-12-13,8,GERMANY,CITY AREA,CITIES TOWNS AND URBAN AREAS,53.2,8.63,B26,,,123.0,1.0,,,1.0,VISUAL
125522,114147.0,1944-12-13,8,GERMANY,CITY AREA,CITIES TOWNS AND URBAN AREAS,53.2,8.63,B26,,,123.0,1.0,,,1.0,VISUAL
125523,180327.0,1944-12-13,8,GERMANY,CITY AREA,CITIES TOWNS AND URBAN AREAS,53.2,8.63,B26,,,123.0,1.0,,,1.0,VISUAL
125524,180328.0,1944-12-13,8,GERMANY,CITY AREA,CITIES TOWNS AND URBAN AREAS,53.2,8.63,B26,,,123.0,1.0,,,1.0,VISUAL
125528,215099.0,1944-12-13,8,BELGIUM,VEHICLE,HIGHWAYS AND VEHICLES,50.33,5.67,B26,,,120.0,1.0,,,1.0,VISUAL
125519,215100.0,1944-12-13,8,GERMANY,DEFENDED VILLAGE,TACTICAL TARGETS: (UNIDENTIFIED OR NOT LISTED BELOW),53.2,8.63,A20,,,135.0,51.0,,,51.0,VISUAL
125531,215101.0,1944-12-13,8,GERMANY,SUPPLY DUMPS,SUPPLY DUMPS AND WAREHOUSES,48.39,10.88,B26,,,12.0,2.0,,,2.0,VISUAL
125520,215102.0,1944-12-13,8,GERMANY,DEFENDED VILLAGE,TACTICAL TARGETS: (UNIDENTIFIED OR NOT LISTED BELOW),53.2,8.63,A20,,,135.0,51.0,,,51.0,VISUAL
125526,215103.0,1944-12-13,8,GERMANY,SUPPLY DUMPS,SUPPLY DUMPS AND WAREHOUSES,48.39,10.88,B26,,,120.0,2.0,,,2.0,VISUAL
125984,114154.0,1944-12-15,15,AUSTRIA,CITY AREA,CITIES TOWNS AND URBAN AREAS,47.28,11.5,B24,2.0,1.0,,2.0,,,2.0,NOT INDICATED
126307,114229.0,1944-12-15,12,AUSTRIA,UNIDENTIFIED TARGET,UNIDENTIFIED TARGETS,35.0,10.0,B24,2.0,15.0,,36.0,,,36.0,NOT INDICATED
125982,114230.0,1944-12-15,15,AUSTRIA,CITY AREA,CITIES TOWNS AND URBAN AREAS,47.28,11.5,B24,2.0,1.0,,2.0,,,2.0,NOT INDICATED
125996,114231.0,1944-12-15,12,AUSTRIA,CITY AREA,CITIES TOWNS AND URBAN AREAS,46.63,14.3,B24,2.0,1.0,,2.0,,,2.0,NOT INDICATED
126308,180329.0,1944-12-15,12,AUSTRIA,UNIDENTIFIED TARGET,UNIDENTIFIED TARGETS,35.0,10.0,B24,2.0,15.0,,36.0,,,36.0,NOT INDICATED
125983,180344.0,1944-12-15,15,AUSTRIA,CITY AREA,CITIES TOWNS AND URBAN AREAS,47.28,11.5,B24,2.0,1.0,,2.0,,,2.0,NOT INDICATED
125997,180345.0,1944-12-15,12,AUSTRIA,CITY AREA,CITIES TOWNS AND URBAN AREAS,46.63,14.3,B24,2.0,1.0,,2.0,,,2.0,NOT INDICATED
125985,180351.0,1944-12-15,15,AUSTRIA,CITY AREA,CITIES TOWNS AND URBAN AREAS,47.28,11.5,B24,2.0,1.0,,2.0,,,2.0,NOT INDICATED
125998,180352.0,1944-12-15,12,AUSTRIA,CITY AREA,CITIES TOWNS AND URBAN AREAS,46.63,14.3,B24,2.0,1.0,,2.0,,,2.0,NOT INDICATED
126309,180354.0,1944-12-15,12,AUSTRIA,UNIDENTIFIED TARGET,UNIDENTIFIED TARGETS,35.0,10.0,B24,2.0,15.0,,36.0,,,36.0,NOT INDICATED
125979,180424.0,1944-12-15,15,AUSTRIA,MARSHALLING YARDS,"""RR INSTALLATIONS,  TRACKS,  MARSHALLING YARDS,  AND STATIONS""",47.27,11.38,B24,4.0,26.0,235.0,63.0,,,63.0,NOT INDICATED
125981,180425.0,1944-12-15,15,AUSTRIA,MARSHALLING YARDS,"""RR INSTALLATIONS,  TRACKS,  MARSHALLING YARDS,  AND STATIONS""",47.27,11.38,B24,4.0,21.0,215.0,50.0,,,50.0,NOT INDICATED
125999,180426.0,1944-12-15,12,AUSTRIA,RR,"""RR INSTALLATIONS,  TRACKS,  MARSHALLING YARDS,  AND STATIONS""",46.63,14.3,B24,3.0,,,1.0,,,1.0,NOT INDICATED
126000,180427.0,1944-12-15,12,AUSTRIA,RR,"""RR INSTALLATIONS,  TRACKS,  MARSHALLING YARDS,  AND STATIONS""",46.63,14.3,B24,3.0,1.0,,2.0,,,2.0,NOT INDICATED
125987,180428.0,1944-12-15,12,AUSTRIA,MARSHALLING YARDS,"""RR INSTALLATIONS,  TRACKS,  MARSHALLING YARDS,  AND STATIONS""",48.3,14.3,B17,4.0,26.0,290.0,52.0,,,52.0,F.F.F.
126306,180429.0,1944-12-15,12,AUSTRIA,MARSHALLING YARDS,"""RR INSTALLATIONS,  TRACKS,  MARSHALLING YARDS,  AND STATIONS""",48.3,14.3,B17,4.0,,,7.0,,,7.0,NOT INDICATED
125993,180430.0,1944-12-15,12,AUSTRIA,MARSHALLING YARDS,"""RR INSTALLATIONS,  TRACKS,  MARSHALLING YARDS,  AND STATIONS""",48.3,14.3,B17,4.0,26.0,240.0,54.0,,,54.0,F.F.F.
125995,180431.0,1944-12-15,12,AUSTRIA,MARSHALLING YARDS,"""RR INSTALLATIONS,  TRACKS,  MARSHALLING YARDS,  AND STATIONS""",48.3,14.3,B24,4.0,25.0,215.0,50.0,,,50.0,F.F.F.
126301,180432.0,1944-12-15,12,AUSTRIA,MARSHALLING YARDS,"""RR INSTALLATIONS,  TRACKS,  MARSHALLING YARDS,  AND STATIONS""",48.3,14.3,B24,4.0,,,11.0,,,11.0,NOT INDICATED
125988,180433.0,1944-12-15,12,AUSTRIA,MARSHALLING YARDS,"""RR INSTALLATIONS,  TRACKS,  MARSHALLING YARDS,  AND STATIONS""",48.3,14.3,B24,4.0,26.0,250.0,27.0,,,27.0,F.F.F.
126302,180434.0,1944-12-15,12,AUSTRIA,MARSHALLING YARDS,"""RR INSTALLATIONS,  TRACKS,  MARSHALLING YARDS,  AND STATIONS""",48.3,14.3,B24,4.0,,,11.0,,,11.0,NOT INDICATED
125989,180435.0,1944-12-15,12,AUSTRIA,MARSHALLING YARDS,"""RR INSTALLATIONS,  TRACKS,  MARSHALLING YARDS,  AND STATIONS""",48.3,14.3,B24,4.0,25.0,250.0,41.0,,,41.0,F.F.F.
126303,180436.0,1944-12-15,12,AUSTRIA,MARSHALLING YARDS,"""RR INSTALLATIONS,  TRACKS,  MARSHALLING YARDS,  AND STATIONS""",48.3,14.3,B24,4.0,,,9.0,,,9.0,NOT INDICATED
126304,180437.0,1944-12-15,12,AUSTRIA,MARSHALLING YARDS,"""RR INSTALLATIONS,  TRACKS,  MARSHALLING YARDS,  AND STATIONS""",48.3,14.3,B24,4.0,,,1.0,,,1.0,NOT INDICATED
125990,180438.0,1944-12-15,12,AUSTRIA,MARSHALLING YARDS,"""RR INSTALLATIONS,  TRACKS,  MARSHALLING YARDS,  AND STATIONS""",48.3,14.3,B24,4.0,24.0,250.0,56.0,,,56.0,F.F.F.
125994,180439.0,1944-12-15,12,AUSTRIA,MARSHALLING YARDS,"""RR INSTALLATIONS,  TRACKS,  MARSHALLING YARDS,  AND STATIONS""",48.3,14.3,B24,4.0,7.0,225.0,16.0,,,16.0,F.F.F.
126305,180440.0,1944-12-15,12,AUSTRIA,MARSHALLING YARDS,"""RR INSTALLATIONS,  TRACKS,  MARSHALLING YARDS,  AND STATIONS""",48.3,14.3,B24,4.0,,,14.0,,,14.0,NOT INDICATED
125992,180441.0,1944-12-15,12,AUSTRIA,MARSHALLING YARDS,"""RR INSTALLATIONS,  TRACKS,  MARSHALLING YARDS,  AND STATIONS""",48.3,14.3,B24,4.0,29.0,240.0,38.0,,,38.0,F.F.F.
125991,180442.0,1944-12-15,12,AUSTRIA,MARSHALLING YARDS,"""RR INSTALLATIONS,  TRACKS,  MARSHALLING YARDS,  AND STATIONS""",48.3,14.3,B24,4.0,22.0,250.0,39.0,,,39.0,NOT INDICATED
125986,180443.0,1944-12-15,15,AUSTRIA,MARSHALLING YARUS,"""RR INSTALLATIONS,  TRACKS,  MARSHALLING YARDS,  AND STATIONS""",47.78,13.03,B24,4.0,,,11.0,,,11.0,NOT INDICATED
125980,180444.0,1944-12-15,15,AUSTRIA,MARSHALLING YARUS,"""RR INSTALLATIONS,  TRACKS,  MARSHALLING YARDS,  AND STATIONS""",47.78,13.03,B24,4.0,21.0,219.0,42.0,,,42.0,F.F.F.
127503,114235.0,1944-12-16,15,AUSTRIA,IND BUILDINGS,MANUFACTURING INSTALLATIONS (NOT SPECIFICALLY IDENTIFIED BELOW FROM CLASS 11 THROUGH 59),47.33,15.0,B17,2.0,6.0,260.0,18.0,,,18.0,VISUAL
127567,114236.0,1944-12-16,15,AUSTRIA,H GOERING BENZOL PLANT,OIL REFINERIES,48.3,14.3,B17,4.0,,,41.0,,,41.0,NOT INDICATED
127511,114237.0,1944-12-16,15,AUSTRIA,H GOERING BENZOL PLANT,OIL REFINERIES,48.3,14.3,B17,4.0,19.0,250.0,4.0,,,4.0,F.F.F.
127549,114238.0,1944-12-16,15,CZECHOSLOVAKIA,BERGIUS SYN OR,SYNTHETIC OIL REFINERIES,50.52,13.63,B17,4.0,,,8.0,,,8.0,NOT INDICATED
127197,114239.0,1944-12-16,15,CZECHOSLOVAKIA,BERGIUS SYN OR,SYNTHETIC OIL REFINERIES,50.52,13.63,B17,4.0,34.0,290.0,59.0,,,59.0,F.F.F.
127550,114240.0,1944-12-16,15,CZECHOSLOVAKIA,BERGIUS SYN OR,SYNTHETIC OIL REFINERIES,50.52,13.63,B17,4.0,,,29.0,,,29.0,NOT INDICATED
127505,114241.0,1944-12-16,15,CZECHOSLOVAKIA,BERGIUS SYN OR,SYNTHETIC OIL REFINERIES,50.52,13.63,B17,4.0,15.0,255.0,2.0,,,2.0,F.F.F.
127199,114242.0,1944-12-16,15,CZECHOSLOVAKIA,BERGIUS SYN OR,SYNTHETIC OIL REFINERIES,50.52,13.63,B17,4.0,29.0,280.0,72.0,,,72.0,F.F.F.
127551,114243.0,1944-12-16,15,CZECHOSLOVAKIA,BERGIUS SYN OR,SYNTHETIC OIL REFINERIES,50.52,13.63,B17,4.0,,,5.0,,,5.0,NOT INDICATED
127513,114244.0,1944-12-16,15,CZECHOSLOVAKIA,BERGIUS SYN OR,SYNTHETIC OIL REFINERIES,50.52,13.63,B17,4.0,18.0,245.0,50.0,,,50.0,F.F.F.
127541,114245.0,1944-12-16,15,CZECHOSLOVAKIA,BERGIUS SYN OR,SYNTHETIC OIL REFINERIES,50.52,13.63,B24,4.0,,,3.0,,,3.0,NOT INDICATED
127527,114246.0,1944-12-16,15,CZECHOSLOVAKIA,BERGIUS SYN OR,SYNTHETIC OIL REFINERIES,50.52,13.63,B24,4.0,5.0,234.0,5.0,,,5.0,F.F.F.
127542,114247.0,1944-12-16,15,CZECHOSLOVAKIA,BERGIUS SYN OR,SYNTHETIC OIL REFINERIES,50.52,13.63,B24,4.0,,,3.0,,,3.0,NOT INDICATED
127535,114248.0,1944-12-16,15,CZECHOSLOVAKIA,BERGIUS SYN OR,SYNTHETIC OIL REFINERIES,50.52,13.63,B24,4.0,25.0,217.0,55.0,,,55.0,F.F.F.
127543,114249.0,1944-12-16,15,CZECHOSLOVAKIA,BERGIUS SYN OR,SYNTHETIC OIL REFINERIES,50.52,13.63,B24,4.0,,,6.0,,,6.0,NOT INDICATED
127533,114250.0,1944-12-16,15,CZECHOSLOVAKIA,BERGIUS SYN OR,SYNTHETIC OIL REFINERIES,50.52,13.63,B24,4.0,28.0,225.0,60.0,,,60.0,F.F.F.
127507,114251.0,1944-12-16,15,CZECHOSLOVAKIA,BERGIUS SYN OR,SYNTHETIC OIL REFINERIES,50.52,13.63,B24,4.0,30.0,253.0,68.0,,,68.0,F.F.F.
127520,114252.0,1944-12-16,15,CZECHOSLOVAKIA,BERGIUS SYN OR,SYNTHETIC OIL REFINERIES,50.52,13.63,B24,4.0,39.0,238.0,88.0,,,88.0,F.F.F.
127509,114253.0,1944-12-16,15,CZECHOSLOVAKIA,BERGIUS SYN OR,SYNTHETIC OIL REFINERIES,50.52,13.63,B24,4.0,26.0,250.0,27.0,,,27.0,F.F.F.
127544,114254.0,1944-12-16,15,CZECHOSLOVAKIA,BERGIUS SYN OR,SYNTHETIC OIL REFINERIES,50.52,13.63,B24,4.0,,,12.0,,,12.0,NOT INDICATED
127539,114255.0,1944-12-16,15,CZECHOSLOVAKIA,BERGIUS SYN OR,SYNTHETIC OIL REFINERIES,50.52,13.63,B24,4.0,27.0,210.0,42.0,,,42.0,F.F.F.
127501,114256.0,1944-12-16,15,CZECHOSLOVAKIA,BERGIUS SYN OR,SYNTHETIC OIL REFINERIES,50.52,13.63,B24,4.0,21.0,260.0,32.0,,,32.0,NOT INDICATED
127560,114257.0,1944-12-16,15,AUSTRIA,CITY AREA,CITIES TOWNS AND URBAN AREAS,47.92,13.8,B24,2.0,,,1.0,,,1.0,NOT INDICATED
127561,114258.0,1944-12-16,15,AUSTRIA,CITY AREA,CITIES TOWNS AND URBAN AREAS,47.92,13.8,B24,2.0,1.0,,2.0,,,2.0,NOT INDICATED
127569,114265.0,1944-12-16,15,CZECHOSLOVAKIA,SKODA ARMS WORKS,ARMAMENT AND ORDNANCE PLANTS,49.75,13.37,B24,3.0,,,7.0,,,7.0,NOT INDICATED
127570,114266.0,1944-12-16,15,CZECHOSLOVAKIA,SKODA ARMS WORKS,ARMAMENT AND ORDNANCE PLANTS,49.75,13.37,B24,3.0,25.0,,29.0,,,29.0,NOT INDICATED
127571,114267.0,1944-12-16,15,CZECHOSLOVAKIA,SKODA ARMS WORKS,ARMAMENT AND ORDNANCE PLANTS,49.75,13.37,B24,3.0,,,16.0,,,16.0,NOT INDICATED
127529,114268.0,1944-12-16,15,CZECHOSLOVAKIA,SKODA ARMS WORKS,ARMAMENT AND ORDNANCE PLANTS,49.75,13.37,B24,3.0,32.0,228.0,47.0,,,47.0,NOT INDICATED
127572,114269.0,1944-12-16,15,CZECHOSLOVAKIA,SKODA ARMS WORKS,ARMAMENT AND ORDNANCE PLANTS,49.75,13.37,B24,3.0,,,15.0,,,15.0,NOT INDICATED
127522,114270.0,1944-12-16,15,CZECHOSLOVAKIA,SKODA ARMS WORKS,ARMAMENT AND ORDNANCE PLANTS,49.75,13.37,B24,3.0,29.0,238.0,44.0,,,44.0,NOT INDICATED
127573,114271.0,1944-12-16,15,CZECHOSLOVAKIA,SKODA ARMS WORKS,ARMAMENT AND ORDNANCE PLANTS,49.75,13.37,B24,3.0,,,13.0,,,13.0,NOT INDICATED
127516,114272.0,1944-12-16,15,CZECHOSLOVAKIA,SKODA ARMS WORKS,ARMAMENT AND ORDNANCE PLANTS,49.75,13.37,B24,3.0,25.0,245.0,37.0,,,37.0,F.F.F.
127574,114273.0,1944-12-16,15,CZECHOSLOVAKIA,SKODA ARMS WORKS,ARMAMENT AND ORDNANCE PLANTS,49.75,13.37,B24,3.0,,,7.0,,,7.0,NOT INDICATED
127575,114274.0,1944-12-16,15,CZECHOSLOVAKIA,SKODA ARMS WORKS,ARMAMENT AND ORDNANCE PLANTS,49.75,13.37,B24,3.0,25.0,,29.0,,,29.0,NOT INDICATED
127576,114275.0,1944-12-16,15,CZECHOSLOVAKIA,SKODA ARMS WORKS,ARMAMENT AND ORDNANCE PLANTS,49.75,13.37,B24,3.0,,,16.0,,,16.0,NOT INDICATED
127530,114276.0,1944-12-16,15,CZECHOSLOVAKIA,SKODA ARMS WORKS,ARMAMENT AND ORDNANCE PLANTS,49.75,13.37,B24,3.0,32.0,228.0,47.0,,,47.0,NOT INDICATED
127577,114277.0,1944-12-16,15,CZECHOSLOVAKIA,SKODA ARMS WORKS,ARMAMENT AND ORDNANCE PLANTS,49.75,13.37,B24,3.0,,,15.0,,,15.0,NOT INDICATED
127523,114278.0,1944-12-16,15,CZECHOSLOVAKIA,SKODA ARMS WORKS,ARMAMENT AND ORDNANCE PLANTS,49.75,13.37,B24,3.0,29.0,238.0,44.0,,,44.0,NOT INDICATED
127578,114279.0,1944-12-16,15,CZECHOSLOVAKIA,SKODA ARMS WORKS,ARMAMENT AND ORDNANCE PLANTS,49.75,13.37,B24,3.0,,,13.0,,,13.0,NOT INDICATED
127517,114280.0,1944-12-16,15,CZECHOSLOVAKIA,SKODA ARMS WORKS,ARMAMENT AND ORDNANCE PLANTS,49.75,13.37,B24,3.0,25.0,245.0,37.0,,,37.0,F.F.F.
127589,114283.0,1944-12-16,15,CZECHOSLOVAKIA,UNIDENTIFIED TARGETS,UNIDENTIFIED TARGETS,50.33,13.33,B17,2.0,1.0,,5.0,,,5.0,F.F.F.
127556,114286.0,1944-12-16,15,AUSTRIA,CITY AREA,CITIES TOWNS AND URBAN AREAS,47.92,13.8,B24,2.0,,,1.0,,,1.0,NOT INDICATED
127557,114287.0,1944-12-16,15,AUSTRIA,CITY AREA,CITIES TOWNS AND URBAN AREAS,47.92,13.8,B24,2.0,1.0,,2.0,,,2.0,NOT INDICATED
127593,114288.0,1944-12-16,8,CZECHOSLOVAKIA,BLDGS,CITIES TOWNS AND URBAN AREAS,49.67,9.0,B24,2.0,,,1.0,,,1.0,NOT INDICATED
127594,114289.0,1944-12-16,8,CZECHOSLOVAKIA,BLDGS,CITIES TOWNS AND URBAN AREAS,49.67,9.0,B24,2.0,1.0,,2.0,,,2.0,NOT INDICATED
127590,180478.0,1944-12-16,15,CZECHOSLOVAKIA,UNIDENTIFIED TARGETS,UNIDENTIFIED TARGETS,50.33,13.33,B17,2.0,1.0,,5.0,,,5.0,F.F.F.
127558,180485.0,1944-12-16,15,AUSTRIA,CITY AREA,CITIES TOWNS AND URBAN AREAS,47.92,13.8,B24,2.0,,,1.0,,,1.0,NOT INDICATED
127559,180486.0,1944-12-16,15,AUSTRIA,CITY AREA,CITIES TOWNS AND URBAN AREAS,47.92,13.8,B24,2.0,1.0,,2.0,,,2.0,NOT INDICATED
127595,180487.0,1944-12-16,8,CZECHOSLOVAKIA,BLDGS,CITIES TOWNS AND URBAN AREAS,49.67,9.0,B24,2.0,,,1.0,,,1.0,NOT INDICATED
127596,180488.0,1944-12-16,8,CZECHOSLOVAKIA,BLDGS,CITIES TOWNS AND URBAN AREAS,49.67,9.0,B24,2.0,1.0,,2.0,,,2.0,NOT INDICATED
127562,180491.0,1944-12-16,15,AUSTRIA,CITY AREA,CITIES TOWNS AND URBAN AREAS,47.92,13.8,B24,2.0,,,1.0,,,1.0,NOT INDICATED
127563,180492.0,1944-12-16,15,AUSTRIA,CITY AREA,CITIES TOWNS AND URBAN AREAS,47.92,13.8,B24,2.0,1.0,,2.0,,,2.0,NOT INDICATED
127597,180493.0,1944-12-16,8,CZECHOSLOVAKIA,BLDGS,CITIES TOWNS AND URBAN AREAS,49.67,9.0,B24,2.0,,,1.0,,,1.0,NOT INDICATED
127598,180494.0,1944-12-16,8,CZECHOSLOVAKIA,BLDGS,CITIES TOWNS AND URBAN AREAS,49.67,9.0,B24,2.0,1.0,,2.0,,,2.0,NOT INDICATED
127504,180496.0,1944-12-16,15,AUSTRIA,IND BUILDINGS,MANUFACTURING INSTALLATIONS (NOT SPECIFICALLY IDENTIFIED BELOW FROM CLASS 11 THROUGH 59),47.33,15.0,B17,2.0,6.0,260.0,18.0,,,18.0,VISUAL
127591,180498.0,1944-12-16,15,CZECHOSLOVAKIA,UNIDENTIFIED TARGETS,UNIDENTIFIED TARGETS,50.33,13.33,B17,2.0,1.0,,5.0,,,5.0,F.F.F.
127579,180505.0,1944-12-16,15,CZECHOSLOVAKIA,SKODA ARMS WORKS,ARMAMENT AND ORDNANCE PLANTS,49.75,13.37,B24,3.0,,,7.0,,,7.0,NOT INDICATED
127580,180506.0,1944-12-16,15,CZECHOSLOVAKIA,SKODA ARMS WORKS,ARMAMENT AND ORDNANCE PLANTS,49.75,13.37,B24,3.0,25.0,,29.0,,,29.0,NOT INDICATED
127581,180507.0,1944-12-16,15,CZECHOSLOVAKIA,SKODA ARMS WORKS,ARMAMENT AND ORDNANCE PLANTS,49.75,13.37,B24,3.0,,,16.0,,,16.0,NOT INDICATED
127531,180508.0,1944-12-16,15,CZECHOSLOVAKIA,SKODA ARMS WORKS,ARMAMENT AND ORDNANCE PLANTS,49.75,13.37,B24,3.0,32.0,228.0,47.0,,,47.0,NOT INDICATED
127582,180509.0,1944-12-16,15,CZECHOSLOVAKIA,SKODA ARMS WORKS,ARMAMENT AND ORDNANCE PLANTS,49.75,13.37,B24,3.0,,,15.0,,,15.0,NOT INDICATED
127524,180510.0,1944-12-16,15,CZECHOSLOVAKIA,SKODA ARMS WORKS,ARMAMENT AND ORDNANCE PLANTS,49.75,13.37,B24,3.0,29.0,238.0,44.0,,,44.0,NOT INDICATED
127588,180511.0,1944-12-16,15,CZECHOSLOVAKIA,SKODA ARMS WORKS,ARMAMENT AND ORDNANCE PLANTS,49.75,13.37,B24,3.0,,,13.0,,,13.0,NOT INDICATED
127519,180512.0,1944-12-16,15,CZECHOSLOVAKIA,SKODA ARMS WORKS,ARMAMENT AND ORDNANCE PLANTS,49.75,13.37,B24,3.0,25.0,245.0,37.0,,,37.0,F.F.F.
127568,180513.0,1944-12-16,15,AUSTRIA,H GOERING BENZOL PLANT,OIL REFINERIES,48.3,14.3,B17,4.0,,,41.0,,,41.0,NOT INDICATED
127512,180514.0,1944-12-16,15,AUSTRIA,H GOERING BENZOL PLANT,OIL REFINERIES,48.3,14.3,B17,4.0,19.0,250.0,4.0,,,4.0,F.F.F.
127552,180515.0,1944-12-16,15,CZECHOSLOVAKIA,BERGIUS SYN OR,SYNTHETIC OIL REFINERIES,50.52,13.63,B17,4.0,,,8.0,,,8.0,NOT INDICATED
127198,180516.0,1944-12-16,15,CZECHOSLOVAKIA,BERGIUS SYN OR,SYNTHETIC OIL REFINERIES,50.52,13.63,B17,4.0,34.0,290.0,59.0,,,59.0,F.F.F.
127553,180517.0,1944-12-16,15,CZECHOSLOVAKIA,BERGIUS SYN OR,SYNTHETIC OIL REFINERIES,50.52,13.63,B17,4.0,,,29.0,,,29.0,NOT INDICATED
127506,180518.0,1944-12-16,15,CZECHOSLOVAKIA,BERGIUS SYN OR,SYNTHETIC OIL REFINERIES,50.52,13.63,B17,4.0,15.0,255.0,2.0,,,2.0,F.F.F.
127200,180519.0,1944-12-16,15,CZECHOSLOVAKIA,BERGIUS SYN OR,SYNTHETIC OIL REFINERIES,50.52,13.63,B17,4.0,29.0,280.0,72.0,,,72.0,F.F.F.
127554,180520.0,1944-12-16,15,CZECHOSLOVAKIA,BERGIUS SYN OR,SYNTHETIC OIL REFINERIES,50.52,13.63,B17,4.0,,,5.0,,,5.0,NOT INDICATED
127514,180521.0,1944-12-16,15,CZECHOSLOVAKIA,BERGIUS SYN OR,SYNTHETIC OIL REFINERIES,50.52,13.63,B17,4.0,18.0,245.0,50.0,,,50.0,F.F.F.
127545,180522.0,1944-12-16,15,CZECHOSLOVAKIA,BERGIUS SYN OR,SYNTHETIC OIL REFINERIES,50.52,13.63,B24,4.0,,,3.0,,,3.0,NOT INDICATED
127528,180523.0,1944-12-16,15,CZECHOSLOVAKIA,BERGIUS SYN OR,SYNTHETIC OIL REFINERIES,50.52,13.63,B24,4.0,5.0,234.0,5.0,,,5.0,F.F.F.
127546,180524.0,1944-12-16,15,CZECHOSLOVAKIA,BERGIUS SYN OR,SYNTHETIC OIL REFINERIES,50.52,13.63,B24,4.0,,,3.0,,,3.0,NOT INDICATED
127536,180525.0,1944-12-16,15,CZECHOSLOVAKIA,BERGIUS SYN OR,SYNTHETIC OIL REFINERIES,50.52,13.63,B24,4.0,25.0,217.0,55.0,,,55.0,F.F.F.
127547,180526.0,1944-12-16,15,CZECHOSLOVAKIA,BERGIUS SYN OR,SYNTHETIC OIL REFINERIES,50.52,13.63,B24,4.0,,,6.0,,,6.0,NOT INDICATED
127534,180527.0,1944-12-16,15,CZECHOSLOVAKIA,BERGIUS SYN OR,SYNTHETIC OIL REFINERIES,50.52,13.63,B24,4.0,28.0,225.0,60.0,,,60.0,F.F.F.
127508,180528.0,1944-12-16,15,CZECHOSLOVAKIA,BERGIUS SYN OR,SYNTHETIC OIL REFINERIES,50.52,13.63,B24,4.0,30.0,253.0,68.0,,,68.0,F.F.F.
127521,180529.0,1944-12-16,15,CZECHOSLOVAKIA,BERGIUS SYN OR,SYNTHETIC OIL REFINERIES,50.52,13.63,B24,4.0,39.0,238.0,88.0,,,88.0,F.F.F.
127510,180530.0,1944-12-16,15,CZECHOSLOVAKIA,BERGIUS SYN OR,SYNTHETIC OIL REFINERIES,50.52,13.63,B24,4.0,26.0,250.0,27.0,,,27.0,F.F.F.
127548,180531.0,1944-12-16,15,CZECHOSLOVAKIA,BERGIUS SYN OR,SYNTHETIC OIL REFINERIES,50.52,13.63,B24,4.0,,,12.0,,,12.0,NOT INDICATED
127540,180532.0,1944-12-16,15,CZECHOSLOVAKIA,BERGIUS SYN OR,SYNTHETIC OIL REFINERIES,50.52,13.63,B24,4.0,27.0,210.0,42.0,,,42.0,F.F.F.
127502,180533.0,1944-12-16,15,CZECHOSLOVAKIA,BERGIUS SYN OR,SYNTHETIC OIL REFINERIES,50.52,13.63,B24,4.0,21.0,260.0,32.0,,,32.0,NOT INDICATED
127555,180534.0,1944-12-16,15,AUSTRIA,MARSHALLING YARDS,"""RR INSTALLATIONS,  TRACKS,  MARSHALLING YARDS,  AND STATIONS""",47.8,13.78,B17,2.0,1.0,,2.0,,,2.0,NOT INDICATED
127526,180535.0,1944-12-16,15,AUSTRIA,MARSHALLING YARDS,"""RR INSTALLATIONS,  TRACKS,  MARSHALLING YARDS,  AND STATIONS""",47.27,11.38,B24,4.0,25.0,235.0,49.0,,,49.0,F.F.F.
127538,180536.0,1944-12-16,15,AUSTRIA,MARSHALLING YARDS,"""RR INSTALLATIONS,  TRACKS,  MARSHALLING YARDS,  AND STATIONS""",47.27,11.38,B24,3.0,28.0,215.0,54.0,,,54.0,F.F.F.
127564,180537.0,1944-12-16,15,AUSTRIA,MARSHALLING YARDS,"""RR INSTALLATIONS,  TRACKS,  MARSHALLING YARDS,  AND STATIONS""",47.27,11.38,B24,2.0,,,1.0,,,1.0,NOT INDICATED
127565,180538.0,1944-12-16,15,AUSTRIA,MARSHALLING YARDS,"""RR INSTALLATIONS,  TRACKS,  MARSHALLING YARDS,  AND STATIONS""",47.27,11.38,B24,2.0,1.0,,1.0,,,1.0,NOT INDICATED
127537,180539.0,1944-12-16,15,AUSTRIA,MARSHALLING YARDS,"""RR INSTALLATIONS,  TRACKS,  MARSHALLING YARDS,  AND STATIONS""",47.27,11.38,B24,4.0,31.0,217.0,,60.0,,60.0,F.F.F.
127566,180540.0,1944-12-16,15,AUSTRIA,MARSHALLING YARDS,"""RR INSTALLATIONS,  TRACKS,  MARSHALLING YARDS,  AND STATIONS""",47.27,11.38,B24,4.0,,,17.0,,,17.0,NOT INDICATED
127515,180541.0,1944-12-16,15,AUSTRIA,MARSHALLING YARDS,"""RR INSTALLATIONS,  TRACKS,  MARSHALLING YARDS,  AND STATIONS""",47.27,11.38,B24,4.0,35.0,245.0,52.0,,,52.0,F.F.F.
127592,180548.0,1944-12-16,8,CZECHOSLOVAKIA,MARSHALLING YARDS,"""RR INSTALLATIONS,  TRACKS,  MARSHALLING YARDS,  AND STATIONS""",50.47,13.4,B17,2.0,17.0,,50.0,,,50.0,F.F.F.
127583,180560.0,1944-12-16,15,CZECHOSLOVAKIA,SKODA ARMS WORKS,ARMAMENT AND ORDNANCE PLANTS,49.75,13.37,B24,3.0,,,7.0,,,7.0,NOT INDICATED
127584,180561.0,1944-12-16,15,CZECHOSLOVAKIA,SKODA ARMS WORKS,ARMAMENT AND ORDNANCE PLANTS,49.75,13.37,B24,3.0,25.0,,29.0,,,29.0,NOT INDICATED
127585,180562.0,1944-12-16,15,CZECHOSLOVAKIA,SKODA ARMS WORKS,ARMAMENT AND ORDNANCE PLANTS,49.75,13.37,B24,3.0,,,16.0,,,16.0,NOT INDICATED
127532,180563.0,1944-12-16,15,CZECHOSLOVAKIA,SKODA ARMS WORKS,ARMAMENT AND ORDNANCE PLANTS,49.75,13.37,B24,3.0,32.0,228.0,47.0,,,47.0,NOT INDICATED
127586,180564.0,1944-12-16,15,CZECHOSLOVAKIA,SKODA ARMS WORKS,ARMAMENT AND ORDNANCE PLANTS,49.75,13.37,B24,3.0,,,15.0,,,15.0,NOT INDICATED
127525,180565.0,1944-12-16,15,CZECHOSLOVAKIA,SKODA ARMS WORKS,ARMAMENT AND ORDNANCE PLANTS,49.75,13.37,B24,3.0,29.0,238.0,44.0,,,44.0,NOT INDICATED
127587,180566.0,1944-12-16,15,CZECHOSLOVAKIA,SKODA ARMS WORKS,ARMAMENT AND ORDNANCE PLANTS,49.75,13.37,B24,3.0,,,13.0,,,13.0,NOT INDICATED
127518,180567.0,1944-12-16,15,CZECHOSLOVAKIA,SKODA ARMS WORKS,ARMAMENT AND ORDNANCE PLANTS,49.75,13.37,B24,3.0,25.0,245.0,37.0,,,37.0,F.F.F.
128383,114294.0,1944-12-17,15,POLAND,POWER PLANT,"""PUBLIC UTILITIES - ELECTRIC LIGHT AND POWER COMPANIES,  GAS COMPANIES, TELEPHONE COMPANIES,  WATER COMPANIES.  """,50.1,18.53,B17,2.0,4.0,,8.0,,,8.0,F.F.F.
128355,114295.0,1944-12-17,15,CZECHOSLOVAKIA,OIL REFINERY,OIL REFINERIES,49.85,18.3,B17,3.0,18.0,272.0,43.0,,,43.0,F.F.F.
128351,114296.0,1944-12-17,15,GERMANY,OIL REFINERY SYNTHETIC,SYNTHETIC OIL REFINERIES,50.33,18.3,B17,4.0,18.0,282.0,45.0,,,45.0,F.F.F.
128349,114297.0,1944-12-17,15,GERMANY,OIL REFINERY SYNTHETIC,SYNTHETIC OIL REFINERIES,50.33,18.3,B17,4.0,39.0,288.0,87.0,,,87.0,F.F.F.
128357,114298.0,1944-12-17,15,GERMANY,OIL REFINERY SYNTHETIC,SYNTHETIC OIL REFINERIES,50.33,18.3,B17,4.0,31.0,270.0,85.0,,,85.0,F.F.F.
128353,114299.0,1944-12-17,15,GERMANY,OIL REFINERY SYNTHETIC,SYNTHETIC OIL REFINERIES,50.33,18.3,B17,4.0,35.0,275.0,68.0,,,68.0,F.F.F.
128375,114300.0,1944-12-17,15,GERMANY,OIL REFINERY SYNTHETIC,SYNTHETIC OIL REFINERIES,50.33,18.3,B17,4.0,,,9.0,,,9.0,NOT INDICATED
128347,114301.0,1944-12-17,15,GERMANY,OIL REFINERY SYNTHETIC,SYNTHETIC OIL REFINERIES,50.33,18.3,B17,4.0,32.0,296.0,54.0,,,54.0,F.F.F.
128363,114302.0,1944-12-17,15,GERMANY,OIL REFINERY SYNTHETIC,SYNTHETIC OIL REFINERIES,50.33,18.3,B24,4.0,15.0,230.0,30.0,,,30.0,NOT INDICATED
128367,114303.0,1944-12-17,15,GERMANY,OIL REFINERY SYNTHETIC,SYNTHETIC OIL REFINERIES,50.33,18.3,B24,4.0,25.0,200.0,50.0,,,50.0,NOT INDICATED
128361,114304.0,1944-12-17,15,GERMANY,OIL REFINERY SYNTHETIC,SYNTHETIC OIL REFINERIES,50.33,18.3,B24,4.0,22.0,235.0,44.0,,,44.0,F.F.F.
128373,114305.0,1944-12-17,15,GERMANY,OIL REFINERY SYNTHETIC,SYNTHETIC OIL REFINERIES,50.33,18.3,B24,4.0,,,1.0,,,1.0,NOT INDICATED
128359,114306.0,1944-12-17,15,GERMANY,OIL REFINERY SYNTHETIC,SYNTHETIC OIL REFINERIES,50.33,18.3,B24,4.0,24.0,245.0,47.0,,,47.0,F.F.F.
128711,114307.0,1944-12-17,8,GERMANY,RR BRIDGE,BRIDGES,48.03,7.62,B26,,,110.0,65.0,,,65.0,NOT INDICATED
128378,114318.0,1944-12-17,15,AUSTRIA,CITY AREA,CITIES TOWNS AND URBAN AREAS,47.65,13.1,B24,2.0,,,1.0,,,1.0,NOT INDICATED
128379,114319.0,1944-12-17,15,AUSTRIA,CITY AREA,CITIES TOWNS AND URBAN AREAS,47.65,13.1,B24,2.0,1.0,,2.0,,,2.0,NOT INDICATED
128386,114320.0,1944-12-17,15,AUSTRIA,CITY AREA,CITIES TOWNS AND URBAN AREAS,46.62,13.62,B24,2.0,,,3.0,,,3.0,NOT INDICATED
128369,114321.0,1944-12-17,15,AUSTRIA,CITY AREA,CITIES TOWNS AND URBAN AREAS,46.62,13.62,B24,2.0,6.0,192.0,12.0,,,12.0,NOT INDICATED
128380,180571.0,1944-12-17,15,AUSTRIA,CITY AREA,CITIES TOWNS AND URBAN AREAS,47.65,13.1,B24,2.0,,,1.0,,,1.0,NOT INDICATED
128381,180572.0,1944-12-17,15,AUSTRIA,CITY AREA,CITIES TOWNS AND URBAN AREAS,47.65,13.1,B24,2.0,1.0,,2.0,,,2.0,NOT INDICATED
128387,180573.0,1944-12-17,15,AUSTRIA,CITY AREA,CITIES TOWNS AND URBAN AREAS,46.62,13.62,B24,2.0,,,3.0,,,3.0,NOT INDICATED
128370,180574.0,1944-12-17,15,AUSTRIA,CITY AREA,CITIES TOWNS AND URBAN AREAS,46.62,13.62,B24,2.0,6.0,192.0,12.0,,,12.0,NOT INDICATED
128372,180577.0,1944-12-17,15,AUSTRIA,CITY AREA,CITIES TOWNS AND URBAN AREAS,47.65,13.1,B24,2.0,,0.0,1.0,,,1.0,NOT INDICATED
128382,180578.0,1944-12-17,15,AUSTRIA,CITY AREA,CITIES TOWNS AND URBAN AREAS,47.65,13.1,B24,2.0,1.0,,2.0,,,2.0,NOT INDICATED
128388,180579.0,1944-12-17,15,AUSTRIA,CITY AREA,CITIES TOWNS AND URBAN AREAS,46.62,13.62,B24,2.0,,,3.0,,,3.0,NOT INDICATED
128371,180580.0,1944-12-17,15,AUSTRIA,CITY AREA,CITIES TOWNS AND URBAN AREAS,46.62,13.62,B24,2.0,6.0,192.0,12.0,,,12.0,NOT INDICATED
128384,180583.0,1944-12-17,15,POLAND,POWER PLANT,"""PUBLIC UTILITIES - ELECTRIC LIGHT AND POWER COMPANIES,  GAS COMPANIES, TELEPHONE COMPANIES,  WATER COMPANIES.  """,50.1,18.53,B17,2.0,4.0,,8.0,,,8.0,F.F.F.
128385,180584.0,1944-12-17,15,POLAND,POWER PLANT,"""PUBLIC UTILITIES - ELECTRIC LIGHT AND POWER COMPANIES,  GAS COMPANIES, TELEPHONE COMPANIES,  WATER COMPANIES.  """,50.1,18.53,B17,2.0,4.0,,8.0,,,8.0,F.F.F.
128356,180585.0,1944-12-17,15,CZECHOSLOVAKIA,OIL REFINERY,OIL REFINERIES,49.85,18.3,B17,3.0,18.0,272.0,43.0,,,43.0,F.F.F.
128352,180586.0,1944-12-17,15,GERMANY,OIL REFINERY SYNTHETIC,SYNTHETIC OIL REFINERIES,50.33,18.3,B17,4.0,18.0,282.0,45.0,,,45.0,F.F.F.
128350,180587.0,1944-12-17,15,GERMANY,OIL REFINERY SYNTHETIC,SYNTHETIC OIL REFINERIES,50.33,18.3,B17,4.0,39.0,288.0,87.0,,,87.0,F.F.F.
128358,180588.0,1944-12-17,15,GERMANY,OIL REFINERY SYNTHETIC,SYNTHETIC OIL REFINERIES,50.33,18.3,B17,4.0,31.0,270.0,85.0,,,85.0,F.F.F.
128354,180589.0,1944-12-17,15,GERMANY,OIL REFINERY SYNTHETIC,SYNTHETIC OIL REFINERIES,50.33,18.3,B17,4.0,35.0,275.0,68.0,,,68.0,F.F.F.
128376,180590.0,1944-12-17,15,GERMANY,OIL REFINERY SYNTHETIC,SYNTHETIC OIL REFINERIES,50.33,18.3,B17,4.0,,,9.0,,,9.0,NOT INDICATED
128348,180591.0,1944-12-17,15,GERMANY,OIL REFINERY SYNTHETIC,SYNTHETIC OIL REFINERIES,50.33,18.3,B17,4.0,32.0,296.0,54.0,,,54.0,F.F.F.
128364,180592.0,1944-12-17,15,GERMANY,OIL REFINERY SYNTHETIC,SYNTHETIC OIL REFINERIES,50.33,18.3,B24,4.0,15.0,230.0,30.0,,,30.0,NOT INDICATED
128368,180593.0,1944-12-17,15,GERMANY,OIL REFINERY SYNTHETIC,SYNTHETIC OIL REFINERIES,50.33,18.3,B24,4.0,25.0,200.0,50.0,,,50.0,NOT INDICATED
128362,180594.0,1944-12-17,15,GERMANY,OIL REFINERY SYNTHETIC,SYNTHETIC OIL REFINERIES,50.33,18.3,B24,4.0,22.0,235.0,44.0,,,44.0,F.F.F.
128374,180595.0,1944-12-17,15,GERMANY,OIL REFINERY SYNTHETIC,SYNTHETIC OIL REFINERIES,50.33,18.3,B24,4.0,,,1.0,,,1.0,NOT INDICATED
128360,180596.0,1944-12-17,15,GERMANY,OIL REFINERY SYNTHETIC,SYNTHETIC OIL REFINERIES,50.33,18.3,B24,4.0,24.0,245.0,47.0,,,47.0,F.F.F.
128389,180604.0,1944-12-17,15,AUSTRIA,MARSHALLING YARUS,"""RR INSTALLATIONS,  TRACKS,  MARSHALLING YARDS,  AND STATIONS""",47.78,13.03,B24,4.0,,,14.0,,,14.0,NOT INDICATED
128366,180605.0,1944-12-17,15,AUSTRIA,MARSHALLING YARUS,"""RR INSTALLATIONS,  TRACKS,  MARSHALLING YARDS,  AND STATIONS""",47.78,13.03,B24,4.0,27.0,225.0,52.0,,,52.0,VISUAL
128390,180606.0,1944-12-17,15,AUSTRIA,MARSHALLING YARUS,"""RR INSTALLATIONS,  TRACKS,  MARSHALLING YARDS,  AND STATIONS""",47.78,13.03,B24,4.0,,,5.0,,,5.0,NOT INDICATED
128365,180607.0,1944-12-17,15,AUSTRIA,MARSHALLING YARUS,"""RR INSTALLATIONS,  TRACKS,  MARSHALLING YARDS,  AND STATIONS""",47.78,13.03,B24,4.0,12.0,230.0,24.0,,,24.0,NOT INDICATED
128377,180616.0,1944-12-17,15,GERMANY,MARSHALLING YARDS,"""RR INSTALLATIONS,  TRACKS,  MARSHALLING YARDS,  AND STATIONS""",50.52,18.3,B24,2.0,6.0,,12.0,,,12.0,NOT INDICATED
128712,215156.0,1944-12-17,8,GERMANY,RR BRIDGE,BRIDGES,48.03,7.62,B26,,,110.0,65.0,,,65.0,NOT INDICATED
129149,114324.0,1944-12-18,15,CZECHOSLOVAKIA,FACTORY,MANUFACTURING INSTALLATIONS (NOT SPECIFICALLY IDENTIFIED BELOW FROM CLASS 11 THROUGH 59),50.0,18.0,B24,2.0,1.0,,2.0,,,2.0,NOT INDICATED
129111,114325.0,1944-12-18,15,AUSTRIA,OIL REFINERY,OIL REFINERIES,48.2,16.37,B24,4.0,16.0,254.0,31.0,,,31.0,F.F.F.
129135,114326.0,1944-12-18,15,AUSTRIA,OIL REFINERY,OIL REFINERIES,48.2,16.37,B24,4.0,21.0,222.0,39.0,,,39.0,INSTRUMENT-GENERAL
129131,114327.0,1944-12-18,15,AUSTRIA,OIL REFINERY,OIL REFINERIES,48.2,16.37,B24,4.0,32.0,225.0,62.0,,,62.0,F.F.F.
129117,114328.0,1944-12-18,15,AUSTRIA,OIL REFINERY,OIL REFINERIES,48.2,16.37,B24,4.0,33.0,245.0,66.0,,,66.0,F.F.F.
129122,114329.0,1944-12-18,15,GERMANY,OIL REFINERY SYNTHETIC,SYNTHETIC OIL REFINERIES,50.33,18.3,B24,4.0,15.0,240.0,22.0,,,22.0,F.F.F.
129123,114330.0,1944-12-18,15,GERMANY,OIL REFINERY SYNTHETIC,SYNTHETIC OIL REFINERIES,50.33,18.3,B24,4.0,25.0,240.0,50.0,,,50.0,NOT INDICATED
129126,114331.0,1944-12-18,15,GERMANY,OIL REFINERY SYNTHETIC,SYNTHETIC OIL REFINERIES,50.33,18.3,B24,4.0,26.0,235.0,52.0,,,52.0,F.F.F.
129113,114332.0,1944-12-18,15,GERMANY,OIL REFINERY SYNTHETIC,SYNTHETIC OIL REFINERIES,50.33,18.3,B24,4.0,18.0,250.0,32.0,,,32.0,NOT INDICATED
129141,114333.0,1944-12-18,15,GERMANY,OIL REFINERY SYNTHETIC,SYNTHETIC OIL REFINERIES,50.33,18.3,B17,2.0,2.0,,5.0,,,5.0,F.F.F.
129114,114334.0,1944-12-18,15,GERMANY,OIL REFINERY SYNTHETIC,SYNTHETIC OIL REFINERIES,50.33,18.3,B24,4.0,18.0,250.0,26.0,,,26.0,F.F.F.
129109,114335.0,1944-12-18,15,GERMANY,OIL REFINERY SYNTHETIC,SYNTHETIC OIL REFINERIES,50.33,18.3,B24,4.0,21.0,256.0,42.0,,,42.0,F.F.F.
129119,114336.0,1944-12-18,15,GERMANY,OIL REFINERY SYNTHETIC,SYNTHETIC OIL REFINERIES,50.33,18.3,B24,4.0,22.0,244.0,44.0,,,44.0,F.F.F.
129133,114346.0,1944-12-18,15,POLAND,OIL REFINERY SYNTHETIC,SYNTHETIC OIL REFINERIES,50.03,19.23,B24,4.0,21.0,224.0,43.0,,,43.0,VISUAL
129139,114347.0,1944-12-18,15,POLAND,OIL REFINERY SYNTHETIC,SYNTHETIC OIL REFINERIES,50.03,19.23,B24,4.0,1.0,215.0,3.0,,,3.0,F.F.F.
129137,114348.0,1944-12-18,15,POLAND,OIL REFINERY SYNTHETIC,SYNTHETIC OIL REFINERIES,50.03,19.23,B24,4.0,25.0,218.0,59.0,,,59.0,NOT INDICATED
129145,114349.0,1944-12-18,15,POLAND,OIL REFINERY SYNTHETIC,SYNTHETIC OIL REFINERIES,50.03,19.23,B17,3.0,2.0,,5.0,,,5.0,F.F.F.
129108,180627.0,1944-12-18,15,AUSTRIA,IND BUILDINGS,MANUFACTURING INSTALLATIONS (NOT SPECIFICALLY IDENTIFIED BELOW FROM CLASS 11 THROUGH 59),47.33,15.0,B17,2.0,6.0,260.0,18.0,,,18.0,VISUAL
129150,180628.0,1944-12-18,15,CZECHOSLOVAKIA,FACTORY,MANUFACTURING INSTALLATIONS (NOT SPECIFICALLY IDENTIFIED BELOW FROM CLASS 11 THROUGH 59),50.0,18.0,B24,2.0,1.0,,2.0,,,2.0,NOT INDICATED
129151,180629.0,1944-12-18,15,CZECHOSLOVAKIA,FACTORY,MANUFACTURING INSTALLATIONS (NOT SPECIFICALLY IDENTIFIED BELOW FROM CLASS 11 THROUGH 59),50.0,18.0,B24,2.0,1.0,,2.0,,,2.0,NOT INDICATED
129148,180630.0,1944-12-18,15,CZECHOSLOVAKIA,UNIDENTIFIED TARGET,UNIDENTIFIED TARGETS,49.33,17.0,B24,2.0,3.0,,6.0,,,6.0,NOT INDICATED
129112,180637.0,1944-12-18,15,AUSTRIA,OIL REFINERY,OIL REFINERIES,48.2,16.37,B24,4.0,16.0,254.0,31.0,,,31.0,F.F.F.
129136,180638.0,1944-12-18,15,AUSTRIA,OIL REFINERY,OIL REFINERIES,48.2,16.37,B24,4.0,21.0,222.0,39.0,,,39.0,INSTRUMENT-GENERAL
129132,180639.0,1944-12-18,15,AUSTRIA,OIL REFINERY,OIL REFINERIES,48.2,16.37,B24,4.0,32.0,225.0,62.0,,,62.0,F.F.F.
129118,180640.0,1944-12-18,15,AUSTRIA,OIL REFINERY,OIL REFINERIES,48.2,16.37,B24,4.0,33.0,245.0,66.0,,,66.0,F.F.F.
129124,180641.0,1944-12-18,15,GERMANY,OIL REFINERY SYNTHETIC,SYNTHETIC OIL REFINERIES,50.33,18.3,B24,4.0,15.0,240.0,22.0,,,22.0,F.F.F.
129125,180642.0,1944-12-18,15,GERMANY,OIL REFINERY SYNTHETIC,SYNTHETIC OIL REFINERIES,50.33,18.3,B24,4.0,25.0,240.0,50.0,,,50.0,NOT INDICATED
129127,180643.0,1944-12-18,15,GERMANY,OIL REFINERY SYNTHETIC,SYNTHETIC OIL REFINERIES,50.33,18.3,B24,4.0,26.0,235.0,52.0,,,52.0,F.F.F.
129115,180644.0,1944-12-18,15,GERMANY,OIL REFINERY SYNTHETIC,SYNTHETIC OIL REFINERIES,50.33,18.3,B24,4.0,18.0,250.0,32.0,,,32.0,NOT INDICATED
129142,180645.0,1944-12-18,15,GERMANY,OIL REFINERY SYNTHETIC,SYNTHETIC OIL REFINERIES,50.33,18.3,B17,2.0,2.0,,5.0,,,5.0,F.F.F.
129116,180646.0,1944-12-18,15,GERMANY,OIL REFINERY SYNTHETIC,SYNTHETIC OIL REFINERIES,50.33,18.3,B24,4.0,18.0,250.0,26.0,,,26.0,F.F.F.
129110,180647.0,1944-12-18,15,GERMANY,OIL REFINERY SYNTHETIC,SYNTHETIC OIL REFINERIES,50.33,18.3,B24,4.0,21.0,256.0,42.0,,,42.0,F.F.F.
129120,180648.0,1944-12-18,15,GERMANY,OIL REFINERY SYNTHETIC,SYNTHETIC OIL REFINERIES,50.33,18.3,B24,4.0,22.0,244.0,44.0,,,44.0,F.F.F.
129134,180657.0,1944-12-18,15,POLAND,OIL REFINERY SYNTHETIC,SYNTHETIC OIL REFINERIES,50.03,19.23,B24,4.0,21.0,224.0,43.0,,,43.0,VISUAL
129140,180658.0,1944-12-18,15,POLAND,OIL REFINERY SYNTHETIC,SYNTHETIC OIL REFINERIES,50.03,19.23,B24,4.0,1.0,215.0,3.0,,,3.0,F.F.F.
129138,180659.0,1944-12-18,15,POLAND,OIL REFINERY SYNTHETIC,SYNTHETIC OIL REFINERIES,50.03,19.23,B24,4.0,25.0,218.0,59.0,,,59.0,NOT INDICATED
129146,180660.0,1944-12-18,15,POLAND,OIL REFINERY SYNTHETIC,SYNTHETIC OIL REFINERIES,50.03,19.23,B17,3.0,2.0,,5.0,,,5.0,F.F.F.
129130,180661.0,1944-12-18,15,AUSTRIA,MARSHALLING YARDS,"""RR INSTALLATIONS,  TRACKS,  MARSHALLING YARDS,  AND STATIONS""",46.95,15.9,B17,2.0,1.0,230.0,3.0,,,3.0,VISUAL
129144,180662.0,1944-12-18,15,AUSTRIA,MARSHALLING YARDS,"""RR INSTALLATIONS,  TRACKS,  MARSHALLING YARDS,  AND STATIONS""",47.1,15.7,B17,2.0,1.0,,1.0,,,1.0,NOT INDICATED
129143,180663.0,1944-12-18,15,AUSTRIA,MARSHALLING YARDS,"""RR INSTALLATIONS,  TRACKS,  MARSHALLING YARDS,  AND STATIONS""",47.1,15.7,B24,2.0,1.0,,2.0,,,2.0,NOT INDICATED
129121,180665.0,1944-12-18,15,AUSTRIA,RR BRIDGE,BRIDGES,46.67,15.33,B17,2.0,1.0,243.0,3.0,,,3.0,VISUAL
129147,180667.0,1944-12-18,15,CZECHOSLOVAKIA,RR BRIDGE,BRIDGES,49.0,17.33,B24,2.0,1.0,,2.0,,,2.0,NOT INDICATED
129159,180668.0,1944-12-18,8,GERMANY,MARSHALLING YARD,"""RR INSTALLATIONS,  TRACKS,  MARSHALLING YARDS,  AND STATIONS""",50.73,7.07,B17,2.0,11.0,273.0,33.0,,,33.0,F.F.F.
129156,180669.0,1944-12-18,8,GERMANY,MARSHALLING YARD,"""RR INSTALLATIONS,  TRACKS,  MARSHALLING YARDS,  AND STATIONS""",50.35,7.6,B17,3.0,13.0,279.0,39.0,,,39.0,F.F.F.
129160,180670.0,1944-12-18,8,GERMANY,MARSHALLING YARD,"""RR INSTALLATIONS,  TRACKS,  MARSHALLING YARDS,  AND STATIONS""",50.35,7.6,B17,3.0,11.0,272.0,26.0,,,26.0,F.F.F.
129152,180671.0,1944-12-18,8,GERMANY,MARSHALLING YARD,"""RR INSTALLATIONS,  TRACKS,  MARSHALLING YARDS,  AND STATIONS""",50.35,7.6,B17,3.0,13.0,304.0,39.0,,,39.0,F.F.F.
129158,180672.0,1944-12-18,8,GERMANY,MARSHALLING YARD,"""RR INSTALLATIONS,  TRACKS,  MARSHALLING YARDS,  AND STATIONS""",50.35,7.6,B17,3.0,12.0,276.0,36.0,,,36.0,F.F.F.
129153,180673.0,1944-12-18,8,GERMANY,MARSHALLING YARD,"""RR INSTALLATIONS,  TRACKS,  MARSHALLING YARDS,  AND STATIONS""",50.35,7.6,B17,3.0,13.0,295.0,38.0,,,38.0,F.F.F.
129154,180674.0,1944-12-18,8,GERMANY,MARSHALLING YARD,"""RR INSTALLATIONS,  TRACKS,  MARSHALLING YARDS,  AND STATIONS""",50.35,7.6,B17,3.0,13.0,295.0,39.0,,,39.0,F.F.F.
129157,180675.0,1944-12-18,8,GERMANY,MARSHALLING YARD,"""RR INSTALLATIONS,  TRACKS,  MARSHALLING YARDS,  AND STATIONS""",50.35,7.6,B17,3.0,13.0,279.0,39.0,,,39.0,F.F.F.
129155,180676.0,1944-12-18,8,GERMANY,MARSHALLING YARD,"""RR INSTALLATIONS,  TRACKS,  MARSHALLING YARDS,  AND STATIONS""",50.35,7.6,B17,3.0,13.0,294.0,39.0,,,39.0,F.F.F.
129163,180677.0,1944-12-18,8,GERMANY,MARSHALLING YARD,"""RR INSTALLATIONS,  TRACKS,  MARSHALLING YARDS,  AND STATIONS""",50.35,7.6,B17,3.0,1.0,,2.0,1.0,,3.0,NOT INDICATED
130024,114354.0,1944-12-19,15,CZECHOSLOVAKIA,OIL REFINERY,OIL REFINERIES,49.85,18.3,B17,3.0,16.0,230.0,12.0,,,12.0,F.F.F.
130030,114355.0,1944-12-19,15,CZECHOSLOVAKIA,OIL REFINERY,OIL REFINERIES,49.85,18.3,B17,2.0,1.0,,2.0,,,2.0,NOT INDICATED
130006,114356.0,1944-12-19,15,GERMANY,OIL REFINERY SYNTHETIC,SYNTHETIC OIL REFINERIES,50.33,18.3,B17,4.0,16.0,294.0,32.0,,,32.0,F.F.F.
130014,114357.0,1944-12-19,15,GERMANY,OIL REFINERY SYNTHETIC,SYNTHETIC OIL REFINERIES,50.33,18.3,B17,4.0,26.0,280.0,61.0,,,61.0,F.F.F.
130022,114358.0,1944-12-19,15,GERMANY,OIL REFINERY SYNTHETIC,SYNTHETIC OIL REFINERIES,50.33,18.3,B17,4.0,26.0,230.0,74.0,,,74.0,F.F.F.
130010,114359.0,1944-12-19,15,GERMANY,OIL REFINERY SYNTHETIC,SYNTHETIC OIL REFINERIES,50.33,18.3,B17,4.0,16.0,288.0,37.0,,,37.0,F.F.F.
130027,114360.0,1944-12-19,15,GERMANY,OIL REFINERY SYNTHETIC,SYNTHETIC OIL REFINERIES,50.33,18.3,B17,4.0,,,,,,,NOT INDICATED
130007,114361.0,1944-12-19,15,GERMANY,OIL REFINERY SYNTHETIC,SYNTHETIC OIL REFINERIES,50.33,18.3,B17,4.0,30.0,294.0,71.0,,,71.0,F.F.F.
130016,114362.0,1944-12-19,15,GERMANY,OIL REFINERY SYNTHETIC,SYNTHETIC OIL REFINERIES,50.33,18.3,B24,4.0,16.0,250.0,24.0,,,24.0,NOT INDICATED
130018,114363.0,1944-12-19,15,GERMANY,OIL REFINERY SYNTHETIC,SYNTHETIC OIL REFINERIES,50.33,18.3,B24,4.0,15.0,238.0,21.0,,,21.0,F.F.F.
130020,114364.0,1944-12-19,15,GERMANY,OIL REFINERY SYNTHETIC,SYNTHETIC OIL REFINERIES,50.33,18.3,B24,4.0,9.0,230.0,11.0,,,11.0,F.F.F.
130011,114365.0,1944-12-19,15,GERMANY,OIL REFINERY SYNTHETIC,SYNTHETIC OIL REFINERIES,50.33,18.3,B17,2.0,6.0,288.0,12.0,,,12.0,F.F.F.
130036,114366.0,1944-12-19,15,CZECHOSLOVAKIA,AD,AIR FIELDS AND AIRDROMES,49.67,17.33,B17,2.0,1.0,,1.0,,,1.0,NOT INDICATED
130032,114371.0,1944-12-19,15,AUSTRIA,UNIDENTIFIED TARGET,UNIDENTIFIED TARGETS,48.2,16.37,B17,2.0,,,1.0,,,1.0,NOT INDICATED
130045,114372.0,1944-12-19,8,GERMANY,CITY AREA,CITIES TOWNS AND URBAN AREAS,51.32,9.47,B17,2.0,1.0,,3.0,,,3.0,NOT INDICATED
130033,180707.0,1944-12-19,15,AUSTRIA,UNIDENTIFIED TARGET,UNIDENTIFIED TARGETS,48.2,16.37,B17,2.0,,,1.0,,,1.0,NOT INDICATED
130046,180709.0,1944-12-19,8,GERMANY,CITY AREA,CITIES TOWNS AND URBAN AREAS,51.32,9.47,B17,2.0,1.0,,3.0,,,3.0,NOT INDICATED
130047,180715.0,1944-12-19,8,GERMANY,CITY AREA,CITIES TOWNS AND URBAN AREAS,51.32,9.47,B17,2.0,1.0,,3.0,,,3.0,NOT INDICATED
130034,180716.0,1944-12-19,15,AUSTRIA,UNIDENTIFIED TARGET,UNIDENTIFIED TARGETS,48.2,16.37,B17,2.0,,,1.0,,,1.0,NOT INDICATED
130025,180719.0,1944-12-19,15,CZECHOSLOVAKIA,OIL REFINERY,OIL REFINERIES,49.85,18.3,B17,3.0,16.0,230.0,12.0,,,12.0,F.F.F.
130031,180720.0,1944-12-19,15,CZECHOSLOVAKIA,OIL REFINERY,OIL REFINERIES,49.85,18.3,B17,2.0,1.0,,2.0,,,2.0,NOT INDICATED
130008,180721.0,1944-12-19,15,GERMANY,OIL REFINERY SYNTHETIC,SYNTHETIC OIL REFINERIES,50.33,18.3,B17,4.0,16.0,294.0,32.0,,,32.0,F.F.F.
130015,180722.0,1944-12-19,15,GERMANY,OIL REFINERY SYNTHETIC,SYNTHETIC OIL REFINERIES,50.33,18.3,B17,4.0,26.0,280.0,61.0,,,61.0,F.F.F.
130023,180723.0,1944-12-19,15,GERMANY,OIL REFINERY SYNTHETIC,SYNTHETIC OIL REFINERIES,50.33,18.3,B17,4.0,26.0,230.0,74.0,,,74.0,F.F.F.
130012,180724.0,1944-12-19,15,GERMANY,OIL REFINERY SYNTHETIC,SYNTHETIC OIL REFINERIES,50.33,18.3,B17,4.0,16.0,288.0,37.0,,,37.0,F.F.F.
130028,180725.0,1944-12-19,15,GERMANY,OIL REFINERY SYNTHETIC,SYNTHETIC OIL REFINERIES,50.33,18.3,B17,4.0,,,,,,,NOT INDICATED
130009,180726.0,1944-12-19,15,GERMANY,OIL REFINERY SYNTHETIC,SYNTHETIC OIL REFINERIES,50.33,18.3,B17,4.0,30.0,294.0,71.0,,,71.0,F.F.F.
130017,180727.0,1944-12-19,15,GERMANY,OIL REFINERY SYNTHETIC,SYNTHETIC OIL REFINERIES,50.33,18.3,B24,4.0,16.0,250.0,24.0,,,24.0,NOT INDICATED
130019,180728.0,1944-12-19,15,GERMANY,OIL REFINERY SYNTHETIC,SYNTHETIC OIL REFINERIES,50.33,18.3,B24,4.0,15.0,238.0,21.0,,,21.0,F.F.F.
130021,180729.0,1944-12-19,15,GERMANY,OIL REFINERY SYNTHETIC,SYNTHETIC OIL REFINERIES,50.33,18.3,B24,4.0,9.0,230.0,11.0,,,11.0,F.F.F.
130013,180730.0,1944-12-19,15,GERMANY,OIL REFINERY SYNTHETIC,SYNTHETIC OIL REFINERIES,50.33,18.3,B17,2.0,6.0,288.0,12.0,,,12.0,F.F.F.
130029,180732.0,1944-12-19,15,AUSTRIA,MARSHALLING YARDS,"""RR INSTALLATIONS,  TRACKS,  MARSHALLING YARDS,  AND STATIONS""",47.27,11.38,B24,3.0,,,4.0,,,4.0,NOT INDICATED
130026,180733.0,1944-12-19,15,AUSTRIA,MARSHALLING YARDS,"""RR INSTALLATIONS,  TRACKS,  MARSHALLING YARDS,  AND STATIONS""",47.27,11.38,B24,3.0,16.0,200.0,35.0,,,35.0,VISUAL
130039,180734.0,1944-12-19,12,AUSTRIA,RR,"""RR INSTALLATIONS,  TRACKS,  MARSHALLING YARDS,  AND STATIONS""",46.63,14.3,B24,4.0,14.0,185.0,32.0,,,32.0,F.F.F.
130038,180735.0,1944-12-19,12,AUSTRIA,MARSHALLING YARDS,"""RR INSTALLATIONS,  TRACKS,  MARSHALLING YARDS,  AND STATIONS""",48.2,16.37,B17,3.0,17.0,250.0,34.0,,,34.0,F.F.F.
130040,180736.0,1944-12-19,12,AUSTRIA,MARSHALLING YARDS,"""RR INSTALLATIONS,  TRACKS,  MARSHALLING YARDS,  AND STATIONS""",48.2,16.37,B17,4.0,,,28.0,,,28.0,NOT INDICATED
130041,180737.0,1944-12-19,12,AUSTRIA,MARSHALLING YARDS,"""RR INSTALLATIONS,  TRACKS,  MARSHALLING YARDS,  AND STATIONS""",48.2,16.37,B17,3.0,5.0,,13.0,,,13.0,NOT INDICATED
130035,180743.0,1944-12-19,15,AUSTRIA,RR,"""RR INSTALLATIONS,  TRACKS,  MARSHALLING YARDS,  AND STATIONS""",46.67,14.0,B24,2.0,1.0,,3.0,,,3.0,NOT INDICATED
130042,180744.0,1944-12-19,8,CZECHOSLOVAKIA,MARSHALLING YARD,"""RR INSTALLATIONS,  TRACKS,  MARSHALLING YARDS,  AND STATIONS""",48.67,8.33,B17,2.0,1.0,220.0,2.0,,,2.0,VISUAL
130044,180750.0,1944-12-19,8,GERMANY,MARSHALLING YARD,"""RR INSTALLATIONS,  TRACKS,  MARSHALLING YARDS,  AND STATIONS""",50.35,7.6,B17,3.0,1.0,,3.0,,,3.0,NOT INDICATED
130043,180751.0,1944-12-19,8,GERMANY,MARSHALLING YARD,"""RR INSTALLATIONS,  TRACKS,  MARSHALLING YARDS,  AND STATIONS""",50.35,7.6,B17,3.0,12.0,210.0,33.0,,,33.0,F.F.F.
130037,215159.0,1944-12-19,15,CZECHOSLOVAKIA,AD,AIR FIELDS AND AIRDROMES,49.67,17.33,B17,2.0,1.0,,1.0,,,1.0,NOT INDICATED
130802,114374.0,1944-12-20,15,CZECHOSLOVAKIA,BERGIUS SYN OR,SYNTHETIC OIL REFINERIES,50.52,13.63,B24,4.0,19.0,241.0,40.0,,,40.0,F.F.F.
130804,114375.0,1944-12-20,15,CZECHOSLOVAKIA,BERGIUS SYN OR,SYNTHETIC OIL REFINERIES,50.52,13.63,B24,4.0,17.0,240.0,34.0,,,34.0,F.F.F.
130805,114376.0,1944-12-20,15,CZECHOSLOVAKIA,BERGIUS SYN OR,SYNTHETIC OIL REFINERIES,50.52,13.63,B24,4.0,17.0,240.0,30.0,,,30.0,NOT INDICATED
130496,114377.0,1944-12-20,15,CZECHOSLOVAKIA,BERGIUS SYN OR,SYNTHETIC OIL REFINERIES,50.52,13.63,B24,4.0,20.0,250.0,40.0,,,40.0,F.F.F.
130809,114385.0,1944-12-20,15,CZECHOSLOVAKIA,SKODA ARMS WORKS,ARMAMENT AND ORDNANCE PLANTS,49.75,13.37,B24,3.0,27.0,230.0,63.0,,,63.0,F.F.F.
130498,114386.0,1944-12-20,15,CZECHOSLOVAKIA,SKODA ARMS WORKS,ARMAMENT AND ORDNANCE PLANTS,49.75,13.37,B24,3.0,27.0,243.0,62.0,,,62.0,F.F.F.
130810,114387.0,1944-12-20,15,CZECHOSLOVAKIA,SKODA ARMS WORKS,ARMAMENT AND ORDNANCE PLANTS,49.75,13.37,B24,3.0,27.0,230.0,63.0,,,63.0,F.F.F.
130499,114388.0,1944-12-20,15,CZECHOSLOVAKIA,SKODA ARMS WORKS,ARMAMENT AND ORDNANCE PLANTS,49.75,13.37,B24,3.0,27.0,243.0,62.0,,,62.0,F.F.F.
130828,114389.0,1944-12-20,12,AUSTRIA,CITY AREA,CITIES TOWNS AND URBAN AREAS,46.63,14.3,B17,2.0,1.0,,3.0,,,3.0,NOT INDICATED
130822,114390.0,1944-12-20,12,AUSTRIA,CITY AREA,CITIES TOWNS AND URBAN AREAS,46.63,14.3,B24,2.0,1.0,,2.0,,,2.0,NOT INDICATED
130823,114391.0,1944-12-20,12,AUSTRIA,CITY AREA,CITIES TOWNS AND URBAN AREAS,46.63,14.3,B24,2.0,1.0,,3.0,,,3.0,NOT INDICATED
130829,180798.0,1944-12-20,12,AUSTRIA,CITY AREA,CITIES TOWNS AND URBAN AREAS,46.63,14.3,B17,2.0,1.0,,3.0,,,3.0,NOT INDICATED
130824,180799.0,1944-12-20,12,AUSTRIA,CITY AREA,CITIES TOWNS AND URBAN AREAS,46.63,14.3,B24,2.0,1.0,,2.0,,,2.0,NOT INDICATED
130825,180800.0,1944-12-20,12,AUSTRIA,CITY AREA,CITIES TOWNS AND URBAN AREAS,46.63,14.3,B24,2.0,1.0,,3.0,,,3.0,NOT INDICATED
130830,180801.0,1944-12-20,12,AUSTRIA,CITY AREA,CITIES TOWNS AND URBAN AREAS,46.63,14.3,B17,2.0,1.0,,3.0,,,3.0,NOT INDICATED
130826,180802.0,1944-12-20,12,AUSTRIA,CITY AREA,CITIES TOWNS AND URBAN AREAS,46.63,14.3,B24,2.0,1.0,,2.0,,,2.0,NOT INDICATED
130827,180803.0,1944-12-20,12,AUSTRIA,CITY AREA,CITIES TOWNS AND URBAN AREAS,46.63,14.3,B24,2.0,1.0,,3.0,,,3.0,NOT INDICATED
130812,180805.0,1944-12-20,15,CZECHOSLOVAKIA,SKODA ARMS WORKS,ARMAMENT AND ORDNANCE PLANTS,49.75,13.37,B24,3.0,27.0,230.0,63.0,,,63.0,F.F.F.
130801,180806.0,1944-12-20,15,CZECHOSLOVAKIA,SKODA ARMS WORKS,ARMAMENT AND ORDNANCE PLANTS,49.75,13.37,B24,3.0,27.0,243.0,62.0,,,62.0,F.F.F.
130803,180807.0,1944-12-20,15,CZECHOSLOVAKIA,BERGIUS SYN OR,SYNTHETIC OIL REFINERIES,50.52,13.63,B24,4.0,19.0,241.0,40.0,,,40.0,F.F.F.
130806,180808.0,1944-12-20,15,CZECHOSLOVAKIA,BERGIUS SYN OR,SYNTHETIC OIL REFINERIES,50.52,13.63,B24,4.0,17.0,240.0,34.0,,,34.0,F.F.F.
130807,180809.0,1944-12-20,15,CZECHOSLOVAKIA,BERGIUS SYN OR,SYNTHETIC OIL REFINERIES,50.52,13.63,B24,4.0,17.0,240.0,30.0,,,30.0,NOT INDICATED
130497,180810.0,1944-12-20,15,CZECHOSLOVAKIA,BERGIUS SYN OR,SYNTHETIC OIL REFINERIES,50.52,13.63,B24,4.0,20.0,250.0,40.0,,,40.0,F.F.F.
130821,180816.0,1944-12-20,12,AUSTRIA,MARSHALLING YARDS,"""RR INSTALLATIONS,  TRACKS,  MARSHALLING YARDS,  AND STATIONS""",48.3,14.3,B24,4.0,18.0,230.0,42.0,,,42.0,F.F.F.
130818,180817.0,1944-12-20,12,AUSTRIA,MARSHALLING YARDS,"""RR INSTALLATIONS,  TRACKS,  MARSHALLING YARDS,  AND STATIONS""",48.3,14.3,B24,3.0,10.0,260.0,14.0,,,14.0,F.F.F.
130820,180818.0,1944-12-20,12,AUSTRIA,MARSHALLING YARDS,"""RR INSTALLATIONS,  TRACKS,  MARSHALLING YARDS,  AND STATIONS""",48.3,14.3,B24,3.0,2.0,235.0,5.0,,,5.0,NOT INDICATED
130831,180819.0,1944-12-20,12,AUSTRIA,MARSHALLING YARDS,"""RR INSTALLATIONS,  TRACKS,  MARSHALLING YARDS,  AND STATIONS""",48.3,14.3,B24,3.0,4.0,,5.0,,,5.0,NOT INDICATED
130832,180820.0,1944-12-20,12,AUSTRIA,MARSHALLING YARDS,"""RR INSTALLATIONS,  TRACKS,  MARSHALLING YARDS,  AND STATIONS""",48.3,14.3,B24,2.0,1.0,,3.0,,,3.0,NOT INDICATED
130817,180821.0,1944-12-20,12,AUSTRIA,MARSHALLING YARDS,"""RR INSTALLATIONS,  TRACKS,  MARSHALLING YARDS,  AND STATIONS""",48.3,14.3,B17,3.0,31.0,263.0,92.0,,,92.0,F.F.F.
130808,180822.0,1944-12-20,15,AUSTRIA,MARSHALLING YARUS,"""RR INSTALLATIONS,  TRACKS,  MARSHALLING YARDS,  AND STATIONS""",47.78,13.03,B17,4.0,20.0,240.0,58.0,,,58.0,F.F.F.
130814,180823.0,1944-12-20,15,AUSTRIA,MARSHALLING YARUS,"""RR INSTALLATIONS,  TRACKS,  MARSHALLING YARDS,  AND STATIONS""",47.78,13.03,B24,3.0,,,2.0,,,2.0,NOT INDICATED
130495,180824.0,1944-12-20,15,AUSTRIA,MARSHALLING YARUS,"""RR INSTALLATIONS,  TRACKS,  MARSHALLING YARDS,  AND STATIONS""",47.78,13.03,B24,3.0,7.0,252.0,11.0,,,11.0,F.F.F.
130815,180825.0,1944-12-20,15,AUSTRIA,MARSHALLING YARUS,"""RR INSTALLATIONS,  TRACKS,  MARSHALLING YARDS,  AND STATIONS""",47.78,13.03,B24,3.0,,,6.0,,,6.0,NOT INDICATED
130813,180826.0,1944-12-20,15,AUSTRIA,MARSHALLING YARUS,"""RR INSTALLATIONS,  TRACKS,  MARSHALLING YARDS,  AND STATIONS""",47.78,13.03,B24,3.0,29.0,230.0,50.0,,,50.0,F.F.F.
130833,180832.0,1944-12-20,12,AUSTRIA,R R,"""RR INSTALLATIONS,  TRACKS,  MARSHALLING YARDS,  AND STATIONS""",43.33,4.67,B24,2.0,1.0,,,,,,NOT INDICATED
130819,180833.0,1944-12-20,12,AUSTRIA,RR CUTS,"""RR INSTALLATIONS,  TRACKS,  MARSHALLING YARDS,  AND STATIONS""",43.33,5.0,B17,2.0,1.0,250.0,3.0,,,3.0,VISUAL
130816,180834.0,1944-12-20,15,CZECHOSLOVAKIA,MARSHALLING YARDS,"""RR INSTALLATIONS,  TRACKS,  MARSHALLING YARDS,  AND STATIONS""",46.67,13.67,B24,2.0,1.0,,1.0,,,1.0,NOT INDICATED
130811,180836.0,1944-12-20,15,CZECHOSLOVAKIA,SKODA ARMS WORKS,ARMAMENT AND ORDNANCE PLANTS,49.75,13.37,B24,3.0,27.0,230.0,63.0,,,63.0,F.F.F.
130500,180837.0,1944-12-20,15,CZECHOSLOVAKIA,SKODA ARMS WORKS,ARMAMENT AND ORDNANCE PLANTS,49.75,13.37,B24,3.0,27.0,243.0,62.0,,,62.0,F.F.F.
132043,114406.0,1944-12-23,8,GERMANY,BRIDGE,BRIDGES,50.53,7.1,B26,,,125.0,3.0,,,3.0,F.F.F.
132044,114407.0,1944-12-23,8,GERMANY,BRIDGE,BRIDGES,50.53,7.1,B26,,,125.0,58.0,,,58.0,VISUAL
132049,114408.0,1944-12-23,8,GERMANY,BRIDGE,BRIDGES,50.53,7.1,B26,,,120.0,24.0,,,24.0,VISUAL
132065,114409.0,1944-12-23,8,GERMANY,BRIDGE,BRIDGES,51.2,6.85,B26,,,,2.0,,,2.0,F.F.F.
132066,114410.0,1944-12-23,8,GERMANY,BRIDGE,BRIDGES,51.2,6.85,B26,,,,1.0,,,1.0,F.F.F.
132051,114411.0,1944-12-23,8,GERMANY,BRIDGE,BRIDGES,51.2,6.85,B26,,,115.0,45.0,,,45.0,VISUAL
132047,114412.0,1944-12-23,8,GERMANY,BRIDGE,BRIDGES,51.2,6.85,B26,,,125.0,46.0,,,46.0,VISUAL
132069,114428.0,1944-12-23,8,GERMANY,BRIDGE,BRIDGES,49.33,6.67,A20,,,,6.0,,,6.0,VISUAL
132071,114434.0,1944-12-23,8,GERMANY,TACTICAL,TACTICAL TARGETS: (UNIDENTIFIED OR NOT LISTED BELOW),50.0,7.0,B26,,,,28.0,,,28.0,VISUAL
132056,114441.0,1944-12-23,8,GERMANY,CITY AREA,CITIES TOWNS AND URBAN AREAS,51.37,13.0,B24,4.0,8.0,,22.0,,,22.0,NOT INDICATED
132057,114442.0,1944-12-23,8,GERMANY,CITY AREA,CITIES TOWNS AND URBAN AREAS,51.37,13.0,B24,4.0,10.0,,28.0,,,28.0,NOT INDICATED
132058,114443.0,1944-12-23,8,GERMANY,CITY AREA,CITIES TOWNS AND URBAN AREAS,51.37,13.0,B24,4.0,9.0,,23.0,,,23.0,NOT INDICATED
132059,180843.0,1944-12-23,8,GERMANY,CITY AREA,CITIES TOWNS AND URBAN AREAS,51.37,13.0,B24,4.0,8.0,,22.0,,,22.0,NOT INDICATED
132060,180844.0,1944-12-23,8,GERMANY,CITY AREA,CITIES TOWNS AND URBAN AREAS,51.37,13.0,B24,4.0,10.0,,28.0,,,28.0,NOT INDICATED
132061,180845.0,1944-12-23,8,GERMANY,CITY AREA,CITIES TOWNS AND URBAN AREAS,51.37,13.0,B24,4.0,9.0,,23.0,,,23.0,NOT INDICATED
132062,180856.0,1944-12-23,8,GERMANY,CITY AREA,CITIES TOWNS AND URBAN AREAS,51.37,13.0,B24,4.0,8.0,,22.0,,,22.0,NOT INDICATED
132063,180857.0,1944-12-23,8,GERMANY,CITY AREA,CITIES TOWNS AND URBAN AREAS,51.37,13.0,B24,4.0,10.0,,28.0,,,28.0,NOT INDICATED
132064,180858.0,1944-12-23,8,GERMANY,CITY AREA,CITIES TOWNS AND URBAN AREAS,51.37,13.0,B24,4.0,9.0,,23.0,,,23.0,NOT INDICATED
132053,180861.0,1944-12-23,8,GERMANY,SUPPLY AND COMM CENTER,TRANSPORTATION FACILITIES (NOT SPECIFICALLY IDENTIFIED BELOW),50.53,7.1,B24,4.0,1.0,,1.0,,,1.0,NOT INDICATED
132040,180862.0,1944-12-23,8,GERMANY,SUPPLY AND COMM CENTER,TRANSPORTATION FACILITIES (NOT SPECIFICALLY IDENTIFIED BELOW),50.53,7.1,B24,4.0,3.0,205.0,5.0,,,5.0,GEE
132041,180863.0,1944-12-23,8,GERMANY,SUPPLY AND COMM CENTER,TRANSPORTATION FACILITIES (NOT SPECIFICALLY IDENTIFIED BELOW),50.53,7.1,B24,4.0,10.0,205.0,29.0,,,29.0,GEE
132042,180864.0,1944-12-23,8,GERMANY,SUPPLY AND COMM CENTER,TRANSPORTATION FACILITIES (NOT SPECIFICALLY IDENTIFIED BELOW),50.53,7.1,B24,4.0,9.0,200.0,25.0,,,25.0,VISUAL
132054,180865.0,1944-12-23,8,GERMANY,SUPPLY AND COMM CENTER,TRANSPORTATION FACILITIES (NOT SPECIFICALLY IDENTIFIED BELOW),50.53,7.1,B24,4.0,9.0,,26.0,,,26.0,NOT INDICATED
132039,180866.0,1944-12-23,8,GERMANY,SUPPLY AND COMM CENTER,TRANSPORTATION FACILITIES (NOT SPECIFICALLY IDENTIFIED BELOW),50.53,7.1,B24,4.0,7.0,218.0,19.0,,,19.0,VISUAL
132055,180867.0,1944-12-23,8,GERMANY,SUPPLY AND COMM CENTER,TRANSPORTATION FACILITIES (NOT SPECIFICALLY IDENTIFIED BELOW),50.53,7.1,B24,4.0,10.0,,20.0,,,20.0,NOT INDICATED
132045,215173.0,1944-12-23,8,GERMANY,BRIDGE,BRIDGES,50.53,7.1,B26,,,125.0,3.0,,,3.0,F.F.F.
132046,215174.0,1944-12-23,8,GERMANY,BRIDGE,BRIDGES,50.53,7.1,B26,,,125.0,58.0,,,58.0,VISUAL
132050,215175.0,1944-12-23,8,GERMANY,BRIDGE,BRIDGES,50.53,7.1,B26,,,120.0,24.0,,,24.0,VISUAL
132067,215176.0,1944-12-23,8,GERMANY,BRIDGE,BRIDGES,51.2,6.85,B26,,,,2.0,,,2.0,F.F.F.
132068,215177.0,1944-12-23,8,GERMANY,BRIDGE,BRIDGES,51.2,6.85,B26,,,,1.0,,,1.0,F.F.F.
132052,215178.0,1944-12-23,8,GERMANY,BRIDGE,BRIDGES,51.2,6.85,B26,,,115.0,45.0,,,45.0,VISUAL
132048,215179.0,1944-12-23,8,GERMANY,BRIDGE,BRIDGES,51.2,6.85,B26,,,125.0,46.0,,,46.0,VISUAL
132070,215190.0,1944-12-23,8,GERMANY,BRIDGE,BRIDGES,49.33,6.67,A20,,,,6.0,,,6.0,VISUAL
132072,215197.0,1944-12-23,8,GERMANY,TACTICAL,TACTICAL TARGETS: (UNIDENTIFIED OR NOT LISTED BELOW),50.0,7.0,B26,,,,28.0,,,28.0,VISUAL
132073,215207.0,1944-12-23,8,GERMANY,TACTICAL,TACTICAL TARGETS: (UNIDENTIFIED OR NOT LISTED BELOW),50.0,7.0,B26,,,,28.0,,,28.0,VISUAL
132856,114458.0,1944-12-24,15,GERMANY,BRIDGE,BRIDGES,47.67,15.67,B26,,,,12.0,,,12.0,NOT INDICATED
133267,114459.0,1944-12-24,8,GERMANY,AIRDROME,AIR FIELDS AND AIRDROMES,49.97,8.95,B17,4.0,12.0,211.0,22.0,,,22.0,VISUAL
133223,114460.0,1944-12-24,8,GERMANY,AIRDROME,AIR FIELDS AND AIRDROMES,49.97,8.95,B17,4.0,11.0,225.0,21.0,,,21.0,VISUAL
133258,114461.0,1944-12-24,8,GERMANY,AIRDROME,AIR FIELDS AND AIRDROMES,49.97,8.95,B17,4.0,13.0,212.0,22.0,,,22.0,VISUAL
133233,114462.0,1944-12-24,8,GERMANY,AIRDROME,AIR FIELDS AND AIRDROMES,49.97,8.95,B17,4.0,10.0,220.0,16.0,9.0,,25.0,VISUAL
133234,114463.0,1944-12-24,8,GERMANY,AIRDROME,AIR FIELDS AND AIRDROMES,49.97,8.95,B17,4.0,10.0,220.0,19.0,,,19.0,VISUAL
133214,114464.0,1944-12-24,8,GERMANY,AIRDROME,AIR FIELDS AND AIRDROMES,49.97,8.95,B17,4.0,11.0,230.0,21.0,,,21.0,VISUAL
133215,114465.0,1944-12-24,8,GERMANY,AIRDROME,AIR FIELDS AND AIRDROMES,49.97,8.95,B17,4.0,5.0,230.0,10.0,,,10.0,VISUAL
133270,114466.0,1944-12-24,8,GERMANY,AIRDROME,AIR FIELDS AND AIRDROMES,49.97,8.95,B17,4.0,12.0,210.0,21.0,12.0,,33.0,VISUAL
132899,114467.0,1944-12-24,8,GERMANY,AIRDROME,AIR FIELDS AND AIRDROMES,49.68,8.45,B17,4.0,12.0,240.0,22.0,,,22.0,VISUAL
132865,114468.0,1944-12-24,8,GERMANY,AIRDROME,AIR FIELDS AND AIRDROMES,49.68,8.45,B17,4.0,13.0,250.0,24.0,,,24.0,VISUAL
132900,114469.0,1944-12-24,8,GERMANY,AIRDROME,AIR FIELDS AND AIRDROMES,49.68,8.45,B17,4.0,12.0,240.0,23.0,,,23.0,VISUAL
133296,114470.0,1944-12-24,8,GERMANY,AIRDROME,AIR FIELDS AND AIRDROMES,49.68,8.45,B17,4.0,16.0,,40.0,,,40.0,NOT INDICATED
133226,114474.0,1944-12-24,8,GERMANY,AIRDROME,AIR FIELDS AND AIRDROMES,50.55,8.92,B17,4.0,13.0,222.0,25.0,,,25.0,VISUAL
133243,114475.0,1944-12-24,8,GERMANY,AIRDROME,AIR FIELDS AND AIRDROMES,50.55,8.92,B17,4.0,12.0,216.0,23.0,,,23.0,VISUAL
133276,114476.0,1944-12-24,8,GERMANY,AIRDROME,AIR FIELDS AND AIRDROMES,50.55,8.92,B17,4.0,12.0,206.0,23.0,,,23.0,VISUAL
133246,114477.0,1944-12-24,8,GERMANY,AIRDROME,AIR FIELDS AND AIRDROMES,50.6,8.68,B17,4.0,13.0,216.0,23.0,,,23.0,VISUAL
133247,114478.0,1944-12-24,8,GERMANY,AIRDROME,AIR FIELDS AND AIRDROMES,50.6,8.68,B17,4.0,9.0,216.0,17.0,,,17.0,VISUAL
133229,114479.0,1944-12-24,8,GERMANY,AIRDROME,AIR FIELDS AND AIRDROMES,50.6,8.68,B17,4.0,7.0,222.0,13.0,,,13.0,VISUAL
133264,114480.0,1944-12-24,8,GERMANY,AIRDROME,AIR FIELDS AND AIRDROMES,50.6,8.68,B17,4.0,12.0,212.0,36.0,,,36.0,VISUAL
133273,114481.0,1944-12-24,8,GERMANY,AIRDROME,AIR FIELDS AND AIRDROMES,50.6,8.68,B17,4.0,12.0,207.0,36.0,,,36.0,VISUAL
133220,114482.0,1944-12-24,8,GERMANY,AIRDROME,AIR FIELDS AND AIRDROMES,50.6,8.68,B17,4.0,10.0,227.0,30.0,,,30.0,VISUAL
133248,114483.0,1944-12-24,8,GERMANY,AIRDROME,AIR FIELDS AND AIRDROMES,50.6,8.68,B17,4.0,10.0,216.0,30.0,,,30.0,VISUAL
133255,114484.0,1944-12-24,8,GERMANY,AIRDROME,AIR FIELDS AND AIRDROMES,50.6,8.68,B17,4.0,12.0,215.0,36.0,,,36.0,VISUAL
133240,114485.0,1944-12-24,8,GERMANY,AIRDROME,AIR FIELDS AND AIRDROMES,50.6,8.68,B17,4.0,12.0,219.0,30.0,,,30.0,VISUAL
133621,114486.0,1944-12-24,8,GERMANY,AIRDROME,AIR FIELDS AND AIRDROMES,50.6,8.68,B17,2.0,1.0,,2.0,,,2.0,NOT INDICATED
133622,114487.0,1944-12-24,8,GERMANY,AIRDROME,AIR FIELDS AND AIRDROMES,50.6,8.68,B17,2.0,2.0,,6.0,,,6.0,NOT INDICATED
133623,114488.0,1944-12-24,8,GERMANY,AIRDROME,AIR FIELDS AND AIRDROMES,50.6,8.68,B17,2.0,1.0,,2.0,,,2.0,NOT INDICATED
133624,114489.0,1944-12-24,8,GERMANY,AIRDROME,AIR FIELDS AND AIRDROMES,50.6,8.68,B17,2.0,1.0,,2.0,,,2.0,NOT INDICATED
132877,114544.0,1944-12-24,8,GERMANY,AIR DROME,AIR FIELDS AND AIRDROMES,50.1,8.67,B17,4.0,12.0,248.0,22.0,,,22.0,VISUAL
132871,114545.0,1944-12-24,8,GERMANY,AIR DROME,AIR FIELDS AND AIRDROMES,50.1,8.67,B17,4.0,12.0,250.0,22.0,,,22.0,VISUAL
133211,114546.0,1944-12-24,8,GERMANY,AIR DROME,AIR FIELDS AND AIRDROMES,50.1,8.67,B17,4.0,15.0,238.0,26.0,,,26.0,VISUAL
132862,114547.0,1944-12-24,8,GERMANY,AIR DROME,AIR FIELDS AND AIRDROMES,50.1,8.67,B17,4.0,13.0,255.0,38.0,,,38.0,VISUAL
132889,114548.0,1944-12-24,8,GERMANY,AIR DROME,AIR FIELDS AND AIRDROMES,50.1,8.67,B17,4.0,8.0,246.0,15.0,,,15.0,VISUAL
132878,114549.0,1944-12-24,8,GERMANY,AIR DROME,AIR FIELDS AND AIRDROMES,50.1,8.67,B17,4.0,12.0,248.0,23.0,,,23.0,VISUAL
132896,114550.0,1944-12-24,8,GERMANY,AIR DROME,AIR FIELDS AND AIRDROMES,50.1,8.67,B17,4.0,10.0,242.0,19.0,,,19.0,VISUAL
133205,114551.0,1944-12-24,8,GERMANY,AIR DROME,AIR FIELDS AND AIRDROMES,50.1,8.67,B17,4.0,14.0,239.0,5.0,33.0,,38.0,VISUAL
132893,114552.0,1944-12-24,8,GERMANY,AIR DROME,AIR FIELDS AND AIRDROMES,50.1,8.67,B17,4.0,10.0,244.0,19.0,,,19.0,VISUAL
132874,114553.0,1944-12-24,8,GERMANY,AIR DROME,AIR FIELDS AND AIRDROMES,50.1,8.67,B17,4.0,11.0,249.0,21.0,,,21.0,VISUAL
133206,114554.0,1944-12-24,8,GERMANY,AIR DROME,AIR FIELDS AND AIRDROMES,50.1,8.67,B17,4.0,8.0,239.0,15.0,,,15.0,VISUAL
132886,114555.0,1944-12-24,8,GERMANY,AIR DROME,AIR FIELDS AND AIRDROMES,50.1,8.67,B17,4.0,11.0,247.0,32.0,,,32.0,VISUAL
133290,114571.0,1944-12-24,8,GERMANY,CITY AREA,CITIES TOWNS AND URBAN AREAS,48.75,8.23,B17,2.0,1.0,,2.0,1.0,,3.0,NOT INDICATED
133293,114579.0,1944-12-24,8,GERMANY,UNIDENTIFIED TARGET,UNIDENTIFIED TARGETS,49.1,7.98,B17,2.0,2.0,,4.0,,,4.0,NOT INDICATED
133262,114580.0,1944-12-24,8,GERMANY,UNIDENTIFIED TARGET,UNIDENTIFIED TARGETS,53.2,8.63,B24,3.0,8.0,212.0,22.0,,,22.0,VISUAL
133604,114582.0,1944-12-24,8,GERMANY,UNIDENTIFIED TARGET,UNIDENTIFIED TARGETS,51.37,13.0,B24,2.0,1.0,,3.0,,,3.0,NOT INDICATED
133606,114583.0,1944-12-24,8,GERMANY,UNIDENTIFIED TARGET,UNIDENTIFIED TARGETS,49.87,8.65,B17,2.0,1.0,,2.0,,,2.0,NOT INDICATED
132879,114585.0,1944-12-24,8,GERMANY,UNIDENTIFIED TARGET,UNIDENTIFIED TARGETS,50.1,8.67,B17,4.0,3.0,248.0,6.0,,,6.0,VISUAL
133612,114586.0,1944-12-24,8,GERMANY,UNIDENTIFIED TARGET,UNIDENTIFIED TARGETS,50.1,8.67,B17,2.0,2.0,,4.0,,,4.0,NOT INDICATED
133613,114587.0,1944-12-24,8,GERMANY,UNIDENTIFIED TARGET,UNIDENTIFIED TARGETS,50.1,8.67,B17,2.0,1.0,,2.0,,,2.0,NOT INDICATED
133618,114588.0,1944-12-24,8,GERMANY,UNIDENTIFIED TARGET,UNIDENTIFIED TARGETS,53.83,9.29,B17,2.0,1.0,,2.0,,,2.0,NOT INDICATED
133294,180901.0,1944-12-24,8,GERMANY,UNIDENTIFIED TARGET,UNIDENTIFIED TARGETS,49.1,7.98,B17,2.0,2.0,,4.0,,,4.0,NOT INDICATED
133263,180902.0,1944-12-24,8,GERMANY,UNIDENTIFIED TARGET,UNIDENTIFIED TARGETS,53.2,8.63,B24,3.0,8.0,212.0,22.0,,,22.0,VISUAL
133605,180904.0,1944-12-24,8,GERMANY,UNIDENTIFIED TARGET,UNIDENTIFIED TARGETS,51.37,13.0,B24,2.0,1.0,,3.0,,,3.0,NOT INDICATED
133607,180905.0,1944-12-24,8,GERMANY,UNIDENTIFIED TARGET,UNIDENTIFIED TARGETS,49.87,8.65,B17,2.0,1.0,,2.0,,,2.0,NOT INDICATED
132880,180907.0,1944-12-24,8,GERMANY,UNIDENTIFIED TARGET,UNIDENTIFIED TARGETS,50.1,8.67,B17,4.0,3.0,248.0,6.0,,,6.0,VISUAL
133614,180908.0,1944-12-24,8,GERMANY,UNIDENTIFIED TARGET,UNIDENTIFIED TARGETS,50.1,8.67,B17,2.0,2.0,,4.0,,,4.0,NOT INDICATED
133615,180909.0,1944-12-24,8,GERMANY,UNIDENTIFIED TARGET,UNIDENTIFIED TARGETS,50.1,8.67,B17,2.0,1.0,,2.0,,,2.0,NOT INDICATED
133619,180910.0,1944-12-24,8,GERMANY,UNIDENTIFIED TARGET,UNIDENTIFIED TARGETS,53.83,9.29,B17,2.0,1.0,,2.0,,,2.0,NOT INDICATED
133291,180969.0,1944-12-24,8,GERMANY,CITY AREA,CITIES TOWNS AND URBAN AREAS,48.75,8.23,B17,2.0,1.0,,2.0,1.0,,3.0,NOT INDICATED
133292,181018.0,1944-12-24,8,GERMANY,CITY AREA,CITIES TOWNS AND URBAN AREAS,48.75,8.23,B17,2.0,1.0,,2.0,1.0,,3.0,NOT INDICATED
133295,181053.0,1944-12-24,8,GERMANY,UNIDENTIFIED TARGET,UNIDENTIFIED TARGETS,49.1,7.98,B17,2.0,2.0,,4.0,,,4.0,NOT INDICATED
133261,181054.0,1944-12-24,8,GERMANY,UNIDENTIFIED TARGET,UNIDENTIFIED TARGETS,53.2,8.63,B24,3.0,8.0,212.0,22.0,,,22.0,VISUAL
133603,181056.0,1944-12-24,8,GERMANY,UNIDENTIFIED TARGET,UNIDENTIFIED TARGETS,51.37,13.0,B24,2.0,1.0,,3.0,,,3.0,NOT INDICATED
133608,181057.0,1944-12-24,8,GERMANY,UNIDENTIFIED TARGET,UNIDENTIFIED TARGETS,49.87,8.65,B17,2.0,1.0,,2.0,,,2.0,NOT INDICATED
132881,181059.0,1944-12-24,8,GERMANY,UNIDENTIFIED TARGET,UNIDENTIFIED TARGETS,50.1,8.67,B17,4.0,3.0,248.0,6.0,,,6.0,VISUAL
133616,181060.0,1944-12-24,8,GERMANY,UNIDENTIFIED TARGET,UNIDENTIFIED TARGETS,50.1,8.67,B17,2.0,2.0,,4.0,,,4.0,NOT INDICATED
133617,181061.0,1944-12-24,8,GERMANY,UNIDENTIFIED TARGET,UNIDENTIFIED TARGETS,50.1,8.67,B17,2.0,1.0,,2.0,,,2.0,NOT INDICATED
133620,181062.0,1944-12-24,8,GERMANY,UNIDENTIFIED TARGET,UNIDENTIFIED TARGETS,53.83,9.29,B17,2.0,1.0,,2.0,,,2.0,NOT INDICATED
133232,181134.0,1944-12-24,8,GERMANY,SUPPLY AND COMM CENTER,TRANSPORTATION FACILITIES (NOT SPECIFICALLY IDENTIFIED BELOW),50.53,7.1,B24,4.0,10.0,220.0,28.0,,,28.0,VISUAL
133284,181135.0,1944-12-24,8,GERMANY,SUPPLY AND COMM CENTER,TRANSPORTATION FACILITIES (NOT SPECIFICALLY IDENTIFIED BELOW),50.53,7.1,B24,4.0,10.0,,26.0,,,26.0,NOT INDICATED
133285,181136.0,1944-12-24,8,GERMANY,SUPPLY AND COMM CENTER,TRANSPORTATION FACILITIES (NOT SPECIFICALLY IDENTIFIED BELOW),50.53,7.1,B24,4.0,10.0,,26.0,,,26.0,NOT INDICATED
133286,181137.0,1944-12-24,8,GERMANY,SUPPLY AND COMM CENTER,TRANSPORTATION FACILITIES (NOT SPECIFICALLY IDENTIFIED BELOW),50.53,7.1,B24,4.0,9.0,,23.0,,,23.0,NOT INDICATED
133287,181138.0,1944-12-24,8,GERMANY,SUPPLY AND COMM CENTER,TRANSPORTATION FACILITIES (NOT SPECIFICALLY IDENTIFIED BELOW),50.53,7.1,B24,4.0,1.0,,3.0,,,3.0,NOT INDICATED
133288,181139.0,1944-12-24,8,GERMANY,SUPPLY AND COMM CENTER,TRANSPORTATION FACILITIES (NOT SPECIFICALLY IDENTIFIED BELOW),50.53,7.1,B24,4.0,8.0,,24.0,,,24.0,NOT INDICATED
133289,181140.0,1944-12-24,8,GERMANY,SUPPLY AND COMM CENTER,TRANSPORTATION FACILITIES (NOT SPECIFICALLY IDENTIFIED BELOW),50.53,7.1,B24,4.0,1.0,,2.0,,,2.0,NOT INDICATED
133299,181141.0,1944-12-24,8,GERMANY,MARSHALLING YARD,"""RR INSTALLATIONS,  TRACKS,  MARSHALLING YARDS,  AND STATIONS""",50.35,7.6,B17,4.0,,,1.0,,,1.0,NOT INDICATED
132868,181142.0,1944-12-24,8,GERMANY,MARSHALLING YARD,"""RR INSTALLATIONS,  TRACKS,  MARSHALLING YARDS,  AND STATIONS""",50.35,7.6,B17,2.0,4.0,250.0,7.0,,,7.0,VISUAL
133300,181143.0,1944-12-24,8,GERMANY,MARSHALLING YARD,"""RR INSTALLATIONS,  TRACKS,  MARSHALLING YARDS,  AND STATIONS""",50.35,7.6,B17,2.0,1.0,,2.0,,,2.0,NOT INDICATED
132869,181144.0,1944-12-24,8,GERMANY,MARSHALLING YARD,"""RR INSTALLATIONS,  TRACKS,  MARSHALLING YARDS,  AND STATIONS""",50.35,7.6,B17,2.0,12.0,250.0,22.0,,,22.0,VISUAL
133601,181145.0,1944-12-24,8,GERMANY,MARSHALLING YARD,"""RR INSTALLATIONS,  TRACKS,  MARSHALLING YARDS,  AND STATIONS""",50.35,7.6,B17,2.0,1.0,,2.0,,,2.0,NOT INDICATED
132892,181146.0,1944-12-24,8,GERMANY,MARSHALLING YARD,"""RR INSTALLATIONS,  TRACKS,  MARSHALLING YARDS,  AND STATIONS""",50.35,7.6,B17,2.0,12.0,245.0,23.0,,,23.0,VISUAL
132858,181147.0,1944-12-24,8,GERMANY,MARSHALLING YARD,"""RR INSTALLATIONS,  TRACKS,  MARSHALLING YARDS,  AND STATIONS""",50.35,7.6,B17,2.0,13.0,275.0,24.0,,,24.0,VISUAL
132870,181148.0,1944-12-24,8,GERMANY,MARSHALLING YARD,"""RR INSTALLATIONS,  TRACKS,  MARSHALLING YARDS,  AND STATIONS""",50.35,7.6,B17,2.0,11.0,250.0,33.0,,,33.0,VISUAL
132861,181149.0,1944-12-24,8,GERMANY,MARSHALLING YARD,"""RR INSTALLATIONS,  TRACKS,  MARSHALLING YARDS,  AND STATIONS""",50.35,7.6,B17,2.0,7.0,256.0,3.0,17.0,,20.0,VISUAL
132860,181150.0,1944-12-24,8,GERMANY,MARSHALLING YARD,"""RR INSTALLATIONS,  TRACKS,  MARSHALLING YARDS,  AND STATIONS""",50.35,7.6,B17,2.0,12.0,259.0,36.0,,,36.0,VISUAL
133602,181151.0,1944-12-24,8,GERMANY,MARSHALLING YARD,"""RR INSTALLATIONS,  TRACKS,  MARSHALLING YARDS,  AND STATIONS""",50.35,7.6,B17,2.0,3.0,,6.0,,,6.0,NOT INDICATED
132859,181152.0,1944-12-24,8,GERMANY,MARSHALLING YARD,"""RR INSTALLATIONS,  TRACKS,  MARSHALLING YARDS,  AND STATIONS""",50.35,7.6,B17,2.0,7.0,260.0,13.0,,,13.0,VISUAL
133609,181154.0,1944-12-24,8,GERMANY,MARSHALLING YARD,"""RR INSTALLATIONS,  TRACKS,  MARSHALLING YARDS,  AND STATIONS""",49.87,8.65,B17,2.0,1.0,,,3.0,,3.0,NOT INDICATED
133239,181155.0,1944-12-24,8,GERMANY,BRIDGE,BRIDGES,51.2,6.85,B24,4.0,10.0,220.0,29.0,,,29.0,VISUAL
133610,181156.0,1944-12-24,8,GERMANY,BRIDGE,BRIDGES,51.2,6.85,B24,4.0,11.0,,31.0,,,31.0,NOT INDICATED
133611,181157.0,1944-12-24,8,GERMANY,BRIDGE,BRIDGES,51.2,6.85,B24,4.0,11.0,,29.0,,,29.0,NOT INDICATED
132857,215220.0,1944-12-24,15,GERMANY,BRIDGE,BRIDGES,47.67,15.67,B26,,,,12.0,,,12.0,NOT INDICATED
133268,215222.0,1944-12-24,8,GERMANY,AIRDROME,AIR FIELDS AND AIRDROMES,49.97,8.95,B17,4.0,12.0,211.0,22.0,,,22.0,VISUAL
133224,215223.0,1944-12-24,8,GERMANY,AIRDROME,AIR FIELDS AND AIRDROMES,49.97,8.95,B17,4.0,11.0,225.0,21.0,,,21.0,VISUAL
133259,215224.0,1944-12-24,8,GERMANY,AIRDROME,AIR FIELDS AND AIRDROMES,49.97,8.95,B17,4.0,13.0,212.0,22.0,,,22.0,VISUAL
133235,215225.0,1944-12-24,8,GERMANY,AIRDROME,AIR FIELDS AND AIRDROMES,49.97,8.95,B17,4.0,10.0,220.0,16.0,9.0,,25.0,VISUAL
133236,215226.0,1944-12-24,8,GERMANY,AIRDROME,AIR FIELDS AND AIRDROMES,49.97,8.95,B17,4.0,10.0,220.0,19.0,,,19.0,VISUAL
133216,215227.0,1944-12-24,8,GERMANY,AIRDROME,AIR FIELDS AND AIRDROMES,49.97,8.95,B17,4.0,11.0,230.0,21.0,,,21.0,VISUAL
133217,215228.0,1944-12-24,8,GERMANY,AIRDROME,AIR FIELDS AND AIRDROMES,49.97,8.95,B17,4.0,5.0,230.0,10.0,,,10.0,VISUAL
133271,215229.0,1944-12-24,8,GERMANY,AIRDROME,AIR FIELDS AND AIRDROMES,49.97,8.95,B17,4.0,12.0,210.0,21.0,12.0,,33.0,VISUAL
133201,215230.0,1944-12-24,8,GERMANY,AIRDROME,AIR FIELDS AND AIRDROMES,49.68,8.45,B17,4.0,12.0,240.0,22.0,,,22.0,VISUAL
132866,215231.0,1944-12-24,8,GERMANY,AIRDROME,AIR FIELDS AND AIRDROMES,49.68,8.45,B17,4.0,13.0,250.0,24.0,,,24.0,VISUAL
133202,215232.0,1944-12-24,8,GERMANY,AIRDROME,AIR FIELDS AND AIRDROMES,49.68,8.45,B17,4.0,12.0,240.0,23.0,,,23.0,VISUAL
133297,215233.0,1944-12-24,8,GERMANY,AIRDROME,AIR FIELDS AND AIRDROMES,49.68,8.45,B17,4.0,16.0,,40.0,,,40.0,NOT INDICATED
133227,215237.0,1944-12-24,8,GERMANY,AIRDROME,AIR FIELDS AND AIRDROMES,50.55,8.92,B17,4.0,13.0,222.0,25.0,,,25.0,VISUAL
133244,215238.0,1944-12-24,8,GERMANY,AIRDROME,AIR FIELDS AND AIRDROMES,50.55,8.92,B17,4.0,12.0,216.0,23.0,,,23.0,VISUAL
133277,215239.0,1944-12-24,8,GERMANY,AIRDROME,AIR FIELDS AND AIRDROMES,50.55,8.92,B17,4.0,12.0,206.0,23.0,,,23.0,VISUAL
133249,215240.0,1944-12-24,8,GERMANY,AIRDROME,AIR FIELDS AND AIRDROMES,50.6,8.68,B17,4.0,13.0,216.0,23.0,,,23.0,VISUAL
133250,215241.0,1944-12-24,8,GERMANY,AIRDROME,AIR FIELDS AND AIRDROMES,50.6,8.68,B17,4.0,9.0,216.0,17.0,,,17.0,VISUAL
133230,215242.0,1944-12-24,8,GERMANY,AIRDROME,AIR FIELDS AND AIRDROMES,50.6,8.68,B17,4.0,7.0,222.0,13.0,,,13.0,VISUAL
133265,215243.0,1944-12-24,8,GERMANY,AIRDROME,AIR FIELDS AND AIRDROMES,50.6,8.68,B17,4.0,12.0,212.0,36.0,,,36.0,VISUAL
133274,215244.0,1944-12-24,8,GERMANY,AIRDROME,AIR FIELDS AND AIRDROMES,50.6,8.68,B17,4.0,12.0,207.0,36.0,,,36.0,VISUAL
133221,215245.0,1944-12-24,8,GERMANY,AIRDROME,AIR FIELDS AND AIRDROMES,50.6,8.68,B17,4.0,10.0,227.0,30.0,,,30.0,VISUAL
133251,215246.0,1944-12-24,8,GERMANY,AIRDROME,AIR FIELDS AND AIRDROMES,50.6,8.68,B17,4.0,10.0,216.0,30.0,,,30.0,VISUAL
133256,215247.0,1944-12-24,8,GERMANY,AIRDROME,AIR FIELDS AND AIRDROMES,50.6,8.68,B17,4.0,12.0,215.0,36.0,,,36.0,VISUAL
133241,215248.0,1944-12-24,8,GERMANY,AIRDROME,AIR FIELDS AND AIRDROMES,50.6,8.68,B17,4.0,12.0,219.0,30.0,,,30.0,VISUAL
133625,215249.0,1944-12-24,8,GERMANY,AIRDROME,AIR FIELDS AND AIRDROMES,50.6,8.68,B17,2.0,1.0,,2.0,,,2.0,NOT INDICATED
133626,215250.0,1944-12-24,8,GERMANY,AIRDROME,AIR FIELDS AND AIRDROMES,50.6,8.68,B17,2.0,2.0,,6.0,,,6.0,NOT INDICATED
133627,215251.0,1944-12-24,8,GERMANY,AIRDROME,AIR FIELDS AND AIRDROMES,50.6,8.68,B17,2.0,1.0,,2.0,,,2.0,NOT INDICATED
133628,215252.0,1944-12-24,8,GERMANY,AIRDROME,AIR FIELDS AND AIRDROMES,50.6,8.68,B17,2.0,1.0,,2.0,,,2.0,NOT INDICATED
132882,215306.0,1944-12-24,8,GERMANY,AIR DROME,AIR FIELDS AND AIRDROMES,50.1,8.67,B17,4.0,12.0,248.0,22.0,,,22.0,VISUAL
132872,215307.0,1944-12-24,8,GERMANY,AIR DROME,AIR FIELDS AND AIRDROMES,50.1,8.67,B17,4.0,12.0,250.0,22.0,,,22.0,VISUAL
133212,215308.0,1944-12-24,8,GERMANY,AIR DROME,AIR FIELDS AND AIRDROMES,50.1,8.67,B17,4.0,15.0,238.0,26.0,,,26.0,VISUAL
132863,215309.0,1944-12-24,8,GERMANY,AIR DROME,AIR FIELDS AND AIRDROMES,50.1,8.67,B17,4.0,13.0,255.0,38.0,,,38.0,VISUAL
132890,215310.0,1944-12-24,8,GERMANY,AIR DROME,AIR FIELDS AND AIRDROMES,50.1,8.67,B17,4.0,8.0,246.0,15.0,,,15.0,VISUAL
132883,215311.0,1944-12-24,8,GERMANY,AIR DROME,AIR FIELDS AND AIRDROMES,50.1,8.67,B17,4.0,12.0,248.0,23.0,,,23.0,VISUAL
132897,215312.0,1944-12-24,8,GERMANY,AIR DROME,AIR FIELDS AND AIRDROMES,50.1,8.67,B17,4.0,10.0,242.0,19.0,,,19.0,VISUAL
133207,215313.0,1944-12-24,8,GERMANY,AIR DROME,AIR FIELDS AND AIRDROMES,50.1,8.67,B17,4.0,14.0,239.0,5.0,33.0,,38.0,VISUAL
132894,215314.0,1944-12-24,8,GERMANY,AIR DROME,AIR FIELDS AND AIRDROMES,50.1,8.67,B17,4.0,10.0,244.0,19.0,,,19.0,VISUAL
132875,215315.0,1944-12-24,8,GERMANY,AIR DROME,AIR FIELDS AND AIRDROMES,50.1,8.67,B17,4.0,11.0,249.0,21.0,,,21.0,VISUAL
133208,215316.0,1944-12-24,8,GERMANY,AIR DROME,AIR FIELDS AND AIRDROMES,50.1,8.67,B17,4.0,8.0,239.0,15.0,,,15.0,VISUAL
132887,215317.0,1944-12-24,8,GERMANY,AIR DROME,AIR FIELDS AND AIRDROMES,50.1,8.67,B17,4.0,11.0,247.0,32.0,,,32.0,VISUAL
133269,215320.0,1944-12-24,8,GERMANY,AIRDROME,AIR FIELDS AND AIRDROMES,49.97,8.95,B17,4.0,12.0,211.0,22.0,,,22.0,VISUAL
133225,215321.0,1944-12-24,8,GERMANY,AIRDROME,AIR FIELDS AND AIRDROMES,49.97,8.95,B17,4.0,11.0,225.0,21.0,,,21.0,VISUAL
133260,215322.0,1944-12-24,8,GERMANY,AIRDROME,AIR FIELDS AND AIRDROMES,49.97,8.95,B17,4.0,13.0,212.0,22.0,,,22.0,VISUAL
133237,215323.0,1944-12-24,8,GERMANY,AIRDROME,AIR FIELDS AND AIRDROMES,49.97,8.95,B17,4.0,10.0,220.0,16.0,9.0,,25.0,VISUAL
133238,215324.0,1944-12-24,8,GERMANY,AIRDROME,AIR FIELDS AND AIRDROMES,49.97,8.95,B17,4.0,10.0,220.0,19.0,,,19.0,VISUAL
133218,215325.0,1944-12-24,8,GERMANY,AIRDROME,AIR FIELDS AND AIRDROMES,49.97,8.95,B17,4.0,11.0,230.0,21.0,,,21.0,VISUAL
133219,215326.0,1944-12-24,8,GERMANY,AIRDROME,AIR FIELDS AND AIRDROMES,49.97,8.95,B17,4.0,5.0,230.0,10.0,,,10.0,VISUAL
133272,215327.0,1944-12-24,8,GERMANY,AIRDROME,AIR FIELDS AND AIRDROMES,49.97,8.95,B17,4.0,12.0,210.0,21.0,12.0,,33.0,VISUAL
133203,215328.0,1944-12-24,8,GERMANY,AIRDROME,AIR FIELDS AND AIRDROMES,49.68,8.45,B17,4.0,12.0,240.0,22.0,,,22.0,VISUAL
132867,215329.0,1944-12-24,8,GERMANY,AIRDROME,AIR FIELDS AND AIRDROMES,49.68,8.45,B17,4.0,13.0,250.0,24.0,,,24.0,VISUAL
133204,215330.0,1944-12-24,8,GERMANY,AIRDROME,AIR FIELDS AND AIRDROMES,49.68,8.45,B17,4.0,12.0,240.0,23.0,,,23.0,VISUAL
133298,215331.0,1944-12-24,8,GERMANY,AIRDROME,AIR FIELDS AND AIRDROMES,49.68,8.45,B17,4.0,16.0,,40.0,,,40.0,NOT INDICATED
133228,215335.0,1944-12-24,8,GERMANY,AIRDROME,AIR FIELDS AND AIRDROMES,50.55,8.92,B17,4.0,13.0,222.0,25.0,,,25.0,VISUAL
133245,215336.0,1944-12-24,8,GERMANY,AIRDROME,AIR FIELDS AND AIRDROMES,50.55,8.92,B17,4.0,12.0,216.0,23.0,,,23.0,VISUAL
133278,215337.0,1944-12-24,8,GERMANY,AIRDROME,AIR FIELDS AND AIRDROMES,50.55,8.92,B17,4.0,12.0,206.0,23.0,,,23.0,VISUAL
132884,215338.0,1944-12-24,8,GERMANY,AIR DROME,AIR FIELDS AND AIRDROMES,50.1,8.67,B17,4.0,12.0,248.0,22.0,,,22.0,VISUAL
132873,215339.0,1944-12-24,8,GERMANY,AIR DROME,AIR FIELDS AND AIRDROMES,50.1,8.67,B17,4.0,12.0,250.0,22.0,,,22.0,VISUAL
133213,215340.0,1944-12-24,8,GERMANY,AIR DROME,AIR FIELDS AND AIRDROMES,50.1,8.67,B17,4.0,15.0,238.0,26.0,,,26.0,VISUAL
132864,215341.0,1944-12-24,8,GERMANY,AIR DROME,AIR FIELDS AND AIRDROMES,50.1,8.67,B17,4.0,13.0,255.0,38.0,,,38.0,VISUAL
132891,215342.0,1944-12-24,8,GERMANY,AIR DROME,AIR FIELDS AND AIRDROMES,50.1,8.67,B17,4.0,8.0,246.0,15.0,,,15.0,VISUAL
132885,215343.0,1944-12-24,8,GERMANY,AIR DROME,AIR FIELDS AND AIRDROMES,50.1,8.67,B17,4.0,12.0,248.0,23.0,,,23.0,VISUAL
132898,215344.0,1944-12-24,8,GERMANY,AIR DROME,AIR FIELDS AND AIRDROMES,50.1,8.67,B17,4.0,10.0,242.0,19.0,,,19.0,VISUAL
133209,215345.0,1944-12-24,8,GERMANY,AIR DROME,AIR FIELDS AND AIRDROMES,50.1,8.67,B17,4.0,14.0,239.0,5.0,33.0,,38.0,VISUAL
132895,215346.0,1944-12-24,8,GERMANY,AIR DROME,AIR FIELDS AND AIRDROMES,50.1,8.67,B17,4.0,10.0,244.0,19.0,,,19.0,VISUAL
132876,215347.0,1944-12-24,8,GERMANY,AIR DROME,AIR FIELDS AND AIRDROMES,50.1,8.67,B17,4.0,11.0,249.0,21.0,,,21.0,VISUAL
133210,215348.0,1944-12-24,8,GERMANY,AIR DROME,AIR FIELDS AND AIRDROMES,50.1,8.67,B17,4.0,8.0,239.0,15.0,,,15.0,VISUAL
132888,215349.0,1944-12-24,8,GERMANY,AIR DROME,AIR FIELDS AND AIRDROMES,50.1,8.67,B17,4.0,11.0,247.0,32.0,,,32.0,VISUAL
133252,215350.0,1944-12-24,8,GERMANY,AIRDROME,AIR FIELDS AND AIRDROMES,50.6,8.68,B17,4.0,13.0,216.0,23.0,,,23.0,VISUAL
133253,215351.0,1944-12-24,8,GERMANY,AIRDROME,AIR FIELDS AND AIRDROMES,50.6,8.68,B17,4.0,9.0,216.0,17.0,,,17.0,VISUAL
133231,215352.0,1944-12-24,8,GERMANY,AIRDROME,AIR FIELDS AND AIRDROMES,50.6,8.68,B17,4.0,7.0,222.0,13.0,,,13.0,VISUAL
133266,215353.0,1944-12-24,8,GERMANY,AIRDROME,AIR FIELDS AND AIRDROMES,50.6,8.68,B17,4.0,12.0,212.0,36.0,,,36.0,VISUAL
133275,215354.0,1944-12-24,8,GERMANY,AIRDROME,AIR FIELDS AND AIRDROMES,50.6,8.68,B17,4.0,12.0,207.0,36.0,,,36.0,VISUAL
133222,215355.0,1944-12-24,8,GERMANY,AIRDROME,AIR FIELDS AND AIRDROMES,50.6,8.68,B17,4.0,10.0,227.0,30.0,,,30.0,VISUAL
133254,215356.0,1944-12-24,8,GERMANY,AIRDROME,AIR FIELDS AND AIRDROMES,50.6,8.68,B17,4.0,10.0,216.0,30.0,,,30.0,VISUAL
133257,215357.0,1944-12-24,8,GERMANY,AIRDROME,AIR FIELDS AND AIRDROMES,50.6,8.68,B17,4.0,12.0,215.0,36.0,,,36.0,VISUAL
133242,215358.0,1944-12-24,8,GERMANY,AIRDROME,AIR FIELDS AND AIRDROMES,50.6,8.68,B17,4.0,12.0,219.0,30.0,,,30.0,VISUAL
133629,215359.0,1944-12-24,8,GERMANY,AIRDROME,AIR FIELDS AND AIRDROMES,50.6,8.68,B17,2.0,1.0,,2.0,,,2.0,NOT INDICATED
133630,215360.0,1944-12-24,8,GERMANY,AIRDROME,AIR FIELDS AND AIRDROMES,50.6,8.68,B17,2.0,2.0,,6.0,,,6.0,NOT INDICATED
133631,215361.0,1944-12-24,8,GERMANY,AIRDROME,AIR FIELDS AND AIRDROMES,50.6,8.68,B17,2.0,1.0,,2.0,,,2.0,NOT INDICATED
133632,215362.0,1944-12-24,8,GERMANY,AIRDROME,AIR FIELDS AND AIRDROMES,50.6,8.68,B17,2.0,1.0,,2.0,,,2.0,NOT INDICATED
136021,114613.0,1944-12-25,15,CZECHOSLOVAKIA,BERGIUS SYN OR,SYNTHETIC OIL REFINERIES,50.52,13.63,B17,4.0,,,1.0,,,1.0,NOT INDICATED
136012,114614.0,1944-12-25,15,CZECHOSLOVAKIA,BERGIUS SYN OR,SYNTHETIC OIL REFINERIES,50.52,13.63,B17,4.0,25.0,260.0,72.0,,,72.0,F.F.F.
136010,114615.0,1944-12-25,15,CZECHOSLOVAKIA,BERGIUS SYN OR,SYNTHETIC OIL REFINERIES,50.52,13.63,B17,4.0,28.0,276.0,64.0,,,64.0,F.F.F.
136022,114616.0,1944-12-25,15,CZECHOSLOVAKIA,BERGIUS SYN OR,SYNTHETIC OIL REFINERIES,50.52,13.63,B17,4.0,,,1.0,,,1.0,NOT INDICATED
136006,114617.0,1944-12-25,15,CZECHOSLOVAKIA,BERGIUS SYN OR,SYNTHETIC OIL REFINERIES,50.52,13.63,B17,4.0,17.0,290.0,38.0,,,38.0,VISUAL
136023,114618.0,1944-12-25,15,CZECHOSLOVAKIA,BERGIUS SYN OR,SYNTHETIC OIL REFINERIES,50.52,13.63,B17,4.0,26.0,,65.0,,,65.0,F.F.F.
136024,114619.0,1944-12-25,15,CZECHOSLOVAKIA,BERGIUS SYN OR,SYNTHETIC OIL REFINERIES,50.52,13.63,B17,4.0,,,5.0,,,5.0,NOT INDICATED
136013,114620.0,1944-12-25,15,CZECHOSLOVAKIA,BERGIUS SYN OR,SYNTHETIC OIL REFINERIES,50.52,13.63,B17,4.0,27.0,260.0,75.0,,,75.0,F.F.F.
136007,114621.0,1944-12-25,15,CZECHOSLOVAKIA,BERGIUS SYN OR,SYNTHETIC OIL REFINERIES,50.52,13.63,B17,4.0,23.0,290.0,51.0,,,51.0,F.F.F.
136043,114622.0,1944-12-25,8,GERMANY,ROAD JCT,HIGHWAYS AND VEHICLES,50.38,6.78,B26,,,110.0,24.0,,,24.0,VISUAL
136041,114623.0,1944-12-25,8,GERMANY,RR,"""RR INSTALLATIONS,  TRACKS,  MARSHALLING YARDS,  AND STATIONS""",50.33,6.77,A20,,,114.0,52.0,,,52.0,VISUAL
136051,114626.0,1944-12-25,8,GERMANY,ROAD JUNCTION,HIGHWAYS AND VEHICLES,53.82,9.26,B26,,,,12.0,,,12.0,VISUAL
136053,114642.0,1944-12-25,8,GERMANY,TACTICAL TARGET,TACTICAL TARGETS: (UNIDENTIFIED OR NOT LISTED BELOW),49.67,6.0,B26,,,,6.0,,,6.0,VISUAL
136048,114670.0,1944-12-25,8,GERMANY,TOWN,CITIES TOWNS AND URBAN AREAS,50.22,8.83,B24,2.0,8.0,,18.0,4.0,,22.0,NOT INDICATED
136049,181218.0,1944-12-25,8,GERMANY,TOWN,CITIES TOWNS AND URBAN AREAS,50.22,8.83,B24,2.0,8.0,,18.0,4.0,,22.0,NOT INDICATED
136050,181241.0,1944-12-25,8,GERMANY,TOWN,CITIES TOWNS AND URBAN AREAS,50.22,8.83,B24,2.0,8.0,,18.0,4.0,,22.0,NOT INDICATED
136025,181271.0,1944-12-25,15,CZECHOSLOVAKIA,BERGIUS SYN OR,SYNTHETIC OIL REFINERIES,50.52,13.63,B17,4.0,,,1.0,,,1.0,NOT INDICATED
136014,181272.0,1944-12-25,15,CZECHOSLOVAKIA,BERGIUS SYN OR,SYNTHETIC OIL REFINERIES,50.52,13.63,B17,4.0,25.0,260.0,72.0,,,72.0,F.F.F.
136011,181273.0,1944-12-25,15,CZECHOSLOVAKIA,BERGIUS SYN OR,SYNTHETIC OIL REFINERIES,50.52,13.63,B17,4.0,28.0,276.0,64.0,,,64.0,F.F.F.
136026,181274.0,1944-12-25,15,CZECHOSLOVAKIA,BERGIUS SYN OR,SYNTHETIC OIL REFINERIES,50.52,13.63,B17,4.0,,,1.0,,,1.0,NOT INDICATED
136008,181275.0,1944-12-25,15,CZECHOSLOVAKIA,BERGIUS SYN OR,SYNTHETIC OIL REFINERIES,50.52,13.63,B17,4.0,17.0,290.0,38.0,,,38.0,VISUAL
136027,181276.0,1944-12-25,15,CZECHOSLOVAKIA,BERGIUS SYN OR,SYNTHETIC OIL REFINERIES,50.52,13.63,B17,4.0,26.0,,65.0,,,65.0,F.F.F.
136028,181277.0,1944-12-25,15,CZECHOSLOVAKIA,BERGIUS SYN OR,SYNTHETIC OIL REFINERIES,50.52,13.63,B17,4.0,,,5.0,,,5.0,NOT INDICATED
136015,181278.0,1944-12-25,15,CZECHOSLOVAKIA,BERGIUS SYN OR,SYNTHETIC OIL REFINERIES,50.52,13.63,B17,4.0,27.0,260.0,75.0,,,75.0,F.F.F.
136009,181279.0,1944-12-25,15,CZECHOSLOVAKIA,BERGIUS SYN OR,SYNTHETIC OIL REFINERIES,50.52,13.63,B17,4.0,23.0,290.0,51.0,,,51.0,F.F.F.
136019,181281.0,1944-12-25,15,AUSTRIA,MARSHALLING YARDS,"""RR INSTALLATIONS,  TRACKS,  MARSHALLING YARDS,  AND STATIONS""",47.28,11.5,B24,4.0,19.0,220.0,36.0,,,36.0,VISUAL
136016,181282.0,1944-12-25,15,AUSTRIA,MARSHALLING YARDS,"""RR INSTALLATIONS,  TRACKS,  MARSHALLING YARDS,  AND STATIONS""",47.28,11.5,B24,4.0,26.0,239.0,48.0,,,48.0,NOT INDICATED
136031,181283.0,1944-12-25,15,AUSTRIA,MARSHALLING YARDS,"""RR INSTALLATIONS,  TRACKS,  MARSHALLING YARDS,  AND STATIONS""",47.27,11.38,B24,4.0,,,12.0,,,12.0,NOT INDICATED
136018,181284.0,1944-12-25,15,AUSTRIA,MARSHALLING YARDS,"""RR INSTALLATIONS,  TRACKS,  MARSHALLING YARDS,  AND STATIONS""",47.27,11.38,B24,4.0,27.0,230.0,38.0,,,38.0,NOT INDICATED
136017,181285.0,1944-12-25,15,AUSTRIA,MARSHALLING YARDS,"""RR INSTALLATIONS,  TRACKS,  MARSHALLING YARDS,  AND STATIONS""",47.27,11.38,B24,4.0,25.0,237.0,48.0,,,48.0,NOT INDICATED
136020,181286.0,1944-12-25,15,AUSTRIA,RR BRIDGE,BRIDGES,46.63,14.3,B17,2.0,1.0,125.0,2.0,,,2.0,VISUAL
136034,181287.0,1944-12-25,12,AUSTRIA,MARSHALLING YARDS,"""RR INSTALLATIONS,  TRACKS,  MARSHALLING YARDS,  AND STATIONS""",48.3,14.3,B17,2.0,1.0,,3.0,,,3.0,NOT INDICATED
136033,181296.0,1944-12-25,15,AUSTRIA,RR,"""RR INSTALLATIONS,  TRACKS,  MARSHALLING YARDS,  AND STATIONS""",48.0,14.33,B17,2.0,1.0,,3.0,,,3.0,F.F.F.
136035,181298.0,1944-12-25,8,GERMANY,BRIDGE,BRIDGES,50.53,7.1,B17,4.0,6.0,243.0,15.0,3.0,,18.0,VISUAL
136036,181299.0,1944-12-25,8,GERMANY,BRIDGE,BRIDGES,50.53,7.1,B17,4.0,7.0,243.0,18.0,4.0,,22.0,VISUAL
136045,181300.0,1944-12-25,8,GERMANY,BRIDGE,BRIDGES,50.53,7.1,B17,4.0,11.0,,28.0,5.0,,33.0,NOT INDICATED
136039,181301.0,1944-12-25,8,GERMANY,BRIDGE,BRIDGES,49.82,7.85,B17,4.0,9.0,235.0,23.0,5.0,,28.0,VISUAL
136046,181302.0,1944-12-25,8,GERMANY,BRIDGE,BRIDGES,49.82,7.85,B17,2.0,4.0,,10.0,2.0,,12.0,NOT INDICATED
136047,181303.0,1944-12-25,8,GERMANY,BRIDGE,BRIDGES,49.82,7.85,B17,2.0,4.0,,10.0,2.0,,12.0,NOT INDICATED
136029,181304.0,1944-12-25,15,GERMANY,MARSHALLING YARDS,"""RR INSTALLATIONS,  TRACKS,  MARSHALLING YARDS,  AND STATIONS""",48.83,12.97,B17,2.0,,,1.0,,,1.0,NOT INDICATED
136030,181305.0,1944-12-25,15,GERMANY,MARSHALLING YARDS,"""RR INSTALLATIONS,  TRACKS,  MARSHALLING YARDS,  AND STATIONS""",48.83,12.97,B17,2.0,2.0,,5.0,,,5.0,NOT INDICATED
136037,181306.0,1944-12-25,8,GERMANY,BRIDGE,BRIDGES,51.2,6.85,B17,4.0,11.0,241.0,27.0,6.0,,33.0,VISUAL
136038,181307.0,1944-12-25,8,GERMANY,BRIDGE,BRIDGES,51.2,6.85,B17,4.0,10.0,240.0,25.0,5.0,,30.0,VISUAL
136040,181308.0,1944-12-25,8,GERMANY,BRIDGE,BRIDGES,51.2,6.85,B17,4.0,10.0,233.0,25.0,5.0,,30.0,VISUAL
136032,181322.0,1944-12-25,15,GERMANY,MARSHALLING YARD,"""RR INSTALLATIONS,  TRACKS,  MARSHALLING YARDS,  AND STATIONS""",48.78,12.88,B17,2.0,2.0,,5.0,,,5.0,NOT INDICATED
136044,215416.0,1944-12-25,8,GERMANY,ROAD JCT,HIGHWAYS AND VEHICLES,50.38,6.78,B26,,,110.0,24.0,,,24.0,VISUAL
136042,215417.0,1944-12-25,8,GERMANY,RR,"""RR INSTALLATIONS,  TRACKS,  MARSHALLING YARDS,  AND STATIONS""",50.33,6.77,A20,,,114.0,52.0,,,52.0,VISUAL
136052,215420.0,1944-12-25,8,GERMANY,ROAD JUNCTION,HIGHWAYS AND VEHICLES,53.82,9.26,B26,,,,12.0,,,12.0,VISUAL
136054,215434.0,1944-12-25,8,GERMANY,TACTICAL TARGET,TACTICAL TARGETS: (UNIDENTIFIED OR NOT LISTED BELOW),49.67,6.0,B26,,,,6.0,,,6.0,VISUAL
136055,215439.0,1944-12-25,8,GERMANY,TACTICAL TARGET,TACTICAL TARGETS: (UNIDENTIFIED OR NOT LISTED BELOW),49.67,6.0,B26,,,,6.0,,,6.0,VISUAL
137203,114675.0,1944-12-26,8,FRANCE,RR JUNCTION,"""RR INSTALLATIONS,  TRACKS,  MARSHALLING YARDS,  AND STATIONS""",46.67,-1.43,A20,,,125.0,54.0,,,54.0,VISUAL
136884,114676.0,1944-12-26,15,GERMANY,OIL REFINERY SYNTHETIC,SYNTHETIC OIL REFINERIES,50.33,18.3,B24,4.0,23.0,253.0,45.0,,,45.0,NOT INDICATED
136898,114677.0,1944-12-26,15,GERMANY,OIL REFINERY SYNTHETIC,SYNTHETIC OIL REFINERIES,50.33,18.3,B17,4.0,,,1.0,,,1.0,NOT INDICATED
136879,114678.0,1944-12-26,15,GERMANY,OIL REFINERY SYNTHETIC,SYNTHETIC OIL REFINERIES,50.33,18.3,B17,4.0,28.0,275.0,67.0,,,67.0,NOT INDICATED
136886,114679.0,1944-12-26,15,GERMANY,OIL REFINERY SYNTHETIC,SYNTHETIC OIL REFINERIES,50.33,18.3,B17,4.0,28.0,253.0,84.0,,,84.0,VISUAL
136888,114680.0,1944-12-26,15,GERMANY,OIL REFINERY SYNTHETIC,SYNTHETIC OIL REFINERIES,50.33,18.3,B24,4.0,20.0,245.0,39.0,,,39.0,NOT INDICATED
137205,114681.0,1944-12-26,8,GERMANY,BRIDGE,BRIDGES,50.53,7.1,B26,,,120.0,36.0,,,36.0,VISUAL
137201,114683.0,1944-12-26,8,GERMANY,BRIDGE,BRIDGES,49.82,7.85,B26,,,128.0,48.0,,,48.0,VISUAL
136894,114705.0,1944-12-26,15,POLAND,OIL REFINERY SYNTHETIC,SYNTHETIC OIL REFINERIES,50.03,19.23,B24,4.0,27.0,235.0,39.0,,,39.0,NOT INDICATED
136892,114706.0,1944-12-26,15,POLAND,OIL REFINERY SYNTHETIC,SYNTHETIC OIL REFINERIES,50.03,19.23,B24,4.0,26.0,240.0,50.0,,,50.0,F.F.F.
136890,114707.0,1944-12-26,15,POLAND,OIL REFINERY SYNTHETIC,SYNTHETIC OIL REFINERIES,50.03,19.23,B24,4.0,20.0,243.0,38.0,,,38.0,VISUAL
136896,114708.0,1944-12-26,15,POLAND,OIL REFINERY SYNTHETIC,SYNTHETIC OIL REFINERIES,50.03,19.23,B24,4.0,22.0,234.0,43.0,,,43.0,NOT INDICATED
136881,114721.0,1944-12-26,15,GERMANY,CITY AREA,CITIES TOWNS AND URBAN AREAS,50.33,18.3,B17,4.0,22.0,266.0,54.0,,,54.0,NOT INDICATED
136882,181332.0,1944-12-26,15,GERMANY,CITY AREA,CITIES TOWNS AND URBAN AREAS,50.33,18.3,B17,4.0,22.0,266.0,54.0,,,54.0,NOT INDICATED
136883,181341.0,1944-12-26,15,GERMANY,CITY AREA,CITIES TOWNS AND URBAN AREAS,50.33,18.3,B17,4.0,22.0,266.0,54.0,,,54.0,NOT INDICATED
136885,181345.0,1944-12-26,15,GERMANY,OIL REFINERY SYNTHETIC,SYNTHETIC OIL REFINERIES,50.33,18.3,B24,4.0,23.0,253.0,45.0,,,45.0,NOT INDICATED
136899,181346.0,1944-12-26,15,GERMANY,OIL REFINERY SYNTHETIC,SYNTHETIC OIL REFINERIES,50.33,18.3,B17,4.0,,,1.0,,,1.0,NOT INDICATED
136880,181347.0,1944-12-26,15,GERMANY,OIL REFINERY SYNTHETIC,SYNTHETIC OIL REFINERIES,50.33,18.3,B17,4.0,28.0,275.0,67.0,,,67.0,NOT INDICATED
136887,181348.0,1944-12-26,15,GERMANY,OIL REFINERY SYNTHETIC,SYNTHETIC OIL REFINERIES,50.33,18.3,B17,4.0,28.0,253.0,84.0,,,84.0,VISUAL
136889,181349.0,1944-12-26,15,GERMANY,OIL REFINERY SYNTHETIC,SYNTHETIC OIL REFINERIES,50.33,18.3,B24,4.0,20.0,245.0,39.0,,,39.0,NOT INDICATED
136895,181358.0,1944-12-26,15,POLAND,OIL REFINERY SYNTHETIC,SYNTHETIC OIL REFINERIES,50.03,19.23,B24,4.0,27.0,235.0,39.0,,,39.0,NOT INDICATED
136893,181359.0,1944-12-26,15,POLAND,OIL REFINERY SYNTHETIC,SYNTHETIC OIL REFINERIES,50.03,19.23,B24,4.0,26.0,240.0,50.0,,,50.0,F.F.F.
136891,181360.0,1944-12-26,15,POLAND,OIL REFINERY SYNTHETIC,SYNTHETIC OIL REFINERIES,50.03,19.23,B24,4.0,20.0,243.0,38.0,,,38.0,VISUAL
136897,181361.0,1944-12-26,15,POLAND,OIL REFINERY SYNTHETIC,SYNTHETIC OIL REFINERIES,50.03,19.23,B24,4.0,22.0,234.0,43.0,,,43.0,NOT INDICATED
136900,181362.0,1944-12-26,8,GERMANY,MARSHALLING YARD,"""RR INSTALLATIONS,  TRACKS,  MARSHALLING YARDS,  AND STATIONS""",50.45,7.38,B17,4.0,9.0,250.0,23.0,5.0,,28.0,MICRO H
137204,215440.0,1944-12-26,8,FRANCE,RR JUNCTION,"""RR INSTALLATIONS,  TRACKS,  MARSHALLING YARDS,  AND STATIONS""",46.67,-1.43,A20,,,125.0,54.0,,,54.0,VISUAL
137206,215441.0,1944-12-26,8,GERMANY,BRIDGE,BRIDGES,50.53,7.1,B26,,,120.0,36.0,,,36.0,VISUAL
137202,215442.0,1944-12-26,8,GERMANY,BRIDGE,BRIDGES,49.82,7.85,B26,,,128.0,48.0,,,48.0,VISUAL
138014,114722.0,1944-12-27,15,AUSTRIA,UNIDENTIFIED TARGET,UNIDENTIFIED TARGETS,47.07,15.43,B17,2.0,1.0,225.0,3.0,,,3.0,VISUAL
138007,114723.0,1944-12-27,15,AUSTRIA,UNIDENTIFIED TARGET,UNIDENTIFIED TARGETS,48.3,14.3,B17,3.0,16.0,273.0,40.0,,,40.0,F.F.F.
137700,114724.0,1944-12-27,15,AUSTRIA,UNIDENTIFIED TARGET,UNIDENTIFIED TARGETS,48.3,14.3,B17,3.0,33.0,280.0,80.0,,,80.0,F.F.F.
138012,114725.0,1944-12-27,15,AUSTRIA,UNIDENTIFIED TARGET,UNIDENTIFIED TARGETS,47.07,15.43,B24,3.0,1.0,230.0,2.0,,,2.0,VISUAL
138005,114727.0,1944-12-27,15,AUSTRIA,FANTO OIL REFINERY,OIL REFINERIES,48.12,16.3,B17,4.0,39.0,275.0,92.0,,,92.0,F.F.F.
138060,114728.0,1944-12-27,8,FRANCE,ROAD JUNCTION,HIGHWAYS AND VEHICLES,46.67,-1.43,A20,,,112.0,55.0,,,55.0,VISUAL
138058,114730.0,1944-12-27,8,GERMANY,BRIDGE,BRIDGES,50.53,7.1,B26,,,120.0,28.0,,,28.0,VISUAL
138056,114731.0,1944-12-27,8,GERMANY,BRIDGE,BRIDGES,50.53,7.1,B26,,,125.0,54.0,,,54.0,VISUAL
138017,114742.0,1944-12-27,15,AUSTRIA,CITY AREA,CITIES TOWNS AND URBAN AREAS,47.03,16.08,B17,2.0,1.0,,2.0,,,2.0,VISUAL
138073,114758.0,1944-12-27,8,GERMANY,TACTICAL TARGET,TACTICAL TARGETS: (UNIDENTIFIED OR NOT LISTED BELOW),49.67,6.67,A20,,,,3.0,,,3.0,VISUAL
138074,114759.0,1944-12-27,8,GERMANY,TACTICAL TARGET,TACTICAL TARGETS: (UNIDENTIFIED OR NOT LISTED BELOW),49.67,6.67,A20,,,,1.0,,,1.0,VISUAL
138003,114780.0,1944-12-27,15,AUSTRIA,CITY AREA,CITIES TOWNS AND URBAN AREAS,46.95,15.9,B17,2.0,5.0,276.0,15.0,,,15.0,VISUAL
138032,114783.0,1944-12-27,8,GERMANY,UNIDENTIFIED TARGET,UNIDENTIFIED TARGETS,50.43,8.67,B17,4.0,8.0,259.0,24.0,,,24.0,VISUAL
138065,114784.0,1944-12-27,8,GERMANY,UNIDENTIFIED TARGET,UNIDENTIFIED TARGETS,50.43,8.67,B17,2.0,1.0,,3.0,,,3.0,NOT INDICATED
138013,181386.0,1944-12-27,15,AUSTRIA,UNIDENTIFIED TARGET,UNIDENTIFIED TARGETS,47.07,15.43,B24,3.0,1.0,230.0,2.0,,,2.0,VISUAL
138015,181387.0,1944-12-27,15,AUSTRIA,UNIDENTIFIED TARGET,UNIDENTIFIED TARGETS,47.07,15.43,B17,2.0,1.0,225.0,3.0,,,3.0,VISUAL
138008,181388.0,1944-12-27,15,AUSTRIA,UNIDENTIFIED TARGET,UNIDENTIFIED TARGETS,48.3,14.3,B17,3.0,16.0,273.0,40.0,,,40.0,F.F.F.
138001,181389.0,1944-12-27,15,AUSTRIA,UNIDENTIFIED TARGET,UNIDENTIFIED TARGETS,48.3,14.3,B17,3.0,33.0,280.0,80.0,,,80.0,F.F.F.
138033,181393.0,1944-12-27,8,GERMANY,UNIDENTIFIED TARGET,UNIDENTIFIED TARGETS,50.43,8.67,B17,4.0,8.0,259.0,24.0,,,24.0,VISUAL
138066,181394.0,1944-12-27,8,GERMANY,UNIDENTIFIED TARGET,UNIDENTIFIED TARGETS,50.43,8.67,B17,2.0,1.0,,3.0,,,3.0,NOT INDICATED
138071,181397.0,1944-12-27,8,GERMANY,UNIDENTIFIED TARGET,UNIDENTIFIED TARGETS,48.7,8.07,B17,2.0,1.0,,3.0,,,3.0,NOT INDICATED
138004,181402.0,1944-12-27,15,AUSTRIA,CITY AREA,CITIES TOWNS AND URBAN AREAS,46.95,15.9,B17,2.0,5.0,276.0,15.0,,,15.0,VISUAL
138018,181406.0,1944-12-27,15,AUSTRIA,CITY AREA,CITIES TOWNS AND URBAN AREAS,47.03,16.08,B17,2.0,1.0,,2.0,,,2.0,VISUAL
138011,181408.0,1944-12-27,15,AUSTRIA,UNIDENTIFIED TARGET,UNIDENTIFIED TARGETS,47.07,15.43,B24,3.0,1.0,230.0,2.0,,,2.0,VISUAL
138016,181409.0,1944-12-27,15,AUSTRIA,UNIDENTIFIED TARGET,UNIDENTIFIED TARGETS,47.07,15.43,B17,2.0,1.0,225.0,3.0,,,3.0,VISUAL
138009,181410.0,1944-12-27,15,AUSTRIA,UNIDENTIFIED TARGET,UNIDENTIFIED TARGETS,48.3,14.3,B17,3.0,16.0,273.0,40.0,,,40.0,F.F.F.
138002,181411.0,1944-12-27,15,AUSTRIA,UNIDENTIFIED TARGET,UNIDENTIFIED TARGETS,48.3,14.3,B17,3.0,33.0,280.0,80.0,,,80.0,F.F.F.
138034,181415.0,1944-12-27,8,GERMANY,UNIDENTIFIED TARGET,UNIDENTIFIED TARGETS,50.43,8.67,B17,4.0,8.0,259.0,24.0,,,24.0,VISUAL
138067,181416.0,1944-12-27,8,GERMANY,UNIDENTIFIED TARGET,UNIDENTIFIED TARGETS,50.43,8.67,B17,2.0,1.0,,3.0,,,3.0,NOT INDICATED
138072,181419.0,1944-12-27,8,GERMANY,UNIDENTIFIED TARGET,UNIDENTIFIED TARGETS,48.7,8.07,B17,2.0,1.0,,3.0,,,3.0,NOT INDICATED
138006,181425.0,1944-12-27,15,AUSTRIA,FANTO OIL REFINERY,OIL REFINERIES,48.12,16.3,B17,4.0,39.0,275.0,92.0,,,92.0,F.F.F.
138010,181426.0,1944-12-27,15,AUSTRIA,MARSHALLING YARD,"""RR INSTALLATIONS,  TRACKS,  MARSHALLING YARDS,  AND STATIONS""",47.35,16.17,B24,4.0,16.0,256.0,37.0,,,37.0,VISUAL
138023,181430.0,1944-12-27,12,AUSTRIA,RR,"""RR INSTALLATIONS,  TRACKS,  MARSHALLING YARDS,  AND STATIONS""",46.63,14.3,B24,3.0,14.0,216.0,31.0,,,31.0,VISUAL
138024,181431.0,1944-12-27,12,AUSTRIA,RR,"""RR INSTALLATIONS,  TRACKS,  MARSHALLING YARDS,  AND STATIONS""",46.63,14.3,B24,3.0,22.0,210.0,49.0,,,49.0,NOT INDICATED
138022,181432.0,1944-12-27,12,AUSTRIA,RR,"""RR INSTALLATIONS,  TRACKS,  MARSHALLING YARDS,  AND STATIONS""",46.63,14.3,B24,3.0,13.0,230.0,,33.0,,33.0,NOT INDICATED
138026,181433.0,1944-12-27,12,AUSTRIA,RR,"""RR INSTALLATIONS,  TRACKS,  MARSHALLING YARDS,  AND STATIONS""",46.63,14.3,B24,2.0,7.0,,17.0,,,17.0,NOT INDICATED
138027,181434.0,1944-12-27,12,AUSTRIA,RR,"""RR INSTALLATIONS,  TRACKS,  MARSHALLING YARDS,  AND STATIONS""",46.63,14.3,B24,2.0,2.0,,5.0,,,5.0,NOT INDICATED
138021,181435.0,1944-12-27,12,AUSTRIA,MARSHALLING YARDS,"""RR INSTALLATIONS,  TRACKS,  MARSHALLING YARDS,  AND STATIONS""",48.3,14.3,B17,3.0,35.0,269.0,92.0,,,92.0,F.F.F.
138020,181436.0,1944-12-27,12,AUSTRIA,MARSHALLING YARDS,"""RR INSTALLATIONS,  TRACKS,  MARSHALLING YARDS,  AND STATIONS""",48.3,14.3,B17,3.0,27.0,286.0,59.0,,,59.0,F.F.F.
138025,181437.0,1944-12-27,12,AUSTRIA,MARSHALLING YARDS,"""RR INSTALLATIONS,  TRACKS,  MARSHALLING YARDS,  AND STATIONS""",48.3,14.3,B17,3.0,20.0,210.0,56.0,,,56.0,VISUAL
138062,181444.0,1944-12-27,8,GERMANY,SUPPLY AND COMM CENTER,TRANSPORTATION FACILITIES (NOT SPECIFICALLY IDENTIFIED BELOW),50.53,7.1,B17,2.0,1.0,,2.0,1.0,,3.0,NOT INDICATED
138036,181447.0,1944-12-27,8,GERMANY,MARSHALLING YARD,"""RR INSTALLATIONS,  TRACKS,  MARSHALLING YARDS,  AND STATIONS""",50.45,7.38,B17,4.0,12.0,255.0,27.0,6.0,,33.0,VISUAL
138030,181448.0,1944-12-27,8,GERMANY,MARSHALLING YARD,"""RR INSTALLATIONS,  TRACKS,  MARSHALLING YARDS,  AND STATIONS""",50.45,7.38,B17,4.0,11.0,263.0,25.0,6.0,,31.0,VISUAL
138051,181449.0,1944-12-27,8,GERMANY,MARSHALLING YARD,"""RR INSTALLATIONS,  TRACKS,  MARSHALLING YARDS,  AND STATIONS""",50.45,7.38,B17,4.0,12.0,245.0,25.0,6.0,,31.0,VISUAL
138039,181450.0,1944-12-27,8,GERMANY,MARSHALLING YARD,"""RR INSTALLATIONS,  TRACKS,  MARSHALLING YARDS,  AND STATIONS""",50.45,7.38,B17,4.0,11.0,250.0,25.0,5.0,,30.0,VISUAL
138037,181451.0,1944-12-27,8,GERMANY,MARSHALLING YARD,"""RR INSTALLATIONS,  TRACKS,  MARSHALLING YARDS,  AND STATIONS""",50.45,7.38,B17,4.0,10.0,255.0,23.0,5.0,,28.0,VISUAL
138054,181452.0,1944-12-27,8,GERMANY,MARSHALLING YARD,"""RR INSTALLATIONS,  TRACKS,  MARSHALLING YARDS,  AND STATIONS""",50.45,7.38,B17,4.0,7.0,240.0,16.0,3.0,,19.0,VISUAL
138063,181453.0,1944-12-27,8,GERMANY,MARSHALLING YARD,"""RR INSTALLATIONS,  TRACKS,  MARSHALLING YARDS,  AND STATIONS""",50.45,7.38,B17,2.0,1.0,,3.0,,,3.0,NOT INDICATED
138064,181454.0,1944-12-27,8,GERMANY,MARSHALLING YARD,"""RR INSTALLATIONS,  TRACKS,  MARSHALLING YARDS,  AND STATIONS""",50.73,7.07,B17,2.0,1.0,,3.0,,,3.0,NOT INDICATED
138049,181455.0,1944-12-27,8,GERMANY,MARSHALLING YARD,"""RR INSTALLATIONS,  TRACKS,  MARSHALLING YARDS,  AND STATIONS""",50.35,7.6,B17,3.0,13.0,247.0,39.0,,,39.0,VISUAL
138068,181456.0,1944-12-27,8,GERMANY,MARSHALLING YARD,"""RR INSTALLATIONS,  TRACKS,  MARSHALLING YARDS,  AND STATIONS""",50.35,7.6,B17,2.0,1.0,,3.0,,,3.0,NOT INDICATED
138069,181457.0,1944-12-27,8,GERMANY,RR JUNCTION,"""RR INSTALLATIONS,  TRACKS,  MARSHALLING YARDS,  AND STATIONS""",49.48,7.88,B24,1.0,11.0,,31.0,,,31.0,NOT INDICATED
138052,181465.0,1944-12-27,8,GERMANY,MARSHALLING YARD,"""RR INSTALLATIONS,  TRACKS,  MARSHALLING YARDS,  AND STATIONS""",50.55,9.67,B17,4.0,5.0,245.0,15.0,,,15.0,VISUAL
138043,181466.0,1944-12-27,8,GERMANY,MARSHALLING YARD,"""RR INSTALLATIONS,  TRACKS,  MARSHALLING YARDS,  AND STATIONS""",50.55,9.67,B17,4.0,5.0,250.0,15.0,,,15.0,VISUAL
138055,181467.0,1944-12-27,8,GERMANY,MARSHALLING YARD,"""RR INSTALLATIONS,  TRACKS,  MARSHALLING YARDS,  AND STATIONS""",50.55,9.67,B17,4.0,6.0,240.0,18.0,,,18.0,VISUAL
138038,181468.0,1944-12-27,8,GERMANY,MARSHALLING YARD,"""RR INSTALLATIONS,  TRACKS,  MARSHALLING YARDS,  AND STATIONS""",50.55,9.67,B17,4.0,9.0,252.0,27.0,,,27.0,VISUAL
138053,181469.0,1944-12-27,8,GERMANY,MARSHALLING YARD,"""RR INSTALLATIONS,  TRACKS,  MARSHALLING YARDS,  AND STATIONS""",50.55,9.67,B17,4.0,12.0,243.0,36.0,,,36.0,VISUAL
138031,181470.0,1944-12-27,8,GERMANY,MARSHALLING YARD,"""RR INSTALLATIONS,  TRACKS,  MARSHALLING YARDS,  AND STATIONS""",50.55,9.67,B17,4.0,11.0,260.0,33.0,,,33.0,VISUAL
138029,181471.0,1944-12-27,8,GERMANY,MARSHALLING YARD,"""RR INSTALLATIONS,  TRACKS,  MARSHALLING YARDS,  AND STATIONS""",50.55,9.67,B17,4.0,13.0,265.0,39.0,,,39.0,VISUAL
138050,181472.0,1944-12-27,8,GERMANY,MARSHALLING YARD,"""RR INSTALLATIONS,  TRACKS,  MARSHALLING YARDS,  AND STATIONS""",50.55,9.67,B17,4.0,12.0,247.0,35.0,,,35.0,VISUAL
138035,181473.0,1944-12-27,8,GERMANY,MARSHALLING YARD,"""RR INSTALLATIONS,  TRACKS,  MARSHALLING YARDS,  AND STATIONS""",50.55,9.67,B17,4.0,10.0,258.0,30.0,,,30.0,VISUAL
138028,181474.0,1944-12-27,8,GERMANY,MARSHALLING YARD,"""RR INSTALLATIONS,  TRACKS,  MARSHALLING YARDS,  AND STATIONS""",50.55,9.67,B17,4.0,11.0,266.0,32.0,,,32.0,VISUAL
138048,181475.0,1944-12-27,8,GERMANY,MARSHALLING YARD,"""RR INSTALLATIONS,  TRACKS,  MARSHALLING YARDS,  AND STATIONS""",50.55,9.67,B17,4.0,10.0,248.0,27.0,,,27.0,VISUAL
138070,181476.0,1944-12-27,8,GERMANY,MARSHALLING YARD,"""RR INSTALLATIONS,  TRACKS,  MARSHALLING YARDS,  AND STATIONS""",50.55,9.67,B17,2.0,1.0,,2.0,1.0,,3.0,NOT INDICATED
138019,181523.0,1944-12-27,15,AUSTRIA,CITY AREA,CITIES TOWNS AND URBAN AREAS,47.03,16.08,B17,2.0,1.0,,2.0,,,2.0,VISUAL
138061,215473.0,1944-12-27,8,FRANCE,ROAD JUNCTION,HIGHWAYS AND VEHICLES,46.67,-1.43,A20,,,112.0,55.0,,,55.0,VISUAL
138059,215474.0,1944-12-27,8,GERMANY,BRIDGE,BRIDGES,50.53,7.1,B26,,,120.0,28.0,,,28.0,VISUAL
138057,215475.0,1944-12-27,8,GERMANY,BRIDGE,BRIDGES,50.53,7.1,B26,,,125.0,54.0,,,54.0,VISUAL
138075,215501.0,1944-12-27,8,GERMANY,TACTICAL TARGET,TACTICAL TARGETS: (UNIDENTIFIED OR NOT LISTED BELOW),49.67,6.67,A20,,,,3.0,,,3.0,VISUAL
138076,215502.0,1944-12-27,8,GERMANY,TACTICAL TARGET,TACTICAL TARGETS: (UNIDENTIFIED OR NOT LISTED BELOW),49.67,6.67,A20,,,,1.0,,,1.0,VISUAL
138077,215506.0,1944-12-27,8,GERMANY,TACTICAL TARGET,TACTICAL TARGETS: (UNIDENTIFIED OR NOT LISTED BELOW),49.67,6.67,A20,,,,3.0,,,3.0,VISUAL
138078,215507.0,1944-12-27,8,GERMANY,TACTICAL TARGET,TACTICAL TARGETS: (UNIDENTIFIED OR NOT LISTED BELOW),49.67,6.67,A20,,,,1.0,,,1.0,VISUAL
139242,114786.0,1944-12-28,15,CZECHOSLOVAKIA,OIL REFINERY,OIL REFINERIES,50.03,15.18,B24,4.0,28.0,195.0,66.0,,,66.0,VISUAL
139247,114787.0,1944-12-28,15,CZECHOSLOVAKIA,OIL REFINERY,OIL REFINERIES,50.03,15.18,B24,4.0,20.0,145.0,44.0,,,44.0,VISUAL
139236,114788.0,1944-12-28,15,CZECHOSLOVAKIA,OIL REFINERY,OIL REFINERIES,50.43,13.32,B24,4.0,22.0,220.0,43.0,,,43.0,F.F.F.
139240,114789.0,1944-12-28,15,CZECHOSLOVAKIA,OIL REFINERY,OIL REFINERIES,50.05,15.75,B24,4.0,26.0,200.0,60.0,,,60.0,VISUAL
139244,114790.0,1944-12-28,15,CZECHOSLOVAKIA,OIL REFINERY,OIL REFINERIES,50.05,15.75,B24,4.0,27.0,190.0,62.0,,,62.0,VISUAL
139238,114791.0,1944-12-28,15,CZECHOSLOVAKIA,OIL REFINERY,OIL REFINERIES,50.43,14.27,B24,4.0,25.0,215.0,50.0,,,50.0,NOT INDICATED
139252,114819.0,1944-12-28,15,AUSTRIA,CITY AREA,CITIES TOWNS AND URBAN AREAS,47.22,14.82,B24,2.0,1.0,,3.0,,,3.0,NOT INDICATED
139260,114820.0,1944-12-28,15,AUSTRIA,TOWN,CITIES TOWNS AND URBAN AREAS,48.33,15.0,B24,2.0,1.0,,1.0,,,1.0,NOT INDICATED
139257,114821.0,1944-12-28,15,CZECHOSLOVAKIA,TOWN,CITIES TOWNS AND URBAN AREAS,49.33,13.33,B24,2.0,1.0,,2.0,,,2.0,NOT INDICATED
139253,181540.0,1944-12-28,15,AUSTRIA,CITY AREA,CITIES TOWNS AND URBAN AREAS,47.22,14.82,B24,2.0,1.0,,3.0,,,3.0,NOT INDICATED
139261,181541.0,1944-12-28,15,AUSTRIA,TOWN,CITIES TOWNS AND URBAN AREAS,48.33,15.0,B24,2.0,1.0,,1.0,,,1.0,NOT INDICATED
139258,181542.0,1944-12-28,15,CZECHOSLOVAKIA,TOWN,CITIES TOWNS AND URBAN AREAS,49.33,13.33,B24,2.0,1.0,,2.0,,,2.0,NOT INDICATED
139254,181543.0,1944-12-28,15,AUSTRIA,CITY AREA,CITIES TOWNS AND URBAN AREAS,47.22,14.82,B24,2.0,1.0,,3.0,,,3.0,NOT INDICATED
139262,181544.0,1944-12-28,15,AUSTRIA,TOWN,CITIES TOWNS AND URBAN AREAS,48.33,15.0,B24,2.0,1.0,,1.0,,,1.0,NOT INDICATED
139259,181545.0,1944-12-28,15,CZECHOSLOVAKIA,TOWN,CITIES TOWNS AND URBAN AREAS,49.33,13.33,B24,2.0,1.0,,2.0,,,2.0,NOT INDICATED
139243,181563.0,1944-12-28,15,CZECHOSLOVAKIA,OIL REFINERY,OIL REFINERIES,50.03,15.18,B24,4.0,28.0,195.0,66.0,,,66.0,VISUAL
139248,181564.0,1944-12-28,15,CZECHOSLOVAKIA,OIL REFINERY,OIL REFINERIES,50.03,15.18,B24,4.0,20.0,145.0,44.0,,,44.0,VISUAL
139237,181565.0,1944-12-28,15,CZECHOSLOVAKIA,OIL REFINERY,OIL REFINERIES,50.43,13.32,B24,4.0,22.0,220.0,43.0,,,43.0,F.F.F.
139241,181566.0,1944-12-28,15,CZECHOSLOVAKIA,OIL REFINERY,OIL REFINERIES,50.05,15.75,B24,4.0,26.0,200.0,60.0,,,60.0,VISUAL
139245,181567.0,1944-12-28,15,CZECHOSLOVAKIA,OIL REFINERY,OIL REFINERIES,50.05,15.75,B24,4.0,27.0,190.0,62.0,,,62.0,VISUAL
139239,181568.0,1944-12-28,15,CZECHOSLOVAKIA,OIL REFINERY,OIL REFINERIES,50.43,14.27,B24,4.0,25.0,215.0,50.0,,,50.0,NOT INDICATED
139249,181573.0,1944-12-28,15,AUSTRIA,MARSHALLING YARDS,"""RR INSTALLATIONS,  TRACKS,  MARSHALLING YARDS,  AND STATIONS""",47.6,14.77,B24,2.0,4.0,,6.0,,,6.0,VISUAL
139250,181574.0,1944-12-28,15,AUSTRIA,RR BRIDGE,BRIDGES,47.42,14.75,B24,2.0,6.0,,7.0,,,7.0,VISUAL
139251,181575.0,1944-12-28,15,AUSTRIA,RR BRIDGE,BRIDGES,47.5,13.83,B24,2.0,6.0,,14.0,,,14.0,VISUAL
139235,181576.0,1944-12-28,15,AUSTRIA,MARSHALLING YARUS,"""RR INSTALLATIONS,  TRACKS,  MARSHALLING YARDS,  AND STATIONS""",47.78,13.03,B17,3.0,1.0,240.0,2.0,,,2.0,VISUAL
139255,181577.0,1944-12-28,15,AUSTRIA,MARSHALLING YARUS,"""RR INSTALLATIONS,  TRACKS,  MARSHALLING YARDS,  AND STATIONS""",47.78,13.03,B17,3.0,12.0,,30.0,,,30.0,VISUAL
139246,181579.0,1944-12-28,15,CZECHOSLOVAKIA,MARSHALLING YARDS,"""RR INSTALLATIONS,  TRACKS,  MARSHALLING YARDS,  AND STATIONS""",50.2,15.03,B24,2.0,10.0,175.0,20.0,,,20.0,NOT INDICATED
139256,181580.0,1944-12-28,15,CZECHOSLOVAKIA,MARSHALLING YARDS,"""RR INSTALLATIONS,  TRACKS,  MARSHALLING YARDS,  AND STATIONS""",46.67,13.67,B17,2.0,1.0,,1.0,,,1.0,VISUAL
139618,181587.0,1944-12-28,8,GERMANY,BRIDGE,BRIDGES,50.05,7.13,B24,0.0,,,1.0,,,1.0,NOT INDICATED
139616,181588.0,1944-12-28,8,GERMANY,BRIDGE,BRIDGES,50.05,7.13,B24,4.0,9.0,203.0,27.0,,,27.0,F.F.F.
139619,181589.0,1944-12-28,8,GERMANY,BRIDGE,BRIDGES,50.05,7.13,B24,4.0,10.0,,25.0,,,25.0,NOT INDICATED
139620,181590.0,1944-12-28,8,GERMANY,BRIDGE,BRIDGES,50.05,7.13,B24,4.0,1.0,,3.0,,,3.0,NOT INDICATED
139272,181591.0,1944-12-28,8,GERMANY,MARSHALLING YARD,"""RR INSTALLATIONS,  TRACKS,  MARSHALLING YARDS,  AND STATIONS""",50.35,7.6,B17,3.0,11.0,255.0,25.0,6.0,,31.0,F.F.F.
139268,181592.0,1944-12-28,8,GERMANY,MARSHALLING YARD,"""RR INSTALLATIONS,  TRACKS,  MARSHALLING YARDS,  AND STATIONS""",50.35,7.6,B17,3.0,12.0,260.0,27.0,6.0,,33.0,F.F.F.
139265,181593.0,1944-12-28,8,GERMANY,MARSHALLING YARD,"""RR INSTALLATIONS,  TRACKS,  MARSHALLING YARDS,  AND STATIONS""",50.35,7.6,B17,3.0,11.0,269.0,25.0,6.0,,31.0,F.F.F.
139266,181594.0,1944-12-28,8,GERMANY,MARSHALLING YARD,"""RR INSTALLATIONS,  TRACKS,  MARSHALLING YARDS,  AND STATIONS""",50.35,7.6,B17,3.0,12.0,269.0,27.0,6.0,,33.0,F.F.F.
139288,181595.0,1944-12-28,8,GERMANY,MARSHALLING YARD,"""RR INSTALLATIONS,  TRACKS,  MARSHALLING YARDS,  AND STATIONS""",50.35,7.6,B17,3.0,12.0,249.0,29.0,6.0,,35.0,F.F.F.
139607,181596.0,1944-12-28,8,GERMANY,MARSHALLING YARD,"""RR INSTALLATIONS,  TRACKS,  MARSHALLING YARDS,  AND STATIONS""",50.35,7.6,B17,3.0,13.0,226.0,28.0,7.0,,35.0,F.F.F.
139615,181597.0,1944-12-28,8,GERMANY,MARSHALLING YARD,"""RR INSTALLATIONS,  TRACKS,  MARSHALLING YARDS,  AND STATIONS""",50.35,7.6,B17,3.0,12.0,212.0,26.0,6.0,,32.0,F.F.F.
139602,181598.0,1944-12-28,8,GERMANY,MARSHALLING YARD,"""RR INSTALLATIONS,  TRACKS,  MARSHALLING YARDS,  AND STATIONS""",50.35,7.6,B17,3.0,12.0,235.0,27.0,6.0,,33.0,F.F.F.
139606,181599.0,1944-12-28,8,GERMANY,MARSHALLING YARD,"""RR INSTALLATIONS,  TRACKS,  MARSHALLING YARDS,  AND STATIONS""",50.35,7.6,B17,3.0,11.0,229.0,33.0,,,33.0,F.F.F.
139610,181600.0,1944-12-28,8,GERMANY,MARSHALLING YARD,"""RR INSTALLATIONS,  TRACKS,  MARSHALLING YARDS,  AND STATIONS""",50.35,7.6,B17,3.0,12.0,216.0,36.0,,,36.0,F.F.F.
139609,181601.0,1944-12-28,8,GERMANY,MARSHALLING YARD,"""RR INSTALLATIONS,  TRACKS,  MARSHALLING YARDS,  AND STATIONS""",50.35,7.6,B17,3.0,13.0,218.0,39.0,,,39.0,F.F.F.
139279,181602.0,1944-12-28,8,GERMANY,MARSHALLING YARD,"""RR INSTALLATIONS,  TRACKS,  MARSHALLING YARDS,  AND STATIONS""",50.35,7.6,B17,1.0,12.0,250.0,29.0,,,29.0,F.F.F.
139273,181603.0,1944-12-28,8,GERMANY,MARSHALLING YARD,"""RR INSTALLATIONS,  TRACKS,  MARSHALLING YARDS,  AND STATIONS""",50.35,7.6,B17,1.0,13.0,255.0,31.0,,,31.0,F.F.F.
139293,181604.0,1944-12-28,8,GERMANY,MARSHALLING YARD,"""RR INSTALLATIONS,  TRACKS,  MARSHALLING YARDS,  AND STATIONS""",50.35,7.6,B17,1.0,13.0,245.0,32.0,,,32.0,F.F.F.
139280,181605.0,1944-12-28,8,GERMANY,MARSHALLING YARD,"""RR INSTALLATIONS,  TRACKS,  MARSHALLING YARDS,  AND STATIONS""",50.35,7.6,B17,1.0,12.0,250.0,30.0,,,30.0,F.F.F.
139269,181606.0,1944-12-28,8,GERMANY,MARSHALLING YARD,"""RR INSTALLATIONS,  TRACKS,  MARSHALLING YARDS,  AND STATIONS""",50.35,7.6,B17,1.0,11.0,260.0,26.0,,,26.0,F.F.F.
139291,181607.0,1944-12-28,8,GERMANY,MARSHALLING YARD,"""RR INSTALLATIONS,  TRACKS,  MARSHALLING YARDS,  AND STATIONS""",50.35,7.6,B17,1.0,9.0,246.0,22.0,,,22.0,F.F.F.
139281,181608.0,1944-12-28,8,GERMANY,MARSHALLING YARD,"""RR INSTALLATIONS,  TRACKS,  MARSHALLING YARDS,  AND STATIONS""",50.35,7.6,B17,1.0,10.0,250.0,25.0,,,25.0,F.F.F.
139267,181609.0,1944-12-28,8,GERMANY,MARSHALLING YARD,"""RR INSTALLATIONS,  TRACKS,  MARSHALLING YARDS,  AND STATIONS""",50.35,7.6,B17,1.0,10.0,262.0,25.0,,,25.0,F.F.F.
139294,181610.0,1944-12-28,8,GERMANY,MARSHALLING YARD,"""RR INSTALLATIONS,  TRACKS,  MARSHALLING YARDS,  AND STATIONS""",50.35,7.6,B17,1.0,10.0,245.0,25.0,,,25.0,F.F.F.
139264,181611.0,1944-12-28,8,GERMANY,MARSHALLING YARD,"""RR INSTALLATIONS,  TRACKS,  MARSHALLING YARDS,  AND STATIONS""",50.35,7.6,B17,1.0,12.0,270.0,30.0,,,30.0,F.F.F.
139270,181612.0,1944-12-28,8,GERMANY,MARSHALLING YARD,"""RR INSTALLATIONS,  TRACKS,  MARSHALLING YARDS,  AND STATIONS""",50.35,7.6,B17,1.0,12.0,256.0,30.0,,,30.0,F.F.F.
139601,181613.0,1944-12-28,8,GERMANY,MARSHALLING YARD,"""RR INSTALLATIONS,  TRACKS,  MARSHALLING YARDS,  AND STATIONS""",50.35,7.6,B17,1.0,13.0,240.0,33.0,,,33.0,F.F.F.
139292,181614.0,1944-12-28,8,GERMANY,MARSHALLING YARD,"""RR INSTALLATIONS,  TRACKS,  MARSHALLING YARDS,  AND STATIONS""",50.35,7.6,B17,1.0,3.0,246.0,8.0,,,8.0,F.F.F.
139274,181615.0,1944-12-28,8,GERMANY,MARSHALLING YARD,"""RR INSTALLATIONS,  TRACKS,  MARSHALLING YARDS,  AND STATIONS""",50.35,7.6,B17,1.0,12.0,255.0,27.0,6.0,,33.0,F.F.F.
139289,181616.0,1944-12-28,8,GERMANY,MARSHALLING YARD,"""RR INSTALLATIONS,  TRACKS,  MARSHALLING YARDS,  AND STATIONS""",50.35,7.6,B17,1.0,13.0,248.0,29.0,7.0,,36.0,F.F.F.
139295,181617.0,1944-12-28,8,GERMANY,MARSHALLING YARD,"""RR INSTALLATIONS,  TRACKS,  MARSHALLING YARDS,  AND STATIONS""",50.35,7.6,B17,1.0,13.0,245.0,29.0,7.0,,36.0,F.F.F.
139282,181618.0,1944-12-28,8,GERMANY,MARSHALLING YARD,"""RR INSTALLATIONS,  TRACKS,  MARSHALLING YARDS,  AND STATIONS""",50.35,7.6,B17,1.0,12.0,250.0,30.0,,,30.0,F.F.F.
139275,181619.0,1944-12-28,8,GERMANY,MARSHALLING YARD,"""RR INSTALLATIONS,  TRACKS,  MARSHALLING YARDS,  AND STATIONS""",50.35,7.6,B17,1.0,11.0,255.0,27.0,,,27.0,F.F.F.
139298,181620.0,1944-12-28,8,GERMANY,MARSHALLING YARD,"""RR INSTALLATIONS,  TRACKS,  MARSHALLING YARDS,  AND STATIONS""",50.35,7.6,B17,1.0,11.0,243.0,28.0,,,28.0,F.F.F.
139283,181621.0,1944-12-28,8,GERMANY,MARSHALLING YARD,"""RR INSTALLATIONS,  TRACKS,  MARSHALLING YARDS,  AND STATIONS""",50.35,7.6,B17,1.0,12.0,250.0,30.0,,,30.0,F.F.F.
139271,181622.0,1944-12-28,8,GERMANY,MARSHALLING YARD,"""RR INSTALLATIONS,  TRACKS,  MARSHALLING YARDS,  AND STATIONS""",50.35,7.6,B17,1.0,13.0,256.0,32.0,,,32.0,F.F.F.
139290,181623.0,1944-12-28,8,GERMANY,MARSHALLING YARD,"""RR INSTALLATIONS,  TRACKS,  MARSHALLING YARDS,  AND STATIONS""",50.35,7.6,B17,1.0,13.0,247.0,31.0,,,31.0,F.F.F.
139296,181624.0,1944-12-28,8,GERMANY,MARSHALLING YARD,"""RR INSTALLATIONS,  TRACKS,  MARSHALLING YARDS,  AND STATIONS""",50.35,7.6,B17,1.0,12.0,245.0,30.0,,,30.0,F.F.F.
139621,181625.0,1944-12-28,8,GERMANY,MARSHALLING YARD,"""RR INSTALLATIONS,  TRACKS,  MARSHALLING YARDS,  AND STATIONS""",50.35,7.6,B17,1.0,,,24.0,,,24.0,NOT INDICATED
139284,181626.0,1944-12-28,8,GERMANY,MARSHALLING YARD,"""RR INSTALLATIONS,  TRACKS,  MARSHALLING YARDS,  AND STATIONS""",50.35,7.6,B17,1.0,12.0,250.0,9.0,,,9.0,F.F.F.
139622,181627.0,1944-12-28,8,GERMANY,MARSHALLING YARD,"""RR INSTALLATIONS,  TRACKS,  MARSHALLING YARDS,  AND STATIONS""",50.35,7.6,B17,1.0,,,15.0,,,15.0,NOT INDICATED
139603,181628.0,1944-12-28,8,GERMANY,MARSHALLING YARD,"""RR INSTALLATIONS,  TRACKS,  MARSHALLING YARDS,  AND STATIONS""",50.35,7.6,B17,1.0,13.0,235.0,20.0,,,20.0,F.F.F.
139623,181629.0,1944-12-28,8,GERMANY,MARSHALLING YARD,"""RR INSTALLATIONS,  TRACKS,  MARSHALLING YARDS,  AND STATIONS""",50.35,7.6,B17,1.0,,,6.0,,,6.0,NOT INDICATED
139299,181630.0,1944-12-28,8,GERMANY,MARSHALLING YARD,"""RR INSTALLATIONS,  TRACKS,  MARSHALLING YARDS,  AND STATIONS""",50.35,7.6,B17,1.0,6.0,243.0,9.0,2.0,,11.0,F.F.F.
139285,181631.0,1944-12-28,8,GERMANY,MARSHALLING YARD,"""RR INSTALLATIONS,  TRACKS,  MARSHALLING YARDS,  AND STATIONS""",50.35,7.6,B17,1.0,12.0,250.0,29.0,,,29.0,F.F.F.
139276,181632.0,1944-12-28,8,GERMANY,MARSHALLING YARD,"""RR INSTALLATIONS,  TRACKS,  MARSHALLING YARDS,  AND STATIONS""",50.35,7.6,B17,1.0,11.0,255.0,28.0,,,28.0,F.F.F.
139297,181633.0,1944-12-28,8,GERMANY,MARSHALLING YARD,"""RR INSTALLATIONS,  TRACKS,  MARSHALLING YARDS,  AND STATIONS""",50.35,7.6,B17,1.0,13.0,245.0,33.0,,,33.0,F.F.F.
139277,181634.0,1944-12-28,8,GERMANY,MARSHALLING YARD,"""RR INSTALLATIONS,  TRACKS,  MARSHALLING YARDS,  AND STATIONS""",50.35,7.6,B17,1.0,12.0,255.0,27.0,6.0,,33.0,F.F.F.
139278,181635.0,1944-12-28,8,GERMANY,MARSHALLING YARD,"""RR INSTALLATIONS,  TRACKS,  MARSHALLING YARDS,  AND STATIONS""",50.35,7.6,B17,1.0,13.0,255.0,29.0,7.0,,36.0,F.F.F.
139608,181636.0,1944-12-28,8,GERMANY,MARSHALLING YARD,"""RR INSTALLATIONS,  TRACKS,  MARSHALLING YARDS,  AND STATIONS""",50.35,7.6,B17,1.0,13.0,220.0,29.0,7.0,,36.0,F.F.F.
139286,181637.0,1944-12-28,8,GERMANY,MARSHALLING YARD,"""RR INSTALLATIONS,  TRACKS,  MARSHALLING YARDS,  AND STATIONS""",50.35,7.6,B17,1.0,12.0,250.0,27.0,6.0,,33.0,F.F.F.
139287,181638.0,1944-12-28,8,GERMANY,MARSHALLING YARD,"""RR INSTALLATIONS,  TRACKS,  MARSHALLING YARDS,  AND STATIONS""",50.35,7.6,B17,1.0,13.0,250.0,27.0,6.0,,33.0,F.F.F.
139300,181639.0,1944-12-28,8,GERMANY,MARSHALLING YARD,"""RR INSTALLATIONS,  TRACKS,  MARSHALLING YARDS,  AND STATIONS""",50.35,7.6,B17,1.0,7.0,243.0,16.0,4.0,,20.0,F.F.F.
140587,181822.0,1944-12-29,15,AUSTRIA,MARSHALLING YARDS,"""RR INSTALLATIONS,  TRACKS,  MARSHALLING YARDS,  AND STATIONS""",47.27,11.38,B17,4.0,14.0,250.0,39.0,,,39.0,NOT INDICATED
140586,181823.0,1944-12-29,15,AUSTRIA,MARSHALLING YARDS,"""RR INSTALLATIONS,  TRACKS,  MARSHALLING YARDS,  AND STATIONS""",47.27,11.38,B17,4.0,27.0,260.0,79.0,,,79.0,F.F.F.
140585,181824.0,1944-12-29,15,AUSTRIA,MARSHALLING YARDS,"""RR INSTALLATIONS,  TRACKS,  MARSHALLING YARDS,  AND STATIONS""",47.27,11.38,B17,4.0,3.0,264.0,9.0,,,9.0,NOT INDICATED
140588,181825.0,1944-12-29,15,AUSTRIA,MARSHALLING YARDS,"""RR INSTALLATIONS,  TRACKS,  MARSHALLING YARDS,  AND STATIONS""",47.27,11.38,B17,4.0,26.0,250.0,69.0,,,69.0,F.F.F.
140590,181826.0,1944-12-29,15,AUSTRIA,MARSHALLING YARDS,"""RR INSTALLATIONS,  TRACKS,  MARSHALLING YARDS,  AND STATIONS""",46.83,12.77,B24,2.0,1.0,,,2.0,,2.0,NOT INDICATED
140589,181827.0,1944-12-29,15,AUSTRIA,MARSHALLING YARUS,"""RR INSTALLATIONS,  TRACKS,  MARSHALLING YARDS,  AND STATIONS""",47.78,13.03,B24,3.0,24.0,240.0,49.0,,,49.0,F.F.F.
140598,181830.0,1944-12-29,8,GERMANY,MARSHALLING YARD,"""RR INSTALLATIONS,  TRACKS,  MARSHALLING YARDS,  AND STATIONS""",50.0,9.17,B17,4.0,10.0,251.0,25.0,,,25.0,VISUAL
140596,181831.0,1944-12-29,8,GERMANY,MARSHALLING YARD,"""RR INSTALLATIONS,  TRACKS,  MARSHALLING YARDS,  AND STATIONS""",50.0,9.17,B17,4.0,12.0,259.0,30.0,,,30.0,VISUAL
140906,181832.0,1944-12-29,8,GERMANY,MARSHALLING YARD,"""RR INSTALLATIONS,  TRACKS,  MARSHALLING YARDS,  AND STATIONS""",50.0,9.17,B17,4.0,11.0,242.0,28.0,,,28.0,VISUAL
140904,181833.0,1944-12-29,8,GERMANY,MARSHALLING YARD,"""RR INSTALLATIONS,  TRACKS,  MARSHALLING YARDS,  AND STATIONS""",50.0,9.17,B17,4.0,3.0,245.0,8.0,,,8.0,VISUAL
140599,181834.0,1944-12-29,8,GERMANY,MARSHALLING YARD,"""RR INSTALLATIONS,  TRACKS,  MARSHALLING YARDS,  AND STATIONS""",50.0,9.17,B17,4.0,12.0,250.0,30.0,,,30.0,VISUAL
140592,181835.0,1944-12-29,8,GERMANY,MARSHALLING YARD,"""RR INSTALLATIONS,  TRACKS,  MARSHALLING YARDS,  AND STATIONS""",50.0,9.17,B17,4.0,7.0,265.0,18.0,,,18.0,VISUAL
140593,181836.0,1944-12-29,8,GERMANY,MARSHALLING YARD,"""RR INSTALLATIONS,  TRACKS,  MARSHALLING YARDS,  AND STATIONS""",50.0,9.17,B17,4.0,13.0,265.0,30.0,,,30.0,VISUAL
140925,181837.0,1944-12-29,8,GERMANY,MARSHALLING YARD,"""RR INSTALLATIONS,  TRACKS,  MARSHALLING YARDS,  AND STATIONS""",49.97,7.9,B17,4.0,12.0,218.0,27.0,,,27.0,VISUAL
140927,181838.0,1944-12-29,8,GERMANY,MARSHALLING YARD,"""RR INSTALLATIONS,  TRACKS,  MARSHALLING YARDS,  AND STATIONS""",49.97,7.9,B17,4.0,12.0,213.0,27.0,,,27.0,VISUAL
140916,181839.0,1944-12-29,8,GERMANY,MARSHALLING YARD,"""RR INSTALLATIONS,  TRACKS,  MARSHALLING YARDS,  AND STATIONS""",49.97,7.9,B17,4.0,13.0,222.0,29.0,,,29.0,VISUAL
140917,181840.0,1944-12-29,8,GERMANY,MARSHALLING YARD,"""RR INSTALLATIONS,  TRACKS,  MARSHALLING YARDS,  AND STATIONS""",49.97,7.9,B17,4.0,11.0,222.0,24.0,5.0,,29.0,VISUAL
140942,181841.0,1944-12-29,8,GERMANY,MARSHALLING YARD,"""RR INSTALLATIONS,  TRACKS,  MARSHALLING YARDS,  AND STATIONS""",49.97,7.9,B17,0.0,,,24.0,,,24.0,NOT INDICATED
140926,181842.0,1944-12-29,8,GERMANY,MARSHALLING YARD,"""RR INSTALLATIONS,  TRACKS,  MARSHALLING YARDS,  AND STATIONS""",49.97,7.9,B17,4.0,12.0,217.0,3.0,6.0,,9.0,VISUAL
140913,181843.0,1944-12-29,8,GERMANY,MARSHALLING YARD,"""RR INSTALLATIONS,  TRACKS,  MARSHALLING YARDS,  AND STATIONS""",49.97,7.9,B17,4.0,12.0,229.0,27.0,6.0,,33.0,VISUAL
140915,181844.0,1944-12-29,8,GERMANY,MARSHALLING YARD,"""RR INSTALLATIONS,  TRACKS,  MARSHALLING YARDS,  AND STATIONS""",49.97,7.9,B17,4.0,11.0,224.0,25.0,6.0,,31.0,VISUAL
140928,181845.0,1944-12-29,8,GERMANY,MARSHALLING YARD,"""RR INSTALLATIONS,  TRACKS,  MARSHALLING YARDS,  AND STATIONS""",49.97,7.9,B17,4.0,11.0,211.0,23.0,5.0,,28.0,VISUAL
140918,181846.0,1944-12-29,8,GERMANY,MARSHALLING YARD,"""RR INSTALLATIONS,  TRACKS,  MARSHALLING YARDS,  AND STATIONS""",49.97,7.9,B17,4.0,17.0,222.0,38.0,9.0,,47.0,VISUAL
140908,181847.0,1944-12-29,8,GERMANY,MARSHALLING YARD,"""RR INSTALLATIONS,  TRACKS,  MARSHALLING YARDS,  AND STATIONS""",49.97,7.9,B17,4.0,11.0,240.0,24.0,6.0,,30.0,VISUAL
140911,181848.0,1944-12-29,8,GERMANY,MARSHALLING YARD,"""RR INSTALLATIONS,  TRACKS,  MARSHALLING YARDS,  AND STATIONS""",49.97,7.9,B17,4.0,12.0,233.0,27.0,6.0,,33.0,VISUAL
140907,181849.0,1944-12-29,8,GERMANY,MARSHALLING YARD,"""RR INSTALLATIONS,  TRACKS,  MARSHALLING YARDS,  AND STATIONS""",49.97,7.9,B17,4.0,10.0,242.0,20.0,5.0,,25.0,VISUAL
140919,181850.0,1944-12-29,8,GERMANY,BRIDGE,BRIDGES,50.05,7.13,B17,4.0,13.0,222.0,39.0,,,39.0,GEE
140929,181851.0,1944-12-29,8,GERMANY,BRIDGE,BRIDGES,50.05,7.13,B17,4.0,13.0,210.0,33.0,,,33.0,GEE
140914,181852.0,1944-12-29,8,GERMANY,BRIDGE,BRIDGES,50.05,7.13,B17,4.0,13.0,229.0,39.0,,,39.0,GEE
140930,181853.0,1944-12-29,8,GERMANY,BRIDGE,BRIDGES,50.05,7.13,B17,4.0,10.0,209.0,30.0,,,30.0,GEE
140933,181854.0,1944-12-29,8,GERMANY,BRIDGE,BRIDGES,50.05,7.13,B17,4.0,12.0,203.0,36.0,,,36.0,GEE
140920,181855.0,1944-12-29,8,GERMANY,BRIDGE,BRIDGES,50.05,7.13,B17,4.0,13.0,221.0,39.0,,,39.0,GEE
140600,181858.0,1944-12-29,8,GERMANY,MARSHALLING YARD,"""RR INSTALLATIONS,  TRACKS,  MARSHALLING YARDS,  AND STATIONS""",50.1,8.67,B17,4.0,11.0,250.0,25.0,,,25.0,VISUAL
140591,181859.0,1944-12-29,8,GERMANY,MARSHALLING YARD,"""RR INSTALLATIONS,  TRACKS,  MARSHALLING YARDS,  AND STATIONS""",50.1,8.67,B17,4.0,12.0,272.0,30.0,,,30.0,VISUAL
140946,181860.0,1944-12-29,8,GERMANY,MARSHALLING YARD,"""RR INSTALLATIONS,  TRACKS,  MARSHALLING YARDS,  AND STATIONS""",50.1,8.67,B17,0.0,,,8.0,,,8.0,NOT INDICATED
140902,181861.0,1944-12-29,8,GERMANY,MARSHALLING YARD,"""RR INSTALLATIONS,  TRACKS,  MARSHALLING YARDS,  AND STATIONS""",50.1,8.67,B17,4.0,10.0,248.0,15.0,,,15.0,VISUAL
140947,181862.0,1944-12-29,8,GERMANY,MARSHALLING YARD,"""RR INSTALLATIONS,  TRACKS,  MARSHALLING YARDS,  AND STATIONS""",50.1,8.67,B17,4.0,10.0,,24.0,,,24.0,NOT INDICATED
140594,181863.0,1944-12-29,8,GERMANY,MARSHALLING YARD,"""RR INSTALLATIONS,  TRACKS,  MARSHALLING YARDS,  AND STATIONS""",50.1,8.67,B17,4.0,11.0,260.0,27.0,,,27.0,VISUAL
140903,181864.0,1944-12-29,8,GERMANY,MARSHALLING YARD,"""RR INSTALLATIONS,  TRACKS,  MARSHALLING YARDS,  AND STATIONS""",50.1,8.67,B17,4.0,13.0,246.0,32.0,,,32.0,VISUAL
140905,181865.0,1944-12-29,8,GERMANY,MARSHALLING YARD,"""RR INSTALLATIONS,  TRACKS,  MARSHALLING YARDS,  AND STATIONS""",50.1,8.67,B17,4.0,11.0,245.0,26.0,,,26.0,VISUAL
140597,181866.0,1944-12-29,8,GERMANY,MARSHALLING YARD,"""RR INSTALLATIONS,  TRACKS,  MARSHALLING YARDS,  AND STATIONS""",50.1,8.67,B17,4.0,11.0,256.0,28.0,,,28.0,VISUAL
140912,181867.0,1944-12-29,8,GERMANY,MARSHALLING YARD,"""RR INSTALLATIONS,  TRACKS,  MARSHALLING YARDS,  AND STATIONS""",50.1,8.67,B17,4.0,7.0,230.0,18.0,,,18.0,VISUAL
140901,181868.0,1944-12-29,8,GERMANY,MARSHALLING YARD,"""RR INSTALLATIONS,  TRACKS,  MARSHALLING YARDS,  AND STATIONS""",50.1,8.67,B17,4.0,11.0,250.0,28.0,,,28.0,VISUAL
140595,181869.0,1944-12-29,8,GERMANY,MARSHALLING YARD,"""RR INSTALLATIONS,  TRACKS,  MARSHALLING YARDS,  AND STATIONS""",50.1,8.67,B17,4.0,13.0,260.0,26.0,,,26.0,VISUAL
140909,181870.0,1944-12-29,8,GERMANY,MARSHALLING YARD,"""RR INSTALLATIONS,  TRACKS,  MARSHALLING YARDS,  AND STATIONS""",50.1,8.67,B17,4.0,12.0,240.0,24.0,,,24.0,VISUAL
140910,181871.0,1944-12-29,8,GERMANY,MARSHALLING YARD,"""RR INSTALLATIONS,  TRACKS,  MARSHALLING YARDS,  AND STATIONS""",50.1,8.67,B17,4.0,4.0,240.0,,,3.0,3.0,VISUAL
140948,181872.0,1944-12-29,8,GERMANY,MARSHALLING YARD,"""RR INSTALLATIONS,  TRACKS,  MARSHALLING YARDS,  AND STATIONS""",50.1,8.67,B17,2.0,1.0,,3.0,,,3.0,NOT INDICATED
140935,181876.0,1944-12-29,8,GERMANY,LOCOMOTIVE,"""RR INSTALLATIONS,  TRACKS,  MARSHALLING YARDS,  AND STATIONS""",48.45,12.17,B24,4.0,27.0,191.0,50.0,,,50.0,VISUAL
140934,181877.0,1944-12-29,8,GERMANY,LOCOMOTIVE,"""RR INSTALLATIONS,  TRACKS,  MARSHALLING YARDS,  AND STATIONS""",48.45,12.17,B24,4.0,17.0,200.0,26.0,8.0,,34.0,NOT INDICATED
142134,114896.0,1944-12-30,8,GERMANY,CITY AREA,CITIES TOWNS AND URBAN AREAS,48.13,11.58,B24,4.0,1.0,,,,,,NOT INDICATED
142133,181929.0,1944-12-30,8,GERMANY,CITY AREA,CITIES TOWNS AND URBAN AREAS,48.13,11.58,B24,4.0,1.0,,,,,,NOT INDICATED
142135,181945.0,1944-12-30,8,GERMANY,CITY AREA,CITIES TOWNS AND URBAN AREAS,48.13,11.58,B24,4.0,1.0,,,,,,NOT INDICATED
142117,181951.0,1944-12-30,8,GERMANY,RR,"""RR INSTALLATIONS,  TRACKS,  MARSHALLING YARDS,  AND STATIONS""",50.4,10.02,B17,4.0,11.0,263.0,25.0,,,25.0,GEE
142128,181952.0,1944-12-30,8,GERMANY,RR,"""RR INSTALLATIONS,  TRACKS,  MARSHALLING YARDS,  AND STATIONS""",50.4,10.02,B17,4.0,1.0,,2.0,1.0,,3.0,NOT INDICATED
142121,181953.0,1944-12-30,8,GERMANY,RR,"""RR INSTALLATIONS,  TRACKS,  MARSHALLING YARDS,  AND STATIONS""",50.4,10.02,B17,4.0,10.0,256.0,22.0,5.0,,27.0,GEE
142118,181954.0,1944-12-30,8,GERMANY,RR,"""RR INSTALLATIONS,  TRACKS,  MARSHALLING YARDS,  AND STATIONS""",50.4,10.02,B17,4.0,12.0,261.0,27.0,6.0,,33.0,GEE
142122,181955.0,1944-12-30,8,GERMANY,BRIDGE,BRIDGES,50.05,7.13,B17,4.0,10.0,256.0,30.0,,,30.0,GEE
142119,181956.0,1944-12-30,8,GERMANY,BRIDGE,BRIDGES,50.05,7.13,B17,4.0,12.0,260.0,36.0,,,36.0,GEE
142124,181957.0,1944-12-30,8,GERMANY,BRIDGE,BRIDGES,50.05,7.13,B17,4.0,12.0,247.0,36.0,,,36.0,GEE
142123,181958.0,1944-12-30,8,GERMANY,BRIDGE,BRIDGES,50.05,7.13,B17,4.0,11.0,252.0,33.0,,,33.0,GEE
142125,181959.0,1944-12-30,8,GERMANY,BRIDGE,BRIDGES,50.05,7.13,B17,4.0,13.0,247.0,39.0,,,39.0,GEE
142120,181960.0,1944-12-30,8,GERMANY,BRIDGE,BRIDGES,50.05,7.13,B17,4.0,12.0,257.0,36.0,,,36.0,GEE
142132,181961.0,1944-12-30,8,GERMANY,BRIDGE,BRIDGES,50.05,7.13,B17,4.0,1.0,,3.0,,,3.0,NOT INDICATED
143301,114899.0,1944-12-31,15,GERMANY,INDUSTRIAL CENTER,MANUFACTURING INSTALLATIONS (NOT SPECIFICALLY IDENTIFIED BELOW FROM CLASS 11 THROUGH 59),48.13,11.58,B17,2.0,2.0,,5.0,1.0,,6.0,NOT INDICATED
143332,114968.0,1944-12-31,8,GERMANY,CITY AREA,CITIES TOWNS AND URBAN AREAS,53.2,8.63,B17,4.0,1.0,,2.0,,,2.0,NOT INDICATED
143308,114969.0,1944-12-31,8,GERMANY,CITY AREA,CITIES TOWNS AND URBAN AREAS,53.2,8.63,B17,4.0,9.0,250.0,21.0,,,21.0,GEE
143333,114970.0,1944-12-31,8,GERMANY,CITY AREA,CITIES TOWNS AND URBAN AREAS,53.2,8.63,B17,0.0,,,8.0,,,8.0,NOT INDICATED
143311,114971.0,1944-12-31,8,GERMANY,CITY AREA,CITIES TOWNS AND URBAN AREAS,53.2,8.63,B17,4.0,11.0,245.0,19.0,,,19.0,GEE
143334,114972.0,1944-12-31,8,GERMANY,CITY AREA,CITIES TOWNS AND URBAN AREAS,53.2,8.63,B17,0.0,,,6.0,,,6.0,NOT INDICATED
143304,114973.0,1944-12-31,8,GERMANY,CITY AREA,CITIES TOWNS AND URBAN AREAS,53.2,8.63,B17,4.0,12.0,260.0,24.0,,,24.0,GEE
143335,182092.0,1944-12-31,8,GERMANY,CITY AREA,CITIES TOWNS AND URBAN AREAS,53.2,8.63,B17,4.0,1.0,,2.0,,,2.0,NOT INDICATED
143309,182093.0,1944-12-31,8,GERMANY,CITY AREA,CITIES TOWNS AND URBAN AREAS,53.2,8.63,B17,4.0,9.0,250.0,21.0,,,21.0,GEE
143336,182094.0,1944-12-31,8,GERMANY,CITY AREA,CITIES TOWNS AND URBAN AREAS,53.2,8.63,B17,0.0,,,8.0,,,8.0,NOT INDICATED
143312,182095.0,1944-12-31,8,GERMANY,CITY AREA,CITIES TOWNS AND URBAN AREAS,53.2,8.63,B17,4.0,11.0,245.0,19.0,,,19.0,GEE
143337,182096.0,1944-12-31,8,GERMANY,CITY AREA,CITIES TOWNS AND URBAN AREAS,53.2,8.63,B17,0.0,,,6.0,,,6.0,NOT INDICATED
143305,182097.0,1944-12-31,8,GERMANY,CITY AREA,CITIES TOWNS AND URBAN AREAS,53.2,8.63,B17,4.0,12.0,260.0,24.0,,,24.0,GEE
143338,182109.0,1944-12-31,8,GERMANY,CITY AREA,CITIES TOWNS AND URBAN AREAS,53.2,8.63,B17,4.0,1.0,,2.0,,,2.0,NOT INDICATED
143310,182110.0,1944-12-31,8,GERMANY,CITY AREA,CITIES TOWNS AND URBAN AREAS,53.2,8.63,B17,4.0,9.0,250.0,21.0,,,21.0,GEE
143339,182111.0,1944-12-31,8,GERMANY,CITY AREA,CITIES TOWNS AND URBAN AREAS,53.2,8.63,B17,0.0,,,8.0,,,8.0,NOT INDICATED
143313,182112.0,1944-12-31,8,GERMANY,CITY AREA,CITIES TOWNS AND URBAN AREAS,53.2,8.63,B17,4.0,11.0,245.0,19.0,,,19.0,GEE
143340,182113.0,1944-12-31,8,GERMANY,CITY AREA,CITIES TOWNS AND URBAN AREAS,53.2,8.63,B17,0.0,,,6.0,,,6.0,NOT INDICATED
143306,182114.0,1944-12-31,8,GERMANY,CITY AREA,CITIES TOWNS AND URBAN AREAS,53.2,8.63,B17,4.0,12.0,260.0,24.0,,,24.0,GEE
143302,182118.0,1944-12-31,15,GERMANY,INDUSTRIAL CENTER,MANUFACTURING INSTALLATIONS (NOT SPECIFICALLY IDENTIFIED BELOW FROM CLASS 11 THROUGH 59),48.13,11.58,B17,2.0,2.0,,5.0,1.0,,6.0,NOT INDICATED
143303,182121.0,1944-12-31,15,GERMANY,INDUSTRIAL CENTER,MANUFACTURING INSTALLATIONS (NOT SPECIFICALLY IDENTIFIED BELOW FROM CLASS 11 THROUGH 59),48.13,11.58,B17,2.0,2.0,,5.0,1.0,,6.0,NOT INDICATED
143330,182174.0,1944-12-31,8,GERMANY,MARSHALLING YARD,"""RR INSTALLATIONS,  TRACKS,  MARSHALLING YARDS,  AND STATIONS""",49.97,7.9,B24,2.0,10.0,,35.0,,,35.0,NOT INDICATED
143331,182175.0,1944-12-31,8,GERMANY,MARSHALLING YARD,"""RR INSTALLATIONS,  TRACKS,  MARSHALLING YARDS,  AND STATIONS""",49.97,7.9,B24,4.0,,,1.0,,,1.0,NOT INDICATED
143341,182176.0,1944-12-31,8,GERMANY,BRIDGE,BRIDGES,50.35,7.6,B24,4.0,2.0,,4.0,,,4.0,NOT INDICATED
143342,182177.0,1944-12-31,8,GERMANY,BRIDGE,BRIDGES,50.35,7.6,B24,0.0,,,1.0,,,1.0,NOT INDICATED
143343,182178.0,1944-12-31,8,GERMANY,BRIDGE,BRIDGES,50.35,7.6,B24,0.0,,,1.0,,,1.0,NOT INDICATED
143344,182179.0,1944-12-31,8,GERMANY,BRIDGE,BRIDGES,50.35,7.6,B24,4.0,11.0,,40.0,,,40.0,NOT INDICATED
143345,182180.0,1944-12-31,8,GERMANY,BRIDGE,BRIDGES,50.35,7.6,B24,0.0,,,1.0,,,1.0,NOT INDICATED
143346,182181.0,1944-12-31,8,GERMANY,BRIDGE,BRIDGES,50.35,7.6,B24,0.0,,,1.0,,,1.0,NOT INDICATED
143322,182182.0,1944-12-31,8,GERMANY,BRIDGE,BRIDGES,50.35,7.6,B24,4.0,10.0,220.0,31.0,,,31.0,F.F.F.
143347,182183.0,1944-12-31,8,GERMANY,BRIDGE,BRIDGES,50.35,7.6,B24,4.0,10.0,,40.0,,,40.0,NOT INDICATED
143348,182184.0,1944-12-31,8,GERMANY,BRIDGE,BRIDGES,50.35,7.6,B24,0.0,,,1.0,,,1.0,NOT INDICATED
143314,182185.0,1944-12-31,8,GERMANY,BRIDGE,BRIDGES,50.35,7.6,B24,4.0,11.0,240.0,37.0,,,37.0,F.F.F.
143349,182186.0,1944-12-31,8,GERMANY,BRIDGE,BRIDGES,50.35,7.6,B24,0.0,,,1.0,,,1.0,NOT INDICATED
143350,182187.0,1944-12-31,8,GERMANY,BRIDGE,BRIDGES,50.35,7.6,B24,4.0,11.0,,40.0,,,40.0,NOT INDICATED
143351,182188.0,1944-12-31,8,GERMANY,BRIDGE,BRIDGES,50.35,7.6,B24,0.0,,,1.0,,,1.0,NOT INDICATED
143323,182189.0,1944-12-31,8,GERMANY,BRIDGE,BRIDGES,50.35,7.6,B24,4.0,10.0,220.0,35.0,,,35.0,F.F.F.
143352,182190.0,1944-12-31,8,GERMANY,BRIDGE,BRIDGES,50.35,7.6,B24,4.0,10.0,,40.0,,,40.0,NOT INDICATED
143353,182191.0,1944-12-31,8,GERMANY,BRIDGE,BRIDGES,50.35,7.6,B24,4.0,9.0,,32.0,,,32.0,NOT INDICATED
143354,182192.0,1944-12-31,8,GERMANY,BRIDGE,BRIDGES,50.35,7.6,B24,0.0,,,2.0,,,2.0,NOT INDICATED
143321,182193.0,1944-12-31,8,GERMANY,BRIDGE,BRIDGES,50.35,7.6,B24,4.0,8.0,223.0,27.0,,,27.0,F.F.F.
143355,182194.0,1944-12-31,8,GERMANY,BRIDGE,BRIDGES,50.35,7.6,B24,0.0,,,4.0,,,4.0,NOT INDICATED
143356,182195.0,1944-12-31,8,GERMANY,BRIDGE,BRIDGES,50.35,7.6,B24,4.0,10.0,,29.0,,,29.0,NOT INDICATED
143357,182196.0,1944-12-31,8,GERMANY,BRIDGE,BRIDGES,50.35,7.6,B24,0.0,,,2.0,,,2.0,NOT INDICATED
143358,182197.0,1944-12-31,8,GERMANY,BRIDGE,BRIDGES,50.35,7.6,B24,4.0,8.0,,24.0,,,24.0,NOT INDICATED
143307,182215.0,1944-12-31,8,GERMANY,MARSHALLING YARD,"""RR INSTALLATIONS,  TRACKS,  MARSHALLING YARDS,  AND STATIONS""",52.1,9.37,B17,2.0,9.0,255.0,23.0,,,23.0,VISUAL
144913,114992.0,1945-01-01,8,GERMANY,BRIDGE,BRIDGES,50.05,7.13,B26,,,140.0,1.0,,,1.0,VISUAL
144914,114993.0,1945-01-01,8,GERMANY,BRIDGE,BRIDGES,50.05,7.13,B26,,,140.0,2.0,,,2.0,VISUAL
144917,114994.0,1945-01-01,8,GERMANY,BRIDGE,BRIDGES,50.05,7.13,B26,,,135.0,46.0,,,46.0,VISUAL
144919,115023.0,1945-01-01,8,FRANCE,UNIDENTIFIED TARGET,UNIDENTIFIED TARGETS,46.67,-1.43,A20,,,122.0,34.0,,,34.0,VISUAL
144942,115031.0,1945-01-01,8,GERMANY,CITY AREA,CITIES TOWNS AND URBAN AREAS,51.37,13.0,B24,2.0,1.0,,3.0,,,3.0,NOT INDICATED
144594,115032.0,1945-01-01,8,GERMANY,CITY AREA,CITIES TOWNS AND URBAN AREAS,50.73,8.28,B17,2.0,9.0,251.0,20.0,,,20.0,VISUAL
144599,115033.0,1945-01-01,8,GERMANY,CITY AREA,CITIES TOWNS AND URBAN AREAS,50.73,8.28,B17,2.0,6.0,245.0,15.0,,,15.0,VISUAL
144951,182258.0,1945-01-01,8,GERMANY,UNIDENTIFIED TARGET,UNIDENTIFIED TARGETS,50.67,6.33,B24,2.0,1.0,,4.0,,,4.0,NOT INDICATED
144953,182260.0,1945-01-01,8,GERMANY,UNIDENTIFIED TARGETS,UNIDENTIFIED TARGETS,50.0,11.67,B17,2.0,1.0,,2.0,,,2.0,NOT INDICATED
144588,182265.0,1945-01-01,12,GERMANY,UNIDENTIFIED TARGET,UNIDENTIFIED TARGETS,44.67,7.67,B17,2.0,1.0,,2.0,,,2.0,NOT INDICATED
144590,182266.0,1945-01-01,12,GERMANY,UNIDENTIFIED TARGET,UNIDENTIFIED TARGETS,46.0,11.67,B17,2.0,1.0,,2.0,,,2.0,NOT INDICATED
144586,182267.0,1945-01-01,15,GERMANY,UNIDENTIFIED TARGET,UNIDENTIFIED TARGETS,46.0,12.33,B17,2.0,1.0,,2.0,,,2.0,NOT INDICATED
144920,182272.0,1945-01-01,8,FRANCE,UNIDENTIFIED TARGET,UNIDENTIFIED TARGETS,46.67,-1.43,A20,,,122.0,34.0,,,34.0,VISUAL
144943,182273.0,1945-01-01,8,GERMANY,CITY AREA,CITIES TOWNS AND URBAN AREAS,51.37,13.0,B24,2.0,1.0,,3.0,,,3.0,NOT INDICATED
144595,182274.0,1945-01-01,8,GERMANY,CITY AREA,CITIES TOWNS AND URBAN AREAS,50.73,8.28,B17,2.0,9.0,251.0,20.0,,,20.0,VISUAL
144600,182275.0,1945-01-01,8,GERMANY,CITY AREA,CITIES TOWNS AND URBAN AREAS,50.73,8.28,B17,2.0,6.0,245.0,15.0,,,15.0,VISUAL
144944,182303.0,1945-01-01,8,GERMANY,CITY AREA,CITIES TOWNS AND URBAN AREAS,51.37,13.0,B24,2.0,1.0,,3.0,,,3.0,NOT INDICATED
144596,182304.0,1945-01-01,8,GERMANY,CITY AREA,CITIES TOWNS AND URBAN AREAS,50.73,8.28,B17,2.0,9.0,251.0,20.0,,,20.0,VISUAL
144901,182305.0,1945-01-01,8,GERMANY,CITY AREA,CITIES TOWNS AND URBAN AREAS,50.73,8.28,B17,2.0,6.0,245.0,15.0,,,15.0,VISUAL
144952,182316.0,1945-01-01,8,GERMANY,UNIDENTIFIED TARGET,UNIDENTIFIED TARGETS,50.67,6.33,B24,2.0,1.0,,4.0,,,4.0,NOT INDICATED
144954,182318.0,1945-01-01,8,GERMANY,UNIDENTIFIED TARGETS,UNIDENTIFIED TARGETS,50.0,11.67,B17,2.0,1.0,,2.0,,,2.0,NOT INDICATED
144589,182323.0,1945-01-01,12,GERMANY,UNIDENTIFIED TARGET,UNIDENTIFIED TARGETS,44.67,7.67,B17,2.0,1.0,,2.0,,,2.0,NOT INDICATED
144591,182324.0,1945-01-01,12,GERMANY,UNIDENTIFIED TARGET,UNIDENTIFIED TARGETS,46.0,11.67,B17,2.0,1.0,,2.0,,,2.0,NOT INDICATED
144587,182325.0,1945-01-01,15,GERMANY,UNIDENTIFIED TARGET,UNIDENTIFIED TARGETS,46.0,12.33,B17,2.0,1.0,,2.0,,,2.0,NOT INDICATED
144921,182361.0,1945-01-01,8,GERMANY,BRIDGE,BRIDGES,50.35,7.6,B24,4.0,,,4.0,,,4.0,NOT INDICATED
144905,182362.0,1945-01-01,8,GERMANY,BRIDGE,BRIDGES,50.35,7.6,B24,4.0,9.0,226.0,20.0,,,20.0,VISUAL
144922,182363.0,1945-01-01,8,GERMANY,BRIDGE,BRIDGES,50.35,7.6,B24,4.0,,,2.0,,,2.0,NOT INDICATED
144923,182364.0,1945-01-01,8,GERMANY,BRIDGE,BRIDGES,50.35,7.6,B24,4.0,9.0,,24.0,,,24.0,NOT INDICATED
144924,182365.0,1945-01-01,8,GERMANY,BRIDGE,BRIDGES,50.35,7.6,B24,4.0,,,2.0,,,2.0,NOT INDICATED
144925,182366.0,1945-01-01,8,GERMANY,BRIDGE,BRIDGES,50.35,7.6,B24,4.0,9.0,,23.0,,,23.0,NOT INDICATED
144926,182367.0,1945-01-01,8,GERMANY,BRIDGE,BRIDGES,50.35,7.6,B24,4.0,2.0,,8.0,,,8.0,NOT INDICATED
144927,182368.0,1945-01-01,8,GERMANY,BRIDGE,BRIDGES,50.35,7.6,B24,4.0,,,4.0,,,4.0,NOT INDICATED
144928,182369.0,1945-01-01,8,GERMANY,BRIDGE,BRIDGES,50.35,7.6,B24,4.0,8.0,,22.0,,,22.0,NOT INDICATED
144929,182370.0,1945-01-01,8,GERMANY,BRIDGE,BRIDGES,50.35,7.6,B24,4.0,,,2.0,,,2.0,NOT INDICATED
144930,182371.0,1945-01-01,8,GERMANY,BRIDGE,BRIDGES,50.35,7.6,B24,4.0,10.0,,35.0,,,35.0,NOT INDICATED
144931,182372.0,1945-01-01,8,GERMANY,BRIDGE,BRIDGES,50.35,7.6,B24,4.0,,,2.0,,,2.0,NOT INDICATED
144906,182373.0,1945-01-01,8,GERMANY,BRIDGE,BRIDGES,50.35,7.6,B24,4.0,9.0,220.0,31.0,,,31.0,F.F.F.
144932,182374.0,1945-01-01,8,GERMANY,BRIDGE,BRIDGES,50.35,7.6,B24,2.0,,,1.0,,,1.0,NOT INDICATED
144933,182375.0,1945-01-01,8,GERMANY,BRIDGE,BRIDGES,50.35,7.6,B24,2.0,1.0,,4.0,,,4.0,NOT INDICATED
144934,182376.0,1945-01-01,8,GERMANY,BRIDGE,BRIDGES,50.35,7.6,B24,4.0,1.0,,2.0,,,2.0,NOT INDICATED
144935,182377.0,1945-01-01,8,GERMANY,BRIDGE,BRIDGES,50.35,7.6,B24,4.0,,,4.0,,,4.0,NOT INDICATED
144907,182378.0,1945-01-01,8,GERMANY,BRIDGE,BRIDGES,50.35,7.6,B24,4.0,9.0,205.0,27.0,,,27.0,F.F.F.
144936,182379.0,1945-01-01,8,GERMANY,BRIDGE,BRIDGES,50.35,7.6,B24,4.0,,,2.0,,,2.0,NOT INDICATED
144937,182380.0,1945-01-01,8,GERMANY,BRIDGE,BRIDGES,50.35,7.6,B24,4.0,10.0,,36.0,,,36.0,NOT INDICATED
144938,182381.0,1945-01-01,8,GERMANY,BRIDGE,BRIDGES,50.35,7.6,B24,4.0,,,1.0,,,1.0,NOT INDICATED
144939,182382.0,1945-01-01,8,GERMANY,BRIDGE,BRIDGES,50.35,7.6,B24,4.0,,,2.0,,,2.0,NOT INDICATED
144940,182383.0,1945-01-01,8,GERMANY,BRIDGE,BRIDGES,50.35,7.6,B24,4.0,10.0,,31.0,,,31.0,NOT INDICATED
144941,182384.0,1945-01-01,8,GERMANY,MARSHALLING YARD,"""RR INSTALLATIONS,  TRACKS,  MARSHALLING YARDS,  AND STATIONS""",50.35,7.6,B17,2.0,1.0,,2.0,,,2.0,NOT INDICATED
144597,182385.0,1945-01-01,8,GERMANY,MARSHALLING YARD,"""RR INSTALLATIONS,  TRACKS,  MARSHALLING YARDS,  AND STATIONS""",50.35,7.6,B17,1.0,11.0,250.0,21.0,,,21.0,F.F.F.
144902,182391.0,1945-01-01,8,GERMANY,MARSHALLING YARD,"""RR INSTALLATIONS,  TRACKS,  MARSHALLING YARDS,  AND STATIONS""",50.88,8.77,B17,3.0,12.0,240.0,26.0,,,26.0,VISUAL
144947,182392.0,1945-01-01,8,GERMANY,MARSHALLING YARD,"""RR INSTALLATIONS,  TRACKS,  MARSHALLING YARDS,  AND STATIONS""",50.88,8.77,B17,3.0,4.0,,7.0,,,7.0,NOT INDICATED
144948,182393.0,1945-01-01,8,GERMANY,MARSHALLING YARD,"""RR INSTALLATIONS,  TRACKS,  MARSHALLING YARDS,  AND STATIONS""",50.88,8.77,B17,3.0,1.0,,2.0,,,2.0,NOT INDICATED
144949,182394.0,1945-01-01,8,GERMANY,MARSHALLING YARD,"""RR INSTALLATIONS,  TRACKS,  MARSHALLING YARDS,  AND STATIONS""",50.88,8.77,B17,3.0,1.0,,2.0,,,2.0,NOT INDICATED
144598,182395.0,1945-01-01,8,GERMANY,MARSHALLING YARD,"""RR INSTALLATIONS,  TRACKS,  MARSHALLING YARDS,  AND STATIONS""",50.88,8.77,B17,3.0,12.0,250.0,30.0,,,30.0,VISUAL
144950,182396.0,1945-01-01,8,GERMANY,MARSHALLING YARD,"""RR INSTALLATIONS,  TRACKS,  MARSHALLING YARDS,  AND STATIONS""",50.88,8.77,B17,2.0,1.0,,1.0,,,1.0,NOT INDICATED
144915,215638.0,1945-01-01,8,GERMANY,BRIDGE,BRIDGES,50.05,7.13,B26,,,140.0,1.0,,,1.0,VISUAL
144916,215639.0,1945-01-01,8,GERMANY,BRIDGE,BRIDGES,50.05,7.13,B26,,,140.0,2.0,,,2.0,VISUAL
144918,215640.0,1945-01-01,8,GERMANY,BRIDGE,BRIDGES,50.05,7.13,B26,,,135.0,46.0,,,46.0,VISUAL
146084,115042.0,1945-01-02,8,GERMANY,BRIDGE,BRIDGES,49.82,7.85,B26,,,120.0,98.0,,,98.0,VISUAL
146063,182443.0,1945-01-02,12,GERMANY,UNIDENTIFIED TARGET,UNIDENTIFIED TARGETS,43.33,6.67,B17,2.0,1.0,,3.0,1.0,,4.0,NOT INDICATED
146065,182444.0,1945-01-02,12,GERMANY,UNIDENTIFIED TARGET,UNIDENTIFIED TARGETS,43.33,7.0,B17,2.0,1.0,,1.0,,3.0,4.0,NOT INDICATED
146064,182484.0,1945-01-02,12,GERMANY,UNIDENTIFIED TARGET,UNIDENTIFIED TARGETS,43.33,6.67,B17,2.0,1.0,,3.0,1.0,,4.0,NOT INDICATED
146066,182485.0,1945-01-02,12,GERMANY,UNIDENTIFIED TARGET,UNIDENTIFIED TARGETS,43.33,7.0,B17,2.0,1.0,,1.0,,3.0,4.0,NOT INDICATED
146070,182498.0,1945-01-02,8,GERMANY,MARSHALLING YARD,"""RR INSTALLATIONS,  TRACKS,  MARSHALLING YARDS,  AND STATIONS""",49.85,7.87,B17,4.0,11.0,251.0,25.0,5.0,,30.0,VISUAL
146067,182499.0,1945-01-02,8,GERMANY,MARSHALLING YARD,"""RR INSTALLATIONS,  TRACKS,  MARSHALLING YARDS,  AND STATIONS""",49.85,7.87,B17,4.0,12.0,260.0,30.0,6.0,,36.0,VISUAL
146072,182500.0,1945-01-02,8,GERMANY,MARSHALLING YARD,"""RR INSTALLATIONS,  TRACKS,  MARSHALLING YARDS,  AND STATIONS""",49.85,7.87,B17,4.0,13.0,246.0,32.0,7.0,,39.0,VISUAL
146076,182501.0,1945-01-02,8,GERMANY,MARSHALLING YARD,"""RR INSTALLATIONS,  TRACKS,  MARSHALLING YARDS,  AND STATIONS""",49.85,7.87,B17,4.0,11.0,241.0,27.0,5.0,,32.0,VISUAL
146069,182502.0,1945-01-02,8,GERMANY,MARSHALLING YARD,"""RR INSTALLATIONS,  TRACKS,  MARSHALLING YARDS,  AND STATIONS""",49.85,7.87,B17,4.0,11.0,252.0,28.0,6.0,,34.0,VISUAL
146073,182503.0,1945-01-02,8,GERMANY,MARSHALLING YARD,"""RR INSTALLATIONS,  TRACKS,  MARSHALLING YARDS,  AND STATIONS""",49.85,7.87,B17,4.0,11.0,246.0,28.0,6.0,,34.0,VISUAL
146075,182504.0,1945-01-02,8,GERMANY,MARSHALLING YARD,"""RR INSTALLATIONS,  TRACKS,  MARSHALLING YARDS,  AND STATIONS""",49.85,7.87,B17,4.0,11.0,243.0,28.0,6.0,,34.0,VISUAL
146068,182505.0,1945-01-02,8,GERMANY,MARSHALLING YARD,"""RR INSTALLATIONS,  TRACKS,  MARSHALLING YARDS,  AND STATIONS""",49.85,7.87,B17,4.0,12.0,253.0,30.0,6.0,,36.0,VISUAL
146078,182506.0,1945-01-02,8,GERMANY,MARSHALLING YARD,"""RR INSTALLATIONS,  TRACKS,  MARSHALLING YARDS,  AND STATIONS""",49.85,7.87,B17,4.0,12.0,234.0,30.0,6.0,,36.0,VISUAL
146074,182507.0,1945-01-02,8,GERMANY,MARSHALLING YARD,"""RR INSTALLATIONS,  TRACKS,  MARSHALLING YARDS,  AND STATIONS""",49.85,7.87,B17,4.0,10.0,245.0,25.0,5.0,,30.0,VISUAL
146071,182508.0,1945-01-02,8,GERMANY,MARSHALLING YARD,"""RR INSTALLATIONS,  TRACKS,  MARSHALLING YARDS,  AND STATIONS""",49.85,7.87,B17,4.0,13.0,248.0,32.0,7.0,,39.0,VISUAL
146077,182509.0,1945-01-02,8,GERMANY,MARSHALLING YARD,"""RR INSTALLATIONS,  TRACKS,  MARSHALLING YARDS,  AND STATIONS""",49.85,7.87,B17,4.0,11.0,238.0,26.0,5.0,,31.0,VISUAL
146086,182510.0,1945-01-02,8,GERMANY,BRIDGE,BRIDGES,50.35,7.6,B24,2.0,1.0,,3.0,,,3.0,NOT INDICATED
146087,182511.0,1945-01-02,8,GERMANY,BRIDGE,BRIDGES,50.35,7.6,B24,,,,24.0,,,24.0,NOT INDICATED
146088,182512.0,1945-01-02,8,GERMANY,BRIDGE,BRIDGES,50.35,7.6,B24,,,,28.0,,,28.0,NOT INDICATED
146089,182513.0,1945-01-02,8,GERMANY,BRIDGE,BRIDGES,50.35,7.6,B24,,,,26.0,,,26.0,NOT INDICATED
146090,182514.0,1945-01-02,8,GERMANY,BRIDGE,BRIDGES,50.35,7.6,B24,,,,27.0,,,27.0,NOT INDICATED
146091,182515.0,1945-01-02,8,GERMANY,BRIDGE,BRIDGES,50.35,7.6,B24,,,,6.0,,,6.0,NOT INDICATED
146092,182516.0,1945-01-02,8,GERMANY,BRIDGE,BRIDGES,50.35,7.6,B24,,,,23.0,,,23.0,NOT INDICATED
146093,182517.0,1945-01-02,8,GERMANY,BRIDGE,BRIDGES,50.35,7.6,B24,,,,6.0,,,6.0,NOT INDICATED
146094,182518.0,1945-01-02,8,GERMANY,BRIDGE,BRIDGES,50.35,7.6,B24,,,,22.0,,,22.0,NOT INDICATED
146080,182519.0,1945-01-02,8,GERMANY,BRIDGE,BRIDGES,50.35,7.6,B24,4.0,7.0,220.0,22.0,,,22.0,F.F.F.
146095,182520.0,1945-01-02,8,GERMANY,BRIDGE,BRIDGES,50.35,7.6,B24,4.0,11.0,,1.0,,,1.0,NOT INDICATED
146096,182521.0,1945-01-02,8,GERMANY,BRIDGE,BRIDGES,50.35,7.6,B24,4.0,11.0,,1.0,,,1.0,NOT INDICATED
146081,182522.0,1945-01-02,8,GERMANY,BRIDGE,BRIDGES,50.35,7.6,B24,4.0,11.0,220.0,7.0,,,7.0,F.F.F.
146097,182523.0,1945-01-02,8,GERMANY,BRIDGE,BRIDGES,50.35,7.6,B24,4.0,11.0,,2.0,,,2.0,NOT INDICATED
146098,182524.0,1945-01-02,8,GERMANY,BRIDGE,BRIDGES,50.35,7.6,B24,4.0,10.0,,2.0,,,2.0,NOT INDICATED
146079,182525.0,1945-01-02,8,GERMANY,BRIDGE,BRIDGES,50.35,7.6,B24,4.0,11.0,232.0,34.0,,,34.0,F.F.F.
146099,182526.0,1945-01-02,8,GERMANY,BRIDGE,BRIDGES,50.35,7.6,B24,4.0,10.0,,32.0,,,32.0,NOT INDICATED
146100,182527.0,1945-01-02,8,GERMANY,BRIDGE,BRIDGES,50.35,7.6,B24,4.0,10.0,,32.0,,,32.0,NOT INDICATED
146401,182528.0,1945-01-02,8,GERMANY,BRIDGE,BRIDGES,50.35,7.6,B24,4.0,1.0,,2.0,,,2.0,NOT INDICATED
146402,182529.0,1945-01-02,8,GERMANY,BRIDGE,BRIDGES,50.35,7.6,B24,4.0,1.0,,2.0,,,2.0,NOT INDICATED
146403,182530.0,1945-01-02,8,GERMANY,BRIDGE,BRIDGES,50.35,7.6,B24,4.0,10.0,,32.0,,,32.0,NOT INDICATED
146404,182531.0,1945-01-02,8,GERMANY,BRIDGE,BRIDGES,50.35,7.6,B24,4.0,10.0,,32.0,,,32.0,NOT INDICATED
146082,182532.0,1945-01-02,8,GERMANY,BRIDGE,BRIDGES,50.35,7.6,B24,4.0,10.0,220.0,1.0,,,1.0,F.F.F.
146085,215659.0,1945-01-02,8,GERMANY,BRIDGE,BRIDGES,49.82,7.85,B26,,,120.0,98.0,,,98.0,VISUAL
147601,182674.0,1945-01-03,8,GERMANY,MARSHALLING YARD,"""RR INSTALLATIONS,  TRACKS,  MARSHALLING YARDS,  AND STATIONS""",50.0,9.17,B17,,,,3.0,,,3.0,NOT INDICATED
147602,182675.0,1945-01-03,8,GERMANY,MARSHALLING YARD,"""RR INSTALLATIONS,  TRACKS,  MARSHALLING YARDS,  AND STATIONS""",50.0,9.17,B17,,,,5.0,,,5.0,NOT INDICATED
147603,182676.0,1945-01-03,8,GERMANY,MARSHALLING YARD,"""RR INSTALLATIONS,  TRACKS,  MARSHALLING YARDS,  AND STATIONS""",50.0,9.17,B17,,,,5.0,,,5.0,NOT INDICATED
147292,182677.0,1945-01-03,8,GERMANY,MARSHALLING YARD,"""RR INSTALLATIONS,  TRACKS,  MARSHALLING YARDS,  AND STATIONS""",50.0,9.17,B17,3.0,12.0,214.0,25.0,6.0,,31.0,F.F.F.
147298,182678.0,1945-01-03,8,GERMANY,MARSHALLING YARD,"""RR INSTALLATIONS,  TRACKS,  MARSHALLING YARDS,  AND STATIONS""",50.0,9.17,B17,3.0,12.0,210.0,27.0,6.0,,33.0,F.F.F.
147293,182679.0,1945-01-03,8,GERMANY,MARSHALLING YARD,"""RR INSTALLATIONS,  TRACKS,  MARSHALLING YARDS,  AND STATIONS""",50.0,9.17,B17,3.0,12.0,214.0,23.0,6.0,,29.0,F.F.F.
147282,182680.0,1945-01-03,8,GERMANY,MARSHALLING YARD,"""RR INSTALLATIONS,  TRACKS,  MARSHALLING YARDS,  AND STATIONS""",50.0,9.17,B17,3.0,12.0,222.0,23.0,6.0,,29.0,F.F.F.
147299,182681.0,1945-01-03,8,GERMANY,MARSHALLING YARD,"""RR INSTALLATIONS,  TRACKS,  MARSHALLING YARDS,  AND STATIONS""",50.0,9.17,B17,3.0,13.0,209.0,29.0,7.0,,36.0,F.F.F.
147277,182682.0,1945-01-03,8,GERMANY,MARSHALLING YARD,"""RR INSTALLATIONS,  TRACKS,  MARSHALLING YARDS,  AND STATIONS""",50.0,9.17,B17,3.0,13.0,229.0,36.0,,,36.0,F.F.F.
147296,182683.0,1945-01-03,8,GERMANY,MARSHALLING YARD,"""RR INSTALLATIONS,  TRACKS,  MARSHALLING YARDS,  AND STATIONS""",50.0,9.17,B17,3.0,12.0,213.0,36.0,,,36.0,F.F.F.
147288,182684.0,1945-01-03,8,GERMANY,MARSHALLING YARD,"""RR INSTALLATIONS,  TRACKS,  MARSHALLING YARDS,  AND STATIONS""",50.0,9.17,B17,3.0,11.0,215.0,28.0,6.0,,34.0,F.F.F.
147286,182685.0,1945-01-03,8,GERMANY,MARSHALLING YARD,"""RR INSTALLATIONS,  TRACKS,  MARSHALLING YARDS,  AND STATIONS""",50.0,9.17,B17,3.0,13.0,219.0,33.0,7.0,,40.0,F.F.F.
147300,182686.0,1945-01-03,8,GERMANY,MARSHALLING YARD,"""RR INSTALLATIONS,  TRACKS,  MARSHALLING YARDS,  AND STATIONS""",50.0,9.17,B17,3.0,13.0,208.0,33.0,7.0,,40.0,F.F.F.
147274,182687.0,1945-01-03,8,GERMANY,MARSHALLING YARD,"""RR INSTALLATIONS,  TRACKS,  MARSHALLING YARDS,  AND STATIONS""",50.35,7.6,B17,3.0,11.0,256.0,33.0,,,33.0,F.F.F.
147272,182688.0,1945-01-03,8,GERMANY,MARSHALLING YARD,"""RR INSTALLATIONS,  TRACKS,  MARSHALLING YARDS,  AND STATIONS""",50.35,7.6,B17,3.0,12.0,263.0,36.0,,,36.0,F.F.F.
147273,182689.0,1945-01-03,8,GERMANY,MARSHALLING YARD,"""RR INSTALLATIONS,  TRACKS,  MARSHALLING YARDS,  AND STATIONS""",50.35,7.6,B17,3.0,12.0,258.0,35.0,,,35.0,F.F.F.
147604,182690.0,1945-01-03,8,GERMANY,MARSHALLING YARD,"""RR INSTALLATIONS,  TRACKS,  MARSHALLING YARDS,  AND STATIONS""",50.55,9.67,B17,,,,14.0,,,14.0,NOT INDICATED
147605,182691.0,1945-01-03,8,GERMANY,MARSHALLING YARD,"""RR INSTALLATIONS,  TRACKS,  MARSHALLING YARDS,  AND STATIONS""",50.55,9.67,B17,,,,4.0,,,4.0,NOT INDICATED
147606,182692.0,1945-01-03,8,GERMANY,MARSHALLING YARD,"""RR INSTALLATIONS,  TRACKS,  MARSHALLING YARDS,  AND STATIONS""",50.55,9.67,B17,,,,2.0,,,2.0,NOT INDICATED
147607,182693.0,1945-01-03,8,GERMANY,MARSHALLING YARD,"""RR INSTALLATIONS,  TRACKS,  MARSHALLING YARDS,  AND STATIONS""",50.55,9.67,B17,,,,2.0,,,2.0,NOT INDICATED
147608,182694.0,1945-01-03,8,GERMANY,MARSHALLING YARD,"""RR INSTALLATIONS,  TRACKS,  MARSHALLING YARDS,  AND STATIONS""",50.55,9.67,B17,,,,6.0,,,6.0,NOT INDICATED
147287,182695.0,1945-01-03,8,GERMANY,MARSHALLING YARD,"""RR INSTALLATIONS,  TRACKS,  MARSHALLING YARDS,  AND STATIONS""",50.55,9.67,B17,3.0,9.0,216.0,20.0,5.0,,25.0,F.F.F.
147279,182696.0,1945-01-03,8,GERMANY,MARSHALLING YARD,"""RR INSTALLATIONS,  TRACKS,  MARSHALLING YARDS,  AND STATIONS""",50.55,9.67,B17,3.0,12.0,225.0,27.0,6.0,,33.0,F.F.F.
147294,182697.0,1945-01-03,8,GERMANY,MARSHALLING YARD,"""RR INSTALLATIONS,  TRACKS,  MARSHALLING YARDS,  AND STATIONS""",50.55,9.67,B17,3.0,3.0,214.0,7.0,2.0,,9.0,F.F.F.
147283,182698.0,1945-01-03,8,GERMANY,MARSHALLING YARD,"""RR INSTALLATIONS,  TRACKS,  MARSHALLING YARDS,  AND STATIONS""",50.55,9.67,B17,3.0,11.0,220.0,7.0,6.0,,13.0,F.F.F.
147280,182699.0,1945-01-03,8,GERMANY,MARSHALLING YARD,"""RR INSTALLATIONS,  TRACKS,  MARSHALLING YARDS,  AND STATIONS""",50.55,9.67,B17,3.0,13.0,225.0,25.0,7.0,,32.0,F.F.F.
147297,182700.0,1945-01-03,8,GERMANY,MARSHALLING YARD,"""RR INSTALLATIONS,  TRACKS,  MARSHALLING YARDS,  AND STATIONS""",50.55,9.67,B17,3.0,12.0,213.0,25.0,6.0,,31.0,F.F.F.
147289,182701.0,1945-01-03,8,GERMANY,MARSHALLING YARD,"""RR INSTALLATIONS,  TRACKS,  MARSHALLING YARDS,  AND STATIONS""",50.55,9.67,B17,3.0,2.0,215.0,2.0,1.0,,3.0,F.F.F.
147609,182702.0,1945-01-03,8,GERMANY,MARSHALLING YARD,"""RR INSTALLATIONS,  TRACKS,  MARSHALLING YARDS,  AND STATIONS""",50.55,9.67,B17,3.0,12.0,,27.0,6.0,,33.0,NOT INDICATED
147295,182703.0,1945-01-03,8,GERMANY,MARSHALLING YARD,"""RR INSTALLATIONS,  TRACKS,  MARSHALLING YARDS,  AND STATIONS""",50.55,9.67,B17,3.0,10.0,214.0,16.0,5.0,,21.0,F.F.F.
147276,182704.0,1945-01-03,8,GERMANY,MARSHALLING YARD,"""RR INSTALLATIONS,  TRACKS,  MARSHALLING YARDS,  AND STATIONS""",50.55,9.67,B17,3.0,11.0,230.0,24.0,5.0,,29.0,F.F.F.
147275,182705.0,1945-01-03,8,GERMANY,MARSHALLING YARD,"""RR INSTALLATIONS,  TRACKS,  MARSHALLING YARDS,  AND STATIONS""",50.55,9.67,B17,3.0,13.0,235.0,29.0,6.0,,35.0,F.F.F.
147284,182706.0,1945-01-03,8,GERMANY,MARSHALLING YARD,"""RR INSTALLATIONS,  TRACKS,  MARSHALLING YARDS,  AND STATIONS""",50.55,9.67,B17,3.0,12.0,220.0,30.0,6.0,,36.0,F.F.F.
147278,182707.0,1945-01-03,8,GERMANY,MARSHALLING YARD,"""RR INSTALLATIONS,  TRACKS,  MARSHALLING YARDS,  AND STATIONS""",50.55,9.67,B17,3.0,11.0,226.0,27.0,5.0,,32.0,F.F.F.
147290,182708.0,1945-01-03,8,GERMANY,MARSHALLING YARD,"""RR INSTALLATIONS,  TRACKS,  MARSHALLING YARDS,  AND STATIONS""",50.55,9.67,B17,3.0,10.0,215.0,25.0,5.0,,30.0,F.F.F.
147610,182731.0,1945-01-03,8,GERMANY,RR BRIDGES,"""RR INSTALLATIONS,  TRACKS,  MARSHALLING YARDS,  AND STATIONS""",51.1,6.81,B17,4.0,1.0,,3.0,,,3.0,NOT INDICATED
147611,182732.0,1945-01-03,8,GERMANY,MARSHALLING YARD,"""RR INSTALLATIONS,  TRACKS,  MARSHALLING YARDS,  AND STATIONS""",48.68,12.68,B24,,,,,,,,NOT INDICATED
147612,182733.0,1945-01-03,8,GERMANY,MARSHALLING YARD,"""RR INSTALLATIONS,  TRACKS,  MARSHALLING YARDS,  AND STATIONS""",48.68,12.68,B24,,,,,,,,NOT INDICATED
147613,182734.0,1945-01-03,8,GERMANY,MARSHALLING YARD,"""RR INSTALLATIONS,  TRACKS,  MARSHALLING YARDS,  AND STATIONS""",48.68,12.68,B24,,,,,,,,NOT INDICATED
147285,182735.0,1945-01-03,8,GERMANY,MARSHALLING YARD,"""RR INSTALLATIONS,  TRACKS,  MARSHALLING YARDS,  AND STATIONS""",48.68,12.68,B24,4.0,11.0,220.0,25.0,6.0,,31.0,F.F.F.
147614,182736.0,1945-01-03,8,GERMANY,MARSHALLING YARD,"""RR INSTALLATIONS,  TRACKS,  MARSHALLING YARDS,  AND STATIONS""",48.68,12.68,B24,4.0,11.0,,26.0,6.0,,32.0,NOT INDICATED
147615,182737.0,1945-01-03,8,GERMANY,MARSHALLING YARD,"""RR INSTALLATIONS,  TRACKS,  MARSHALLING YARDS,  AND STATIONS""",48.68,12.68,B24,4.0,1.0,,1.0,1.0,,2.0,NOT INDICATED
147291,182738.0,1945-01-03,8,GERMANY,MARSHALLING YARD,"""RR INSTALLATIONS,  TRACKS,  MARSHALLING YARDS,  AND STATIONS""",48.68,12.68,B24,4.0,7.0,215.0,16.0,3.0,,19.0,F.F.F.
147616,182739.0,1945-01-03,8,GERMANY,MARSHALLING YARD,"""RR INSTALLATIONS,  TRACKS,  MARSHALLING YARDS,  AND STATIONS""",48.68,12.68,B24,4.0,8.0,,18.0,4.0,,22.0,NOT INDICATED
147281,182740.0,1945-01-03,8,GERMANY,MARSHALLING YARD,"""RR INSTALLATIONS,  TRACKS,  MARSHALLING YARDS,  AND STATIONS""",48.68,12.68,B24,4.0,11.0,225.0,24.0,5.0,,29.0,F.F.F.
147617,182741.0,1945-01-03,8,GERMANY,MARSHALLING YARD,"""RR INSTALLATIONS,  TRACKS,  MARSHALLING YARDS,  AND STATIONS""",48.68,12.68,B24,4.0,10.0,,24.0,5.0,,29.0,NOT INDICATED
148904,182782.0,1945-01-04,15,AUSTRIA,MARSHALLING YARD,"""RR INSTALLATIONS,  TRACKS,  MARSHALLING YARDS,  AND STATIONS""",46.8,13.5,B24,2.0,1.0,,2.0,,,2.0,NOT INDICATED
149378,115154.0,1945-01-05,8,GERMANY,BRIDGE,BRIDGES,50.53,7.1,B26,,,130.0,2.0,,,2.0,NOT INDICATED
149376,115155.0,1945-01-05,8,GERMANY,BRIDGE,BRIDGES,50.53,7.1,B26,,,141.0,1.0,,,1.0,NOT INDICATED
149382,115156.0,1945-01-05,8,GERMANY,BRIDGE,BRIDGES,50.53,7.1,B26,,,120.0,53.0,,,53.0,VISUAL
149379,115157.0,1945-01-05,8,GERMANY,BRIDGE,BRIDGES,50.53,7.1,B26,,,130.0,30.0,,,30.0,VISUAL
149384,115196.0,1945-01-05,8,GERMANY,CITY AREA,CITIES TOWNS AND URBAN AREAS,50.35,7.6,B17,3.0,1.0,,3.0,,,3.0,NOT INDICATED
149391,115202.0,1945-01-05,8,GERMANY,CITY AREA,CITIES TOWNS AND URBAN AREAS,49.14,9.22,B17,2.0,1.0,,2.0,1.0,,3.0,NOT INDICATED
149336,182813.0,1945-01-05,15,GERMANY,UNIDENTIFIED TARGET,UNIDENTIFIED TARGETS,47.33,16.67,B17,2.0,1.0,,3.0,,,3.0,NOT INDICATED
149338,182814.0,1945-01-05,15,GERMANY,UNIDENTIFIED TARGETS,UNIDENTIFIED TARGETS,47.67,16.0,B24,2.0,1.0,,2.0,,,2.0,NOT INDICATED
149334,182815.0,1945-01-05,15,GERMANY,UNIDENTIFIED TARGETS,UNIDENTIFIED TARGETS,47.67,16.0,B24,2.0,7.0,220.0,16.0,3.0,,19.0,VISUAL
149385,182828.0,1945-01-05,8,GERMANY,CITY AREA,CITIES TOWNS AND URBAN AREAS,50.35,7.6,B17,3.0,1.0,,3.0,,,3.0,NOT INDICATED
149392,182834.0,1945-01-05,8,GERMANY,CITY AREA,CITIES TOWNS AND URBAN AREAS,49.14,9.22,B17,2.0,1.0,,2.0,1.0,,3.0,NOT INDICATED
149386,182855.0,1945-01-05,8,GERMANY,CITY AREA,CITIES TOWNS AND URBAN AREAS,50.35,7.6,B17,3.0,1.0,,3.0,,,3.0,NOT INDICATED
149393,182861.0,1945-01-05,8,GERMANY,CITY AREA,CITIES TOWNS AND URBAN AREAS,49.14,9.22,B17,2.0,1.0,,2.0,1.0,,3.0,NOT INDICATED
149337,182875.0,1945-01-05,15,GERMANY,UNIDENTIFIED TARGET,UNIDENTIFIED TARGETS,47.33,16.67,B17,2.0,1.0,,3.0,,,3.0,NOT INDICATED
149339,182876.0,1945-01-05,15,GERMANY,UNIDENTIFIED TARGETS,UNIDENTIFIED TARGETS,47.67,16.0,B24,2.0,1.0,,2.0,,,2.0,NOT INDICATED
149335,182877.0,1945-01-05,15,GERMANY,UNIDENTIFIED TARGETS,UNIDENTIFIED TARGETS,47.67,16.0,B24,2.0,7.0,220.0,16.0,3.0,,19.0,VISUAL
149362,182899.0,1945-01-05,8,GERMANY,MARSHALLING YARD,"""RR INSTALLATIONS,  TRACKS,  MARSHALLING YARDS,  AND STATIONS""",50.35,7.6,B17,3.0,9.0,228.0,27.0,,,27.0,F.F.F.
149365,182900.0,1945-01-05,8,GERMANY,MARSHALLING YARD,"""RR INSTALLATIONS,  TRACKS,  MARSHALLING YARDS,  AND STATIONS""",50.35,7.6,B17,3.0,12.0,223.0,36.0,,,36.0,F.F.F.
149359,182901.0,1945-01-05,8,GERMANY,MARSHALLING YARD,"""RR INSTALLATIONS,  TRACKS,  MARSHALLING YARDS,  AND STATIONS""",50.35,7.6,B17,3.0,11.0,233.0,30.0,,,30.0,F.F.F.
149344,182902.0,1945-01-05,8,GERMANY,MARSHALLING YARD,"""RR INSTALLATIONS,  TRACKS,  MARSHALLING YARDS,  AND STATIONS""",50.35,7.6,B17,3.0,10.0,250.0,19.0,,,19.0,F.F.F.
149366,182903.0,1945-01-05,8,GERMANY,MARSHALLING YARD,"""RR INSTALLATIONS,  TRACKS,  MARSHALLING YARDS,  AND STATIONS""",50.35,7.6,B17,3.0,11.0,219.0,21.0,,,21.0,F.F.F.
149357,182904.0,1945-01-05,8,GERMANY,MARSHALLING YARD,"""RR INSTALLATIONS,  TRACKS,  MARSHALLING YARDS,  AND STATIONS""",50.35,7.6,B17,3.0,13.0,239.0,24.0,,,24.0,F.F.F.
149387,182905.0,1945-01-05,8,GERMANY,MARSHALLING YARD,"""RR INSTALLATIONS,  TRACKS,  MARSHALLING YARDS,  AND STATIONS""",50.35,7.6,B17,3.0,1.0,,2.0,,,2.0,NOT INDICATED
149388,182906.0,1945-01-05,8,GERMANY,MARSHALLING YARD,"""RR INSTALLATIONS,  TRACKS,  MARSHALLING YARDS,  AND STATIONS""",50.35,7.6,B17,3.0,1.0,,2.0,,,2.0,NOT INDICATED
149358,182907.0,1945-01-05,8,GERMANY,MARSHALLING YARD,"""RR INSTALLATIONS,  TRACKS,  MARSHALLING YARDS,  AND STATIONS""",50.35,7.6,B17,3.0,11.0,236.0,21.0,,,21.0,F.F.F.
149360,182908.0,1945-01-05,8,GERMANY,MARSHALLING YARD,"""RR INSTALLATIONS,  TRACKS,  MARSHALLING YARDS,  AND STATIONS""",50.35,7.6,B17,3.0,6.0,233.0,11.0,,,11.0,F.F.F.
149351,182909.0,1945-01-05,8,GERMANY,MARSHALLING YARD,"""RR INSTALLATIONS,  TRACKS,  MARSHALLING YARDS,  AND STATIONS""",50.35,7.6,B17,3.0,12.0,246.0,23.0,,,23.0,F.F.F.
149345,182916.0,1945-01-05,8,GERMANY,MARSHALLING YARD,"""RR INSTALLATIONS,  TRACKS,  MARSHALLING YARDS,  AND STATIONS""",50.1,8.67,B17,4.0,8.0,250.0,16.0,4.0,,20.0,VISUAL
149352,182917.0,1945-01-05,8,GERMANY,MARSHALLING YARD,"""RR INSTALLATIONS,  TRACKS,  MARSHALLING YARDS,  AND STATIONS""",50.1,8.67,B17,4.0,12.0,245.0,24.0,6.0,,30.0,VISUAL
149346,182918.0,1945-01-05,8,GERMANY,MARSHALLING YARD,"""RR INSTALLATIONS,  TRACKS,  MARSHALLING YARDS,  AND STATIONS""",50.1,8.67,B17,4.0,8.0,250.0,16.0,4.0,,20.0,F.F.F.
149343,182919.0,1945-01-05,8,GERMANY,MARSHALLING YARD,"""RR INSTALLATIONS,  TRACKS,  MARSHALLING YARDS,  AND STATIONS""",50.1,8.67,B17,4.0,8.0,253.0,16.0,4.0,,20.0,F.F.F.
149356,182920.0,1945-01-05,8,GERMANY,MARSHALLING YARD,"""RR INSTALLATIONS,  TRACKS,  MARSHALLING YARDS,  AND STATIONS""",50.1,8.67,B17,4.0,9.0,240.0,18.0,5.0,,23.0,VISUAL
149347,182921.0,1945-01-05,8,GERMANY,MARSHALLING YARD,"""RR INSTALLATIONS,  TRACKS,  MARSHALLING YARDS,  AND STATIONS""",50.1,8.67,B17,4.0,10.0,250.0,20.0,5.0,,25.0,VISUAL
149340,182922.0,1945-01-05,8,GERMANY,MARSHALLING YARD,"""RR INSTALLATIONS,  TRACKS,  MARSHALLING YARDS,  AND STATIONS""",50.1,8.67,B17,4.0,8.0,256.0,16.0,4.0,,20.0,VISUAL
149355,182923.0,1945-01-05,8,GERMANY,MARSHALLING YARD,"""RR INSTALLATIONS,  TRACKS,  MARSHALLING YARDS,  AND STATIONS""",50.1,8.67,B17,4.0,9.0,244.0,18.0,5.0,,23.0,VISUAL
149353,182924.0,1945-01-05,8,GERMANY,MARSHALLING YARD,"""RR INSTALLATIONS,  TRACKS,  MARSHALLING YARDS,  AND STATIONS""",50.1,8.67,B17,4.0,9.0,245.0,18.0,5.0,,23.0,VISUAL
149389,182925.0,1945-01-05,8,GERMANY,RR,"""RR INSTALLATIONS,  TRACKS,  MARSHALLING YARDS,  AND STATIONS""",50.13,8.93,B17,4.0,1.0,,2.0,1.0,,3.0,NOT INDICATED
149354,182926.0,1945-01-05,8,GERMANY,RR,"""RR INSTALLATIONS,  TRACKS,  MARSHALLING YARDS,  AND STATIONS""",50.13,8.93,B17,4.0,9.0,245.0,16.0,4.0,,20.0,VISUAL
149341,182927.0,1945-01-05,8,GERMANY,RR,"""RR INSTALLATIONS,  TRACKS,  MARSHALLING YARDS,  AND STATIONS""",50.13,8.93,B17,4.0,10.0,255.0,20.0,5.0,,25.0,VISUAL
149348,182928.0,1945-01-05,8,GERMANY,RR,"""RR INSTALLATIONS,  TRACKS,  MARSHALLING YARDS,  AND STATIONS""",50.13,8.93,B17,4.0,9.0,250.0,18.0,5.0,,23.0,VISUAL
149349,182929.0,1945-01-05,8,GERMANY,RR,"""RR INSTALLATIONS,  TRACKS,  MARSHALLING YARDS,  AND STATIONS""",50.13,8.93,B17,4.0,11.0,250.0,22.0,6.0,,28.0,F.F.F.
149342,182930.0,1945-01-05,8,GERMANY,RR,"""RR INSTALLATIONS,  TRACKS,  MARSHALLING YARDS,  AND STATIONS""",50.13,8.93,B17,4.0,9.0,255.0,18.0,5.0,,23.0,F.F.F.
149350,182931.0,1945-01-05,8,GERMANY,RR,"""RR INSTALLATIONS,  TRACKS,  MARSHALLING YARDS,  AND STATIONS""",50.13,8.93,B17,4.0,11.0,250.0,22.0,6.0,,28.0,F.F.F.
149390,182932.0,1945-01-05,8,GERMANY,RR,"""RR INSTALLATIONS,  TRACKS,  MARSHALLING YARDS,  AND STATIONS""",50.13,8.93,B17,2.0,2.0,,4.0,1.0,,5.0,NOT INDICATED
149394,182936.0,1945-01-05,8,GERMANY,MY,"""RR INSTALLATIONS,  TRACKS,  MARSHALLING YARDS,  AND STATIONS""",50.63,6.47,B17,4.0,1.0,,3.0,,,3.0,NOT INDICATED
149363,182937.0,1945-01-05,8,GERMANY,MY,"""RR INSTALLATIONS,  TRACKS,  MARSHALLING YARDS,  AND STATIONS""",50.63,6.47,B17,4.0,11.0,228.0,33.0,,,33.0,GEE
149364,182938.0,1945-01-05,8,GERMANY,MY,"""RR INSTALLATIONS,  TRACKS,  MARSHALLING YARDS,  AND STATIONS""",50.63,6.47,B17,4.0,12.0,228.0,36.0,,,36.0,GEE
149361,182939.0,1945-01-05,8,GERMANY,MY,"""RR INSTALLATIONS,  TRACKS,  MARSHALLING YARDS,  AND STATIONS""",50.63,6.47,B17,4.0,11.0,230.0,33.0,,,33.0,GEE
149395,182940.0,1945-01-05,8,GERMANY,MY,"""RR INSTALLATIONS,  TRACKS,  MARSHALLING YARDS,  AND STATIONS""",50.63,6.47,B17,2.0,1.0,,2.0,,,2.0,NOT INDICATED
149380,215734.0,1945-01-05,8,GERMANY,BRIDGE,BRIDGES,50.53,7.1,B26,,,130.0,2.0,,,2.0,NOT INDICATED
149377,215735.0,1945-01-05,8,GERMANY,BRIDGE,BRIDGES,50.53,7.1,B26,,,141.0,1.0,,,1.0,NOT INDICATED
149383,215736.0,1945-01-05,8,GERMANY,BRIDGE,BRIDGES,50.53,7.1,B26,,,120.0,53.0,,,53.0,VISUAL
149381,215737.0,1945-01-05,8,GERMANY,BRIDGE,BRIDGES,50.53,7.1,B26,,,130.0,30.0,,,30.0,VISUAL
150591,182989.0,1945-01-06,12,GERMANY,UNIDENTIFIED TARGET,UNIDENTIFIED TARGETS,43.33,7.0,B17,2.0,1.0,,3.0,1.0,,4.0,NOT INDICATED
150593,182990.0,1945-01-06,12,GERMANY,UNIDENTIFIED TARGET,UNIDENTIFIED TARGETS,43.33,7.33,B17,2.0,1.0,,3.0,,,3.0,NOT INDICATED
150592,183020.0,1945-01-06,12,GERMANY,UNIDENTIFIED TARGET,UNIDENTIFIED TARGETS,43.33,7.0,B17,2.0,1.0,,3.0,1.0,,4.0,NOT INDICATED
150594,183021.0,1945-01-06,12,GERMANY,UNIDENTIFIED TARGET,UNIDENTIFIED TARGETS,43.33,7.33,B17,2.0,1.0,,3.0,,,3.0,NOT INDICATED
150914,183037.0,1945-01-06,8,GERMANY,RHINE RD BR,BRIDGES,50.73,7.07,B24,,,,1.0,,,1.0,NOT INDICATED
150915,183038.0,1945-01-06,8,GERMANY,RHINE RD BR,BRIDGES,50.73,7.07,B24,,,,1.0,,,1.0,NOT INDICATED
150916,183039.0,1945-01-06,8,GERMANY,RHINE RD BR,BRIDGES,50.73,7.07,B24,,,,1.0,,,1.0,NOT INDICATED
150600,183040.0,1945-01-06,8,GERMANY,RHINE RD BR,BRIDGES,50.73,7.07,B24,4.0,10.0,228.0,27.0,,,27.0,F.F.F.
150917,183041.0,1945-01-06,8,GERMANY,RHINE RD BR,BRIDGES,50.73,7.07,B24,4.0,11.0,,27.0,,,27.0,NOT INDICATED
150918,183042.0,1945-01-06,8,GERMANY,RHINE RD BR,BRIDGES,50.73,7.07,B24,4.0,11.0,,27.0,,,27.0,NOT INDICATED
150598,183043.0,1945-01-06,8,GERMANY,RHINE RD BR,BRIDGES,50.73,7.07,B17,3.0,12.0,237.0,36.0,,,36.0,F.F.F.
150901,183044.0,1945-01-06,8,GERMANY,RHINE RD BR,BRIDGES,50.73,7.07,B17,3.0,12.0,227.0,36.0,,,36.0,F.F.F.
150597,183045.0,1945-01-06,8,GERMANY,RHINE RD BR,BRIDGES,50.73,7.07,B17,3.0,13.0,243.0,39.0,,,39.0,F.F.F.
150919,183046.0,1945-01-06,8,GERMANY,RHINE RD BR,BRIDGES,50.73,7.07,B17,3.0,1.0,,3.0,,,3.0,NOT INDICATED
150920,183047.0,1945-01-06,8,GERMANY,MARSHALLING YARD,"""RR INSTALLATIONS,  TRACKS,  MARSHALLING YARDS,  AND STATIONS""",50.35,7.6,B24,,,,3.0,,,3.0,NOT INDICATED
150921,183048.0,1945-01-06,8,GERMANY,MARSHALLING YARD,"""RR INSTALLATIONS,  TRACKS,  MARSHALLING YARDS,  AND STATIONS""",50.35,7.6,B24,,,,6.0,,,6.0,NOT INDICATED
150922,183049.0,1945-01-06,8,GERMANY,MARSHALLING YARD,"""RR INSTALLATIONS,  TRACKS,  MARSHALLING YARDS,  AND STATIONS""",50.35,7.6,B24,,,,6.0,,,6.0,NOT INDICATED
150923,183050.0,1945-01-06,8,GERMANY,MARSHALLING YARD,"""RR INSTALLATIONS,  TRACKS,  MARSHALLING YARDS,  AND STATIONS""",50.35,7.6,B24,,,,1.0,,,1.0,NOT INDICATED
150924,183051.0,1945-01-06,8,GERMANY,MARSHALLING YARD,"""RR INSTALLATIONS,  TRACKS,  MARSHALLING YARDS,  AND STATIONS""",50.35,7.6,B24,,,,1.0,,,1.0,NOT INDICATED
150925,183052.0,1945-01-06,8,GERMANY,MARSHALLING YARD,"""RR INSTALLATIONS,  TRACKS,  MARSHALLING YARDS,  AND STATIONS""",50.35,7.6,B24,,,,1.0,,,1.0,NOT INDICATED
150926,183053.0,1945-01-06,8,GERMANY,MARSHALLING YARD,"""RR INSTALLATIONS,  TRACKS,  MARSHALLING YARDS,  AND STATIONS""",50.35,7.6,B24,,,,,,,,NOT INDICATED
150927,183054.0,1945-01-06,8,GERMANY,MARSHALLING YARD,"""RR INSTALLATIONS,  TRACKS,  MARSHALLING YARDS,  AND STATIONS""",50.35,7.6,B24,,,,,,,,NOT INDICATED
150902,183055.0,1945-01-06,8,GERMANY,MARSHALLING YARD,"""RR INSTALLATIONS,  TRACKS,  MARSHALLING YARDS,  AND STATIONS""",50.35,7.6,B24,3.0,11.0,225.0,22.0,5.0,,27.0,F.F.F.
150928,183056.0,1945-01-06,8,GERMANY,MARSHALLING YARD,"""RR INSTALLATIONS,  TRACKS,  MARSHALLING YARDS,  AND STATIONS""",50.35,7.6,B24,3.0,11.0,,20.0,5.0,,25.0,NOT INDICATED
150929,183057.0,1945-01-06,8,GERMANY,MARSHALLING YARD,"""RR INSTALLATIONS,  TRACKS,  MARSHALLING YARDS,  AND STATIONS""",50.35,7.6,B24,3.0,11.0,,20.0,5.0,,25.0,NOT INDICATED
150930,183058.0,1945-01-06,8,GERMANY,MARSHALLING YARD,"""RR INSTALLATIONS,  TRACKS,  MARSHALLING YARDS,  AND STATIONS""",50.35,7.6,B24,3.0,1.0,,2.0,1.0,,3.0,NOT INDICATED
150903,183059.0,1945-01-06,8,GERMANY,MARSHALLING YARD,"""RR INSTALLATIONS,  TRACKS,  MARSHALLING YARDS,  AND STATIONS""",50.35,7.6,B24,3.0,11.0,225.0,23.0,5.0,,28.0,F.F.F.
150931,183060.0,1945-01-06,8,GERMANY,MARSHALLING YARD,"""RR INSTALLATIONS,  TRACKS,  MARSHALLING YARDS,  AND STATIONS""",50.35,7.6,B24,3.0,10.0,,20.0,4.0,,24.0,NOT INDICATED
150932,183061.0,1945-01-06,8,GERMANY,MARSHALLING YARD,"""RR INSTALLATIONS,  TRACKS,  MARSHALLING YARDS,  AND STATIONS""",50.35,7.6,B24,3.0,10.0,,23.0,5.0,,28.0,NOT INDICATED
150599,183062.0,1945-01-06,8,GERMANY,MARSHALLING YARD,"""RR INSTALLATIONS,  TRACKS,  MARSHALLING YARDS,  AND STATIONS""",50.35,7.6,B24,3.0,10.0,235.0,23.0,5.0,,28.0,F.F.F.
150933,183063.0,1945-01-06,8,GERMANY,MARSHALLING YARD,"""RR INSTALLATIONS,  TRACKS,  MARSHALLING YARDS,  AND STATIONS""",50.35,7.6,B24,3.0,11.0,,24.0,5.0,,29.0,NOT INDICATED
150934,183064.0,1945-01-06,8,GERMANY,MARSHALLING YARD,"""RR INSTALLATIONS,  TRACKS,  MARSHALLING YARDS,  AND STATIONS""",50.35,7.6,B24,3.0,9.0,,20.0,5.0,,25.0,NOT INDICATED
151767,115253.0,1945-01-07,8,GERMANY,CITY AREA,CITIES TOWNS AND URBAN AREAS,50.35,7.6,B17,2.0,11.0,265.0,32.0,,,32.0,F.F.F.
151768,183160.0,1945-01-07,8,GERMANY,CITY AREA,CITIES TOWNS AND URBAN AREAS,50.35,7.6,B17,2.0,11.0,265.0,32.0,,,32.0,F.F.F.
151769,183178.0,1945-01-07,8,GERMANY,CITY AREA,CITIES TOWNS AND URBAN AREAS,50.35,7.6,B17,2.0,11.0,265.0,32.0,,,32.0,F.F.F.
151793,183206.0,1945-01-07,8,GERMANY,RR,"""RR INSTALLATIONS,  TRACKS,  MARSHALLING YARDS,  AND STATIONS""",48.63,8.07,B24,,,,,6.0,,6.0,NOT INDICATED
151794,183207.0,1945-01-07,8,GERMANY,RR,"""RR INSTALLATIONS,  TRACKS,  MARSHALLING YARDS,  AND STATIONS""",48.63,8.07,B24,,,,,,,,NOT INDICATED
151795,183208.0,1945-01-07,8,GERMANY,RR,"""RR INSTALLATIONS,  TRACKS,  MARSHALLING YARDS,  AND STATIONS""",48.63,8.07,B24,4.0,1.0,,2.0,1.0,,3.0,NOT INDICATED
151785,183209.0,1945-01-07,8,GERMANY,RR,"""RR INSTALLATIONS,  TRACKS,  MARSHALLING YARDS,  AND STATIONS""",48.63,8.07,B24,4.0,9.0,210.0,21.0,5.0,,26.0,VISUAL
151796,183210.0,1945-01-07,8,GERMANY,RR,"""RR INSTALLATIONS,  TRACKS,  MARSHALLING YARDS,  AND STATIONS""",48.63,8.07,B24,4.0,11.0,,25.0,,,25.0,NOT INDICATED
151797,183211.0,1945-01-07,8,GERMANY,RR,"""RR INSTALLATIONS,  TRACKS,  MARSHALLING YARDS,  AND STATIONS""",48.63,8.07,B24,4.0,10.0,,23.0,5.0,,28.0,NOT INDICATED
151782,183212.0,1945-01-07,8,GERMANY,MARSHALLING YARD,"""RR INSTALLATIONS,  TRACKS,  MARSHALLING YARDS,  AND STATIONS""",52.03,8.53,B17,3.0,12.0,222.0,36.0,,,36.0,F.F.F.
151779,183213.0,1945-01-07,8,GERMANY,MARSHALLING YARD,"""RR INSTALLATIONS,  TRACKS,  MARSHALLING YARDS,  AND STATIONS""",52.03,8.53,B17,3.0,11.0,225.0,33.0,,,33.0,F.F.F.
151784,183214.0,1945-01-07,8,GERMANY,MARSHALLING YARD,"""RR INSTALLATIONS,  TRACKS,  MARSHALLING YARDS,  AND STATIONS""",52.03,8.53,B17,3.0,13.0,213.0,35.0,,,35.0,F.F.F.
151776,183215.0,1945-01-07,8,GERMANY,MARSHALLING YARD,"""RR INSTALLATIONS,  TRACKS,  MARSHALLING YARDS,  AND STATIONS""",52.03,8.53,B17,3.0,12.0,232.0,36.0,,,36.0,F.F.F.
151774,183216.0,1945-01-07,8,GERMANY,MARSHALLING YARD,"""RR INSTALLATIONS,  TRACKS,  MARSHALLING YARDS,  AND STATIONS""",52.03,8.53,B17,3.0,13.0,241.0,39.0,,,39.0,F.F.F.
151783,183217.0,1945-01-07,8,GERMANY,MARSHALLING YARD,"""RR INSTALLATIONS,  TRACKS,  MARSHALLING YARDS,  AND STATIONS""",52.03,8.53,B17,3.0,13.0,215.0,38.0,,,38.0,F.F.F.
151773,183218.0,1945-01-07,8,GERMANY,BRIDGE,BRIDGES,50.35,7.6,B17,2.0,12.0,244.0,36.0,,,36.0,F.F.F.
151775,183219.0,1945-01-07,8,GERMANY,BRIDGE,BRIDGES,50.35,7.6,B17,2.0,10.0,240.0,30.0,,,30.0,F.F.F.
151772,183220.0,1945-01-07,8,GERMANY,BRIDGE,BRIDGES,50.35,7.6,B17,2.0,12.0,245.0,36.0,,,36.0,F.F.F.
151798,183221.0,1945-01-07,8,GERMANY,BRIDGE,BRIDGES,50.35,7.6,B17,2.0,1.0,,3.0,,,3.0,NOT INDICATED
151799,183260.0,1945-01-07,8,GERMANY,MARSHALLING YARD,"""RR INSTALLATIONS,  TRACKS,  MARSHALLING YARDS,  AND STATIONS""",48.68,12.68,B24,,,,,5.0,,5.0,NOT INDICATED
151800,183261.0,1945-01-07,8,GERMANY,MARSHALLING YARD,"""RR INSTALLATIONS,  TRACKS,  MARSHALLING YARDS,  AND STATIONS""",48.68,12.68,B24,4.0,,,16.0,6.0,,22.0,NOT INDICATED
151780,183262.0,1945-01-07,8,GERMANY,MARSHALLING YARD,"""RR INSTALLATIONS,  TRACKS,  MARSHALLING YARDS,  AND STATIONS""",48.68,12.68,B24,4.0,11.0,225.0,9.0,,,9.0,GEE
151801,183263.0,1945-01-07,8,GERMANY,MARSHALLING YARD,"""RR INSTALLATIONS,  TRACKS,  MARSHALLING YARDS,  AND STATIONS""",48.68,12.68,B24,4.0,,,16.0,5.0,,21.0,NOT INDICATED
151802,183264.0,1945-01-07,8,GERMANY,MARSHALLING YARD,"""RR INSTALLATIONS,  TRACKS,  MARSHALLING YARDS,  AND STATIONS""",48.68,12.68,B24,4.0,10.0,,8.0,,,8.0,NOT INDICATED
151803,183265.0,1945-01-07,8,GERMANY,MARSHALLING YARD,"""RR INSTALLATIONS,  TRACKS,  MARSHALLING YARDS,  AND STATIONS""",48.68,12.68,B24,4.0,,,9.0,4.0,,13.0,NOT INDICATED
151804,183266.0,1945-01-07,8,GERMANY,MARSHALLING YARD,"""RR INSTALLATIONS,  TRACKS,  MARSHALLING YARDS,  AND STATIONS""",48.68,12.68,B24,4.0,7.0,,8.0,,,8.0,NOT INDICATED
151805,183267.0,1945-01-07,8,GERMANY,MARSHALLING YARD,"""RR INSTALLATIONS,  TRACKS,  MARSHALLING YARDS,  AND STATIONS""",48.68,12.68,B24,4.0,1.0,,1.0,1.0,,2.0,NOT INDICATED
151806,183268.0,1945-01-07,8,GERMANY,MARSHALLING YARD,"""RR INSTALLATIONS,  TRACKS,  MARSHALLING YARDS,  AND STATIONS""",48.68,12.68,B24,4.0,,,,2.0,,2.0,NOT INDICATED
151781,183269.0,1945-01-07,8,GERMANY,MARSHALLING YARD,"""RR INSTALLATIONS,  TRACKS,  MARSHALLING YARDS,  AND STATIONS""",48.68,12.68,B24,4.0,5.0,225.0,11.0,,,11.0,GEE
151807,183270.0,1945-01-07,8,GERMANY,MARSHALLING YARD,"""RR INSTALLATIONS,  TRACKS,  MARSHALLING YARDS,  AND STATIONS""",48.68,12.68,B24,4.0,,,,5.0,,5.0,NOT INDICATED
151808,183271.0,1945-01-07,8,GERMANY,MARSHALLING YARD,"""RR INSTALLATIONS,  TRACKS,  MARSHALLING YARDS,  AND STATIONS""",48.68,12.68,B24,4.0,9.0,,22.0,,,22.0,NOT INDICATED
151809,183272.0,1945-01-07,8,GERMANY,MARSHALLING YARD,"""RR INSTALLATIONS,  TRACKS,  MARSHALLING YARDS,  AND STATIONS""",48.68,12.68,B24,4.0,10.0,,23.0,,,23.0,NOT INDICATED
151810,183273.0,1945-01-07,8,GERMANY,MARSHALLING YARD,"""RR INSTALLATIONS,  TRACKS,  MARSHALLING YARDS,  AND STATIONS""",48.68,12.68,B24,2.0,1.0,,2.0,1.0,,3.0,NOT INDICATED
152682,115277.0,1945-01-08,12,AUSTRIA,CITY AREA,CITIES TOWNS AND URBAN AREAS,46.63,14.3,B17,3.0,1.0,,3.0,,,3.0,F.F.F.
152709,115278.0,1945-01-08,8,AUSTRIA,AREA,CITIES TOWNS AND URBAN AREAS,47.78,13.03,B24,2.0,1.0,,1.0,,,1.0,NOT INDICATED
152683,183308.0,1945-01-08,12,AUSTRIA,CITY AREA,CITIES TOWNS AND URBAN AREAS,46.63,14.3,B17,3.0,1.0,,3.0,,,3.0,F.F.F.
152710,183309.0,1945-01-08,8,AUSTRIA,AREA,CITIES TOWNS AND URBAN AREAS,47.78,13.03,B24,2.0,1.0,,1.0,,,1.0,NOT INDICATED
152684,183338.0,1945-01-08,12,AUSTRIA,CITY AREA,CITIES TOWNS AND URBAN AREAS,46.63,14.3,B17,3.0,1.0,,3.0,,,3.0,F.F.F.
152711,183339.0,1945-01-08,8,AUSTRIA,AREA,CITIES TOWNS AND URBAN AREAS,47.78,13.03,B24,2.0,1.0,,1.0,,,1.0,NOT INDICATED
152677,183376.0,1945-01-08,12,AUSTRIA,RR,"""RR INSTALLATIONS,  TRACKS,  MARSHALLING YARDS,  AND STATIONS""",46.63,14.3,B24,4.0,14.0,250.0,28.0,,,28.0,F.F.F.
152673,183377.0,1945-01-08,12,AUSTRIA,RR,"""RR INSTALLATIONS,  TRACKS,  MARSHALLING YARDS,  AND STATIONS""",46.63,14.3,B17,3.0,,260.0,34.0,,,34.0,F.F.F.
152672,183378.0,1945-01-08,12,AUSTRIA,RR,"""RR INSTALLATIONS,  TRACKS,  MARSHALLING YARDS,  AND STATIONS""",46.63,14.3,B24,3.0,23.0,260.0,42.0,,,42.0,NOT INDICATED
152686,183379.0,1945-01-08,12,AUSTRIA,MARSHALLING YARDS,"""RR INSTALLATIONS,  TRACKS,  MARSHALLING YARDS,  AND STATIONS""",48.3,14.3,B17,4.0,,,27.0,,,27.0,NOT INDICATED
152679,183380.0,1945-01-08,12,AUSTRIA,MARSHALLING YARDS,"""RR INSTALLATIONS,  TRACKS,  MARSHALLING YARDS,  AND STATIONS""",48.3,14.3,B17,4.0,25.0,250.0,48.0,,,48.0,F.F.F.
152674,183381.0,1945-01-08,12,AUSTRIA,MARSHALLING YARDS,"""RR INSTALLATIONS,  TRACKS,  MARSHALLING YARDS,  AND STATIONS""",48.3,14.3,B24,4.0,1.0,260.0,2.0,,,2.0,NOT INDICATED
152675,183382.0,1945-01-08,12,AUSTRIA,MARSHALLING YARDS,"""RR INSTALLATIONS,  TRACKS,  MARSHALLING YARDS,  AND STATIONS""",48.3,14.3,B24,4.0,24.0,260.0,46.0,,,46.0,F.F.F.
152685,183383.0,1945-01-08,12,AUSTRIA,MARSHALLING YARDS,"""RR INSTALLATIONS,  TRACKS,  MARSHALLING YARDS,  AND STATIONS""",48.3,14.3,B24,4.0,,,26.0,,,26.0,NOT INDICATED
152681,183384.0,1945-01-08,12,AUSTRIA,MARSHALLING YARDS,"""RR INSTALLATIONS,  TRACKS,  MARSHALLING YARDS,  AND STATIONS""",48.3,14.3,B24,4.0,23.0,230.0,15.0,,,15.0,VISUAL
152676,183385.0,1945-01-08,12,AUSTRIA,MARSHALLING YARDS,"""RR INSTALLATIONS,  TRACKS,  MARSHALLING YARDS,  AND STATIONS""",48.3,14.3,B24,4.0,14.0,254.0,26.0,,,26.0,F.F.F.
152678,183386.0,1945-01-08,12,AUSTRIA,MARSHALLING YARDS,"""RR INSTALLATIONS,  TRACKS,  MARSHALLING YARDS,  AND STATIONS""",48.3,14.3,B24,4.0,25.0,250.0,48.0,,,48.0,NOT INDICATED
152671,183387.0,1945-01-08,12,AUSTRIA,MARSHALLING YARDS,"""RR INSTALLATIONS,  TRACKS,  MARSHALLING YARDS,  AND STATIONS""",48.3,14.3,B17,4.0,27.0,270.0,34.0,,,34.0,F.F.F.
152669,183388.0,1945-01-08,12,AUSTRIA,MARSHALLING YARDS,"""RR INSTALLATIONS,  TRACKS,  MARSHALLING YARDS,  AND STATIONS""",48.3,14.3,B17,4.0,27.0,283.0,63.0,,,63.0,VISUAL
152680,183389.0,1945-01-08,12,AUSTRIA,MARSHALLING YARDS,"""RR INSTALLATIONS,  TRACKS,  MARSHALLING YARDS,  AND STATIONS""",48.3,14.3,B17,4.0,25.0,236.0,72.0,,,72.0,F.F.F.
152670,183390.0,1945-01-08,12,AUSTRIA,MARSHALLING YARDS,"""RR INSTALLATIONS,  TRACKS,  MARSHALLING YARDS,  AND STATIONS""",48.3,14.3,B17,4.0,24.0,275.0,67.0,,,67.0,F.F.F.
152693,183399.0,1945-01-08,8,GERMANY,RR BRIDGE,BRIDGES,49.75,8.12,B17,4.0,12.0,244.0,36.0,,,36.0,GEE
152703,183400.0,1945-01-08,8,GERMANY,RR BRIDGE,BRIDGES,49.75,8.12,B17,4.0,1.0,,3.0,,,3.0,NOT INDICATED
152697,183401.0,1945-01-08,8,GERMANY,RR BRIDGE,BRIDGES,49.75,8.12,B17,4.0,11.0,240.0,33.0,,,33.0,GEE
152704,183402.0,1945-01-08,8,GERMANY,RR BRIDGE,BRIDGES,49.75,8.12,B17,4.0,1.0,,3.0,,,3.0,NOT INDICATED
152698,183403.0,1945-01-08,8,GERMANY,RR BRIDGE,BRIDGES,49.75,8.12,B17,4.0,11.0,237.0,33.0,,,33.0,GEE
152705,183404.0,1945-01-08,8,GERMANY,RR BRIDGE,BRIDGES,49.75,8.12,B17,3.0,1.0,,2.0,1.0,,3.0,NOT INDICATED
152706,183405.0,1945-01-08,8,GERMANY,RR,"""RR INSTALLATIONS,  TRACKS,  MARSHALLING YARDS,  AND STATIONS""",50.4,10.02,B17,2.0,1.0,,2.0,1.0,,3.0,NOT INDICATED
152687,183406.0,1945-01-08,8,GERMANY,MARSHALLING YARD,"""RR INSTALLATIONS,  TRACKS,  MARSHALLING YARDS,  AND STATIONS""",50.35,7.6,B17,3.0,12.0,275.0,36.0,,,36.0,F.F.F.
152707,183407.0,1945-01-08,8,GERMANY,MARSHALLING YARD,"""RR INSTALLATIONS,  TRACKS,  MARSHALLING YARDS,  AND STATIONS""",50.1,8.67,B17,,,,2.0,,,2.0,NOT INDICATED
152694,183408.0,1945-01-08,8,GERMANY,MARSHALLING YARD,"""RR INSTALLATIONS,  TRACKS,  MARSHALLING YARDS,  AND STATIONS""",50.1,8.67,B17,3.0,12.0,243.0,24.0,6.0,,30.0,F.F.F.
152692,183409.0,1945-01-08,8,GERMANY,MARSHALLING YARD,"""RR INSTALLATIONS,  TRACKS,  MARSHALLING YARDS,  AND STATIONS""",50.1,8.67,B17,3.0,8.0,245.0,16.0,4.0,,20.0,F.F.F.
152700,183410.0,1945-01-08,8,GERMANY,MARSHALLING YARD,"""RR INSTALLATIONS,  TRACKS,  MARSHALLING YARDS,  AND STATIONS""",50.1,8.67,B17,3.0,6.0,231.0,12.0,3.0,,15.0,F.F.F.
152696,183411.0,1945-01-08,8,GERMANY,MARSHALLING YARD,"""RR INSTALLATIONS,  TRACKS,  MARSHALLING YARDS,  AND STATIONS""",50.1,8.67,B17,3.0,12.0,241.0,24.0,6.0,,30.0,F.F.F.
152691,183412.0,1945-01-08,8,GERMANY,MARSHALLING YARD,"""RR INSTALLATIONS,  TRACKS,  MARSHALLING YARDS,  AND STATIONS""",50.1,8.67,B17,3.0,11.0,246.0,22.0,6.0,,28.0,F.F.F.
152702,183413.0,1945-01-08,8,GERMANY,MARSHALLING YARD,"""RR INSTALLATIONS,  TRACKS,  MARSHALLING YARDS,  AND STATIONS""",50.1,8.67,B17,3.0,12.0,227.0,24.0,6.0,,30.0,F.F.F.
152688,183414.0,1945-01-08,8,GERMANY,MARSHALLING YARD,"""RR INSTALLATIONS,  TRACKS,  MARSHALLING YARDS,  AND STATIONS""",50.1,8.67,B17,3.0,11.0,257.0,22.0,6.0,,28.0,F.F.F.
152690,183415.0,1945-01-08,8,GERMANY,MARSHALLING YARD,"""RR INSTALLATIONS,  TRACKS,  MARSHALLING YARDS,  AND STATIONS""",50.1,8.67,B17,3.0,11.0,250.0,22.0,6.0,,28.0,F.F.F.
152708,183416.0,1945-01-08,8,GERMANY,MARSHALLING YARD,"""RR INSTALLATIONS,  TRACKS,  MARSHALLING YARDS,  AND STATIONS""",50.1,8.67,B17,3.0,11.0,,22.0,6.0,,28.0,NOT INDICATED
152701,183417.0,1945-01-08,8,GERMANY,MARSHALLING YARD,"""RR INSTALLATIONS,  TRACKS,  MARSHALLING YARDS,  AND STATIONS""",50.1,8.67,B17,3.0,5.0,231.0,10.0,3.0,,13.0,F.F.F.
152695,183418.0,1945-01-08,8,GERMANY,MARSHALLING YARD,"""RR INSTALLATIONS,  TRACKS,  MARSHALLING YARDS,  AND STATIONS""",50.1,8.67,B17,3.0,12.0,242.0,25.0,6.0,,31.0,F.F.F.
152689,183419.0,1945-01-08,8,GERMANY,MARSHALLING YARD,"""RR INSTALLATIONS,  TRACKS,  MARSHALLING YARDS,  AND STATIONS""",50.1,8.67,B17,3.0,11.0,255.0,25.0,6.0,,31.0,F.F.F.
152699,183420.0,1945-01-08,8,GERMANY,MARSHALLING YARD,"""RR INSTALLATIONS,  TRACKS,  MARSHALLING YARDS,  AND STATIONS""",50.1,8.67,B17,3.0,12.0,235.0,25.0,6.0,,31.0,F.F.F.
153317,115291.0,1945-01-09,8,GERMANY,RR BRIDGE,BRIDGES,49.2,7.97,B26,,,145.0,28.0,,,28.0,NOT INDICATED
153318,215774.0,1945-01-09,8,GERMANY,RR BRIDGE,BRIDGES,49.2,7.97,B26,,,145.0,28.0,,,28.0,NOT INDICATED
153612,115315.0,1945-01-10,8,GERMANY,HANGELAR AD,AIR FIELDS AND AIRDROMES,50.73,7.07,B17,4.0,13.0,275.0,23.0,,,23.0,VISUAL
153618,115316.0,1945-01-10,8,GERMANY,HANGELAR AD,AIR FIELDS AND AIRDROMES,50.73,7.07,B17,4.0,13.0,270.0,25.0,,,25.0,GEE
153624,115317.0,1945-01-10,8,GERMANY,HANGELAR AD,AIR FIELDS AND AIRDROMES,50.73,7.07,B17,4.0,12.0,265.0,23.0,,,23.0,GEE
153609,115318.0,1945-01-10,8,GERMANY,HANGELAR AD,AIR FIELDS AND AIRDROMES,50.73,7.07,B17,4.0,13.0,280.0,24.0,,,24.0,GEE
153629,115319.0,1945-01-10,8,GERMANY,HANGELAR AD,AIR FIELDS AND AIRDROMES,50.73,7.07,B17,4.0,12.0,256.0,23.0,,,23.0,VISUAL
153634,115320.0,1945-01-10,8,GERMANY,HANGELAR AD,AIR FIELDS AND AIRDROMES,50.73,7.07,B17,2.0,1.0,,2.0,,,2.0,NOT INDICATED
153635,115321.0,1945-01-10,8,GERMANY,HANGELAR AD,AIR FIELDS AND AIRDROMES,50.73,7.07,B17,2.0,1.0,,2.0,,,2.0,NOT INDICATED
153636,115322.0,1945-01-10,8,GERMANY,HANGELAR AD,AIR FIELDS AND AIRDROMES,50.73,7.07,B17,2.0,1.0,,3.0,,,3.0,NOT INDICATED
153621,115362.0,1945-01-10,8,GERMANY,CITY AREA,CITIES TOWNS AND URBAN AREAS,51.4,8.57,B17,2.0,8.0,267.0,14.0,,,14.0,VISUAL
153843,115363.0,1945-01-10,8,GERMANY,CITY AREA,CITIES TOWNS AND URBAN AREAS,50.35,7.6,B17,2.0,1.0,,2.0,,,2.0,NOT INDICATED
153615,115366.0,1945-01-10,8,GERMANY,TOWN,CITIES TOWNS AND URBAN AREAS,49.68,7.57,B17,2.0,6.0,274.0,17.0,,,17.0,VISUAL
153632,183439.0,1945-01-10,8,GERMANY,UNIDENTIFIED TARGET,UNIDENTIFIED TARGETS,48.33,7.67,B17,2.0,6.0,229.0,18.0,,,18.0,VISUAL
153622,183454.0,1945-01-10,8,GERMANY,CITY AREA,CITIES TOWNS AND URBAN AREAS,51.4,8.57,B17,2.0,8.0,267.0,14.0,,,14.0,VISUAL
153844,183455.0,1945-01-10,8,GERMANY,CITY AREA,CITIES TOWNS AND URBAN AREAS,50.35,7.6,B17,2.0,1.0,,2.0,,,2.0,NOT INDICATED
153616,183458.0,1945-01-10,8,GERMANY,TOWN,CITIES TOWNS AND URBAN AREAS,49.68,7.57,B17,2.0,6.0,274.0,17.0,,,17.0,VISUAL
153623,183468.0,1945-01-10,8,GERMANY,CITY AREA,CITIES TOWNS AND URBAN AREAS,51.4,8.57,B17,2.0,8.0,267.0,14.0,,,14.0,VISUAL
153845,183469.0,1945-01-10,8,GERMANY,CITY AREA,CITIES TOWNS AND URBAN AREAS,50.35,7.6,B17,2.0,1.0,,2.0,,,2.0,NOT INDICATED
153617,183472.0,1945-01-10,8,GERMANY,TOWN,CITIES TOWNS AND URBAN AREAS,49.68,7.57,B17,2.0,6.0,274.0,17.0,,,17.0,VISUAL
153633,183476.0,1945-01-10,8,GERMANY,UNIDENTIFIED TARGET,UNIDENTIFIED TARGETS,48.33,7.67,B17,2.0,6.0,229.0,18.0,,,18.0,VISUAL
153613,215802.0,1945-01-10,8,GERMANY,HANGELAR AD,AIR FIELDS AND AIRDROMES,50.73,7.07,B17,4.0,13.0,275.0,23.0,,,23.0,VISUAL
153619,215803.0,1945-01-10,8,GERMANY,HANGELAR AD,AIR FIELDS AND AIRDROMES,50.73,7.07,B17,4.0,13.0,270.0,25.0,,,25.0,GEE
153625,215804.0,1945-01-10,8,GERMANY,HANGELAR AD,AIR FIELDS AND AIRDROMES,50.73,7.07,B17,4.0,12.0,265.0,23.0,,,23.0,GEE
153610,215805.0,1945-01-10,8,GERMANY,HANGELAR AD,AIR FIELDS AND AIRDROMES,50.73,7.07,B17,4.0,13.0,280.0,24.0,,,24.0,GEE
153630,215806.0,1945-01-10,8,GERMANY,HANGELAR AD,AIR FIELDS AND AIRDROMES,50.73,7.07,B17,4.0,12.0,256.0,23.0,,,23.0,VISUAL
153637,215807.0,1945-01-10,8,GERMANY,HANGELAR AD,AIR FIELDS AND AIRDROMES,50.73,7.07,B17,2.0,1.0,,2.0,,,2.0,NOT INDICATED
153638,215808.0,1945-01-10,8,GERMANY,HANGELAR AD,AIR FIELDS AND AIRDROMES,50.73,7.07,B17,2.0,1.0,,2.0,,,2.0,NOT INDICATED
153639,215809.0,1945-01-10,8,GERMANY,HANGELAR AD,AIR FIELDS AND AIRDROMES,50.73,7.07,B17,2.0,1.0,,3.0,,,3.0,NOT INDICATED
153614,215834.0,1945-01-10,8,GERMANY,HANGELAR AD,AIR FIELDS AND AIRDROMES,50.73,7.07,B17,4.0,13.0,275.0,23.0,,,23.0,VISUAL
153620,215835.0,1945-01-10,8,GERMANY,HANGELAR AD,AIR FIELDS AND AIRDROMES,50.73,7.07,B17,4.0,13.0,270.0,25.0,,,25.0,GEE
153626,215836.0,1945-01-10,8,GERMANY,HANGELAR AD,AIR FIELDS AND AIRDROMES,50.73,7.07,B17,4.0,12.0,265.0,23.0,,,23.0,GEE
153611,215837.0,1945-01-10,8,GERMANY,HANGELAR AD,AIR FIELDS AND AIRDROMES,50.73,7.07,B17,4.0,13.0,280.0,24.0,,,24.0,GEE
153631,215838.0,1945-01-10,8,GERMANY,HANGELAR AD,AIR FIELDS AND AIRDROMES,50.73,7.07,B17,4.0,12.0,256.0,23.0,,,23.0,VISUAL
153640,215839.0,1945-01-10,8,GERMANY,HANGELAR AD,AIR FIELDS AND AIRDROMES,50.73,7.07,B17,2.0,1.0,,2.0,,,2.0,NOT INDICATED
153641,215840.0,1945-01-10,8,GERMANY,HANGELAR AD,AIR FIELDS AND AIRDROMES,50.73,7.07,B17,2.0,1.0,,2.0,,,2.0,NOT INDICATED
153642,215841.0,1945-01-10,8,GERMANY,HANGELAR AD,AIR FIELDS AND AIRDROMES,50.73,7.07,B17,2.0,1.0,,3.0,,,3.0,NOT INDICATED
154782,115371.0,1945-01-11,8,GERMANY,BRIDGE,BRIDGES,50.53,7.1,B26,,,,,,,,VISUAL
154783,215876.0,1945-01-11,8,GERMANY,BRIDGE,BRIDGES,50.53,7.1,B26,,,,,,,,VISUAL
155385,115409.0,1945-01-13,12,BELGIUM,UNIDENTIFIED TARGET,UNIDENTIFIED TARGETS,37.33,14.0,B17,2.0,1.0,,1.0,,,1.0,NOT INDICATED
155404,115410.0,1945-01-13,8,GERMANY,UNIDENTIFIED TARGET,UNIDENTIFIED TARGETS,51.37,13.0,B17,2.0,1.0,,3.0,,,3.0,NOT INDICATED
155386,183580.0,1945-01-13,12,BELGIUM,UNIDENTIFIED TARGET,UNIDENTIFIED TARGETS,37.33,14.0,B17,2.0,1.0,,1.0,,,1.0,NOT INDICATED
155405,183581.0,1945-01-13,8,GERMANY,UNIDENTIFIED TARGET,UNIDENTIFIED TARGETS,51.37,13.0,B17,2.0,1.0,,3.0,,,3.0,NOT INDICATED
155388,183582.0,1945-01-13,12,GERMANY,UNIDENTIFIED TARGET,UNIDENTIFIED TARGETS,43.33,7.0,B24,2.0,1.0,,1.0,,,1.0,NOT INDICATED
155390,183584.0,1945-01-13,12,GERMANY,UNIDENTIFIED TARGET,UNIDENTIFIED TARGETS,38.67,17.0,B17,2.0,1.0,,2.0,,,2.0,NOT INDICATED
155387,183591.0,1945-01-13,12,BELGIUM,UNIDENTIFIED TARGET,UNIDENTIFIED TARGETS,37.33,14.0,B17,2.0,1.0,,1.0,,,1.0,NOT INDICATED
155406,183592.0,1945-01-13,8,GERMANY,UNIDENTIFIED TARGET,UNIDENTIFIED TARGETS,51.37,13.0,B17,2.0,1.0,,3.0,,,3.0,NOT INDICATED
155389,183593.0,1945-01-13,12,GERMANY,UNIDENTIFIED TARGET,UNIDENTIFIED TARGETS,43.33,7.0,B24,2.0,1.0,,1.0,,,1.0,NOT INDICATED
155391,183595.0,1945-01-13,12,GERMANY,UNIDENTIFIED TARGET,UNIDENTIFIED TARGETS,38.67,17.0,B17,2.0,1.0,,2.0,,,2.0,NOT INDICATED
155400,183602.0,1945-01-13,8,GERMANY,RR,"""RR INSTALLATIONS,  TRACKS,  MARSHALLING YARDS,  AND STATIONS""",50.4,10.02,B17,4.0,12.0,240.0,30.0,,,30.0,VISUAL
155399,183603.0,1945-01-13,8,GERMANY,RR,"""RR INSTALLATIONS,  TRACKS,  MARSHALLING YARDS,  AND STATIONS""",50.4,10.02,B17,4.0,10.0,244.0,25.0,,,25.0,VISUAL
155396,183604.0,1945-01-13,8,GERMANY,RR,"""RR INSTALLATIONS,  TRACKS,  MARSHALLING YARDS,  AND STATIONS""",50.4,10.02,B17,4.0,11.0,250.0,27.0,,,27.0,VISUAL
155392,183605.0,1945-01-13,8,GERMANY,RR,"""RR INSTALLATIONS,  TRACKS,  MARSHALLING YARDS,  AND STATIONS""",50.4,10.02,B17,4.0,9.0,260.0,23.0,,,23.0,VISUAL
155401,183606.0,1945-01-13,8,GERMANY,RR,"""RR INSTALLATIONS,  TRACKS,  MARSHALLING YARDS,  AND STATIONS""",50.4,10.02,B17,4.0,12.0,240.0,30.0,,,30.0,VISUAL
155393,183607.0,1945-01-13,8,GERMANY,RR,"""RR INSTALLATIONS,  TRACKS,  MARSHALLING YARDS,  AND STATIONS""",50.4,10.02,B17,4.0,6.0,256.0,15.0,,,15.0,VISUAL
155397,183608.0,1945-01-13,8,GERMANY,RR,"""RR INSTALLATIONS,  TRACKS,  MARSHALLING YARDS,  AND STATIONS""",50.4,10.02,B17,4.0,12.0,250.0,28.0,,,28.0,VISUAL
155394,183609.0,1945-01-13,8,GERMANY,RR,"""RR INSTALLATIONS,  TRACKS,  MARSHALLING YARDS,  AND STATIONS""",50.4,10.02,B17,4.0,6.0,256.0,15.0,,,15.0,VISUAL
155398,183610.0,1945-01-13,8,GERMANY,RR,"""RR INSTALLATIONS,  TRACKS,  MARSHALLING YARDS,  AND STATIONS""",50.4,10.02,B17,4.0,13.0,248.0,33.0,,,33.0,VISUAL
155402,183611.0,1945-01-13,8,GERMANY,RR,"""RR INSTALLATIONS,  TRACKS,  MARSHALLING YARDS,  AND STATIONS""",50.4,10.02,B17,4.0,11.0,240.0,26.0,,,26.0,VISUAL
155395,183612.0,1945-01-13,8,GERMANY,RR,"""RR INSTALLATIONS,  TRACKS,  MARSHALLING YARDS,  AND STATIONS""",50.4,10.02,B17,4.0,8.0,253.0,20.0,,,20.0,VISUAL
155403,183613.0,1945-01-13,8,GERMANY,RR,"""RR INSTALLATIONS,  TRACKS,  MARSHALLING YARDS,  AND STATIONS""",50.4,10.02,B17,4.0,11.0,236.0,28.0,,,28.0,VISUAL
156038,115451.0,1945-01-14,8,GERMANY,BRIDGE,BRIDGES,50.53,7.1,B26,,,,,,,,NOT INDICATED
156034,115452.0,1945-01-14,8,GERMANY,BRIDGE,BRIDGES,50.53,7.1,B26,,,105.0,48.0,,,48.0,VISUAL
156035,115453.0,1945-01-14,8,GERMANY,BRIDGE,BRIDGES,50.53,7.1,B26,,,105.0,33.0,,,33.0,VISUAL
156039,115454.0,1945-01-14,8,GERMANY,BRIDGE,BRIDGES,50.53,7.1,B26,,,,,,,,NOT INDICATED
156040,115455.0,1945-01-14,8,GERMANY,BRIDGE,BRIDGES,50.53,7.1,B26,,,,,,,,VISUAL
156032,115468.0,1945-01-14,8,GERMANY,BRIDGE,BRIDGES,50.05,7.13,B26,,,110.0,60.0,,,60.0,VISUAL
156246,115469.0,1945-01-14,8,GERMANY,BRIDGE,BRIDGES,50.05,7.13,B26,,,,71.0,,,71.0,VISUAL
156022,183705.0,1945-01-14,12,GERMANY,UNIDENTIFIED TARGET,UNIDENTIFIED TARGETS,44.33,8.0,B17,2.0,1.0,,3.0,,,3.0,NOT INDICATED
156024,183713.0,1945-01-14,12,GERMANY,UNIDENTIFIED TARGET,UNIDENTIFIED TARGETS,45.0,7.33,B17,2.0,1.0,,3.0,,,3.0,NOT INDICATED
156026,183714.0,1945-01-14,12,GERMANY,UNIDENTIFIED TARGET,UNIDENTIFIED TARGETS,45.0,8.0,B17,2.0,1.0,,3.0,,,3.0,NOT INDICATED
156028,183715.0,1945-01-14,12,GERMANY,UNIDENTIFIED TARGET,UNIDENTIFIED TARGETS,45.33,9.67,B17,2.0,1.0,,1.0,,,1.0,NOT INDICATED
156030,183716.0,1945-01-14,12,GERMANY,UNIDENTIFIED TARGET,UNIDENTIFIED TARGETS,46.0,11.67,B17,2.0,1.0,,3.0,,,3.0,NOT INDICATED
156016,183717.0,1945-01-14,15,GERMANY,UNIDENTIFIED TARGET,UNIDENTIFIED TARGETS,46.0,12.0,B17,2.0,1.0,,3.0,,,3.0,NOT INDICATED
156017,183718.0,1945-01-14,15,GERMANY,UNIDENTIFIED TARGET,UNIDENTIFIED TARGETS,46.0,12.0,B17,2.0,1.0,,3.0,,,3.0,VISUAL
156018,183719.0,1945-01-14,15,GERMANY,UNIDENTIFIED TARGET,UNIDENTIFIED TARGETS,46.0,12.0,B17,2.0,1.0,,2.0,,,2.0,NOT INDICATED
156023,183740.0,1945-01-14,12,GERMANY,UNIDENTIFIED TARGET,UNIDENTIFIED TARGETS,44.33,8.0,B17,2.0,1.0,,3.0,,,3.0,NOT INDICATED
156025,183748.0,1945-01-14,12,GERMANY,UNIDENTIFIED TARGET,UNIDENTIFIED TARGETS,45.0,7.33,B17,2.0,1.0,,3.0,,,3.0,NOT INDICATED
156027,183749.0,1945-01-14,12,GERMANY,UNIDENTIFIED TARGET,UNIDENTIFIED TARGETS,45.0,8.0,B17,2.0,1.0,,3.0,,,3.0,NOT INDICATED
156029,183750.0,1945-01-14,12,GERMANY,UNIDENTIFIED TARGET,UNIDENTIFIED TARGETS,45.33,9.67,B17,2.0,1.0,,1.0,,,1.0,NOT INDICATED
156031,183751.0,1945-01-14,12,GERMANY,UNIDENTIFIED TARGET,UNIDENTIFIED TARGETS,46.0,11.67,B17,2.0,1.0,,3.0,,,3.0,NOT INDICATED
156019,183752.0,1945-01-14,15,GERMANY,UNIDENTIFIED TARGET,UNIDENTIFIED TARGETS,46.0,12.0,B17,2.0,1.0,,3.0,,,3.0,NOT INDICATED
156020,183753.0,1945-01-14,15,GERMANY,UNIDENTIFIED TARGET,UNIDENTIFIED TARGETS,46.0,12.0,B17,2.0,1.0,,3.0,,,3.0,VISUAL
156021,183754.0,1945-01-14,15,GERMANY,UNIDENTIFIED TARGET,UNIDENTIFIED TARGETS,46.0,12.0,B17,2.0,1.0,,2.0,,,2.0,NOT INDICATED
156041,215909.0,1945-01-14,8,GERMANY,BRIDGE,BRIDGES,50.53,7.1,B26,,,,,,,,NOT INDICATED
156036,215910.0,1945-01-14,8,GERMANY,BRIDGE,BRIDGES,50.53,7.1,B26,,,105.0,48.0,,,48.0,VISUAL
156037,215911.0,1945-01-14,8,GERMANY,BRIDGE,BRIDGES,50.53,7.1,B26,,,105.0,33.0,,,33.0,VISUAL
156042,215912.0,1945-01-14,8,GERMANY,BRIDGE,BRIDGES,50.53,7.1,B26,,,,,,,,NOT INDICATED
156243,215913.0,1945-01-14,8,GERMANY,BRIDGE,BRIDGES,50.53,7.1,B26,,,,,,,,VISUAL
156033,215917.0,1945-01-14,8,GERMANY,BRIDGE,BRIDGES,50.05,7.13,B26,,,110.0,60.0,,,60.0,VISUAL
156247,215918.0,1945-01-14,8,GERMANY,BRIDGE,BRIDGES,50.05,7.13,B26,,,,71.0,,,71.0,VISUAL
157219,113532.0,1945-01-15,15,AUSTRIA,CENTRAL REPAIR SHOPS,MANUFACTURING INSTALLATIONS (NOT SPECIFICALLY IDENTIFIED BELOW FROM CLASS 11 THROUGH 59),48.2,16.37,B24,4.0,24.0,250.0,44.0,,,44.0,F.F.F.
157233,115522.0,1945-01-15,15,AUSTRIA,FW LOCO PLANT,R.R. MANUFACTURING WORKS AND ROUNDHOUSES,48.2,16.37,B24,4.0,13.0,235.0,25.0,,,25.0,F.F.F.
157234,115523.0,1945-01-15,15,AUSTRIA,FW LOCO PLANT,R.R. MANUFACTURING WORKS AND ROUNDHOUSES,48.2,16.37,B24,4.0,13.0,235.0,25.0,,,25.0,F.F.F.
157231,115548.0,1945-01-15,15,AUSTRIA,FW LOCO PLANT,R.R. MANUFACTURING WORKS AND ROUNDHOUSES,48.2,16.37,B24,4.0,13.0,235.0,25.0,,,25.0,F.F.F.
157232,115549.0,1945-01-15,15,AUSTRIA,FW LOCO PLANT,R.R. MANUFACTURING WORKS AND ROUNDHOUSES,48.2,16.37,B24,4.0,13.0,235.0,25.0,,,25.0,F.F.F.
157447,115551.0,1945-01-15,15,CZECHOSLOVAKIA,UNIDENTIFIED TARGET,UNIDENTIFIED TARGETS,48.15,17.12,B24,2.0,1.0,,2.0,,,2.0,VISUAL
157220,178875.0,1945-01-15,15,AUSTRIA,CENTRAL REPAIR SHOPS,MANUFACTURING INSTALLATIONS (NOT SPECIFICALLY IDENTIFIED BELOW FROM CLASS 11 THROUGH 59),48.2,16.37,B24,4.0,24.0,250.0,44.0,,,44.0,F.F.F.
157448,183852.0,1945-01-15,15,CZECHOSLOVAKIA,UNIDENTIFIED TARGET,UNIDENTIFIED TARGETS,48.15,17.12,B24,2.0,1.0,,2.0,,,2.0,VISUAL
157464,183856.0,1945-01-15,8,GERMANY,UNIDENTIFIED TARGETS,UNIDENTIFIED TARGETS,47.67,8.67,B17,2.0,1.0,,3.0,,,3.0,NOT INDICATED
157235,183858.0,1945-01-15,15,AUSTRIA,FW LOCO PLANT,R.R. MANUFACTURING WORKS AND ROUNDHOUSES,48.2,16.37,B24,4.0,13.0,235.0,25.0,,,25.0,F.F.F.
157236,183859.0,1945-01-15,15,AUSTRIA,FW LOCO PLANT,R.R. MANUFACTURING WORKS AND ROUNDHOUSES,48.2,16.37,B24,4.0,13.0,235.0,25.0,,,25.0,F.F.F.
157446,183861.0,1945-01-15,15,CZECHOSLOVAKIA,UNIDENTIFIED TARGET,UNIDENTIFIED TARGETS,48.15,17.12,B24,2.0,1.0,,2.0,,,2.0,VISUAL
157465,183865.0,1945-01-15,8,GERMANY,UNIDENTIFIED TARGETS,UNIDENTIFIED TARGETS,47.67,8.67,B17,2.0,1.0,,3.0,,,3.0,NOT INDICATED
157451,183867.0,1945-01-15,12,AUSTRIA,MARSHALLING YARDS,"""RR INSTALLATIONS,  TRACKS,  MARSHALLING YARDS,  AND STATIONS""",48.2,16.37,B17,4.0,25.0,263.0,72.0,,,72.0,F.F.F.
157449,183868.0,1945-01-15,12,AUSTRIA,MARSHALLING YARDS,"""RR INSTALLATIONS,  TRACKS,  MARSHALLING YARDS,  AND STATIONS""",48.2,16.37,B17,4.0,23.0,300.0,53.0,,,53.0,F.F.F.
157455,183869.0,1945-01-15,12,AUSTRIA,MARSHALLING YARDS,"""RR INSTALLATIONS,  TRACKS,  MARSHALLING YARDS,  AND STATIONS""",48.2,16.37,B17,4.0,26.0,257.0,75.0,,,75.0,F.F.F.
157450,183870.0,1945-01-15,12,AUSTRIA,MARSHALLING YARDS,"""RR INSTALLATIONS,  TRACKS,  MARSHALLING YARDS,  AND STATIONS""",48.2,16.37,B17,4.0,26.0,296.0,64.0,,,64.0,F.F.F.
157463,183871.0,1945-01-15,12,AUSTRIA,MARSHALLING YARDS,"""RR INSTALLATIONS,  TRACKS,  MARSHALLING YARDS,  AND STATIONS""",48.2,16.37,B17,4.0,27.0,225.0,73.0,,,73.0,F.F.F.
157454,183872.0,1945-01-15,12,AUSTRIA,MARSHALLING YARDS,"""RR INSTALLATIONS,  TRACKS,  MARSHALLING YARDS,  AND STATIONS""",48.2,16.37,B17,4.0,26.0,260.0,74.0,,,74.0,F.F.F.
157457,183873.0,1945-01-15,12,AUSTRIA,MARSHALLING YARDS,"""RR INSTALLATIONS,  TRACKS,  MARSHALLING YARDS,  AND STATIONS""",48.2,16.37,B24,4.0,26.0,245.0,50.0,,,50.0,NOT INDICATED
157462,183874.0,1945-01-15,12,AUSTRIA,MARSHALLING YARDS,"""RR INSTALLATIONS,  TRACKS,  MARSHALLING YARDS,  AND STATIONS""",48.2,16.37,B24,4.0,28.0,235.0,53.0,,,53.0,NOT INDICATED
157461,183875.0,1945-01-15,12,AUSTRIA,MARSHALLING YARDS,"""RR INSTALLATIONS,  TRACKS,  MARSHALLING YARDS,  AND STATIONS""",48.2,16.37,B24,4.0,28.0,236.0,55.0,,,55.0,F.F.F.
157456,183876.0,1945-01-15,12,AUSTRIA,MARSHALLING YARDS,"""RR INSTALLATIONS,  TRACKS,  MARSHALLING YARDS,  AND STATIONS""",48.2,16.37,B24,4.0,24.0,250.0,46.0,,,46.0,NOT INDICATED
157458,183877.0,1945-01-15,12,AUSTRIA,MARSHALLING YARDS,"""RR INSTALLATIONS,  TRACKS,  MARSHALLING YARDS,  AND STATIONS""",48.2,16.37,B24,4.0,19.0,245.0,34.0,,,34.0,F.F.F.
157452,183878.0,1945-01-15,12,AUSTRIA,MARSHALLING YARDS,"""RR INSTALLATIONS,  TRACKS,  MARSHALLING YARDS,  AND STATIONS""",48.2,16.37,B24,4.0,23.0,260.0,44.0,,,44.0,F.F.F.
157459,183879.0,1945-01-15,12,AUSTRIA,MARSHALLING YARDS,"""RR INSTALLATIONS,  TRACKS,  MARSHALLING YARDS,  AND STATIONS""",48.2,16.37,B24,4.0,24.0,240.0,46.0,,,46.0,F.F.F.
157460,183880.0,1945-01-15,12,AUSTRIA,MARSHALLING YARDS,"""RR INSTALLATIONS,  TRACKS,  MARSHALLING YARDS,  AND STATIONS""",48.2,16.37,B24,4.0,25.0,240.0,48.0,,,48.0,F.F.F.
157453,183881.0,1945-01-15,12,AUSTRIA,MARSHALLING YARDS,"""RR INSTALLATIONS,  TRACKS,  MARSHALLING YARDS,  AND STATIONS""",48.2,16.37,B24,4.0,25.0,260.0,38.0,,,38.0,NOT INDICATED
157240,183882.0,1945-01-15,15,GERMANY,MARSHALLING YARD,"""RR INSTALLATIONS,  TRACKS,  MARSHALLING YARDS,  AND STATIONS""",48.37,10.88,B17,3.0,11.0,231.0,33.0,,,33.0,F.F.F.
157227,183883.0,1945-01-15,15,GERMANY,MARSHALLING YARD,"""RR INSTALLATIONS,  TRACKS,  MARSHALLING YARDS,  AND STATIONS""",48.37,10.88,B17,3.0,12.0,236.0,33.0,,,33.0,F.F.F.
157444,183884.0,1945-01-15,15,GERMANY,MARSHALLING YARD,"""RR INSTALLATIONS,  TRACKS,  MARSHALLING YARDS,  AND STATIONS""",48.37,10.88,B17,3.0,13.0,223.0,3.0,36.0,,39.0,F.F.F.
157445,183885.0,1945-01-15,15,GERMANY,MARSHALLING YARD,"""RR INSTALLATIONS,  TRACKS,  MARSHALLING YARDS,  AND STATIONS""",48.37,10.88,B17,3.0,13.0,223.0,24.0,,,24.0,F.F.F.
157215,183886.0,1945-01-15,15,GERMANY,MARSHALLING YARD,"""RR INSTALLATIONS,  TRACKS,  MARSHALLING YARDS,  AND STATIONS""",48.37,10.88,B17,3.0,12.0,252.0,33.0,3.0,,36.0,F.F.F.
157214,183887.0,1945-01-15,15,GERMANY,MARSHALLING YARD,"""RR INSTALLATIONS,  TRACKS,  MARSHALLING YARDS,  AND STATIONS""",48.37,10.88,B17,3.0,11.0,253.0,33.0,,,33.0,F.F.F.
157225,183888.0,1945-01-15,15,GERMANY,MARSHALLING YARD,"""RR INSTALLATIONS,  TRACKS,  MARSHALLING YARDS,  AND STATIONS""",48.37,10.88,B17,3.0,12.0,240.0,,36.0,,36.0,F.F.F.
157216,183889.0,1945-01-15,15,GERMANY,MARSHALLING YARD,"""RR INSTALLATIONS,  TRACKS,  MARSHALLING YARDS,  AND STATIONS""",48.37,10.88,B17,3.0,12.0,251.0,,,25.0,25.0,F.F.F.
157211,183890.0,1945-01-15,15,GERMANY,MARSHALLING YARD,"""RR INSTALLATIONS,  TRACKS,  MARSHALLING YARDS,  AND STATIONS""",48.37,10.88,B17,3.0,9.0,255.0,,,20.0,20.0,F.F.F.
157217,183891.0,1945-01-15,15,GERMANY,MARSHALLING YARD,"""RR INSTALLATIONS,  TRACKS,  MARSHALLING YARDS,  AND STATIONS""",48.37,10.88,B17,3.0,11.0,250.0,,,25.0,25.0,F.F.F.
157226,183892.0,1945-01-15,15,GERMANY,MARSHALLING YARD,"""RR INSTALLATIONS,  TRACKS,  MARSHALLING YARDS,  AND STATIONS""",48.37,10.88,B17,3.0,12.0,240.0,,,26.0,26.0,F.F.F.
157223,183893.0,1945-01-15,15,GERMANY,MARSHALLING YARD,"""RR INSTALLATIONS,  TRACKS,  MARSHALLING YARDS,  AND STATIONS""",48.37,10.88,B17,3.0,13.0,245.0,,,29.0,29.0,F.F.F.
157228,183894.0,1945-01-15,15,GERMANY,MARSHALLING YARD,"""RR INSTALLATIONS,  TRACKS,  MARSHALLING YARDS,  AND STATIONS""",48.37,10.88,B17,3.0,13.0,235.0,,,25.0,25.0,F.F.F.
157221,183895.0,1945-01-15,15,GERMANY,MARSHALLING YARD,"""RR INSTALLATIONS,  TRACKS,  MARSHALLING YARDS,  AND STATIONS""",48.37,10.88,B17,3.0,11.0,249.0,33.0,,,33.0,F.F.F.
157222,183896.0,1945-01-15,15,GERMANY,MARSHALLING YARD,"""RR INSTALLATIONS,  TRACKS,  MARSHALLING YARDS,  AND STATIONS""",48.37,10.88,B17,3.0,13.0,246.0,39.0,,,39.0,F.F.F.
157224,183897.0,1945-01-15,15,GERMANY,MARSHALLING YARD,"""RR INSTALLATIONS,  TRACKS,  MARSHALLING YARDS,  AND STATIONS""",48.37,10.88,B17,3.0,12.0,245.0,,36.0,,36.0,F.F.F.
157212,183898.0,1945-01-15,15,GERMANY,MARSHALLING YARD,"""RR INSTALLATIONS,  TRACKS,  MARSHALLING YARDS,  AND STATIONS""",48.37,10.88,B17,3.0,2.0,255.0,,,4.0,4.0,F.F.F.
157218,183899.0,1945-01-15,15,GERMANY,MARSHALLING YARD,"""RR INSTALLATIONS,  TRACKS,  MARSHALLING YARDS,  AND STATIONS""",48.37,10.88,B17,3.0,12.0,250.0,22.0,,,22.0,F.F.F.
157213,183900.0,1945-01-15,15,GERMANY,MARSHALLING YARD,"""RR INSTALLATIONS,  TRACKS,  MARSHALLING YARDS,  AND STATIONS""",48.37,10.88,B17,3.0,13.0,254.0,23.0,,,23.0,F.F.F.
157241,183901.0,1945-01-15,15,GERMANY,MARSHALLING YARD,"""RR INSTALLATIONS,  TRACKS,  MARSHALLING YARDS,  AND STATIONS""",48.37,10.88,B17,3.0,11.0,229.0,33.0,,,33.0,F.F.F.
157229,183902.0,1945-01-15,15,GERMANY,MARSHALLING YARD,"""RR INSTALLATIONS,  TRACKS,  MARSHALLING YARDS,  AND STATIONS""",48.37,10.88,B17,3.0,13.0,235.0,39.0,,,39.0,F.F.F.
157443,183903.0,1945-01-15,15,GERMANY,MARSHALLING YARD,"""RR INSTALLATIONS,  TRACKS,  MARSHALLING YARDS,  AND STATIONS""",48.37,10.88,B17,3.0,33.0,225.0,,39.0,,39.0,F.F.F.
157239,183904.0,1945-01-15,15,GERMANY,MARSHALLING YARD,"""RR INSTALLATIONS,  TRACKS,  MARSHALLING YARDS,  AND STATIONS""",48.37,10.88,B17,3.0,12.0,233.0,18.0,17.0,,35.0,INSTRUMENT-GENERAL
157230,183905.0,1945-01-15,15,GERMANY,MARSHALLING YARD,"""RR INSTALLATIONS,  TRACKS,  MARSHALLING YARDS,  AND STATIONS""",48.37,10.88,B17,3.0,10.0,235.0,15.0,15.0,,30.0,F.F.F.
157242,183906.0,1945-01-15,15,GERMANY,MARSHALLING YARD,"""RR INSTALLATIONS,  TRACKS,  MARSHALLING YARDS,  AND STATIONS""",48.37,10.88,B17,3.0,10.0,228.0,15.0,15.0,,30.0,F.F.F.
157237,183943.0,1945-01-15,15,AUSTRIA,FW LOCO PLANT,R.R. MANUFACTURING WORKS AND ROUNDHOUSES,48.2,16.37,B24,4.0,13.0,235.0,25.0,,,25.0,F.F.F.
157238,183944.0,1945-01-15,15,AUSTRIA,FW LOCO PLANT,R.R. MANUFACTURING WORKS AND ROUNDHOUSES,48.2,16.37,B24,4.0,13.0,235.0,25.0,,,25.0,F.F.F.
158066,115583.0,1945-01-16,8,GERMANY,BRIDGE,BRIDGES,50.05,7.13,B26,,,130.0,2.0,,,2.0,VISUAL
158062,115584.0,1945-01-16,8,GERMANY,BRIDGE,BRIDGES,50.05,7.13,B26,,,136.0,1.0,,,1.0,VISUAL
158070,115585.0,1945-01-16,8,GERMANY,BRIDGE,BRIDGES,50.05,7.13,B26,,,,,,,,NOT INDICATED
158064,115586.0,1945-01-16,8,GERMANY,BRIDGE,BRIDGES,50.05,7.13,B26,,,135.0,40.0,,,40.0,VISUAL
158067,115587.0,1945-01-16,8,GERMANY,BRIDGE,BRIDGES,50.05,7.13,B26,,,130.0,54.0,,,54.0,VISUAL
157834,115606.0,1945-01-16,15,GERMANY,SCWARTZHEIDE SYN OIL,SYNTHETIC OIL REFINERIES,51.48,13.88,B24,4.0,5.0,245.0,11.0,,,11.0,VISUAL
157841,115607.0,1945-01-16,15,GERMANY,SCWARTZHEIDE SYN OIL,SYNTHETIC OIL REFINERIES,51.48,13.88,B24,4.0,3.0,,8.0,,,8.0,NOT INDICATED
157842,115608.0,1945-01-16,15,GERMANY,SCWARTZHEIDE SYN OIL,SYNTHETIC OIL REFINERIES,51.48,13.88,B24,4.0,4.0,,9.0,,,9.0,NOT INDICATED
158043,115609.0,1945-01-16,15,GERMANY,SCWARTZHEIDE SYN OIL,SYNTHETIC OIL REFINERIES,51.48,13.88,B24,2.0,1.0,,3.0,,,3.0,NOT INDICATED
158047,183949.0,1945-01-16,12,GERMANY,UNIDENTIFIED TARGET,UNIDENTIFIED TARGETS,43.67,11.33,B24,2.0,1.0,,3.0,,,3.0,NOT INDICATED
158048,183976.0,1945-01-16,12,GERMANY,UNIDENTIFIED TARGET,UNIDENTIFIED TARGETS,43.67,11.33,B24,2.0,1.0,,3.0,,,3.0,NOT INDICATED
157835,184013.0,1945-01-16,15,GERMANY,SCWARTZHEIDE SYN OIL,SYNTHETIC OIL REFINERIES,51.48,13.88,B24,4.0,5.0,245.0,11.0,,,11.0,VISUAL
158044,184014.0,1945-01-16,15,GERMANY,SCWARTZHEIDE SYN OIL,SYNTHETIC OIL REFINERIES,51.48,13.88,B24,4.0,3.0,,8.0,,,8.0,NOT INDICATED
158045,184015.0,1945-01-16,15,GERMANY,SCWARTZHEIDE SYN OIL,SYNTHETIC OIL REFINERIES,51.48,13.88,B24,4.0,4.0,,9.0,,,9.0,NOT INDICATED
158046,184016.0,1945-01-16,15,GERMANY,SCWARTZHEIDE SYN OIL,SYNTHETIC OIL REFINERIES,51.48,13.88,B24,2.0,1.0,,3.0,,,3.0,NOT INDICATED
158072,184029.0,1945-01-16,8,GERMANY,HIGHWAY BRIDGE,BRIDGES,51.05,13.75,B24,2.0,7.0,,16.0,,,16.0,NOT INDICATED
158052,184030.0,1945-01-16,8,GERMANY,RR CENTER,"""RR INSTALLATIONS,  TRACKS,  MARSHALLING YARDS,  AND STATIONS""",51.05,13.75,B24,3.0,10.0,225.0,29.0,,,29.0,F.F.F.
158073,184031.0,1945-01-16,8,GERMANY,RR CENTER,"""RR INSTALLATIONS,  TRACKS,  MARSHALLING YARDS,  AND STATIONS""",51.05,13.75,B24,3.0,10.0,,29.0,,,29.0,NOT INDICATED
158074,184032.0,1945-01-16,8,GERMANY,RR CENTER,"""RR INSTALLATIONS,  TRACKS,  MARSHALLING YARDS,  AND STATIONS""",51.05,13.75,B24,3.0,9.0,,26.0,,,26.0,NOT INDICATED
158075,184033.0,1945-01-16,8,GERMANY,RR CENTER,"""RR INSTALLATIONS,  TRACKS,  MARSHALLING YARDS,  AND STATIONS""",51.05,13.75,B24,3.0,2.0,,5.0,,,5.0,NOT INDICATED
158076,184034.0,1945-01-16,8,GERMANY,RR CENTER,"""RR INSTALLATIONS,  TRACKS,  MARSHALLING YARDS,  AND STATIONS""",51.05,13.75,B24,3.0,1.0,,3.0,,,3.0,NOT INDICATED
158077,184035.0,1945-01-16,8,GERMANY,RR CENTER,"""RR INSTALLATIONS,  TRACKS,  MARSHALLING YARDS,  AND STATIONS""",51.05,13.75,B24,3.0,1.0,,1.0,,,1.0,NOT INDICATED
158078,184036.0,1945-01-16,8,GERMANY,RR CENTER,"""RR INSTALLATIONS,  TRACKS,  MARSHALLING YARDS,  AND STATIONS""",51.05,13.75,B24,3.0,1.0,,2.0,,,2.0,NOT INDICATED
158053,184037.0,1945-01-16,8,GERMANY,RR CENTER,"""RR INSTALLATIONS,  TRACKS,  MARSHALLING YARDS,  AND STATIONS""",51.05,13.75,B24,3.0,9.0,225.0,20.0,,,20.0,F.F.F.
158054,184038.0,1945-01-16,8,GERMANY,RR CENTER,"""RR INSTALLATIONS,  TRACKS,  MARSHALLING YARDS,  AND STATIONS""",51.05,13.75,B24,3.0,8.0,225.0,18.0,,,18.0,F.F.F.
158079,184039.0,1945-01-16,8,GERMANY,RR CENTER,"""RR INSTALLATIONS,  TRACKS,  MARSHALLING YARDS,  AND STATIONS""",51.05,13.75,B24,3.0,9.0,,22.0,,,22.0,NOT INDICATED
158080,184040.0,1945-01-16,8,GERMANY,RR CENTER,"""RR INSTALLATIONS,  TRACKS,  MARSHALLING YARDS,  AND STATIONS""",51.05,13.75,B24,3.0,9.0,,21.0,,,21.0,NOT INDICATED
158051,184041.0,1945-01-16,8,GERMANY,RR CENTER,"""RR INSTALLATIONS,  TRACKS,  MARSHALLING YARDS,  AND STATIONS""",51.05,13.75,B24,3.0,9.0,240.0,19.0,,,19.0,VISUAL
158081,184042.0,1945-01-16,8,GERMANY,RR CENTER,"""RR INSTALLATIONS,  TRACKS,  MARSHALLING YARDS,  AND STATIONS""",51.05,13.75,B24,3.0,10.0,,25.0,,,25.0,NOT INDICATED
158082,184043.0,1945-01-16,8,GERMANY,RR CENTER,"""RR INSTALLATIONS,  TRACKS,  MARSHALLING YARDS,  AND STATIONS""",51.05,13.75,B24,3.0,9.0,,,21.0,,21.0,NOT INDICATED
158055,184044.0,1945-01-16,8,GERMANY,RR CENTER,"""RR INSTALLATIONS,  TRACKS,  MARSHALLING YARDS,  AND STATIONS""",51.05,13.75,B24,3.0,8.0,225.0,17.0,,,17.0,F.F.F.
158083,184045.0,1945-01-16,8,GERMANY,RR CENTER,"""RR INSTALLATIONS,  TRACKS,  MARSHALLING YARDS,  AND STATIONS""",51.05,13.75,B24,3.0,10.0,,24.0,,,24.0,NOT INDICATED
158084,184046.0,1945-01-16,8,GERMANY,RR CENTER,"""RR INSTALLATIONS,  TRACKS,  MARSHALLING YARDS,  AND STATIONS""",51.05,13.75,B24,3.0,10.0,,24.0,,,24.0,NOT INDICATED
158085,184047.0,1945-01-16,8,GERMANY,RR CENTER,"""RR INSTALLATIONS,  TRACKS,  MARSHALLING YARDS,  AND STATIONS""",51.05,13.75,B24,2.0,1.0,,2.0,,,2.0,NOT INDICATED
158068,215958.0,1945-01-16,8,GERMANY,BRIDGE,BRIDGES,50.05,7.13,B26,,,130.0,2.0,,,2.0,VISUAL
158063,215959.0,1945-01-16,8,GERMANY,BRIDGE,BRIDGES,50.05,7.13,B26,,,136.0,1.0,,,1.0,VISUAL
158071,215960.0,1945-01-16,8,GERMANY,BRIDGE,BRIDGES,50.05,7.13,B26,,,,,,,,NOT INDICATED
158065,215961.0,1945-01-16,8,GERMANY,BRIDGE,BRIDGES,50.05,7.13,B26,,,135.0,40.0,,,40.0,VISUAL
158069,215962.0,1945-01-16,8,GERMANY,BRIDGE,BRIDGES,50.05,7.13,B26,,,130.0,54.0,,,54.0,VISUAL
158969,184056.0,1945-01-17,8,GERMANY,UNIDENTIFIED TARGETS,UNIDENTIFIED TARGETS,52.0,8.67,B17,2.0,1.0,,3.0,,,3.0,NOT INDICATED
158970,184100.0,1945-01-17,8,GERMANY,UNIDENTIFIED TARGETS,UNIDENTIFIED TARGETS,52.0,8.67,B17,2.0,1.0,,3.0,,,3.0,NOT INDICATED
160310,184172.0,1945-01-19,12,AUSTRIA,RR,"""RR INSTALLATIONS,  TRACKS,  MARSHALLING YARDS,  AND STATIONS""",46.63,14.3,B17,3.0,24.0,240.0,72.0,,,72.0,VISUAL
160620,115754.0,1945-01-20,8,AUSTRIA,UNIDENTIFIED TARGET,UNIDENTIFIED TARGETS,47.78,13.03,B17,3.0,,,3.0,,,3.0,NOT INDICATED
160621,115755.0,1945-01-20,8,AUSTRIA,UNIDENTIFIED TARGET,UNIDENTIFIED TARGETS,47.78,13.03,B17,3.0,6.0,,15.0,,,15.0,NOT INDICATED
160622,184191.0,1945-01-20,8,AUSTRIA,UNIDENTIFIED TARGET,UNIDENTIFIED TARGETS,47.78,13.03,B17,3.0,,,3.0,,,3.0,NOT INDICATED
160623,184192.0,1945-01-20,8,AUSTRIA,UNIDENTIFIED TARGET,UNIDENTIFIED TARGETS,47.78,13.03,B17,3.0,6.0,,15.0,,,15.0,NOT INDICATED
160615,184197.0,1945-01-20,12,GERMANY,UNIDENTIFIED TARGET,UNIDENTIFIED TARGETS,43.33,10.67,B17,2.0,1.0,,2.0,,,2.0,NOT INDICATED
160617,184203.0,1945-01-20,12,GERMANY,UNIDENTIFIED TARGET,UNIDENTIFIED TARGETS,43.67,11.33,B17,2.0,1.0,,,,,,NOT INDICATED
160624,184205.0,1945-01-20,8,AUSTRIA,UNIDENTIFIED TARGET,UNIDENTIFIED TARGETS,47.78,13.03,B17,3.0,,,3.0,,,3.0,NOT INDICATED
160625,184206.0,1945-01-20,8,AUSTRIA,UNIDENTIFIED TARGET,UNIDENTIFIED TARGETS,47.78,13.03,B17,3.0,6.0,,15.0,,,15.0,NOT INDICATED
160616,184211.0,1945-01-20,12,GERMANY,UNIDENTIFIED TARGET,UNIDENTIFIED TARGETS,43.33,10.67,B17,2.0,1.0,,2.0,,,2.0,NOT INDICATED
160618,184217.0,1945-01-20,12,GERMANY,UNIDENTIFIED TARGET,UNIDENTIFIED TARGETS,43.67,11.33,B17,2.0,1.0,,,,,,NOT INDICATED
160603,184226.0,1945-01-20,15,AUSTRIA,COMMUNICATIONS,TRANSPORTATION FACILITIES (NOT SPECIFICALLY IDENTIFIED BELOW),48.3,14.3,B24,4.0,18.0,250.0,32.0,,,32.0,VISUAL
160613,184227.0,1945-01-20,12,AUSTRIA,MARSHALLING YARDS,"""RR INSTALLATIONS,  TRACKS,  MARSHALLING YARDS,  AND STATIONS""",48.3,14.3,B24,4.0,25.0,240.0,36.0,,,36.0,VISUAL
160610,184228.0,1945-01-20,12,AUSTRIA,MARSHALLING YARDS,"""RR INSTALLATIONS,  TRACKS,  MARSHALLING YARDS,  AND STATIONS""",48.3,14.3,B24,4.0,26.0,253.0,45.0,,,45.0,VISUAL
160612,184229.0,1945-01-20,12,AUSTRIA,MARSHALLING YARDS,"""RR INSTALLATIONS,  TRACKS,  MARSHALLING YARDS,  AND STATIONS""",48.3,14.3,B24,4.0,21.0,245.0,34.0,,,34.0,VISUAL
160614,184230.0,1945-01-20,12,AUSTRIA,MARSHALLING YARDS,"""RR INSTALLATIONS,  TRACKS,  MARSHALLING YARDS,  AND STATIONS""",48.3,14.3,B24,4.0,24.0,240.0,40.0,,,40.0,VISUAL
160609,184231.0,1945-01-20,12,AUSTRIA,MARSHALLING YARDS,"""RR INSTALLATIONS,  TRACKS,  MARSHALLING YARDS,  AND STATIONS""",48.3,14.3,B24,4.0,19.0,255.0,31.0,,,31.0,VISUAL
160611,184232.0,1945-01-20,12,AUSTRIA,MARSHALLING YARDS,"""RR INSTALLATIONS,  TRACKS,  MARSHALLING YARDS,  AND STATIONS""",48.3,14.3,B24,4.0,23.0,250.0,44.0,,,44.0,VISUAL
160604,184233.0,1945-01-20,15,AUSTRIA,MARSHALLING YARUS,"""RR INSTALLATIONS,  TRACKS,  MARSHALLING YARDS,  AND STATIONS""",47.78,13.03,B24,4.0,18.0,248.0,31.0,,,31.0,VISUAL
160605,184234.0,1945-01-20,15,AUSTRIA,MARSHALLING YARUS,"""RR INSTALLATIONS,  TRACKS,  MARSHALLING YARDS,  AND STATIONS""",47.78,13.03,B24,4.0,19.0,223.0,34.0,,,34.0,VISUAL
160606,184235.0,1945-01-20,15,AUSTRIA,MARSHALLING YARUS,"""RR INSTALLATIONS,  TRACKS,  MARSHALLING YARDS,  AND STATIONS""",47.78,13.03,B17,3.0,,,8.0,,,8.0,NOT INDICATED
160607,184236.0,1945-01-20,15,AUSTRIA,MARSHALLING YARUS,"""RR INSTALLATIONS,  TRACKS,  MARSHALLING YARDS,  AND STATIONS""",47.78,13.03,B17,3.0,1.0,,2.0,,,2.0,NOT INDICATED
160602,184237.0,1945-01-20,15,AUSTRIA,RR BRIDGE,BRIDGES,47.67,12.33,B17,2.0,1.0,260.0,2.0,,,2.0,VISUAL
160608,184306.0,1945-01-20,15,GERMANY,BRIDGE,BRIDGES,48.0,12.67,B17,2.0,1.0,,3.0,,,3.0,NOT INDICATED
160619,216045.0,1945-01-20,8,GERMANY,FLAK POSITIONS,GUN EMPLACEMENTS,49.08,9.67,A26,,,95.0,,,4.0,4.0,VISUAL
161213,115770.0,1945-01-21,15,AUSTRIA,NOVA OIL REFINERY,OIL REFINERIES,48.12,16.53,B17,4.0,20.0,278.0,50.0,,,50.0,F.F.F.
161221,115771.0,1945-01-21,15,AUSTRIA,NOVA OIL REFINERY,OIL REFINERIES,48.12,16.53,B17,4.0,,,3.0,,,3.0,NOT INDICATED
161215,115772.0,1945-01-21,15,AUSTRIA,NOVA OIL REFINERY,OIL REFINERIES,48.12,16.53,B17,4.0,33.0,270.0,92.0,,,92.0,F.F.F.
161211,115773.0,1945-01-21,15,AUSTRIA,NOVA OIL REFINERY,OIL REFINERIES,48.12,16.53,B17,4.0,24.0,280.0,48.0,,,48.0,F.F.F.
161209,115778.0,1945-01-21,15,AUSTRIA,OIL REFINERY,OIL REFINERIES,48.2,16.37,B17,4.0,35.0,290.0,63.0,,,63.0,F.F.F.
161217,115779.0,1945-01-21,15,AUSTRIA,OIL REFINERY,OIL REFINERIES,48.2,16.37,B17,4.0,35.0,267.0,97.0,,,97.0,F.F.F.
161223,115780.0,1945-01-21,15,AUSTRIA,OIL DEPOT,OIL STORAGE FACILITIES AND OTHER OIL INSTALLATIONS,48.2,16.37,B17,4.0,,,6.0,,,6.0,NOT INDICATED
161219,115781.0,1945-01-21,15,AUSTRIA,OIL DEPOT,OIL STORAGE FACILITIES AND OTHER OIL INSTALLATIONS,48.2,16.37,B17,4.0,22.0,260.0,45.0,,,45.0,F.F.F.
161214,184348.0,1945-01-21,15,AUSTRIA,NOVA OIL REFINERY,OIL REFINERIES,48.12,16.53,B17,4.0,20.0,278.0,50.0,,,50.0,F.F.F.
161222,184349.0,1945-01-21,15,AUSTRIA,NOVA OIL REFINERY,OIL REFINERIES,48.12,16.53,B17,4.0,,,3.0,,,3.0,NOT INDICATED
161216,184350.0,1945-01-21,15,AUSTRIA,NOVA OIL REFINERY,OIL REFINERIES,48.12,16.53,B17,4.0,33.0,270.0,92.0,,,92.0,F.F.F.
161212,184351.0,1945-01-21,15,AUSTRIA,NOVA OIL REFINERY,OIL REFINERIES,48.12,16.53,B17,4.0,24.0,280.0,48.0,,,48.0,F.F.F.
161210,184352.0,1945-01-21,15,AUSTRIA,OIL REFINERY,OIL REFINERIES,48.2,16.37,B17,4.0,35.0,290.0,63.0,,,63.0,F.F.F.
161218,184353.0,1945-01-21,15,AUSTRIA,OIL REFINERY,OIL REFINERIES,48.2,16.37,B17,4.0,35.0,267.0,97.0,,,97.0,F.F.F.
161224,184354.0,1945-01-21,15,AUSTRIA,OIL DEPOT,OIL STORAGE FACILITIES AND OTHER OIL INSTALLATIONS,48.2,16.37,B17,4.0,,,6.0,,,6.0,NOT INDICATED
161220,184355.0,1945-01-21,15,AUSTRIA,OIL DEPOT,OIL STORAGE FACILITIES AND OTHER OIL INSTALLATIONS,48.2,16.37,B17,4.0,22.0,260.0,45.0,,,45.0,F.F.F.
161225,184357.0,1945-01-21,12,AUSTRIA,RR,"""RR INSTALLATIONS,  TRACKS,  MARSHALLING YARDS,  AND STATIONS""",46.63,14.3,B17,4.0,1.0,150.0,3.0,,,3.0,VISUAL
161242,184358.0,1945-01-21,8,GERMANY,MARSHALLING YARD,"""RR INSTALLATIONS,  TRACKS,  MARSHALLING YARDS,  AND STATIONS""",50.0,9.17,B17,3.0,12.0,216.0,18.0,18.0,,36.0,F.F.F.
161450,184359.0,1945-01-21,8,GERMANY,MARSHALLING YARD,"""RR INSTALLATIONS,  TRACKS,  MARSHALLING YARDS,  AND STATIONS""",50.0,9.17,B17,3.0,1.0,,3.0,1.0,,4.0,NOT INDICATED
161230,184360.0,1945-01-21,8,GERMANY,MARSHALLING YARD,"""RR INSTALLATIONS,  TRACKS,  MARSHALLING YARDS,  AND STATIONS""",50.0,9.17,B17,3.0,13.0,230.0,19.0,19.0,,38.0,F.F.F.
161236,184361.0,1945-01-21,8,GERMANY,MARSHALLING YARD,"""RR INSTALLATIONS,  TRACKS,  MARSHALLING YARDS,  AND STATIONS""",50.0,9.17,B17,3.0,11.0,224.0,17.0,16.0,,33.0,F.F.F.
161229,184362.0,1945-01-21,8,GERMANY,MARSHALLING YARD,"""RR INSTALLATIONS,  TRACKS,  MARSHALLING YARDS,  AND STATIONS""",50.0,9.17,B17,3.0,12.0,233.0,16.0,16.0,,32.0,F.F.F.
161238,184363.0,1945-01-21,8,GERMANY,MARSHALLING YARD,"""RR INSTALLATIONS,  TRACKS,  MARSHALLING YARDS,  AND STATIONS""",50.0,9.17,B17,3.0,11.0,221.0,28.0,5.0,,33.0,GEE
161448,184364.0,1945-01-21,8,GERMANY,MARSHALLING YARD,"""RR INSTALLATIONS,  TRACKS,  MARSHALLING YARDS,  AND STATIONS""",50.0,9.17,B17,3.0,14.0,207.0,35.0,7.0,,42.0,GEE
161451,184365.0,1945-01-21,8,GERMANY,MARSHALLING YARD,"""RR INSTALLATIONS,  TRACKS,  MARSHALLING YARDS,  AND STATIONS""",50.0,9.17,B17,3.0,1.0,,2.0,2.0,,4.0,NOT INDICATED
161452,184366.0,1945-01-21,8,GERMANY,MARSHALLING YARD,"""RR INSTALLATIONS,  TRACKS,  MARSHALLING YARDS,  AND STATIONS""",50.0,9.17,B17,3.0,1.0,,3.0,1.0,,4.0,NOT INDICATED
161444,184367.0,1945-01-21,8,GERMANY,MARSHALLING YARD,"""RR INSTALLATIONS,  TRACKS,  MARSHALLING YARDS,  AND STATIONS""",50.0,9.17,B17,3.0,10.0,213.0,23.0,5.0,,28.0,F.F.F.
161449,184368.0,1945-01-21,8,GERMANY,MARSHALLING YARD,"""RR INSTALLATIONS,  TRACKS,  MARSHALLING YARDS,  AND STATIONS""",50.0,9.17,B17,3.0,12.0,201.0,30.0,6.0,,36.0,F.F.F.
161231,184369.0,1945-01-21,8,GERMANY,MARSHALLING YARD,"""RR INSTALLATIONS,  TRACKS,  MARSHALLING YARDS,  AND STATIONS""",50.0,9.17,B17,3.0,13.0,226.0,33.0,7.0,,40.0,F.F.F.
161241,184370.0,1945-01-21,8,GERMANY,MARSHALLING YARD,"""RR INSTALLATIONS,  TRACKS,  MARSHALLING YARDS,  AND STATIONS""",50.0,9.17,B17,3.0,11.0,217.0,28.0,6.0,,34.0,F.F.F.
161447,184371.0,1945-01-21,8,GERMANY,MARSHALLING YARD,"""RR INSTALLATIONS,  TRACKS,  MARSHALLING YARDS,  AND STATIONS""",50.0,9.17,B17,3.0,12.0,212.0,30.0,6.0,,36.0,F.F.F.
161232,184372.0,1945-01-21,8,GERMANY,MARSHALLING YARD,"""RR INSTALLATIONS,  TRACKS,  MARSHALLING YARDS,  AND STATIONS""",50.0,9.17,B17,3.0,12.0,226.0,30.0,6.0,,36.0,F.F.F.
161237,184373.0,1945-01-21,8,GERMANY,MARSHALLING YARD,"""RR INSTALLATIONS,  TRACKS,  MARSHALLING YARDS,  AND STATIONS""",50.0,9.17,B17,3.0,11.0,222.0,17.0,15.0,,32.0,F.F.F.
161234,184374.0,1945-01-21,8,GERMANY,MARSHALLING YARD,"""RR INSTALLATIONS,  TRACKS,  MARSHALLING YARDS,  AND STATIONS""",50.0,9.17,B17,3.0,8.0,225.0,12.0,12.0,,24.0,F.F.F.
161453,184375.0,1945-01-21,8,GERMANY,MARSHALLING YARD,"""RR INSTALLATIONS,  TRACKS,  MARSHALLING YARDS,  AND STATIONS""",50.0,9.17,B17,3.0,1.0,,2.0,1.0,,3.0,NOT INDICATED
161445,184376.0,1945-01-21,8,GERMANY,MARSHALLING YARD,"""RR INSTALLATIONS,  TRACKS,  MARSHALLING YARDS,  AND STATIONS""",50.0,9.17,B17,3.0,13.0,213.0,32.0,7.0,,39.0,F.F.F.
161443,184377.0,1945-01-21,8,GERMANY,MARSHALLING YARD,"""RR INSTALLATIONS,  TRACKS,  MARSHALLING YARDS,  AND STATIONS""",50.0,9.17,B17,3.0,10.0,216.0,25.0,5.0,,30.0,GEE
161240,184378.0,1945-01-21,8,GERMANY,MARSHALLING YARD,"""RR INSTALLATIONS,  TRACKS,  MARSHALLING YARDS,  AND STATIONS""",50.0,9.17,B17,3.0,12.0,220.0,18.0,18.0,,36.0,F.F.F.
161446,184379.0,1945-01-21,8,GERMANY,MARSHALLING YARD,"""RR INSTALLATIONS,  TRACKS,  MARSHALLING YARDS,  AND STATIONS""",50.0,9.17,B17,3.0,12.0,213.0,18.0,18.0,,36.0,F.F.F.
161235,184380.0,1945-01-21,8,GERMANY,MARSHALLING YARD,"""RR INSTALLATIONS,  TRACKS,  MARSHALLING YARDS,  AND STATIONS""",50.0,9.17,B17,3.0,12.0,225.0,18.0,18.0,,36.0,F.F.F.
161233,184381.0,1945-01-21,8,GERMANY,MARSHALLING YARD,"""RR INSTALLATIONS,  TRACKS,  MARSHALLING YARDS,  AND STATIONS""",50.0,9.17,B17,3.0,11.0,226.0,16.0,17.0,,33.0,F.F.F.
161239,184382.0,1945-01-21,8,GERMANY,MARSHALLING YARD,"""RR INSTALLATIONS,  TRACKS,  MARSHALLING YARDS,  AND STATIONS""",50.0,9.17,B17,3.0,12.0,221.0,17.0,17.0,,34.0,F.F.F.
161228,184383.0,1945-01-21,8,GERMANY,MARSHALLING YARD,"""RR INSTALLATIONS,  TRACKS,  MARSHALLING YARDS,  AND STATIONS""",50.0,9.17,B17,3.0,12.0,235.0,18.0,18.0,,36.0,F.F.F.
162121,115827.0,1945-01-22,8,GERMANY,MARSHALLING YARD,"""RR INSTALLATIONS,  TRACKS,  MARSHALLING YARDS,  AND STATIONS""",51.5,11.45,B26,,,117.0,57.0,,,57.0,VISUAL
162125,115828.0,1945-01-22,8,GERMANY,BRIDGE,BRIDGES,50.05,7.13,B26,,,,,,,,NOT INDICATED
162123,115829.0,1945-01-22,8,GERMANY,BRIDGE,BRIDGES,50.05,7.13,B26,,,107.0,57.0,,,57.0,VISUAL
162113,115830.0,1945-01-22,8,GERMANY,BRIDGE,BRIDGES,50.05,7.13,B26,,,137.0,,,,,NOT INDICATED
162119,115831.0,1945-01-22,8,GERMANY,BRIDGE,BRIDGES,50.05,7.13,B26,,,120.0,58.0,,,58.0,VISUAL
162115,115832.0,1945-01-22,8,GERMANY,BRIDGE,BRIDGES,50.05,7.13,B26,,,129.0,1.0,,,1.0,VISUAL
162117,115833.0,1945-01-22,8,GERMANY,BRIDGE,BRIDGES,50.05,7.13,B26,,,121.0,1.0,,,1.0,VISUAL
162108,184445.0,1945-01-22,15,HOLLAND OR NETHERLANDS,UNIDENTIFIED TARGETS,UNIDENTIFIED TARGETS,46.67,15.0,B17,2.0,1.0,,3.0,,,3.0,NOT INDICATED
162109,184446.0,1945-01-22,15,HOLLAND OR NETHERLANDS,UNIDENTIFIED TARGETS,UNIDENTIFIED TARGETS,46.67,15.0,B17,2.0,1.0,,3.0,,,3.0,NOT INDICATED
162110,184449.0,1945-01-22,15,HOLLAND OR NETHERLANDS,UNIDENTIFIED TARGETS,UNIDENTIFIED TARGETS,46.67,15.0,B17,2.0,1.0,,3.0,,,3.0,NOT INDICATED
162122,216071.0,1945-01-22,8,GERMANY,MARSHALLING YARD,"""RR INSTALLATIONS,  TRACKS,  MARSHALLING YARDS,  AND STATIONS""",51.5,11.45,B26,,,117.0,57.0,,,57.0,VISUAL
162126,216072.0,1945-01-22,8,GERMANY,BRIDGE,BRIDGES,50.05,7.13,B26,,,,,,,,NOT INDICATED
162124,216073.0,1945-01-22,8,GERMANY,BRIDGE,BRIDGES,50.05,7.13,B26,,,107.0,57.0,,,57.0,VISUAL
162114,216074.0,1945-01-22,8,GERMANY,BRIDGE,BRIDGES,50.05,7.13,B26,,,137.0,,,,,NOT INDICATED
162120,216075.0,1945-01-22,8,GERMANY,BRIDGE,BRIDGES,50.05,7.13,B26,,,120.0,58.0,,,58.0,VISUAL
162116,216076.0,1945-01-22,8,GERMANY,BRIDGE,BRIDGES,50.05,7.13,B26,,,129.0,1.0,,,1.0,VISUAL
162118,216077.0,1945-01-22,8,GERMANY,BRIDGE,BRIDGES,50.05,7.13,B26,,,121.0,1.0,,,1.0,VISUAL
162711,115890.0,1945-01-23,8,GERMANY,TROOP CONCENTRATIONS,TROOP CONCENTRATIONS,51.5,11.45,A26,,,30.0,,,5.0,5.0,NOT INDICATED
162713,216120.0,1945-01-23,8,GERMANY,TROOP CONCENTRATIONS,TROOP CONCENTRATIONS,51.5,11.45,A26,,,3.0,,,5.0,5.0,NOT INDICATED
162712,216121.0,1945-01-23,8,GERMANY,TROOP CONCENTRATIONS,TROOP CONCENTRATIONS,51.5,11.45,A26,,,30.0,,,5.0,5.0,NOT INDICATED
163282,115895.0,1945-01-25,8,GERMANY,BRIDGE,BRIDGES,51.2,6.85,B26,,,142.0,1.0,,,1.0,VISUAL
163284,115896.0,1945-01-25,8,GERMANY,BRIDGE,BRIDGES,51.2,6.85,B26,,,140.0,34.0,,,34.0,VISUAL
163283,216127.0,1945-01-25,8,GERMANY,BRIDGE,BRIDGES,51.2,6.85,B26,,,142.0,1.0,,,1.0,VISUAL
163285,216128.0,1945-01-25,8,GERMANY,BRIDGE,BRIDGES,51.2,6.85,B26,,,140.0,34.0,,,34.0,VISUAL
164241,115948.0,1945-01-28,8,GERMANY,BRIDGE,BRIDGES,51.2,6.85,B26,,,125.0,1.0,,,1.0,NOT INDICATED
164242,115949.0,1945-01-28,8,GERMANY,BRIDGE,BRIDGES,51.2,6.85,B26,,,125.0,27.0,,,27.0,NOT INDICATED
164445,184499.0,1945-01-28,8,GERMANY,UNIDENTIFIED TARGETS,UNIDENTIFIED TARGETS,46.33,0.67,B17,2.0,1.0,,3.0,,,3.0,NOT INDICATED
164447,184500.0,1945-01-28,8,GERMANY,UNIDENTIFIED TARGETS,UNIDENTIFIED TARGETS,46.33,2.33,B17,2.0,1.0,,3.0,,,3.0,NOT INDICATED
164446,184544.0,1945-01-28,8,GERMANY,UNIDENTIFIED TARGETS,UNIDENTIFIED TARGETS,46.33,0.67,B17,2.0,1.0,,3.0,,,3.0,NOT INDICATED
164448,184545.0,1945-01-28,8,GERMANY,UNIDENTIFIED TARGETS,UNIDENTIFIED TARGETS,46.33,2.33,B17,2.0,1.0,,3.0,,,3.0,NOT INDICATED
164240,184578.0,1945-01-28,8,GERMANY,MARSHALLING YARD,"""RR INSTALLATIONS,  TRACKS,  MARSHALLING YARDS,  AND STATIONS""",52.03,8.53,B17,2.0,7.0,251.0,18.0,,,18.0,F.F.F.
164443,216146.0,1945-01-28,8,GERMANY,BRIDGE,BRIDGES,51.2,6.85,B26,,,125.0,1.0,,,1.0,NOT INDICATED
164444,216147.0,1945-01-28,8,GERMANY,BRIDGE,BRIDGES,51.2,6.85,B26,,,125.0,27.0,,,27.0,NOT INDICATED
165753,116004.0,1945-01-29,8,GERMANY,SUPPLY AND COMM CENTER,TRANSPORTATION FACILITIES (NOT SPECIFICALLY IDENTIFIED BELOW),50.53,7.1,A26,,,120.0,45.0,,,45.0,VISUAL
165755,116005.0,1945-01-29,8,GERMANY,SUPPLY AND COMM CENTER,TRANSPORTATION FACILITIES (NOT SPECIFICALLY IDENTIFIED BELOW),50.53,7.1,A20,,,,6.0,,,6.0,VISUAL
165529,116044.0,1945-01-29,8,GERMANY,CITY AREA,CITIES TOWNS AND URBAN AREAS,50.35,7.6,B17,2.0,13.0,245.0,,39.0,,39.0,F.F.F.
165526,116045.0,1945-01-29,8,GERMANY,CITY AREA,CITIES TOWNS AND URBAN AREAS,50.35,7.6,B17,2.0,12.0,246.0,33.0,,,33.0,F.F.F.
165520,116046.0,1945-01-29,8,GERMANY,CITY AREA,CITIES TOWNS AND URBAN AREAS,50.35,7.6,B17,2.0,9.0,251.0,27.0,,,27.0,F.F.F.
165751,116047.0,1945-01-29,8,GERMANY,CITY AREA,CITIES TOWNS AND URBAN AREAS,51.5,11.45,B26,,,125.0,63.0,,,63.0,VISUAL
165777,184653.0,1945-01-29,8,GERMANY,UNIDENTIFIED TARGETS,UNIDENTIFIED TARGETS,47.33,0.33,B17,2.0,1.0,,3.0,,,3.0,NOT INDICATED
165530,184657.0,1945-01-29,8,GERMANY,CITY AREA,CITIES TOWNS AND URBAN AREAS,50.35,7.6,B17,2.0,13.0,245.0,,39.0,,39.0,F.F.F.
165527,184658.0,1945-01-29,8,GERMANY,CITY AREA,CITIES TOWNS AND URBAN AREAS,50.35,7.6,B17,2.0,12.0,246.0,33.0,,,33.0,F.F.F.
165521,184659.0,1945-01-29,8,GERMANY,CITY AREA,CITIES TOWNS AND URBAN AREAS,50.35,7.6,B17,2.0,9.0,251.0,27.0,,,27.0,F.F.F.
165752,184663.0,1945-01-29,8,GERMANY,CITY AREA,CITIES TOWNS AND URBAN AREAS,51.5,11.45,B26,,,125.0,63.0,,,63.0,VISUAL
165531,184667.0,1945-01-29,8,GERMANY,CITY AREA,CITIES TOWNS AND URBAN AREAS,50.35,7.6,B17,2.0,13.0,245.0,,39.0,,39.0,F.F.F.
165528,184668.0,1945-01-29,8,GERMANY,CITY AREA,CITIES TOWNS AND URBAN AREAS,50.35,7.6,B17,2.0,12.0,246.0,33.0,,,33.0,F.F.F.
165522,184669.0,1945-01-29,8,GERMANY,CITY AREA,CITIES TOWNS AND URBAN AREAS,50.35,7.6,B17,2.0,9.0,251.0,27.0,,,27.0,F.F.F.
165778,184672.0,1945-01-29,8,GERMANY,UNIDENTIFIED TARGETS,UNIDENTIFIED TARGETS,47.33,0.33,B17,2.0,1.0,,3.0,,,3.0,NOT INDICATED
165757,184687.0,1945-01-29,8,GERMANY,MARSHALLING YARD,"""RR INSTALLATIONS,  TRACKS,  MARSHALLING YARDS,  AND STATIONS""",49.85,7.87,B17,3.0,1.0,,3.0,,,3.0,NOT INDICATED
165542,184688.0,1945-01-29,8,GERMANY,MARSHALLING YARD,"""RR INSTALLATIONS,  TRACKS,  MARSHALLING YARDS,  AND STATIONS""",49.85,7.87,B17,2.0,11.0,227.0,32.0,,,32.0,F.F.F.
165749,184689.0,1945-01-29,8,GERMANY,MARSHALLING YARD,"""RR INSTALLATIONS,  TRACKS,  MARSHALLING YARDS,  AND STATIONS""",49.85,7.87,B17,2.0,33.0,219.0,39.0,,,39.0,F.F.F.
165540,184690.0,1945-01-29,8,GERMANY,MARSHALLING YARD,"""RR INSTALLATIONS,  TRACKS,  MARSHALLING YARDS,  AND STATIONS""",49.85,7.87,B17,2.0,12.0,232.0,3.0,33.0,,36.0,F.F.F.
165516,184691.0,1945-01-29,8,GERMANY,MARSHALLING YARD,"""RR INSTALLATIONS,  TRACKS,  MARSHALLING YARDS,  AND STATIONS""",52.03,8.53,B17,1.0,11.0,260.0,33.0,,,33.0,F.F.F.
165515,184692.0,1945-01-29,8,GERMANY,MARSHALLING YARD,"""RR INSTALLATIONS,  TRACKS,  MARSHALLING YARDS,  AND STATIONS""",52.03,8.53,B17,1.0,11.0,264.0,33.0,,,33.0,F.F.F.
165517,184693.0,1945-01-29,8,GERMANY,MARSHALLING YARD,"""RR INSTALLATIONS,  TRACKS,  MARSHALLING YARDS,  AND STATIONS""",52.03,8.53,B17,1.0,7.0,260.0,18.0,,,18.0,VISUAL
165538,184694.0,1945-01-29,8,GERMANY,MARSHALLING YARD,"""RR INSTALLATIONS,  TRACKS,  MARSHALLING YARDS,  AND STATIONS""",52.03,8.53,B17,1.0,12.0,233.0,,36.0,,36.0,F.F.F.
165524,184695.0,1945-01-29,8,GERMANY,MARSHALLING YARD,"""RR INSTALLATIONS,  TRACKS,  MARSHALLING YARDS,  AND STATIONS""",52.03,8.53,B17,1.0,13.0,250.0,,39.0,,39.0,F.F.F.
165519,184696.0,1945-01-29,8,GERMANY,MARSHALLING YARD,"""RR INSTALLATIONS,  TRACKS,  MARSHALLING YARDS,  AND STATIONS""",52.03,8.53,B17,1.0,11.0,255.0,33.0,,,33.0,F.F.F.
165518,184697.0,1945-01-29,8,GERMANY,MARSHALLING YARD,"""RR INSTALLATIONS,  TRACKS,  MARSHALLING YARDS,  AND STATIONS""",52.03,8.53,B17,1.0,12.0,260.0,36.0,,,36.0,F.F.F.
165525,184698.0,1945-01-29,8,GERMANY,MARSHALLING YARD,"""RR INSTALLATIONS,  TRACKS,  MARSHALLING YARDS,  AND STATIONS""",50.35,7.6,B17,4.0,11.0,249.0,32.0,,,32.0,F.F.F.
165758,184699.0,1945-01-29,8,GERMANY,MARSHALLING YARD,"""RR INSTALLATIONS,  TRACKS,  MARSHALLING YARDS,  AND STATIONS""",50.35,7.6,B17,3.0,1.0,,3.0,,,3.0,NOT INDICATED
165532,184700.0,1945-01-29,8,GERMANY,MARSHALLING YARD,"""RR INSTALLATIONS,  TRACKS,  MARSHALLING YARDS,  AND STATIONS""",50.35,7.6,B17,3.0,11.0,241.0,33.0,,,33.0,F.F.F.
165536,184701.0,1945-01-29,8,GERMANY,MARSHALLING YARD,"""RR INSTALLATIONS,  TRACKS,  MARSHALLING YARDS,  AND STATIONS""",50.35,7.6,B17,3.0,10.0,237.0,30.0,,,30.0,F.F.F.
165759,184702.0,1945-01-29,8,GERMANY,MARSHALLING YARD,"""RR INSTALLATIONS,  TRACKS,  MARSHALLING YARDS,  AND STATIONS""",50.35,7.6,B17,3.0,1.0,,3.0,,,3.0,NOT INDICATED
165534,184703.0,1945-01-29,8,GERMANY,MARSHALLING YARD,"""RR INSTALLATIONS,  TRACKS,  MARSHALLING YARDS,  AND STATIONS""",50.35,7.6,B17,3.0,11.0,240.0,33.0,,,33.0,F.F.F.
165743,184704.0,1945-01-29,8,GERMANY,MARSHALLING YARD,"""RR INSTALLATIONS,  TRACKS,  MARSHALLING YARDS,  AND STATIONS""",50.35,7.6,B17,3.0,12.0,225.0,36.0,,,36.0,F.F.F.
165537,184705.0,1945-01-29,8,GERMANY,MARSHALLING YARD,"""RR INSTALLATIONS,  TRACKS,  MARSHALLING YARDS,  AND STATIONS""",50.35,7.6,B17,3.0,12.0,236.0,36.0,,,36.0,F.F.F.
165523,184706.0,1945-01-29,8,GERMANY,MARSHALLING YARD,"""RR INSTALLATIONS,  TRACKS,  MARSHALLING YARDS,  AND STATIONS""",50.35,7.6,B17,3.0,11.0,251.0,33.0,,,33.0,F.F.F.
165539,184707.0,1945-01-29,8,GERMANY,MARSHALLING YARD,"""RR INSTALLATIONS,  TRACKS,  MARSHALLING YARDS,  AND STATIONS""",50.35,7.6,B17,3.0,12.0,233.0,36.0,,,36.0,F.F.F.
165533,184708.0,1945-01-29,8,GERMANY,MARSHALLING YARD,"""RR INSTALLATIONS,  TRACKS,  MARSHALLING YARDS,  AND STATIONS""",50.35,7.6,B17,3.0,11.0,241.0,30.0,,,30.0,F.F.F.
165760,184744.0,1945-01-29,8,GERMANY,R R,"""RR INSTALLATIONS,  TRACKS,  MARSHALLING YARDS,  AND STATIONS""",50.13,8.46,B24,,,,22.0,,,22.0,NOT INDICATED
165744,184745.0,1945-01-29,8,GERMANY,R R,"""RR INSTALLATIONS,  TRACKS,  MARSHALLING YARDS,  AND STATIONS""",50.13,8.46,B24,3.0,8.0,223.0,22.0,,,22.0,H2X
165761,184746.0,1945-01-29,8,GERMANY,R R,"""RR INSTALLATIONS,  TRACKS,  MARSHALLING YARDS,  AND STATIONS""",50.13,8.46,B24,3.0,11.0,,31.0,,,31.0,NOT INDICATED
165745,184747.0,1945-01-29,8,GERMANY,R R,"""RR INSTALLATIONS,  TRACKS,  MARSHALLING YARDS,  AND STATIONS""",50.13,8.46,B24,3.0,10.0,220.0,26.0,,,26.0,H2X
165762,184748.0,1945-01-29,8,GERMANY,R R,"""RR INSTALLATIONS,  TRACKS,  MARSHALLING YARDS,  AND STATIONS""",50.13,8.46,B24,3.0,9.0,,1.0,,,1.0,NOT INDICATED
165763,184749.0,1945-01-29,8,GERMANY,R R,"""RR INSTALLATIONS,  TRACKS,  MARSHALLING YARDS,  AND STATIONS""",50.13,8.46,B24,3.0,9.0,,25.0,,,25.0,NOT INDICATED
165764,184750.0,1945-01-29,8,GERMANY,R R,"""RR INSTALLATIONS,  TRACKS,  MARSHALLING YARDS,  AND STATIONS""",50.13,8.46,B24,3.0,10.0,,28.0,,,28.0,NOT INDICATED
165750,184751.0,1945-01-29,8,GERMANY,R R,"""RR INSTALLATIONS,  TRACKS,  MARSHALLING YARDS,  AND STATIONS""",50.13,8.46,B24,3.0,10.0,215.0,25.0,,,25.0,H2X
165765,184752.0,1945-01-29,8,GERMANY,R R,"""RR INSTALLATIONS,  TRACKS,  MARSHALLING YARDS,  AND STATIONS""",50.13,8.46,B24,3.0,10.0,,28.0,,,28.0,NOT INDICATED
165541,184753.0,1945-01-29,8,GERMANY,R R,"""RR INSTALLATIONS,  TRACKS,  MARSHALLING YARDS,  AND STATIONS""",50.13,8.46,B24,3.0,9.0,230.0,25.0,,,25.0,H2X
165766,184754.0,1945-01-29,8,GERMANY,R R,"""RR INSTALLATIONS,  TRACKS,  MARSHALLING YARDS,  AND STATIONS""",50.13,8.46,B24,3.0,10.0,,30.0,,,30.0,NOT INDICATED
165767,184755.0,1945-01-29,8,GERMANY,R R,"""RR INSTALLATIONS,  TRACKS,  MARSHALLING YARDS,  AND STATIONS""",50.13,8.46,B24,3.0,,,23.0,,,23.0,NOT INDICATED
165768,184756.0,1945-01-29,8,GERMANY,R R,"""RR INSTALLATIONS,  TRACKS,  MARSHALLING YARDS,  AND STATIONS""",50.13,8.46,B24,3.0,9.0,,2.0,,,2.0,NOT INDICATED
165535,184757.0,1945-01-29,8,GERMANY,R R,"""RR INSTALLATIONS,  TRACKS,  MARSHALLING YARDS,  AND STATIONS""",50.13,8.46,B24,3.0,7.0,240.0,20.0,,,20.0,H2X
165769,184758.0,1945-01-29,8,GERMANY,R R,"""RR INSTALLATIONS,  TRACKS,  MARSHALLING YARDS,  AND STATIONS""",50.13,8.46,B24,3.0,9.0,,26.0,,,26.0,NOT INDICATED
165770,184759.0,1945-01-29,8,GERMANY,R R,"""RR INSTALLATIONS,  TRACKS,  MARSHALLING YARDS,  AND STATIONS""",50.13,8.46,B24,3.0,9.0,,26.0,,,26.0,NOT INDICATED
165771,184760.0,1945-01-29,8,GERMANY,R R,"""RR INSTALLATIONS,  TRACKS,  MARSHALLING YARDS,  AND STATIONS""",50.13,8.46,B24,3.0,,,25.0,,,25.0,NOT INDICATED
165746,184761.0,1945-01-29,8,GERMANY,R R,"""RR INSTALLATIONS,  TRACKS,  MARSHALLING YARDS,  AND STATIONS""",50.13,8.46,B24,3.0,10.0,220.0,1.0,,,1.0,H2X
165772,184762.0,1945-01-29,8,GERMANY,R R,"""RR INSTALLATIONS,  TRACKS,  MARSHALLING YARDS,  AND STATIONS""",50.13,8.46,B24,3.0,9.0,,26.0,,,26.0,NOT INDICATED
165773,184763.0,1945-01-29,8,GERMANY,R R,"""RR INSTALLATIONS,  TRACKS,  MARSHALLING YARDS,  AND STATIONS""",50.13,8.46,B24,3.0,9.0,,26.0,,,26.0,NOT INDICATED
165774,184764.0,1945-01-29,8,GERMANY,R R,"""RR INSTALLATIONS,  TRACKS,  MARSHALLING YARDS,  AND STATIONS""",50.13,8.46,B24,3.0,8.0,,23.0,,,23.0,NOT INDICATED
165747,184765.0,1945-01-29,8,GERMANY,R R,"""RR INSTALLATIONS,  TRACKS,  MARSHALLING YARDS,  AND STATIONS""",50.13,8.46,B24,2.0,9.0,220.0,24.0,,,24.0,H2X
165748,184766.0,1945-01-29,8,GERMANY,R R,"""RR INSTALLATIONS,  TRACKS,  MARSHALLING YARDS,  AND STATIONS""",50.13,8.46,B24,2.0,11.0,220.0,29.0,,,29.0,H2X
165775,184767.0,1945-01-29,8,GERMANY,R R,"""RR INSTALLATIONS,  TRACKS,  MARSHALLING YARDS,  AND STATIONS""",50.13,8.46,B24,2.0,10.0,,28.0,,,28.0,NOT INDICATED
165776,184768.0,1945-01-29,8,GERMANY,R R,"""RR INSTALLATIONS,  TRACKS,  MARSHALLING YARDS,  AND STATIONS""",50.13,8.46,B24,2.0,10.0,,28.0,,,28.0,NOT INDICATED
165754,216163.0,1945-01-29,8,GERMANY,SUPPLY AND COMM CENTER,TRANSPORTATION FACILITIES (NOT SPECIFICALLY IDENTIFIED BELOW),50.53,7.1,A26,,,120.0,45.0,,,45.0,VISUAL
165756,216164.0,1945-01-29,8,GERMANY,SUPPLY AND COMM CENTER,TRANSPORTATION FACILITIES (NOT SPECIFICALLY IDENTIFIED BELOW),50.53,7.1,A20,,,,6.0,,,6.0,VISUAL
166956,116053.0,1945-01-31,15,AUSTRIA,SYN OIL REFINERY,OIL REFINERIES,48.32,15.92,B17,4.0,39.0,245.0,114.0,,,114.0,F.F.F.
166995,116054.0,1945-01-31,15,AUSTRIA,SYN OIL REFINERY,OIL REFINERIES,48.32,15.92,B17,4.0,,,5.0,,,5.0,NOT INDICATED
166731,116055.0,1945-01-31,15,AUSTRIA,SYN OIL REFINERY,OIL REFINERIES,48.32,15.92,B17,4.0,39.0,260.0,83.0,,,83.0,F.F.F.
166996,116056.0,1945-01-31,15,AUSTRIA,SYN OIL REFINERY,OIL REFINERIES,48.32,15.92,B17,4.0,,,6.0,,,6.0,NOT INDICATED
166725,116057.0,1945-01-31,15,AUSTRIA,SYN OIL REFINERY,OIL REFINERIES,48.32,15.92,B17,4.0,36.0,274.0,80.0,,,80.0,F.F.F.
166944,116058.0,1945-01-31,15,AUSTRIA,SYN OIL REFINERY,OIL REFINERIES,48.32,15.92,B17,4.0,39.0,253.0,94.0,,,94.0,F.F.F.
166997,116059.0,1945-01-31,15,AUSTRIA,SYN OIL REFINERY,OIL REFINERIES,48.32,15.92,B17,4.0,,,7.0,,,7.0,NOT INDICATED
166732,116060.0,1945-01-31,15,AUSTRIA,SYN OIL REFINERY,OIL REFINERIES,48.32,15.92,B17,4.0,28.0,260.0,68.0,,,68.0,F.F.F.
166998,116061.0,1945-01-31,15,AUSTRIA,SYN OIL REFINERY,OIL REFINERIES,48.32,15.92,B17,4.0,,,6.0,,,6.0,NOT INDICATED
166723,116062.0,1945-01-31,15,AUSTRIA,SYN OIL REFINERY,OIL REFINERIES,48.32,15.92,B17,4.0,38.0,275.0,86.0,,,86.0,F.F.F.
166985,116063.0,1945-01-31,15,AUSTRIA,SYN OIL REFINERY,OIL REFINERIES,48.32,15.92,B24,4.0,,,16.0,,,16.0,NOT INDICATED
166951,116064.0,1945-01-31,15,AUSTRIA,SYN OIL REFINERY,OIL REFINERIES,48.32,15.92,B24,4.0,1.0,250.0,7.0,,,7.0,VISUAL
166739,116065.0,1945-01-31,15,AUSTRIA,SYN OIL REFINERY,OIL REFINERIES,48.32,15.92,B24,4.0,17.0,255.0,16.0,,,16.0,F.F.F.
166961,116066.0,1945-01-31,15,AUSTRIA,SYN OIL REFINERY,OIL REFINERIES,48.32,15.92,B24,4.0,15.0,242.0,28.0,,,28.0,F.F.F.
166971,116067.0,1945-01-31,15,AUSTRIA,SYN OIL REFINERY,OIL REFINERIES,48.32,15.92,B24,4.0,19.0,233.0,37.0,,,37.0,F.F.F.
166986,116068.0,1945-01-31,15,AUSTRIA,SYN OIL REFINERY,OIL REFINERIES,48.32,15.92,B24,4.0,,,16.0,,,16.0,NOT INDICATED
166983,116069.0,1945-01-31,15,AUSTRIA,SYN OIL REFINERY,OIL REFINERIES,48.32,15.92,B24,4.0,,9.0,17.0,,,17.0,NOT INDICATED
166953,116070.0,1945-01-31,15,AUSTRIA,SYN OIL REFINERY,OIL REFINERIES,48.32,15.92,B24,4.0,16.0,249.0,16.0,,,16.0,F.F.F.
166959,116071.0,1945-01-31,15,AUSTRIA,SYN OIL REFINERY,OIL REFINERIES,48.32,15.92,B24,4.0,17.0,244.0,17.0,,,17.0,F.F.F.
166963,116072.0,1945-01-31,15,AUSTRIA,SYN OIL REFINERY,OIL REFINERIES,48.32,15.92,B24,4.0,16.0,240.0,31.0,,,31.0,F.F.F.
166964,116073.0,1945-01-31,15,AUSTRIA,SYN OIL REFINERY,OIL REFINERIES,48.32,15.92,B24,4.0,18.0,240.0,34.0,,,34.0,F.F.F.
166987,116074.0,1945-01-31,15,AUSTRIA,SYN OIL REFINERY,OIL REFINERIES,48.32,15.92,B24,4.0,,,2.0,,,2.0,NOT INDICATED
166969,116075.0,1945-01-31,15,AUSTRIA,SYN OIL REFINERY,OIL REFINERIES,48.32,15.92,B24,4.0,17.0,236.0,31.0,,,31.0,F.F.F.
166988,116076.0,1945-01-31,15,AUSTRIA,SYN OIL REFINERY,OIL REFINERIES,48.32,15.92,B24,4.0,,,17.0,,,17.0,NOT INDICATED
166947,116077.0,1945-01-31,15,AUSTRIA,SYN OIL REFINERY,OIL REFINERIES,48.32,15.92,B24,4.0,18.0,252.0,17.0,,,17.0,F.F.F.
166989,116078.0,1945-01-31,15,AUSTRIA,SYN OIL REFINERY,OIL REFINERIES,48.32,15.92,B24,4.0,,,15.0,,,15.0,NOT INDICATED
166990,116079.0,1945-01-31,15,AUSTRIA,SYN OIL REFINERY,OIL REFINERIES,48.32,15.92,B24,4.0,,,17.0,,,17.0,NOT INDICATED
166972,116080.0,1945-01-31,15,AUSTRIA,SYN OIL REFINERY,OIL REFINERIES,48.32,15.92,B24,4.0,16.0,233.0,15.0,,,15.0,F.F.F.
166975,116081.0,1945-01-31,15,AUSTRIA,SYN OIL REFINERY,OIL REFINERIES,48.32,15.92,B24,4.0,18.0,232.0,17.0,,,17.0,F.F.F.
166727,116082.0,1945-01-31,15,AUSTRIA,SYN OIL REFINERY,OIL REFINERIES,48.32,15.92,B24,4.0,18.0,266.0,30.0,,,30.0,F.F.F.
166965,116083.0,1945-01-31,15,AUSTRIA,SYN OIL REFINERY,OIL REFINERIES,48.32,15.92,B24,4.0,18.0,240.0,34.0,,,34.0,F.F.F.
166976,116084.0,1945-01-31,15,AUSTRIA,SYN OIL REFINERY,OIL REFINERIES,48.32,15.92,B24,4.0,19.0,232.0,36.0,,,36.0,F.F.F.
166991,116085.0,1945-01-31,15,AUSTRIA,SYN OIL REFINERY,OIL REFINERIES,48.32,15.92,B24,4.0,11.0,,22.0,,,22.0,NOT INDICATED
166943,116086.0,1945-01-31,15,AUSTRIA,SYN OIL REFINERY,OIL REFINERIES,48.32,15.92,B24,4.0,17.0,253.0,34.0,,,34.0,F.F.F.
166992,116087.0,1945-01-31,15,AUSTRIA,SYN OIL REFINERY,OIL REFINERIES,48.32,15.92,B24,4.0,,,1.0,,,1.0,NOT INDICATED
166993,116088.0,1945-01-31,15,AUSTRIA,SYN OIL REFINERY,OIL REFINERIES,48.32,15.92,B24,4.0,1.0,,1.0,,,1.0,F.F.F.
166980,116089.0,1945-01-31,15,AUSTRIA,SYN OIL REFINERY,OIL REFINERIES,48.32,15.92,B24,4.0,14.0,230.0,17.0,,,17.0,F.F.F.
166994,116090.0,1945-01-31,15,AUSTRIA,SYN OIL REFINERY,OIL REFINERIES,48.32,15.92,B24,4.0,,,36.0,,,36.0,NOT INDICATED
166955,116091.0,1945-01-31,15,AUSTRIA,SYN OIL REFINERY,OIL REFINERIES,48.32,15.92,B24,4.0,37.0,245.0,36.0,,,36.0,F.F.F.
166949,116092.0,1945-01-31,15,AUSTRIA,SYN OIL REFINERY,OIL REFINERIES,48.32,15.92,B24,4.0,15.0,251.0,30.0,,,30.0,F.F.F.
166740,116093.0,1945-01-31,15,AUSTRIA,SYN OIL REFINERY,OIL REFINERIES,48.32,15.92,B24,4.0,17.0,255.0,34.0,,,34.0,NOT INDICATED
166733,116094.0,1945-01-31,15,AUSTRIA,SYN OIL REFINERY,OIL REFINERIES,48.32,15.92,B24,4.0,14.0,260.0,18.0,,,18.0,F.F.F.
166729,116095.0,1945-01-31,15,AUSTRIA,SYN OIL REFINERY,OIL REFINERIES,48.32,15.92,B24,4.0,16.0,265.0,20.0,,,20.0,F.F.F.
166734,116096.0,1945-01-31,15,AUSTRIA,SYN OIL REFINERY,OIL REFINERIES,48.32,15.92,B24,4.0,24.0,260.0,48.0,,,48.0,F.F.F.
166958,184798.0,1945-01-31,15,AUSTRIA,SYN OIL REFINERY,OIL REFINERIES,48.32,15.92,B17,4.0,39.0,245.0,114.0,,,114.0,F.F.F.
167009,184799.0,1945-01-31,15,AUSTRIA,SYN OIL REFINERY,OIL REFINERIES,48.32,15.92,B17,4.0,,,5.0,,,5.0,NOT INDICATED
166737,184800.0,1945-01-31,15,AUSTRIA,SYN OIL REFINERY,OIL REFINERIES,48.32,15.92,B17,4.0,39.0,260.0,83.0,,,83.0,F.F.F.
167010,184801.0,1945-01-31,15,AUSTRIA,SYN OIL REFINERY,OIL REFINERIES,48.32,15.92,B17,4.0,,,6.0,,,6.0,NOT INDICATED
166726,184802.0,1945-01-31,15,AUSTRIA,SYN OIL REFINERY,OIL REFINERIES,48.32,15.92,B17,4.0,36.0,274.0,80.0,,,80.0,F.F.F.
166946,184803.0,1945-01-31,15,AUSTRIA,SYN OIL REFINERY,OIL REFINERIES,48.32,15.92,B17,4.0,39.0,253.0,94.0,,,94.0,F.F.F.
167011,184804.0,1945-01-31,15,AUSTRIA,SYN OIL REFINERY,OIL REFINERIES,48.32,15.92,B17,4.0,,,7.0,,,7.0,NOT INDICATED
166738,184805.0,1945-01-31,15,AUSTRIA,SYN OIL REFINERY,OIL REFINERIES,48.32,15.92,B17,4.0,28.0,260.0,68.0,,,68.0,F.F.F.
167012,184806.0,1945-01-31,15,AUSTRIA,SYN OIL REFINERY,OIL REFINERIES,48.32,15.92,B17,4.0,,,6.0,,,6.0,NOT INDICATED
166724,184807.0,1945-01-31,15,AUSTRIA,SYN OIL REFINERY,OIL REFINERIES,48.32,15.92,B17,4.0,38.0,275.0,86.0,,,86.0,F.F.F.
166999,184808.0,1945-01-31,15,AUSTRIA,SYN OIL REFINERY,OIL REFINERIES,48.32,15.92,B24,4.0,,,16.0,,,16.0,NOT INDICATED
166952,184809.0,1945-01-31,15,AUSTRIA,SYN OIL REFINERY,OIL REFINERIES,48.32,15.92,B24,4.0,1.0,250.0,7.0,,,7.0,VISUAL
166741,184810.0,1945-01-31,15,AUSTRIA,SYN OIL REFINERY,OIL REFINERIES,48.32,15.92,B24,4.0,17.0,255.0,16.0,,,16.0,F.F.F.
166962,184811.0,1945-01-31,15,AUSTRIA,SYN OIL REFINERY,OIL REFINERIES,48.32,15.92,B24,4.0,15.0,242.0,28.0,,,28.0,F.F.F.
166973,184812.0,1945-01-31,15,AUSTRIA,SYN OIL REFINERY,OIL REFINERIES,48.32,15.92,B24,4.0,19.0,233.0,37.0,,,37.0,F.F.F.
167000,184813.0,1945-01-31,15,AUSTRIA,SYN OIL REFINERY,OIL REFINERIES,48.32,15.92,B24,4.0,,,16.0,,,16.0,NOT INDICATED
166984,184814.0,1945-01-31,15,AUSTRIA,SYN OIL REFINERY,OIL REFINERIES,48.32,15.92,B24,4.0,,9.0,17.0,,,17.0,NOT INDICATED
166954,184815.0,1945-01-31,15,AUSTRIA,SYN OIL REFINERY,OIL REFINERIES,48.32,15.92,B24,4.0,16.0,249.0,16.0,,,16.0,F.F.F.
166960,184816.0,1945-01-31,15,AUSTRIA,SYN OIL REFINERY,OIL REFINERIES,48.32,15.92,B24,4.0,17.0,244.0,17.0,,,17.0,F.F.F.
166966,184817.0,1945-01-31,15,AUSTRIA,SYN OIL REFINERY,OIL REFINERIES,48.32,15.92,B24,4.0,16.0,240.0,31.0,,,31.0,F.F.F.
166967,184818.0,1945-01-31,15,AUSTRIA,SYN OIL REFINERY,OIL REFINERIES,48.32,15.92,B24,4.0,18.0,240.0,34.0,,,34.0,F.F.F.
167001,184819.0,1945-01-31,15,AUSTRIA,SYN OIL REFINERY,OIL REFINERIES,48.32,15.92,B24,4.0,,,2.0,,,2.0,NOT INDICATED
166970,184820.0,1945-01-31,15,AUSTRIA,SYN OIL REFINERY,OIL REFINERIES,48.32,15.92,B24,4.0,17.0,236.0,31.0,,,31.0,F.F.F.
167002,184821.0,1945-01-31,15,AUSTRIA,SYN OIL REFINERY,OIL REFINERIES,48.32,15.92,B24,4.0,,,17.0,,,17.0,NOT INDICATED
166948,184822.0,1945-01-31,15,AUSTRIA,SYN OIL REFINERY,OIL REFINERIES,48.32,15.92,B24,4.0,18.0,252.0,17.0,,,17.0,F.F.F.
167003,184823.0,1945-01-31,15,AUSTRIA,SYN OIL REFINERY,OIL REFINERIES,48.32,15.92,B24,4.0,,,15.0,,,15.0,NOT INDICATED
167004,184824.0,1945-01-31,15,AUSTRIA,SYN OIL REFINERY,OIL REFINERIES,48.32,15.92,B24,4.0,,,17.0,,,17.0,NOT INDICATED
166974,184825.0,1945-01-31,15,AUSTRIA,SYN OIL REFINERY,OIL REFINERIES,48.32,15.92,B24,4.0,16.0,233.0,15.0,,,15.0,F.F.F.
166977,184826.0,1945-01-31,15,AUSTRIA,SYN OIL REFINERY,OIL REFINERIES,48.32,15.92,B24,4.0,18.0,232.0,17.0,,,17.0,F.F.F.
166728,184827.0,1945-01-31,15,AUSTRIA,SYN OIL REFINERY,OIL REFINERIES,48.32,15.92,B24,4.0,18.0,266.0,30.0,,,30.0,F.F.F.
166968,184828.0,1945-01-31,15,AUSTRIA,SYN OIL REFINERY,OIL REFINERIES,48.32,15.92,B24,4.0,18.0,240.0,34.0,,,34.0,F.F.F.
166978,184829.0,1945-01-31,15,AUSTRIA,SYN OIL REFINERY,OIL REFINERIES,48.32,15.92,B24,4.0,19.0,232.0,36.0,,,36.0,F.F.F.
167005,184830.0,1945-01-31,15,AUSTRIA,SYN OIL REFINERY,OIL REFINERIES,48.32,15.92,B24,4.0,11.0,,22.0,,,22.0,NOT INDICATED
166945,184831.0,1945-01-31,15,AUSTRIA,SYN OIL REFINERY,OIL REFINERIES,48.32,15.92,B24,4.0,17.0,253.0,34.0,,,34.0,F.F.F.
167006,184832.0,1945-01-31,15,AUSTRIA,SYN OIL REFINERY,OIL REFINERIES,48.32,15.92,B24,4.0,,,1.0,,,1.0,NOT INDICATED
167007,184833.0,1945-01-31,15,AUSTRIA,SYN OIL REFINERY,OIL REFINERIES,48.32,15.92,B24,4.0,1.0,,1.0,,,1.0,F.F.F.
166981,184834.0,1945-01-31,15,AUSTRIA,SYN OIL REFINERY,OIL REFINERIES,48.32,15.92,B24,4.0,14.0,230.0,17.0,,,17.0,F.F.F.
167008,184835.0,1945-01-31,15,AUSTRIA,SYN OIL REFINERY,OIL REFINERIES,48.32,15.92,B24,4.0,,,36.0,,,36.0,NOT INDICATED
166957,184836.0,1945-01-31,15,AUSTRIA,SYN OIL REFINERY,OIL REFINERIES,48.32,15.92,B24,4.0,37.0,245.0,36.0,,,36.0,F.F.F.
166950,184837.0,1945-01-31,15,AUSTRIA,SYN OIL REFINERY,OIL REFINERIES,48.32,15.92,B24,4.0,15.0,251.0,30.0,,,30.0,F.F.F.
166742,184838.0,1945-01-31,15,AUSTRIA,SYN OIL REFINERY,OIL REFINERIES,48.32,15.92,B24,4.0,17.0,255.0,34.0,,,34.0,NOT INDICATED
166735,184839.0,1945-01-31,15,AUSTRIA,SYN OIL REFINERY,OIL REFINERIES,48.32,15.92,B24,4.0,14.0,260.0,18.0,,,18.0,F.F.F.
166730,184840.0,1945-01-31,15,AUSTRIA,SYN OIL REFINERY,OIL REFINERIES,48.32,15.92,B24,4.0,16.0,265.0,20.0,,,20.0,F.F.F.
166736,184841.0,1945-01-31,15,AUSTRIA,SYN OIL REFINERY,OIL REFINERIES,48.32,15.92,B24,4.0,24.0,260.0,48.0,,,48.0,F.F.F.
166979,184842.0,1945-01-31,15,AUSTRIA,MARSHALLING YARDS,"""RR INSTALLATIONS,  TRACKS,  MARSHALLING YARDS,  AND STATIONS""",47.1,15.7,B24,2.0,3.0,230.0,4.0,,,4.0,VISUAL
167013,184846.0,1945-01-31,15,AUSTRIA,RR,"""RR INSTALLATIONS,  TRACKS,  MARSHALLING YARDS,  AND STATIONS""",46.67,15.67,B24,2.0,1.0,,2.0,,,2.0,F.F.F.
166982,184847.0,1945-01-31,15,AUSTRIA,MARSHALLING YARDS,"""RR INSTALLATIONS,  TRACKS,  MARSHALLING YARDS,  AND STATIONS""",47.0,16.0,B17,2.0,1.0,220.0,3.0,,,3.0,NOT INDICATED
167674,116113.0,1945-02-01,15,AUSTRIA,SYN OIL REFINERY,OIL REFINERIES,48.32,15.92,B17,4.0,18.0,275.0,41.0,,,41.0,NOT INDICATED
167680,116114.0,1945-02-01,15,AUSTRIA,SYN OIL REFINERY,OIL REFINERIES,48.32,15.92,B17,4.0,24.0,220.0,34.0,,,34.0,F.F.F.
167678,116115.0,1945-02-01,15,AUSTRIA,SYN OIL REFINERY,OIL REFINERIES,48.32,15.92,B24,4.0,31.0,240.0,60.0,,,60.0,F.F.F.
167676,116116.0,1945-02-01,15,AUSTRIA,SYN OIL REFINERY,OIL REFINERIES,48.32,15.92,B24,4.0,15.0,246.0,27.0,,,27.0,F.F.F.
167692,116117.0,1945-02-01,8,GERMANY,BRIDGE,BRIDGES,51.2,6.85,B26,,,125.0,1.0,,,1.0,VISUAL
167693,116118.0,1945-02-01,8,GERMANY,BRIDGE,BRIDGES,51.2,6.85,B26,,,125.0,29.0,,,29.0,VISUAL
167684,116123.0,1945-02-01,15,AUSTRIA,CITY AREA,CITIES TOWNS AND URBAN AREAS,47.07,15.43,B24,2.0,7.0,,14.0,,,14.0,NOT INDICATED
167682,116129.0,1945-02-01,15,AUSTRIA,CITY AREA,CITIES TOWNS AND URBAN AREAS,47.07,15.43,B24,2.0,7.0,,14.0,,,14.0,NOT INDICATED
167687,184856.0,1945-02-01,12,GERMANY,UNIDENTIFIED TARGET,UNIDENTIFIED TARGETS,43.33,7.0,B17,2.0,1.0,,3.0,1.0,,4.0,NOT INDICATED
167688,184857.0,1945-02-01,12,GERMANY,UNIDENTIFIED TARGET,UNIDENTIFIED TARGETS,43.33,7.0,B17,2.0,1.0,,2.0,1.0,,3.0,NOT INDICATED
167683,184858.0,1945-02-01,15,AUSTRIA,CITY AREA,CITIES TOWNS AND URBAN AREAS,47.07,15.43,B24,2.0,7.0,,14.0,,,14.0,NOT INDICATED
167685,184864.0,1945-02-01,15,AUSTRIA,CITY AREA,CITIES TOWNS AND URBAN AREAS,47.07,15.43,B24,2.0,7.0,,14.0,,,14.0,NOT INDICATED
167689,184868.0,1945-02-01,12,GERMANY,UNIDENTIFIED TARGET,UNIDENTIFIED TARGETS,43.33,7.0,B17,2.0,1.0,,3.0,1.0,,4.0,NOT INDICATED
167690,184869.0,1945-02-01,12,GERMANY,UNIDENTIFIED TARGET,UNIDENTIFIED TARGETS,43.33,7.0,B17,2.0,1.0,,2.0,1.0,,3.0,NOT INDICATED
167675,184871.0,1945-02-01,15,AUSTRIA,SYN OIL REFINERY,OIL REFINERIES,48.32,15.92,B17,4.0,18.0,275.0,41.0,,,41.0,NOT INDICATED
167681,184872.0,1945-02-01,15,AUSTRIA,SYN OIL REFINERY,OIL REFINERIES,48.32,15.92,B17,4.0,24.0,220.0,34.0,,,34.0,F.F.F.
167679,184873.0,1945-02-01,15,AUSTRIA,SYN OIL REFINERY,OIL REFINERIES,48.32,15.92,B24,4.0,31.0,240.0,60.0,,,60.0,F.F.F.
167677,184874.0,1945-02-01,15,AUSTRIA,SYN OIL REFINERY,OIL REFINERIES,48.32,15.92,B24,4.0,15.0,246.0,27.0,,,27.0,F.F.F.
167686,184885.0,1945-02-01,12,AUSTRIA,RR,"""RR INSTALLATIONS,  TRACKS,  MARSHALLING YARDS,  AND STATIONS""",46.63,14.3,B17,2.0,7.0,,9.0,,,9.0,VISUAL
167694,216217.0,1945-02-01,8,GERMANY,BRIDGE,BRIDGES,51.2,6.85,B26,,,125.0,1.0,,,1.0,VISUAL
167695,216218.0,1945-02-01,8,GERMANY,BRIDGE,BRIDGES,51.2,6.85,B26,,,125.0,29.0,,,29.0,VISUAL
168895,116163.0,1945-02-03,8,GERMANY,BRIDGE,BRIDGES,50.53,7.1,B26,,,126.0,1.0,,,1.0,F.F.F.
168897,116164.0,1945-02-03,8,GERMANY,BRIDGE,BRIDGES,50.53,7.1,B26,,,125.0,1.0,,,1.0,F.F.F.
168898,116165.0,1945-02-03,8,GERMANY,BRIDGE,BRIDGES,50.53,7.1,B26,,,125.0,31.0,,,31.0,VISUAL
168891,116166.0,1945-02-03,8,GERMANY,BRIDGE,BRIDGES,50.53,7.1,B26,,,130.0,31.0,,,31.0,VISUAL
168888,116172.0,1945-02-03,8,GERMANY,STORES DEPOT,SUPPLY DUMPS AND WAREHOUSES,50.77,6.63,B26,,,133.0,1.0,,,1.0,F.F.F.
168879,116173.0,1945-02-03,8,GERMANY,STORES DEPOT,SUPPLY DUMPS AND WAREHOUSES,50.77,6.63,B26,,,135.0,1.0,,,1.0,F.F.F.
168885,116174.0,1945-02-03,8,GERMANY,STORES DEPOT,SUPPLY DUMPS AND WAREHOUSES,50.77,6.63,B26,,,134.0,1.0,,,1.0,F.F.F.
168893,116175.0,1945-02-03,8,GERMANY,STORES DEPOT,SUPPLY DUMPS AND WAREHOUSES,50.77,6.63,A26,,,130.0,18.0,,,18.0,VISUAL
168880,116176.0,1945-02-03,8,GERMANY,STORES DEPOT,SUPPLY DUMPS AND WAREHOUSES,50.77,6.63,A26,,,135.0,29.0,,,29.0,VISUAL
168909,116177.0,1945-02-03,8,GERMANY,STORES DEPOT,SUPPLY DUMPS AND WAREHOUSES,50.77,6.63,A20,,,,1.0,,,1.0,NOT INDICATED
168910,116178.0,1945-02-03,8,GERMANY,STORES DEPOT,SUPPLY DUMPS AND WAREHOUSES,50.77,6.63,A20,,,,4.0,,,4.0,NOT INDICATED
168901,116181.0,1945-02-03,8,GERMANY,CITY AREA,CITIES TOWNS AND URBAN AREAS,51.37,13.0,B26,,,125.0,1.0,,,1.0,F.F.F.
168916,116182.0,1945-02-03,8,GERMANY,UNIDENTIFIED TARGET,UNIDENTIFIED TARGETS,49.68,7.57,B24,2.0,1.0,,3.0,,,3.0,NOT INDICATED
168906,116184.0,1945-02-03,8,GERMANY,UNIDENTIFIED TARGET,UNIDENTIFIED TARGETS,52.53,13.42,B17,2.0,1.0,,2.0,1.0,,3.0,NOT INDICATED
168902,116193.0,1945-02-03,8,GERMANY,CITY AREA,CITIES TOWNS AND URBAN AREAS,51.37,13.0,B26,,,125.0,1.0,,,1.0,F.F.F.
168907,184948.0,1945-02-03,8,GERMANY,UNIDENTIFIED TARGET,UNIDENTIFIED TARGETS,52.53,13.42,B17,2.0,1.0,,2.0,1.0,,3.0,NOT INDICATED
168917,184951.0,1945-02-03,8,GERMANY,UNIDENTIFIED TARGET,UNIDENTIFIED TARGETS,49.68,7.57,B24,2.0,1.0,,3.0,,,3.0,NOT INDICATED
168875,184957.0,1945-02-03,12,GERMANY,UNIDENTIFIED TARGET,UNIDENTIFIED TARGETS,43.67,11.33,B17,2.0,1.0,,3.0,,,3.0,NOT INDICATED
168877,184958.0,1945-02-03,12,GERMANY,UNIDENTIFIED TARGET,UNIDENTIFIED TARGETS,44.33,7.33,B17,2.0,1.0,,2.0,1.0,,3.0,NOT INDICATED
168903,184964.0,1945-02-03,8,GERMANY,CITY AREA,CITIES TOWNS AND URBAN AREAS,51.37,13.0,B26,,,125.0,1.0,,,1.0,F.F.F.
168904,184965.0,1945-02-03,8,GERMANY,CITY AREA,CITIES TOWNS AND URBAN AREAS,51.37,13.0,B26,,,125.0,1.0,,,1.0,F.F.F.
168908,184972.0,1945-02-03,8,GERMANY,UNIDENTIFIED TARGET,UNIDENTIFIED TARGETS,52.53,13.42,B17,2.0,1.0,,2.0,1.0,,3.0,NOT INDICATED
168915,184975.0,1945-02-03,8,GERMANY,UNIDENTIFIED TARGET,UNIDENTIFIED TARGETS,49.68,7.57,B24,2.0,1.0,,3.0,,,3.0,NOT INDICATED
168876,184981.0,1945-02-03,12,GERMANY,UNIDENTIFIED TARGET,UNIDENTIFIED TARGETS,43.67,11.33,B17,2.0,1.0,,3.0,,,3.0,NOT INDICATED
168878,184982.0,1945-02-03,12,GERMANY,UNIDENTIFIED TARGET,UNIDENTIFIED TARGETS,44.33,7.33,B17,2.0,1.0,,2.0,1.0,,3.0,NOT INDICATED
168896,216265.0,1945-02-03,8,GERMANY,BRIDGE,BRIDGES,50.53,7.1,B26,,,126.0,1.0,,,1.0,F.F.F.
168899,216266.0,1945-02-03,8,GERMANY,BRIDGE,BRIDGES,50.53,7.1,B26,,,125.0,1.0,,,1.0,F.F.F.
168900,216267.0,1945-02-03,8,GERMANY,BRIDGE,BRIDGES,50.53,7.1,B26,,,125.0,31.0,,,31.0,VISUAL
168892,216268.0,1945-02-03,8,GERMANY,BRIDGE,BRIDGES,50.53,7.1,B26,,,130.0,31.0,,,31.0,VISUAL
168889,216276.0,1945-02-03,8,GERMANY,STORES DEPOT,SUPPLY DUMPS AND WAREHOUSES,50.77,6.63,B26,,,133.0,1.0,,,1.0,F.F.F.
168881,216277.0,1945-02-03,8,GERMANY,STORES DEPOT,SUPPLY DUMPS AND WAREHOUSES,50.77,6.63,B26,,,135.0,1.0,,,1.0,F.F.F.
168886,216278.0,1945-02-03,8,GERMANY,STORES DEPOT,SUPPLY DUMPS AND WAREHOUSES,50.77,6.63,B26,,,134.0,1.0,,,1.0,F.F.F.
168905,216279.0,1945-02-03,8,GERMANY,STORES DEPOT,SUPPLY DUMPS AND WAREHOUSES,50.77,6.63,A26,,,13.0,18.0,,,18.0,VISUAL
168882,216280.0,1945-02-03,8,GERMANY,STORES DEPOT,SUPPLY DUMPS AND WAREHOUSES,50.77,6.63,A26,,,135.0,29.0,,,29.0,VISUAL
168911,216281.0,1945-02-03,8,GERMANY,STORES DEPOT,SUPPLY DUMPS AND WAREHOUSES,50.77,6.63,A20,,,,1.0,,,1.0,NOT INDICATED
168912,216282.0,1945-02-03,8,GERMANY,STORES DEPOT,SUPPLY DUMPS AND WAREHOUSES,50.77,6.63,A20,,,,4.0,,,4.0,NOT INDICATED
168890,216283.0,1945-02-03,8,GERMANY,STORES DEPOT,SUPPLY DUMPS AND WAREHOUSES,50.77,6.63,B26,,,133.0,1.0,,,1.0,F.F.F.
168883,216284.0,1945-02-03,8,GERMANY,STORES DEPOT,SUPPLY DUMPS AND WAREHOUSES,50.77,6.63,B26,,,135.0,1.0,,,1.0,F.F.F.
168887,216285.0,1945-02-03,8,GERMANY,STORES DEPOT,SUPPLY DUMPS AND WAREHOUSES,50.77,6.63,B26,,,134.0,1.0,,,1.0,F.F.F.
168894,216286.0,1945-02-03,8,GERMANY,STORES DEPOT,SUPPLY DUMPS AND WAREHOUSES,50.77,6.63,A26,,,130.0,18.0,,,18.0,VISUAL
168884,216287.0,1945-02-03,8,GERMANY,STORES DEPOT,SUPPLY DUMPS AND WAREHOUSES,50.77,6.63,A26,,,135.0,29.0,,,29.0,VISUAL
168913,216288.0,1945-02-03,8,GERMANY,STORES DEPOT,SUPPLY DUMPS AND WAREHOUSES,50.77,6.63,A20,,,,1.0,,,1.0,NOT INDICATED
168914,216289.0,1945-02-03,8,GERMANY,STORES DEPOT,SUPPLY DUMPS AND WAREHOUSES,50.77,6.63,A20,,,,4.0,,,4.0,NOT INDICATED
170091,185095.0,1945-02-05,15,AUSTRIA,MARSHALLING YARDS,"""RR INSTALLATIONS,  TRACKS,  MARSHALLING YARDS,  AND STATIONS""",46.83,12.77,B17,2.0,1.0,,3.0,,,3.0,VISUAL
170092,185096.0,1945-02-05,15,AUSTRIA,MARSHALLING YARD,"""RR INSTALLATIONS,  TRACKS,  MARSHALLING YARDS,  AND STATIONS""",47.18,11.87,B24,3.0,1.0,,2.0,,,2.0,F.F.F.
170088,185097.0,1945-02-05,15,AUSTRIA,MARSHALLING YARUS,"""RR INSTALLATIONS,  TRACKS,  MARSHALLING YARDS,  AND STATIONS""",47.78,13.03,B24,4.0,14.0,243.0,14.0,,,14.0,F.F.F.
170090,185098.0,1945-02-05,15,AUSTRIA,MARSHALLING YARUS,"""RR INSTALLATIONS,  TRACKS,  MARSHALLING YARDS,  AND STATIONS""",47.78,13.03,B24,4.0,29.0,224.0,55.0,,,55.0,VISUAL
170089,185099.0,1945-02-05,15,AUSTRIA,MARSHALLING YARUS,"""RR INSTALLATIONS,  TRACKS,  MARSHALLING YARDS,  AND STATIONS""",47.78,13.03,B24,4.0,27.0,231.0,52.0,,,52.0,F.F.F.
170087,185100.0,1945-02-05,15,AUSTRIA,MARSHALLING YARUS,"""RR INSTALLATIONS,  TRACKS,  MARSHALLING YARDS,  AND STATIONS""",47.78,13.03,B24,4.0,17.0,250.0,33.0,,,33.0,NOT INDICATED
170093,185101.0,1945-02-05,15,AUSTRIA,MARSHALLING YARUS,"""RR INSTALLATIONS,  TRACKS,  MARSHALLING YARDS,  AND STATIONS""",47.78,13.03,B17,3.0,1.0,,3.0,,,3.0,VISUAL
170094,185104.0,1945-02-05,15,AUSTRIA,BRIDGE,BRIDGES,48.0,12.67,B17,3.0,1.0,,3.0,,,3.0,F.F.F.
170708,116250.0,1945-02-06,8,GERMANY,STORES DEPOT,SUPPLY DUMPS AND WAREHOUSES,50.77,6.63,B26,,,120.0,60.0,,,60.0,VISUAL
170705,116261.0,1945-02-06,8,GERMANY,CITY AREA,CITIES TOWNS AND URBAN AREAS,50.65,6.55,B26,,,125.0,1.0,,,1.0,VISUAL
170706,185130.0,1945-02-06,8,GERMANY,CITY AREA,CITIES TOWNS AND URBAN AREAS,50.65,6.55,B26,,,125.0,1.0,,,1.0,VISUAL
170707,185132.0,1945-02-06,8,GERMANY,CITY AREA,CITIES TOWNS AND URBAN AREAS,50.65,6.55,B26,,,125.0,1.0,,,1.0,VISUAL
170673,185157.0,1945-02-06,8,GERMANY,MARSHALLING YARD,"""RR INSTALLATIONS,  TRACKS,  MARSHALLING YARDS,  AND STATIONS""",50.87,12.95,B17,2.0,12.0,244.0,30.0,,,30.0,F.F.F.
170677,185158.0,1945-02-06,8,GERMANY,MARSHALLING YARD,"""RR INSTALLATIONS,  TRACKS,  MARSHALLING YARDS,  AND STATIONS""",50.87,12.95,B17,2.0,12.0,242.0,30.0,,,30.0,F.F.F.
170664,185159.0,1945-02-06,8,GERMANY,MARSHALLING YARD,"""RR INSTALLATIONS,  TRACKS,  MARSHALLING YARDS,  AND STATIONS""",50.87,12.95,B17,2.0,12.0,252.0,33.0,,,33.0,F.F.F.
170711,185160.0,1945-02-06,8,GERMANY,MARSHALLING YARD,"""RR INSTALLATIONS,  TRACKS,  MARSHALLING YARDS,  AND STATIONS""",50.87,12.95,B17,1.0,1.0,,3.0,,,3.0,NOT INDICATED
170660,185161.0,1945-02-06,8,GERMANY,MARSHALLING YARD,"""RR INSTALLATIONS,  TRACKS,  MARSHALLING YARDS,  AND STATIONS""",50.87,12.95,B17,1.0,13.0,255.0,31.0,,,31.0,F.F.F.
170679,185162.0,1945-02-06,8,GERMANY,MARSHALLING YARD,"""RR INSTALLATIONS,  TRACKS,  MARSHALLING YARDS,  AND STATIONS""",50.87,12.95,B17,1.0,12.0,241.0,30.0,,,30.0,F.F.F.
170667,185163.0,1945-02-06,8,GERMANY,MARSHALLING YARD,"""RR INSTALLATIONS,  TRACKS,  MARSHALLING YARDS,  AND STATIONS""",50.87,12.95,B17,1.0,11.0,251.0,28.0,,,28.0,F.F.F.
170695,185164.0,1945-02-06,8,GERMANY,MARSHALLING YARD,"""RR INSTALLATIONS,  TRACKS,  MARSHALLING YARDS,  AND STATIONS""",50.87,12.95,B17,1.0,12.0,231.0,30.0,,,30.0,F.F.F.
170678,185165.0,1945-02-06,8,GERMANY,MARSHALLING YARD,"""RR INSTALLATIONS,  TRACKS,  MARSHALLING YARDS,  AND STATIONS""",50.87,12.95,B17,1.0,11.0,242.0,28.0,,,28.0,F.F.F.
170668,185166.0,1945-02-06,8,GERMANY,MARSHALLING YARD,"""RR INSTALLATIONS,  TRACKS,  MARSHALLING YARDS,  AND STATIONS""",50.87,12.95,B17,1.0,11.0,250.0,28.0,,,28.0,F.F.F.
170689,185167.0,1945-02-06,8,GERMANY,MARSHALLING YARD,"""RR INSTALLATIONS,  TRACKS,  MARSHALLING YARDS,  AND STATIONS""",50.87,12.95,B17,1.0,10.0,235.0,25.0,,,25.0,F.F.F.
170661,185168.0,1945-02-06,8,GERMANY,MARSHALLING YARD,"""RR INSTALLATIONS,  TRACKS,  MARSHALLING YARDS,  AND STATIONS""",50.87,12.95,B17,1.0,12.0,255.0,29.0,,,29.0,F.F.F.
170656,185169.0,1945-02-06,8,GERMANY,MARSHALLING YARD,"""RR INSTALLATIONS,  TRACKS,  MARSHALLING YARDS,  AND STATIONS""",50.87,12.95,B17,1.0,10.0,265.0,25.0,,,25.0,F.F.F.
170665,185170.0,1945-02-06,8,GERMANY,MARSHALLING YARD,"""RR INSTALLATIONS,  TRACKS,  MARSHALLING YARDS,  AND STATIONS""",50.87,12.95,B17,1.0,12.0,252.0,30.0,,,30.0,F.F.F.
170693,185171.0,1945-02-06,8,GERMANY,MARSHALLING YARD,"""RR INSTALLATIONS,  TRACKS,  MARSHALLING YARDS,  AND STATIONS""",50.87,12.95,B17,1.0,12.0,233.0,30.0,,,30.0,F.F.F.
170669,185172.0,1945-02-06,8,GERMANY,MARSHALLING YARD,"""RR INSTALLATIONS,  TRACKS,  MARSHALLING YARDS,  AND STATIONS""",50.87,12.95,B17,1.0,13.0,250.0,33.0,,,33.0,F.F.F.
170690,185173.0,1945-02-06,8,GERMANY,MARSHALLING YARD,"""RR INSTALLATIONS,  TRACKS,  MARSHALLING YARDS,  AND STATIONS""",50.87,12.95,B17,1.0,2.0,235.0,5.0,,,5.0,F.F.F.
170670,185174.0,1945-02-06,8,GERMANY,MARSHALLING YARD,"""RR INSTALLATIONS,  TRACKS,  MARSHALLING YARDS,  AND STATIONS""",50.87,12.95,B17,1.0,11.0,250.0,28.0,,,28.0,F.F.F.
170658,185175.0,1945-02-06,8,GERMANY,MARSHALLING YARD,"""RR INSTALLATIONS,  TRACKS,  MARSHALLING YARDS,  AND STATIONS""",50.87,12.95,B17,1.0,13.0,260.0,32.0,,,32.0,F.F.F.
170680,185176.0,1945-02-06,8,GERMANY,MARSHALLING YARD,"""RR INSTALLATIONS,  TRACKS,  MARSHALLING YARDS,  AND STATIONS""",50.87,12.95,B17,1.0,11.0,240.0,28.0,,,28.0,F.F.F.
170675,185177.0,1945-02-06,8,GERMANY,MARSHALLING YARD,"""RR INSTALLATIONS,  TRACKS,  MARSHALLING YARDS,  AND STATIONS""",50.87,12.95,B17,1.0,11.0,243.0,28.0,,,28.0,F.F.F.
170687,185178.0,1945-02-06,8,GERMANY,MARSHALLING YARD,"""RR INSTALLATIONS,  TRACKS,  MARSHALLING YARDS,  AND STATIONS""",50.87,12.95,B17,1.0,12.0,236.0,30.0,,,30.0,F.F.F.
170698,185179.0,1945-02-06,8,GERMANY,MARSHALLING YARD,"""RR INSTALLATIONS,  TRACKS,  MARSHALLING YARDS,  AND STATIONS""",50.87,12.95,B17,1.0,12.0,230.0,30.0,,,30.0,F.F.F.
170681,185180.0,1945-02-06,8,GERMANY,MARSHALLING YARD,"""RR INSTALLATIONS,  TRACKS,  MARSHALLING YARDS,  AND STATIONS""",50.87,12.95,B17,1.0,11.0,240.0,28.0,,,28.0,F.F.F.
170674,185181.0,1945-02-06,8,GERMANY,MARSHALLING YARD,"""RR INSTALLATIONS,  TRACKS,  MARSHALLING YARDS,  AND STATIONS""",50.87,12.95,B17,1.0,8.0,244.0,20.0,,,20.0,F.F.F.
170699,185182.0,1945-02-06,8,GERMANY,MARSHALLING YARD,"""RR INSTALLATIONS,  TRACKS,  MARSHALLING YARDS,  AND STATIONS""",50.87,12.95,B17,1.0,12.0,230.0,30.0,,,30.0,F.F.F.
170694,185183.0,1945-02-06,8,GERMANY,MARSHALLING YARD,"""RR INSTALLATIONS,  TRACKS,  MARSHALLING YARDS,  AND STATIONS""",50.87,12.95,B17,1.0,10.0,233.0,,,25.0,25.0,F.F.F.
170662,185184.0,1945-02-06,8,GERMANY,MARSHALLING YARD,"""RR INSTALLATIONS,  TRACKS,  MARSHALLING YARDS,  AND STATIONS""",50.87,12.95,B17,1.0,11.0,255.0,,,28.0,28.0,F.F.F.
170696,185185.0,1945-02-06,8,GERMANY,MARSHALLING YARD,"""RR INSTALLATIONS,  TRACKS,  MARSHALLING YARDS,  AND STATIONS""",50.87,12.95,B17,1.0,13.0,231.0,,,33.0,33.0,F.F.F.
170691,185186.0,1945-02-06,8,GERMANY,MARSHALLING YARD,"""RR INSTALLATIONS,  TRACKS,  MARSHALLING YARDS,  AND STATIONS""",50.87,12.95,B17,1.0,12.0,235.0,30.0,,,30.0,F.F.F.
170671,185187.0,1945-02-06,8,GERMANY,MARSHALLING YARD,"""RR INSTALLATIONS,  TRACKS,  MARSHALLING YARDS,  AND STATIONS""",50.87,12.95,B17,1.0,13.0,246.0,33.0,,,33.0,F.F.F.
170704,185188.0,1945-02-06,8,GERMANY,MARSHALLING YARD,"""RR INSTALLATIONS,  TRACKS,  MARSHALLING YARDS,  AND STATIONS""",50.87,12.95,B17,1.0,12.0,224.0,30.0,,,30.0,F.F.F.
170712,185189.0,1945-02-06,8,GERMANY,MARSHALLING YARD,"""RR INSTALLATIONS,  TRACKS,  MARSHALLING YARDS,  AND STATIONS""",50.87,12.95,B17,1.0,12.0,,30.0,,,30.0,NOT INDICATED
170701,185190.0,1945-02-06,8,GERMANY,MARSHALLING YARD,"""RR INSTALLATIONS,  TRACKS,  MARSHALLING YARDS,  AND STATIONS""",50.87,12.95,B17,1.0,12.0,227.0,30.0,,,30.0,F.F.F.
170703,185191.0,1945-02-06,8,GERMANY,MARSHALLING YARD,"""RR INSTALLATIONS,  TRACKS,  MARSHALLING YARDS,  AND STATIONS""",50.87,12.95,B17,1.0,12.0,225.0,30.0,,,30.0,F.F.F.
170682,185192.0,1945-02-06,8,GERMANY,MARSHALLING YARD,"""RR INSTALLATIONS,  TRACKS,  MARSHALLING YARDS,  AND STATIONS""",50.87,12.95,B17,1.0,12.0,240.0,30.0,,,30.0,F.F.F.
170672,185193.0,1945-02-06,8,GERMANY,MARSHALLING YARD,"""RR INSTALLATIONS,  TRACKS,  MARSHALLING YARDS,  AND STATIONS""",50.87,12.95,B17,1.0,13.0,245.0,32.0,,,32.0,F.F.F.
170700,185194.0,1945-02-06,8,GERMANY,MARSHALLING YARD,"""RR INSTALLATIONS,  TRACKS,  MARSHALLING YARDS,  AND STATIONS""",50.87,12.95,B17,1.0,10.0,230.0,25.0,,,25.0,F.F.F.
170657,185195.0,1945-02-06,8,GERMANY,MARSHALLING YARD,"""RR INSTALLATIONS,  TRACKS,  MARSHALLING YARDS,  AND STATIONS""",50.87,12.95,B17,1.0,10.0,265.0,24.0,,,24.0,F.F.F.
170659,185196.0,1945-02-06,8,GERMANY,MARSHALLING YARD,"""RR INSTALLATIONS,  TRACKS,  MARSHALLING YARDS,  AND STATIONS""",50.87,12.95,B17,1.0,13.0,259.0,32.0,,,32.0,F.F.F.
170663,185197.0,1945-02-06,8,GERMANY,MARSHALLING YARD,"""RR INSTALLATIONS,  TRACKS,  MARSHALLING YARDS,  AND STATIONS""",50.87,12.95,B17,1.0,11.0,254.0,27.0,,,27.0,F.F.F.
170713,185200.0,1945-02-06,8,GERMANY,MARSHALLING YARD,"""RR INSTALLATIONS,  TRACKS,  MARSHALLING YARDS,  AND STATIONS""",50.6,8.68,B17,,1.0,,3.0,,,3.0,NOT INDICATED
170683,185201.0,1945-02-06,8,GERMANY,MARSHALLING YARD,"""RR INSTALLATIONS,  TRACKS,  MARSHALLING YARDS,  AND STATIONS""",50.6,8.68,B17,2.0,2.0,240.0,5.0,,,5.0,VISUAL
170688,185202.0,1945-02-06,8,GERMANY,MARSHALLING YARD,"""RR INSTALLATIONS,  TRACKS,  MARSHALLING YARDS,  AND STATIONS""",50.6,8.68,B17,2.0,11.0,236.0,28.0,,,28.0,F.F.F.
170702,185203.0,1945-02-06,8,GERMANY,MARSHALLING YARD,"""RR INSTALLATIONS,  TRACKS,  MARSHALLING YARDS,  AND STATIONS""",50.6,8.68,B17,2.0,12.0,227.0,30.0,,,30.0,F.F.F.
170697,185204.0,1945-02-06,8,GERMANY,MARSHALLING YARD,"""RR INSTALLATIONS,  TRACKS,  MARSHALLING YARDS,  AND STATIONS""",50.6,8.68,B17,2.0,12.0,231.0,30.0,,,30.0,F.F.F.
170692,185205.0,1945-02-06,8,GERMANY,MARSHALLING YARD,"""RR INSTALLATIONS,  TRACKS,  MARSHALLING YARDS,  AND STATIONS""",50.95,10.72,B17,2.0,11.0,235.0,28.0,,,28.0,VISUAL
170684,185206.0,1945-02-06,8,GERMANY,MARSHALLING YARD,"""RR INSTALLATIONS,  TRACKS,  MARSHALLING YARDS,  AND STATIONS""",50.95,10.72,B17,2.0,12.0,240.0,30.0,,,30.0,VISUAL
170685,185207.0,1945-02-06,8,GERMANY,MARSHALLING YARD,"""RR INSTALLATIONS,  TRACKS,  MARSHALLING YARDS,  AND STATIONS""",50.95,10.72,B17,2.0,12.0,240.0,30.0,,,30.0,VISUAL
170714,185208.0,1945-02-06,8,GERMANY,MARSHALLING YARD,"""RR INSTALLATIONS,  TRACKS,  MARSHALLING YARDS,  AND STATIONS""",50.95,10.72,B17,2.0,1.0,,3.0,,,3.0,NOT INDICATED
170715,185209.0,1945-02-06,8,GERMANY,MARSHALLING YARD,"""RR INSTALLATIONS,  TRACKS,  MARSHALLING YARDS,  AND STATIONS""",50.95,10.72,B17,2.0,2.0,,5.0,,,5.0,NOT INDICATED
170676,185210.0,1945-02-06,8,GERMANY,MARSHALLING YARD,"""RR INSTALLATIONS,  TRACKS,  MARSHALLING YARDS,  AND STATIONS""",50.95,10.72,B17,2.0,12.0,243.0,30.0,,,30.0,VISUAL
170686,185211.0,1945-02-06,8,GERMANY,MARSHALLING YARD,"""RR INSTALLATIONS,  TRACKS,  MARSHALLING YARDS,  AND STATIONS""",50.95,10.72,B17,2.0,12.0,239.0,30.0,,,30.0,VISUAL
170666,185212.0,1945-02-06,8,GERMANY,MARSHALLING YARD,"""RR INSTALLATIONS,  TRACKS,  MARSHALLING YARDS,  AND STATIONS""",50.95,10.72,B17,2.0,11.0,252.0,28.0,,,28.0,VISUAL
170710,216336.0,1945-02-06,8,GERMANY,STORES DEPOT,SUPPLY DUMPS AND WAREHOUSES,50.77,6.63,B26,,,12.0,60.0,,,60.0,VISUAL
170709,216337.0,1945-02-06,8,GERMANY,STORES DEPOT,SUPPLY DUMPS AND WAREHOUSES,50.77,6.63,B26,,,120.0,60.0,,,60.0,VISUAL
171573,116275.0,1945-02-07,15,AUSTRIA,NOVA OIL REFINERY,OIL REFINERIES,48.12,16.53,B17,4.0,20.0,293.0,35.0,,,35.0,F.F.F.
171849,116276.0,1945-02-07,15,AUSTRIA,NOVA OIL REFINERY,OIL REFINERIES,48.12,16.53,B17,4.0,,,20.0,,,20.0,NOT INDICATED
171850,116277.0,1945-02-07,15,AUSTRIA,NOVA OIL REFINERY,OIL REFINERIES,48.12,16.53,B17,4.0,,,16.0,,,16.0,NOT INDICATED
171575,116278.0,1945-02-07,15,AUSTRIA,NOVA OIL REFINERY,OIL REFINERIES,48.12,16.53,B17,4.0,15.0,290.0,16.0,,,16.0,NOT INDICATED
171576,116279.0,1945-02-07,15,AUSTRIA,NOVA OIL REFINERY,OIL REFINERIES,48.12,16.53,B17,4.0,16.0,290.0,20.0,,,20.0,NOT INDICATED
171583,116280.0,1945-02-07,15,AUSTRIA,NOVA OIL REFINERY,OIL REFINERIES,48.12,16.53,B17,4.0,20.0,280.0,48.0,,,48.0,F.F.F.
171628,116281.0,1945-02-07,15,AUSTRIA,SYN OIL REFINERY,OIL REFINERIES,48.32,15.92,B24,4.0,15.0,230.0,29.0,,,29.0,F.F.F.
171629,116282.0,1945-02-07,15,AUSTRIA,SYN OIL REFINERY,OIL REFINERIES,48.32,15.92,B24,4.0,16.0,230.0,30.0,,,30.0,F.F.F.
171597,116283.0,1945-02-07,15,AUSTRIA,SYN OIL REFINERY,OIL REFINERIES,48.32,15.92,B24,4.0,18.0,250.0,34.0,,,34.0,VISUAL
171593,116284.0,1945-02-07,15,AUSTRIA,SYN OIL REFINERY,OIL REFINERIES,48.32,15.92,B24,4.0,10.0,255.0,20.0,,,20.0,VISUAL
171609,116285.0,1945-02-07,15,AUSTRIA,SYN OIL REFINERY,OIL REFINERIES,48.32,15.92,B24,4.0,16.0,240.0,31.0,,,31.0,F.F.F.
171598,116286.0,1945-02-07,15,AUSTRIA,SYN OIL REFINERY,OIL REFINERIES,48.32,15.92,B24,4.0,17.0,250.0,33.0,,,33.0,VISUAL
171620,116287.0,1945-02-07,15,AUSTRIA,SYN OIL REFINERY,OIL REFINERIES,48.32,15.92,B24,4.0,16.0,235.0,31.0,,,31.0,VISUAL
171610,116288.0,1945-02-07,15,AUSTRIA,SYN OIL REFINERY,OIL REFINERIES,48.32,15.92,B24,4.0,20.0,240.0,39.0,,,39.0,F.F.F.
171843,116289.0,1945-02-07,15,AUSTRIA,SYN OIL REFINERY,OIL REFINERIES,48.32,15.92,B24,4.0,,,18.0,,,18.0,NOT INDICATED
171632,116290.0,1945-02-07,15,AUSTRIA,SYN OIL REFINERY,OIL REFINERIES,48.32,15.92,B24,4.0,18.0,225.0,33.0,,,33.0,F.F.F.
171626,116291.0,1945-02-07,15,AUSTRIA,SYN OIL REFINERY,OIL REFINERIES,48.32,15.92,B24,4.0,20.0,234.0,18.0,,,18.0,F.F.F.
171844,116292.0,1945-02-07,15,AUSTRIA,SYN OIL REFINERY,OIL REFINERIES,48.32,15.92,B24,4.0,,,13.0,,,13.0,NOT INDICATED
171845,116293.0,1945-02-07,15,AUSTRIA,SYN OIL REFINERY,OIL REFINERIES,48.32,15.92,B24,4.0,,,18.0,,,18.0,NOT INDICATED
171611,116294.0,1945-02-07,15,AUSTRIA,SYN OIL REFINERY,OIL REFINERIES,48.32,15.92,B24,4.0,14.0,240.0,13.0,,,13.0,VISUAL
171621,116295.0,1945-02-07,15,AUSTRIA,SYN OIL REFINERY,OIL REFINERIES,48.32,15.92,B24,4.0,19.0,235.0,18.0,,,18.0,F.F.F.
171601,116296.0,1945-02-07,15,AUSTRIA,SYN OIL REFINERY,OIL REFINERIES,48.32,15.92,B24,4.0,19.0,246.0,36.0,,,36.0,VISUAL
171622,116297.0,1945-02-07,15,AUSTRIA,SYN OIL REFINERY,OIL REFINERIES,48.32,15.92,B24,4.0,21.0,235.0,39.0,,,39.0,VISUAL
171634,116298.0,1945-02-07,15,AUSTRIA,SYN OIL REFINERY,OIL REFINERIES,48.32,15.92,B24,4.0,20.0,223.0,38.0,,,38.0,VISUAL
171636,116299.0,1945-02-07,15,AUSTRIA,SYN OIL REFINERY,OIL REFINERIES,48.32,15.92,B24,4.0,21.0,220.0,40.0,,,40.0,VISUAL
171638,116306.0,1945-02-07,15,AUSTRIA,OIL REFINERY,OIL REFINERIES,48.2,16.37,B17,4.0,20.0,26.0,45.0,,,45.0,NOT INDICATED
171585,116307.0,1945-02-07,15,AUSTRIA,OIL REFINERY,OIL REFINERIES,48.2,16.37,B17,4.0,20.0,280.0,43.0,,,43.0,NOT INDICATED
171571,116308.0,1945-02-07,15,AUSTRIA,OIL REFINERY,OIL REFINERIES,48.2,16.37,B17,4.0,16.0,300.0,45.0,,,45.0,NOT INDICATED
171579,116309.0,1945-02-07,15,AUSTRIA,OIL REFINERY,OIL REFINERIES,48.2,16.37,B17,4.0,18.0,290.0,52.0,,,52.0,NOT INDICATED
171580,116310.0,1945-02-07,15,AUSTRIA,OIL REFINERY,OIL REFINERIES,48.2,16.37,B17,4.0,14.0,290.0,30.0,,,30.0,NOT INDICATED
171591,116311.0,1945-02-07,15,AUSTRIA,OIL REFINERY,OIL REFINERIES,48.2,16.37,B24,4.0,1.0,258.0,2.0,,,2.0,VISUAL
171595,116312.0,1945-02-07,15,AUSTRIA,OIL REFINERY,OIL REFINERIES,48.2,16.37,B24,4.0,17.0,255.0,27.0,,,27.0,VISUAL
171603,116313.0,1945-02-07,15,AUSTRIA,OIL REFINERY,OIL REFINERIES,48.2,16.37,B24,4.0,18.0,243.0,29.0,,,29.0,VISUAL
171605,116314.0,1945-02-07,15,AUSTRIA,OIL REFINERY,OIL REFINERIES,48.2,16.37,B24,4.0,36.0,242.0,74.0,,,74.0,F.F.F.
171618,116315.0,1945-02-07,15,AUSTRIA,OIL REFINERY,OIL REFINERIES,48.2,16.37,B24,4.0,26.0,240.0,52.0,,,52.0,F.F.F.
171589,116316.0,1945-02-07,15,AUSTRIA,OIL REFINERY,OIL REFINERIES,48.2,16.37,B24,4.0,15.0,260.0,23.0,,,23.0,F.F.F.
171587,116317.0,1945-02-07,15,AUSTRIA,OIL REFINERY,OIL REFINERIES,48.2,16.37,B24,4.0,16.0,264.0,24.0,,,24.0,F.F.F.
171615,116335.0,1945-02-07,15,AUSTRIA,CITY AREA,CITIES TOWNS AND URBAN AREAS,46.75,14.37,B24,2.0,1.0,240.0,2.0,,,2.0,F.F.F.
171616,185265.0,1945-02-07,15,AUSTRIA,CITY AREA,CITIES TOWNS AND URBAN AREAS,46.75,14.37,B24,2.0,1.0,240.0,2.0,,,2.0,F.F.F.
171617,185267.0,1945-02-07,15,AUSTRIA,CITY AREA,CITIES TOWNS AND URBAN AREAS,46.75,14.37,B24,2.0,1.0,240.0,2.0,,,2.0,F.F.F.
171630,185273.0,1945-02-07,15,AUSTRIA,SYN OIL REFINERY,OIL REFINERIES,48.32,15.92,B24,4.0,15.0,230.0,29.0,,,29.0,F.F.F.
171631,185274.0,1945-02-07,15,AUSTRIA,SYN OIL REFINERY,OIL REFINERIES,48.32,15.92,B24,4.0,16.0,230.0,30.0,,,30.0,F.F.F.
171599,185275.0,1945-02-07,15,AUSTRIA,SYN OIL REFINERY,OIL REFINERIES,48.32,15.92,B24,4.0,18.0,250.0,34.0,,,34.0,VISUAL
171594,185276.0,1945-02-07,15,AUSTRIA,SYN OIL REFINERY,OIL REFINERIES,48.32,15.92,B24,4.0,10.0,255.0,20.0,,,20.0,VISUAL
171612,185277.0,1945-02-07,15,AUSTRIA,SYN OIL REFINERY,OIL REFINERIES,48.32,15.92,B24,4.0,16.0,240.0,31.0,,,31.0,F.F.F.
171600,185278.0,1945-02-07,15,AUSTRIA,SYN OIL REFINERY,OIL REFINERIES,48.32,15.92,B24,4.0,17.0,250.0,33.0,,,33.0,VISUAL
171623,185279.0,1945-02-07,15,AUSTRIA,SYN OIL REFINERY,OIL REFINERIES,48.32,15.92,B24,4.0,16.0,235.0,31.0,,,31.0,VISUAL
171613,185280.0,1945-02-07,15,AUSTRIA,SYN OIL REFINERY,OIL REFINERIES,48.32,15.92,B24,4.0,20.0,240.0,39.0,,,39.0,F.F.F.
171846,185281.0,1945-02-07,15,AUSTRIA,SYN OIL REFINERY,OIL REFINERIES,48.32,15.92,B24,4.0,,,18.0,,,18.0,NOT INDICATED
171633,185282.0,1945-02-07,15,AUSTRIA,SYN OIL REFINERY,OIL REFINERIES,48.32,15.92,B24,4.0,18.0,225.0,33.0,,,33.0,F.F.F.
171627,185283.0,1945-02-07,15,AUSTRIA,SYN OIL REFINERY,OIL REFINERIES,48.32,15.92,B24,4.0,20.0,234.0,18.0,,,18.0,F.F.F.
171847,185284.0,1945-02-07,15,AUSTRIA,SYN OIL REFINERY,OIL REFINERIES,48.32,15.92,B24,4.0,,,13.0,,,13.0,NOT INDICATED
171848,185285.0,1945-02-07,15,AUSTRIA,SYN OIL REFINERY,OIL REFINERIES,48.32,15.92,B24,4.0,,,18.0,,,18.0,NOT INDICATED
171614,185286.0,1945-02-07,15,AUSTRIA,SYN OIL REFINERY,OIL REFINERIES,48.32,15.92,B24,4.0,14.0,240.0,13.0,,,13.0,VISUAL
171624,185287.0,1945-02-07,15,AUSTRIA,SYN OIL REFINERY,OIL REFINERIES,48.32,15.92,B24,4.0,19.0,235.0,18.0,,,18.0,F.F.F.
171602,185288.0,1945-02-07,15,AUSTRIA,SYN OIL REFINERY,OIL REFINERIES,48.32,15.92,B24,4.0,19.0,246.0,36.0,,,36.0,VISUAL
171625,185289.0,1945-02-07,15,AUSTRIA,SYN OIL REFINERY,OIL REFINERIES,48.32,15.92,B24,4.0,21.0,235.0,39.0,,,39.0,VISUAL
171635,185290.0,1945-02-07,15,AUSTRIA,SYN OIL REFINERY,OIL REFINERIES,48.32,15.92,B24,4.0,20.0,223.0,38.0,,,38.0,VISUAL
171637,185291.0,1945-02-07,15,AUSTRIA,SYN OIL REFINERY,OIL REFINERIES,48.32,15.92,B24,4.0,21.0,220.0,40.0,,,40.0,VISUAL
171574,185292.0,1945-02-07,15,AUSTRIA,NOVA OIL REFINERY,OIL REFINERIES,48.12,16.53,B17,4.0,20.0,293.0,35.0,,,35.0,F.F.F.
171851,185293.0,1945-02-07,15,AUSTRIA,NOVA OIL REFINERY,OIL REFINERIES,48.12,16.53,B17,4.0,,,20.0,,,20.0,NOT INDICATED
171852,185294.0,1945-02-07,15,AUSTRIA,NOVA OIL REFINERY,OIL REFINERIES,48.12,16.53,B17,4.0,,,16.0,,,16.0,NOT INDICATED
171577,185295.0,1945-02-07,15,AUSTRIA,NOVA OIL REFINERY,OIL REFINERIES,48.12,16.53,B17,4.0,15.0,290.0,16.0,,,16.0,NOT INDICATED
171578,185296.0,1945-02-07,15,AUSTRIA,NOVA OIL REFINERY,OIL REFINERIES,48.12,16.53,B17,4.0,16.0,290.0,20.0,,,20.0,NOT INDICATED
171584,185297.0,1945-02-07,15,AUSTRIA,NOVA OIL REFINERY,OIL REFINERIES,48.12,16.53,B17,4.0,20.0,280.0,48.0,,,48.0,F.F.F.
171639,185298.0,1945-02-07,15,AUSTRIA,OIL REFINERY,OIL REFINERIES,48.2,16.37,B17,4.0,20.0,26.0,45.0,,,45.0,NOT INDICATED
171586,185299.0,1945-02-07,15,AUSTRIA,OIL REFINERY,OIL REFINERIES,48.2,16.37,B17,4.0,20.0,280.0,43.0,,,43.0,NOT INDICATED
171572,185300.0,1945-02-07,15,AUSTRIA,OIL REFINERY,OIL REFINERIES,48.2,16.37,B17,4.0,16.0,300.0,45.0,,,45.0,NOT INDICATED
171581,185301.0,1945-02-07,15,AUSTRIA,OIL REFINERY,OIL REFINERIES,48.2,16.37,B17,4.0,18.0,290.0,52.0,,,52.0,NOT INDICATED
171582,185302.0,1945-02-07,15,AUSTRIA,OIL REFINERY,OIL REFINERIES,48.2,16.37,B17,4.0,14.0,290.0,30.0,,,30.0,NOT INDICATED
171592,185303.0,1945-02-07,15,AUSTRIA,OIL REFINERY,OIL REFINERIES,48.2,16.37,B24,4.0,1.0,258.0,2.0,,,2.0,VISUAL
171596,185304.0,1945-02-07,15,AUSTRIA,OIL REFINERY,OIL REFINERIES,48.2,16.37,B24,4.0,17.0,255.0,27.0,,,27.0,VISUAL
171604,185305.0,1945-02-07,15,AUSTRIA,OIL REFINERY,OIL REFINERIES,48.2,16.37,B24,4.0,18.0,243.0,29.0,,,29.0,VISUAL
171606,185306.0,1945-02-07,15,AUSTRIA,OIL REFINERY,OIL REFINERIES,48.2,16.37,B24,4.0,36.0,242.0,74.0,,,74.0,F.F.F.
171619,185307.0,1945-02-07,15,AUSTRIA,OIL REFINERY,OIL REFINERIES,48.2,16.37,B24,4.0,26.0,240.0,52.0,,,52.0,F.F.F.
171590,185308.0,1945-02-07,15,AUSTRIA,OIL REFINERY,OIL REFINERIES,48.2,16.37,B24,4.0,15.0,260.0,23.0,,,23.0,F.F.F.
171588,185309.0,1945-02-07,15,AUSTRIA,OIL REFINERY,OIL REFINERIES,48.2,16.37,B24,4.0,16.0,264.0,24.0,,,24.0,F.F.F.
171640,185312.0,1945-02-07,15,AUSTRIA,MARSHALLING YARD,"""RR INSTALLATIONS,  TRACKS,  MARSHALLING YARDS,  AND STATIONS""",47.35,16.17,B24,3.0,1.0,,2.0,,,2.0,F.F.F.
171641,185313.0,1945-02-07,15,AUSTRIA,MARSHALLING YARDS,"""RR INSTALLATIONS,  TRACKS,  MARSHALLING YARDS,  AND STATIONS""",47.37,15.12,B17,4.0,,,1.0,,,1.0,NOT INDICATED
171642,185314.0,1945-02-07,15,AUSTRIA,MARSHALLING YARDS,"""RR INSTALLATIONS,  TRACKS,  MARSHALLING YARDS,  AND STATIONS""",47.37,15.12,B17,4.0,1.0,,1.0,,,1.0,NOT INDICATED
171853,185315.0,1945-02-07,15,AUSTRIA,RR BRIDGE,BRIDGES,47.0,15.33,B17,2.0,,,3.0,,,3.0,VISUAL
171854,185316.0,1945-02-07,15,AUSTRIA,MARSHALLING YARDS,"""RR INSTALLATIONS,  TRACKS,  MARSHALLING YARDS,  AND STATIONS""",47.0,16.0,B17,2.0,,,3.0,,,3.0,VISUAL
171607,216363.0,1945-02-07,15,CZECHOSLOVAKIA,PORT AREA,PORTS AND HARBORS,48.15,17.12,B24,2.0,17.0,240.0,33.0,,,33.0,VISUAL
171608,216366.0,1945-02-07,15,CZECHOSLOVAKIA,PORT AREA,PORTS AND HARBORS,48.15,17.12,B24,2.0,17.0,240.0,33.0,,,33.0,VISUAL
172447,116337.0,1945-02-08,15,AUSTRIA,CENTRAL REPAIR SHOPS,MANUFACTURING INSTALLATIONS (NOT SPECIFICALLY IDENTIFIED BELOW FROM CLASS 11 THROUGH 59),48.2,16.37,B24,4.0,83.0,260.0,37.0,,,37.0,F.F.F.
172466,116338.0,1945-02-08,15,AUSTRIA,CENTRAL REPAIR SHOPS,MANUFACTURING INSTALLATIONS (NOT SPECIFICALLY IDENTIFIED BELOW FROM CLASS 11 THROUGH 59),48.2,16.37,B24,4.0,17.0,243.0,33.0,,,33.0,F.F.F.
172240,116353.0,1945-02-08,15,AUSTRIA,GOODS DEPOT,SUPPLY DUMPS AND WAREHOUSES,48.2,16.37,B17,4.0,25.0,286.0,59.0,,,59.0,F.F.F.
172480,116354.0,1945-02-08,15,AUSTRIA,GOODS DEPOT,SUPPLY DUMPS AND WAREHOUSES,48.2,16.37,B17,4.0,24.0,,69.0,,,69.0,NOT INDICATED
172237,116355.0,1945-02-08,15,AUSTRIA,GOODS DEPOT,SUPPLY DUMPS AND WAREHOUSES,48.2,16.37,B17,4.0,26.0,300.0,53.0,,,53.0,F.F.F.
172453,116356.0,1945-02-08,15,AUSTRIA,GOODS DEPOT,SUPPLY DUMPS AND WAREHOUSES,48.2,16.37,B17,4.0,27.0,255.0,78.0,,,78.0,F.F.F.
172443,116357.0,1945-02-08,15,AUSTRIA,GOODS DEPOT,SUPPLY DUMPS AND WAREHOUSES,48.2,16.37,B17,4.0,27.0,280.0,67.0,,,67.0,F.F.F.
172476,116358.0,1945-02-08,15,AUSTRIA,GOODS DEPOT,SUPPLY DUMPS AND WAREHOUSES,48.2,16.37,B24,4.0,24.0,230.0,46.0,,,46.0,F.F.F.
172463,116359.0,1945-02-08,15,AUSTRIA,GOODS DEPOT,SUPPLY DUMPS AND WAREHOUSES,48.2,16.37,B24,4.0,20.0,249.0,38.0,,,38.0,F.F.F.
172469,116360.0,1945-02-08,15,AUSTRIA,GOODS DEPOT,SUPPLY DUMPS AND WAREHOUSES,48.2,16.37,B24,4.0,26.0,240.0,50.0,,,50.0,F.F.F.
172456,116361.0,1945-02-08,15,AUSTRIA,GOODS DEPOT,SUPPLY DUMPS AND WAREHOUSES,48.2,16.37,B24,4.0,25.0,250.0,49.0,,,49.0,F.F.F.
172470,116362.0,1945-02-08,15,AUSTRIA,GOODS DEPOT,SUPPLY DUMPS AND WAREHOUSES,48.2,16.37,B24,4.0,21.0,240.0,42.0,,,42.0,F.F.F.
172458,116363.0,1945-02-08,15,AUSTRIA,GOODS DEPOT,SUPPLY DUMPS AND WAREHOUSES,48.2,16.37,B24,4.0,21.0,250.0,41.0,,,41.0,F.F.F.
172449,116364.0,1945-02-08,15,AUSTRIA,GOODS DEPOT,SUPPLY DUMPS AND WAREHOUSES,48.2,16.37,B24,4.0,26.0,260.0,52.0,,,52.0,F.F.F.
172486,116367.0,1945-02-08,8,GERMANY,TOWN,CITIES TOWNS AND URBAN AREAS,51.1,6.81,B26,,,134.0,1.0,,,1.0,VISUAL
172487,116370.0,1945-02-08,8,GERMANY,TOWN,CITIES TOWNS AND URBAN AREAS,51.1,6.81,B26,,,134.0,1.0,,,1.0,VISUAL
172488,185320.0,1945-02-08,8,GERMANY,TOWN,CITIES TOWNS AND URBAN AREAS,51.1,6.81,B26,,,134.0,1.0,,,1.0,VISUAL
172489,185323.0,1945-02-08,8,GERMANY,TOWN,CITIES TOWNS AND URBAN AREAS,51.1,6.81,B26,,,134.0,1.0,,,1.0,VISUAL
172457,185326.0,1945-02-08,15,AUSTRIA,CENTRAL REPAIR SHOPS,MANUFACTURING INSTALLATIONS (NOT SPECIFICALLY IDENTIFIED BELOW FROM CLASS 11 THROUGH 59),48.2,16.37,B24,4.0,24.0,250.0,44.0,,,44.0,F.F.F.
172448,185327.0,1945-02-08,15,AUSTRIA,CENTRAL REPAIR SHOPS,MANUFACTURING INSTALLATIONS (NOT SPECIFICALLY IDENTIFIED BELOW FROM CLASS 11 THROUGH 59),48.2,16.37,B24,4.0,23.0,260.0,37.0,,,37.0,F.F.F.
172467,185328.0,1945-02-08,15,AUSTRIA,CENTRAL REPAIR SHOPS,MANUFACTURING INSTALLATIONS (NOT SPECIFICALLY IDENTIFIED BELOW FROM CLASS 11 THROUGH 59),48.2,16.37,B24,4.0,17.0,243.0,33.0,,,33.0,F.F.F.
172450,185329.0,1945-02-08,15,AUSTRIA,CENTRAL REPAIR SHOPS,MANUFACTURING INSTALLATIONS (NOT SPECIFICALLY IDENTIFIED BELOW FROM CLASS 11 THROUGH 59),48.2,16.37,B24,4.0,83.0,260.0,37.0,,,37.0,F.F.F.
172468,185330.0,1945-02-08,15,AUSTRIA,CENTRAL REPAIR SHOPS,MANUFACTURING INSTALLATIONS (NOT SPECIFICALLY IDENTIFIED BELOW FROM CLASS 11 THROUGH 59),48.2,16.37,B24,4.0,17.0,243.0,33.0,,,33.0,F.F.F.
172485,185333.0,1945-02-08,12,AUSTRIA,RR,"""RR INSTALLATIONS,  TRACKS,  MARSHALLING YARDS,  AND STATIONS""",46.63,14.3,B24,4.0,1.0,,2.0,,,2.0,NOT INDICATED
172479,185334.0,1945-02-08,15,AUSTRIA,MARSHALLING YARDS,"""RR INSTALLATIONS,  TRACKS,  MARSHALLING YARDS,  AND STATIONS""",48.18,16.35,B24,4.0,28.0,,54.0,,,54.0,VISUAL
172446,185335.0,1945-02-08,15,AUSTRIA,COMM CENTER,TRANSPORTATION FACILITIES (NOT SPECIFICALLY IDENTIFIED BELOW),48.2,16.37,B24,4.0,29.0,263.0,56.0,,,56.0,F.F.F.
172475,185336.0,1945-02-08,15,AUSTRIA,COMM CENTER,TRANSPORTATION FACILITIES (NOT SPECIFICALLY IDENTIFIED BELOW),48.2,16.37,B24,4.0,28.0,237.0,52.0,,,52.0,F.F.F.
172483,185337.0,1945-02-08,12,AUSTRIA,MARSHALLING YARDS,"""RR INSTALLATIONS,  TRACKS,  MARSHALLING YARDS,  AND STATIONS""",48.2,16.37,B24,4.0,28.0,240.0,53.0,,,53.0,F.F.F.
172484,185338.0,1945-02-08,12,AUSTRIA,MARSHALLING YARDS,"""RR INSTALLATIONS,  TRACKS,  MARSHALLING YARDS,  AND STATIONS""",48.2,16.37,B24,4.0,20.0,230.0,39.0,,,39.0,F.F.F.
172454,210575.0,1945-02-08,15,AUSTRIA,GOODS DEPOT,SUPPLY DUMPS AND WAREHOUSES,48.2,16.37,B17,4.0,27.0,255.0,78.0,,,78.0,F.F.F.
172444,210576.0,1945-02-08,15,AUSTRIA,GOODS DEPOT,SUPPLY DUMPS AND WAREHOUSES,48.2,16.37,B17,4.0,27.0,280.0,67.0,,,67.0,F.F.F.
172241,210577.0,1945-02-08,15,AUSTRIA,GOODS DEPOT,SUPPLY DUMPS AND WAREHOUSES,48.2,16.37,B17,4.0,25.0,286.0,59.0,,,59.0,F.F.F.
172481,210578.0,1945-02-08,15,AUSTRIA,GOODS DEPOT,SUPPLY DUMPS AND WAREHOUSES,48.2,16.37,B17,4.0,24.0,,69.0,,,69.0,NOT INDICATED
172238,210579.0,1945-02-08,15,AUSTRIA,GOODS DEPOT,SUPPLY DUMPS AND WAREHOUSES,48.2,16.37,B17,4.0,26.0,300.0,53.0,,,53.0,F.F.F.
172242,216399.0,1945-02-08,15,AUSTRIA,GOODS DEPOT,SUPPLY DUMPS AND WAREHOUSES,48.2,16.37,B17,4.0,25.0,286.0,59.0,,,59.0,F.F.F.
172482,216400.0,1945-02-08,15,AUSTRIA,GOODS DEPOT,SUPPLY DUMPS AND WAREHOUSES,48.2,16.37,B17,4.0,24.0,,69.0,,,69.0,NOT INDICATED
172239,216401.0,1945-02-08,15,AUSTRIA,GOODS DEPOT,SUPPLY DUMPS AND WAREHOUSES,48.2,16.37,B17,4.0,26.0,300.0,53.0,,,53.0,F.F.F.
172455,216402.0,1945-02-08,15,AUSTRIA,GOODS DEPOT,SUPPLY DUMPS AND WAREHOUSES,48.2,16.37,B17,4.0,27.0,255.0,78.0,,,78.0,F.F.F.
172445,216403.0,1945-02-08,15,AUSTRIA,GOODS DEPOT,SUPPLY DUMPS AND WAREHOUSES,48.2,16.37,B17,4.0,27.0,280.0,67.0,,,67.0,F.F.F.
172477,216404.0,1945-02-08,15,AUSTRIA,GOODS DEPOT,SUPPLY DUMPS AND WAREHOUSES,48.2,16.37,B24,4.0,24.0,230.0,46.0,,,46.0,F.F.F.
172464,216405.0,1945-02-08,15,AUSTRIA,GOODS DEPOT,SUPPLY DUMPS AND WAREHOUSES,48.2,16.37,B24,4.0,20.0,249.0,38.0,,,38.0,F.F.F.
172471,216406.0,1945-02-08,15,AUSTRIA,GOODS DEPOT,SUPPLY DUMPS AND WAREHOUSES,48.2,16.37,B24,4.0,26.0,240.0,50.0,,,50.0,F.F.F.
172459,216407.0,1945-02-08,15,AUSTRIA,GOODS DEPOT,SUPPLY DUMPS AND WAREHOUSES,48.2,16.37,B24,4.0,25.0,250.0,49.0,,,49.0,F.F.F.
172472,216408.0,1945-02-08,15,AUSTRIA,GOODS DEPOT,SUPPLY DUMPS AND WAREHOUSES,48.2,16.37,B24,4.0,21.0,240.0,42.0,,,42.0,F.F.F.
172462,216409.0,1945-02-08,15,AUSTRIA,GOODS DEPOT,SUPPLY DUMPS AND WAREHOUSES,48.2,16.37,B24,4.0,21.0,250.0,41.0,,,41.0,F.F.F.
172452,216410.0,1945-02-08,15,AUSTRIA,GOODS DEPOT,SUPPLY DUMPS AND WAREHOUSES,48.2,16.37,B24,4.0,26.0,260.0,52.0,,,52.0,F.F.F.
172478,216502.0,1945-02-08,15,AUSTRIA,GOODS DEPOT,SUPPLY DUMPS AND WAREHOUSES,48.2,16.37,B24,4.0,24.0,230.0,46.0,,,46.0,F.F.F.
172465,216503.0,1945-02-08,15,AUSTRIA,GOODS DEPOT,SUPPLY DUMPS AND WAREHOUSES,48.2,16.37,B24,4.0,20.0,249.0,38.0,,,38.0,F.F.F.
172473,216504.0,1945-02-08,15,AUSTRIA,GOODS DEPOT,SUPPLY DUMPS AND WAREHOUSES,48.2,16.37,B24,4.0,26.0,240.0,50.0,,,50.0,F.F.F.
172460,216505.0,1945-02-08,15,AUSTRIA,GOODS DEPOT,SUPPLY DUMPS AND WAREHOUSES,48.2,16.37,B24,4.0,25.0,250.0,49.0,,,49.0,F.F.F.
172474,216506.0,1945-02-08,15,AUSTRIA,GOODS DEPOT,SUPPLY DUMPS AND WAREHOUSES,48.2,16.37,B24,4.0,21.0,240.0,42.0,,,42.0,F.F.F.
172461,216507.0,1945-02-08,15,AUSTRIA,GOODS DEPOT,SUPPLY DUMPS AND WAREHOUSES,48.2,16.37,B24,4.0,21.0,250.0,41.0,,,41.0,F.F.F.
172451,216508.0,1945-02-08,15,AUSTRIA,GOODS DEPOT,SUPPLY DUMPS AND WAREHOUSES,48.2,16.37,B24,4.0,26.0,260.0,52.0,,,52.0,F.F.F.
173045,116373.0,1945-02-09,15,AUSTRIA,INSTALLATIONS,MANUFACTURING INSTALLATIONS (NOT SPECIFICALLY IDENTIFIED BELOW FROM CLASS 11 THROUGH 59),47.22,14.82,B17,4.0,2.0,270.0,4.0,,,4.0,F.F.F.
173062,116374.0,1945-02-09,15,AUSTRIA,INSTALLATIONS,MANUFACTURING INSTALLATIONS (NOT SPECIFICALLY IDENTIFIED BELOW FROM CLASS 11 THROUGH 59),47.22,14.82,B17,3.0,1.0,245.0,2.0,,,2.0,NOT INDICATED
173054,116375.0,1945-02-09,15,AUSTRIA,SYN OIL REFINERY,OIL REFINERIES,48.32,15.92,B17,4.0,3.0,255.0,9.0,,,9.0,F.F.F.
173087,116376.0,1945-02-09,15,AUSTRIA,SYN OIL REFINERY,OIL REFINERIES,48.32,15.92,B17,4.0,3.0,235.0,9.0,,,9.0,F.F.F.
173091,116377.0,1945-02-09,15,AUSTRIA,SYN OIL REFINERY,OIL REFINERIES,48.32,15.92,B17,4.0,,,5.0,,,5.0,NOT INDICATED
173089,116378.0,1945-02-09,15,AUSTRIA,SYN OIL REFINERY,OIL REFINERIES,48.32,15.92,B17,4.0,3.0,232.0,5.0,,,5.0,F.F.F.
173050,116379.0,1945-02-09,15,AUSTRIA,SYN OIL REFINERY,OIL REFINERIES,48.32,15.92,B17,4.0,3.0,260.0,9.0,,,9.0,F.F.F.
173059,116380.0,1945-02-09,15,AUSTRIA,SYN OIL REFINERY,OIL REFINERIES,48.32,15.92,B24,4.0,2.0,248.0,3.0,,,3.0,F.F.F.
173081,116381.0,1945-02-09,15,AUSTRIA,SYN OIL REFINERY,OIL REFINERIES,48.32,15.92,B24,4.0,3.0,237.0,5.0,,,5.0,F.F.F.
173075,116382.0,1945-02-09,15,AUSTRIA,SYN OIL REFINERY,OIL REFINERIES,48.32,15.92,B24,4.0,2.0,240.0,3.0,,,3.0,F.F.F.
173082,116383.0,1945-02-09,15,AUSTRIA,SYN OIL REFINERY,OIL REFINERIES,48.32,15.92,B24,4.0,3.0,237.0,5.0,,,5.0,F.F.F.
173071,116384.0,1945-02-09,15,AUSTRIA,SYN OIL REFINERY,OIL REFINERIES,48.32,15.92,B24,4.0,3.0,242.0,5.0,,,5.0,F.F.F.
173076,116385.0,1945-02-09,15,AUSTRIA,SYN OIL REFINERY,OIL REFINERIES,48.32,15.92,B24,4.0,3.0,240.0,5.0,,,5.0,VISUAL
173085,116386.0,1945-02-09,15,AUSTRIA,SYN OIL REFINERY,OIL REFINERIES,48.32,15.92,B24,4.0,3.0,235.0,5.0,,,5.0,F.F.F.
173079,116387.0,1945-02-09,15,AUSTRIA,SYN OIL REFINERY,OIL REFINERIES,48.32,15.92,B24,4.0,3.0,239.0,6.0,,,6.0,F.F.F.
173048,116388.0,1945-02-09,15,AUSTRIA,SYN OIL REFINERY,OIL REFINERIES,48.32,15.92,B24,4.0,3.0,260.0,4.0,,,4.0,F.F.F.
173065,116389.0,1945-02-09,15,AUSTRIA,SYN OIL REFINERY,OIL REFINERIES,48.32,15.92,B24,4.0,2.0,245.0,6.0,,,6.0,F.F.F.
173066,116390.0,1945-02-09,15,AUSTRIA,SYN OIL REFINERY,OIL REFINERIES,48.32,15.92,B24,4.0,2.0,245.0,4.0,,,4.0,F.F.F.
173067,116391.0,1945-02-09,15,AUSTRIA,SYN OIL REFINERY,OIL REFINERIES,48.32,15.92,B24,4.0,2.0,245.0,2.0,,,2.0,F.F.F.
173052,116392.0,1945-02-09,15,AUSTRIA,SYN OIL REFINERY,OIL REFINERIES,48.32,15.92,B24,4.0,2.0,255.0,4.0,,,4.0,F.F.F.
173114,116402.0,1945-02-09,8,GERMANY,WINTERSHALL SYN OIL,OIL REFINERIES,51.3,11.85,B17,4.0,12.0,246.0,30.0,,,30.0,VISUAL
173118,116403.0,1945-02-09,8,GERMANY,WINTERSHALL SYN OIL,OIL REFINERIES,51.3,11.85,B17,4.0,12.0,241.0,30.0,,,30.0,VISUAL
173344,116404.0,1945-02-09,8,GERMANY,WINTERSHALL SYN OIL,OIL REFINERIES,51.3,11.85,B17,4.0,10.0,,25.0,,,25.0,VISUAL
173105,116405.0,1945-02-09,8,GERMANY,WINTERSHALL SYN OIL,OIL REFINERIES,51.3,11.85,B17,4.0,13.0,252.0,33.0,,,33.0,VISUAL
173132,116406.0,1945-02-09,8,GERMANY,WINTERSHALL SYN OIL,OIL REFINERIES,51.3,11.85,B17,4.0,11.0,232.0,25.0,,,25.0,VISUAL
173100,116407.0,1945-02-09,8,GERMANY,WINTERSHALL SYN OIL,OIL REFINERIES,51.3,11.85,B17,4.0,12.0,256.0,29.0,,,29.0,VISUAL
173136,116408.0,1945-02-09,8,GERMANY,WINTERSHALL SYN OIL,OIL REFINERIES,51.3,11.85,B17,4.0,12.0,227.0,30.0,,,30.0,VISUAL
173142,116409.0,1945-02-09,8,GERMANY,WINTERSHALL SYN OIL,OIL REFINERIES,51.3,11.85,B17,4.0,12.0,222.0,28.0,,,28.0,VISUAL
173134,116410.0,1945-02-09,8,GERMANY,WINTERSHALL SYN OIL,OIL REFINERIES,51.3,11.85,B17,4.0,12.0,231.0,30.0,,,30.0,VISUAL
173112,116411.0,1945-02-09,8,GERMANY,WINTERSHALL SYN OIL,OIL REFINERIES,51.3,11.85,B17,4.0,12.0,248.0,30.0,,,30.0,VISUAL
173103,116412.0,1945-02-09,8,GERMANY,WINTERSHALL SYN OIL,OIL REFINERIES,51.3,11.85,B17,4.0,12.0,255.0,30.0,,,30.0,VISUAL
173096,116413.0,1945-02-09,8,GERMANY,WINTERSHALL SYN OIL,OIL REFINERIES,51.3,11.85,B17,4.0,11.0,261.0,28.0,,,28.0,VISUAL
173123,116414.0,1945-02-09,8,GERMANY,WINTERSHALL SYN OIL,OIL REFINERIES,51.3,11.85,B17,4.0,12.0,236.0,30.0,,,30.0,VISUAL
173137,116415.0,1945-02-09,8,GERMANY,WINTERSHALL SYN OIL,OIL REFINERIES,51.3,11.85,B17,4.0,13.0,227.0,33.0,,,33.0,VISUAL
173116,116416.0,1945-02-09,8,GERMANY,WINTERSHALL SYN OIL,OIL REFINERIES,51.3,11.85,B17,4.0,12.0,242.0,30.0,,,30.0,VISUAL
173124,116417.0,1945-02-09,8,GERMANY,WINTERSHALL SYN OIL,OIL REFINERIES,51.3,11.85,B17,4.0,12.0,236.0,29.0,,,29.0,VISUAL
173140,116418.0,1945-02-09,8,GERMANY,WINTERSHALL SYN OIL,OIL REFINERIES,51.3,11.85,B17,4.0,11.0,224.0,28.0,,,28.0,VISUAL
173121,116419.0,1945-02-09,8,GERMANY,WINTERSHALL SYN OIL,OIL REFINERIES,51.3,11.85,B17,4.0,11.0,238.0,28.0,,,28.0,VISUAL
173128,116420.0,1945-02-09,8,GERMANY,WINTERSHALL SYN OIL,OIL REFINERIES,51.3,11.85,B17,4.0,11.0,234.0,28.0,,,28.0,VISUAL
173107,116421.0,1945-02-09,8,GERMANY,WINTERSHALL SYN OIL,OIL REFINERIES,51.3,11.85,B17,4.0,12.0,251.0,29.0,,,29.0,VISUAL
173072,116442.0,1945-02-09,15,AUSTRIA,SYN OIL REFINERY,OIL REFINERIES,48.32,15.92,B24,4.0,3.0,242.0,5.0,,,5.0,F.F.F.
173056,116471.0,1945-02-09,15,AUSTRIA,UNIDENTIFIED TARGETS,UNIDENTIFIED TARGETS,47.67,16.0,B17,2.0,2.0,255.0,5.0,,,5.0,F.F.F.
173073,185339.0,1945-02-09,15,AUSTRIA,SYN OIL REFINERY,OIL REFINERIES,48.32,15.92,B24,4.0,3.0,242.0,5.0,,,5.0,F.F.F.
173057,185341.0,1945-02-09,15,AUSTRIA,UNIDENTIFIED TARGETS,UNIDENTIFIED TARGETS,47.67,16.0,B17,2.0,2.0,255.0,5.0,,,5.0,F.F.F.
173046,185357.0,1945-02-09,15,AUSTRIA,INSTALLATIONS,MANUFACTURING INSTALLATIONS (NOT SPECIFICALLY IDENTIFIED BELOW FROM CLASS 11 THROUGH 59),47.22,14.82,B17,4.0,2.0,270.0,4.0,,,4.0,F.F.F.
173063,185358.0,1945-02-09,15,AUSTRIA,INSTALLATIONS,MANUFACTURING INSTALLATIONS (NOT SPECIFICALLY IDENTIFIED BELOW FROM CLASS 11 THROUGH 59),47.22,14.82,B17,3.0,1.0,245.0,2.0,,,2.0,NOT INDICATED
173047,185359.0,1945-02-09,15,AUSTRIA,INSTALLATIONS,MANUFACTURING INSTALLATIONS (NOT SPECIFICALLY IDENTIFIED BELOW FROM CLASS 11 THROUGH 59),47.22,14.82,B17,4.0,2.0,270.0,4.0,,,4.0,F.F.F.
173064,185360.0,1945-02-09,15,AUSTRIA,INSTALLATIONS,MANUFACTURING INSTALLATIONS (NOT SPECIFICALLY IDENTIFIED BELOW FROM CLASS 11 THROUGH 59),47.22,14.82,B17,3.0,1.0,245.0,2.0,,,2.0,NOT INDICATED
173058,185361.0,1945-02-09,15,AUSTRIA,UNIDENTIFIED TARGETS,UNIDENTIFIED TARGETS,47.67,16.0,B17,2.0,2.0,255.0,5.0,,,5.0,F.F.F.
173055,185405.0,1945-02-09,15,AUSTRIA,SYN OIL REFINERY,OIL REFINERIES,48.32,15.92,B17,4.0,3.0,255.0,9.0,,,9.0,F.F.F.
173088,185406.0,1945-02-09,15,AUSTRIA,SYN OIL REFINERY,OIL REFINERIES,48.32,15.92,B17,4.0,3.0,235.0,9.0,,,9.0,F.F.F.
173092,185407.0,1945-02-09,15,AUSTRIA,SYN OIL REFINERY,OIL REFINERIES,48.32,15.92,B17,4.0,,,5.0,,,5.0,NOT INDICATED
173090,185408.0,1945-02-09,15,AUSTRIA,SYN OIL REFINERY,OIL REFINERIES,48.32,15.92,B17,4.0,3.0,232.0,5.0,,,5.0,F.F.F.
173051,185409.0,1945-02-09,15,AUSTRIA,SYN OIL REFINERY,OIL REFINERIES,48.32,15.92,B17,4.0,3.0,260.0,9.0,,,9.0,F.F.F.
173060,185410.0,1945-02-09,15,AUSTRIA,SYN OIL REFINERY,OIL REFINERIES,48.32,15.92,B24,4.0,2.0,248.0,3.0,,,3.0,F.F.F.
173083,185411.0,1945-02-09,15,AUSTRIA,SYN OIL REFINERY,OIL REFINERIES,48.32,15.92,B24,4.0,3.0,237.0,5.0,,,5.0,F.F.F.
173077,185412.0,1945-02-09,15,AUSTRIA,SYN OIL REFINERY,OIL REFINERIES,48.32,15.92,B24,4.0,2.0,240.0,3.0,,,3.0,F.F.F.
173084,185413.0,1945-02-09,15,AUSTRIA,SYN OIL REFINERY,OIL REFINERIES,48.32,15.92,B24,4.0,3.0,237.0,5.0,,,5.0,F.F.F.
173074,185414.0,1945-02-09,15,AUSTRIA,SYN OIL REFINERY,OIL REFINERIES,48.32,15.92,B24,4.0,3.0,242.0,5.0,,,5.0,F.F.F.
173078,185415.0,1945-02-09,15,AUSTRIA,SYN OIL REFINERY,OIL REFINERIES,48.32,15.92,B24,4.0,3.0,240.0,5.0,,,5.0,VISUAL
173086,185416.0,1945-02-09,15,AUSTRIA,SYN OIL REFINERY,OIL REFINERIES,48.32,15.92,B24,4.0,3.0,235.0,5.0,,,5.0,F.F.F.
173080,185417.0,1945-02-09,15,AUSTRIA,SYN OIL REFINERY,OIL REFINERIES,48.32,15.92,B24,4.0,3.0,239.0,6.0,,,6.0,F.F.F.
173049,185418.0,1945-02-09,15,AUSTRIA,SYN OIL REFINERY,OIL REFINERIES,48.32,15.92,B24,4.0,3.0,260.0,4.0,,,4.0,F.F.F.
173068,185419.0,1945-02-09,15,AUSTRIA,SYN OIL REFINERY,OIL REFINERIES,48.32,15.92,B24,4.0,2.0,245.0,6.0,,,6.0,F.F.F.
173069,185420.0,1945-02-09,15,AUSTRIA,SYN OIL REFINERY,OIL REFINERIES,48.32,15.92,B24,4.0,2.0,245.0,4.0,,,4.0,F.F.F.
173070,185421.0,1945-02-09,15,AUSTRIA,SYN OIL REFINERY,OIL REFINERIES,48.32,15.92,B24,4.0,2.0,245.0,2.0,,,2.0,F.F.F.
173053,185422.0,1945-02-09,15,AUSTRIA,SYN OIL REFINERY,OIL REFINERIES,48.32,15.92,B24,4.0,2.0,255.0,4.0,,,4.0,F.F.F.
173115,185432.0,1945-02-09,8,GERMANY,WINTERSHALL SYN OIL,OIL REFINERIES,51.3,11.85,B17,4.0,12.0,246.0,30.0,,,30.0,VISUAL
173119,185433.0,1945-02-09,8,GERMANY,WINTERSHALL SYN OIL,OIL REFINERIES,51.3,11.85,B17,4.0,12.0,241.0,30.0,,,30.0,VISUAL
173345,185434.0,1945-02-09,8,GERMANY,WINTERSHALL SYN OIL,OIL REFINERIES,51.3,11.85,B17,4.0,10.0,,25.0,,,25.0,VISUAL
173106,185435.0,1945-02-09,8,GERMANY,WINTERSHALL SYN OIL,OIL REFINERIES,51.3,11.85,B17,4.0,13.0,252.0,33.0,,,33.0,VISUAL
173133,185436.0,1945-02-09,8,GERMANY,WINTERSHALL SYN OIL,OIL REFINERIES,51.3,11.85,B17,4.0,11.0,232.0,25.0,,,25.0,VISUAL
173101,185437.0,1945-02-09,8,GERMANY,WINTERSHALL SYN OIL,OIL REFINERIES,51.3,11.85,B17,4.0,12.0,256.0,29.0,,,29.0,VISUAL
173138,185438.0,1945-02-09,8,GERMANY,WINTERSHALL SYN OIL,OIL REFINERIES,51.3,11.85,B17,4.0,12.0,227.0,30.0,,,30.0,VISUAL
173343,185439.0,1945-02-09,8,GERMANY,WINTERSHALL SYN OIL,OIL REFINERIES,51.3,11.85,B17,4.0,12.0,222.0,28.0,,,28.0,VISUAL
173135,185440.0,1945-02-09,8,GERMANY,WINTERSHALL SYN OIL,OIL REFINERIES,51.3,11.85,B17,4.0,12.0,231.0,30.0,,,30.0,VISUAL
173113,185441.0,1945-02-09,8,GERMANY,WINTERSHALL SYN OIL,OIL REFINERIES,51.3,11.85,B17,4.0,12.0,248.0,30.0,,,30.0,VISUAL
173104,185442.0,1945-02-09,8,GERMANY,WINTERSHALL SYN OIL,OIL REFINERIES,51.3,11.85,B17,4.0,12.0,255.0,30.0,,,30.0,VISUAL
173097,185443.0,1945-02-09,8,GERMANY,WINTERSHALL SYN OIL,OIL REFINERIES,51.3,11.85,B17,4.0,11.0,261.0,28.0,,,28.0,VISUAL
173125,185444.0,1945-02-09,8,GERMANY,WINTERSHALL SYN OIL,OIL REFINERIES,51.3,11.85,B17,4.0,12.0,236.0,30.0,,,30.0,VISUAL
173139,185445.0,1945-02-09,8,GERMANY,WINTERSHALL SYN OIL,OIL REFINERIES,51.3,11.85,B17,4.0,13.0,227.0,33.0,,,33.0,VISUAL
173117,185446.0,1945-02-09,8,GERMANY,WINTERSHALL SYN OIL,OIL REFINERIES,51.3,11.85,B17,4.0,12.0,242.0,30.0,,,30.0,VISUAL
173126,185447.0,1945-02-09,8,GERMANY,WINTERSHALL SYN OIL,OIL REFINERIES,51.3,11.85,B17,4.0,12.0,236.0,29.0,,,29.0,VISUAL
173141,185448.0,1945-02-09,8,GERMANY,WINTERSHALL SYN OIL,OIL REFINERIES,51.3,11.85,B17,4.0,11.0,224.0,28.0,,,28.0,VISUAL
173122,185449.0,1945-02-09,8,GERMANY,WINTERSHALL SYN OIL,OIL REFINERIES,51.3,11.85,B17,4.0,11.0,238.0,28.0,,,28.0,VISUAL
173129,185450.0,1945-02-09,8,GERMANY,WINTERSHALL SYN OIL,OIL REFINERIES,51.3,11.85,B17,4.0,11.0,234.0,28.0,,,28.0,VISUAL
173108,185451.0,1945-02-09,8,GERMANY,WINTERSHALL SYN OIL,OIL REFINERIES,51.3,11.85,B17,4.0,12.0,251.0,29.0,,,29.0,VISUAL
173061,185453.0,1945-02-09,15,AUSTRIA,MARSHALLING YARD,"""RR INSTALLATIONS,  TRACKS,  MARSHALLING YARDS,  AND STATIONS""",47.35,16.17,B24,2.0,1.0,245.0,2.0,,,2.0,NOT INDICATED
173109,185458.0,1945-02-09,8,GERMANY,RR VIADUCT,BRIDGES,51.4,8.05,B17,4.0,12.0,250.0,36.0,,,36.0,GEE
173127,185459.0,1945-02-09,8,GERMANY,RR VIADUCT,BRIDGES,51.4,8.05,B17,4.0,13.0,234.0,39.0,,,39.0,GEE
173102,185460.0,1945-02-09,8,GERMANY,RR VIADUCT,BRIDGES,51.4,8.05,B17,4.0,13.0,255.0,39.0,,,39.0,GEE
173130,185461.0,1945-02-09,8,GERMANY,RR VIADUCT,BRIDGES,51.4,8.05,B17,4.0,12.0,232.0,36.0,,,36.0,GEE
173131,185462.0,1945-02-09,8,GERMANY,RR VIADUCT,BRIDGES,51.4,8.05,B17,4.0,12.0,232.0,36.0,,,36.0,GEE
173120,185463.0,1945-02-09,8,GERMANY,RR VIADUCT,BRIDGES,51.4,8.05,B17,4.0,13.0,240.0,39.0,,,39.0,GEE
173110,185466.0,1945-02-09,8,GERMANY,MARSHALLING YARD,"""RR INSTALLATIONS,  TRACKS,  MARSHALLING YARDS,  AND STATIONS""",50.55,9.67,B17,2.0,11.0,250.0,28.0,,,28.0,F.F.F.
173111,185467.0,1945-02-09,8,GERMANY,MARSHALLING YARD,"""RR INSTALLATIONS,  TRACKS,  MARSHALLING YARDS,  AND STATIONS""",50.55,9.67,B17,2.0,12.0,250.0,29.0,,,29.0,F.F.F.
173093,185468.0,1945-02-09,8,GERMANY,MARSHALLING YARD,"""RR INSTALLATIONS,  TRACKS,  MARSHALLING YARDS,  AND STATIONS""",50.6,8.68,B17,2.0,12.0,270.0,30.0,,,30.0,F.F.F.
173094,185469.0,1945-02-09,8,GERMANY,MARSHALLING YARD,"""RR INSTALLATIONS,  TRACKS,  MARSHALLING YARDS,  AND STATIONS""",50.6,8.68,B17,2.0,12.0,270.0,30.0,,,30.0,F.F.F.
173095,185470.0,1945-02-09,8,GERMANY,MARSHALLING YARD,"""RR INSTALLATIONS,  TRACKS,  MARSHALLING YARDS,  AND STATIONS""",50.88,8.77,B17,2.0,9.0,265.0,23.0,,,23.0,F.F.F.
173099,185482.0,1945-02-09,8,GERMANY,R R,"""RR INSTALLATIONS,  TRACKS,  MARSHALLING YARDS,  AND STATIONS""",50.13,8.46,B17,1.0,10.0,260.0,30.0,,,30.0,F.F.F.
173098,185483.0,1945-02-09,8,GERMANY,R R,"""RR INSTALLATIONS,  TRACKS,  MARSHALLING YARDS,  AND STATIONS""",50.13,8.46,B17,1.0,11.0,261.0,33.0,,,33.0,F.F.F.
174249,116505.0,1945-02-10,8,GERMANY,M T,HIGHWAYS AND VEHICLES,50.77,6.63,B26,,,125.0,66.0,,,66.0,GEE
174251,116506.0,1945-02-10,8,GERMANY,M T,HIGHWAYS AND VEHICLES,50.77,6.63,B26,,,,4.0,,,4.0,NOT INDICATED
174039,116507.0,1945-02-10,8,GERMANY,M T,HIGHWAYS AND VEHICLES,50.77,6.63,B26,,,135.0,58.0,,,58.0,VISUAL
174247,116508.0,1945-02-10,8,GERMANY,M T,HIGHWAYS AND VEHICLES,50.77,6.63,B26,,,130.0,59.0,,,59.0,VISUAL
174245,116509.0,1945-02-10,8,GERMANY,BRIDGE,TRANSPORTATION FACILITIES (NOT SPECIFICALLY IDENTIFIED BELOW),51.1,6.81,B26,,,134.0,63.0,,,63.0,VISUAL
174041,116518.0,1945-02-10,8,GERMANY,TOWN,CITIES TOWNS AND URBAN AREAS,51.1,6.81,B26,,,135.0,1.0,,,1.0,VISUAL
174042,116520.0,1945-02-10,8,GERMANY,TOWN,CITIES TOWNS AND URBAN AREAS,51.1,6.81,B26,,,135.0,1.0,,,1.0,VISUAL
174243,185490.0,1945-02-10,8,GERMANY,TOWN,CITIES TOWNS AND URBAN AREAS,51.1,6.81,B26,,,135.0,1.0,,,1.0,VISUAL
174244,185491.0,1945-02-10,8,GERMANY,TOWN,CITIES TOWNS AND URBAN AREAS,51.1,6.81,B26,,,135.0,1.0,,,1.0,VISUAL
174250,216438.0,1945-02-10,8,GERMANY,M T,HIGHWAYS AND VEHICLES,50.77,6.63,B26,,,125.0,66.0,,,66.0,GEE
174252,216439.0,1945-02-10,8,GERMANY,M T,HIGHWAYS AND VEHICLES,50.77,6.63,B26,,,,4.0,,,4.0,NOT INDICATED
174040,216440.0,1945-02-10,8,GERMANY,M T,HIGHWAYS AND VEHICLES,50.77,6.63,B26,,,135.0,58.0,,,58.0,VISUAL
174248,216441.0,1945-02-10,8,GERMANY,M T,HIGHWAYS AND VEHICLES,50.77,6.63,B26,,,130.0,59.0,,,59.0,VISUAL
174246,216442.0,1945-02-10,8,GERMANY,BRIDGE,TRANSPORTATION FACILITIES (NOT SPECIFICALLY IDENTIFIED BELOW),51.1,6.81,B26,,,134.0,63.0,,,63.0,VISUAL
174602,116529.0,1945-02-11,8,GERMANY,MARSHALLING YARD,"""RR INSTALLATIONS,  TRACKS,  MARSHALLING YARDS,  AND STATIONS""",49.97,7.9,B26,,,125.0,2.0,,,2.0,VISUAL
174604,116530.0,1945-02-11,8,GERMANY,MARSHALLING YARD,"""RR INSTALLATIONS,  TRACKS,  MARSHALLING YARDS,  AND STATIONS""",49.97,7.9,A20,,,120.0,54.0,,,54.0,VISUAL
174603,216459.0,1945-02-11,8,GERMANY,MARSHALLING YARD,"""RR INSTALLATIONS,  TRACKS,  MARSHALLING YARDS,  AND STATIONS""",49.97,7.9,B26,,,125.0,2.0,,,2.0,VISUAL
174605,216460.0,1945-02-11,8,GERMANY,MARSHALLING YARD,"""RR INSTALLATIONS,  TRACKS,  MARSHALLING YARDS,  AND STATIONS""",49.97,7.9,A20,,,120.0,54.0,,,54.0,VISUAL
175558,116537.0,1945-02-13,15,AUSTRIA,CENTRAL REPAIR SHOPS,MANUFACTURING INSTALLATIONS (NOT SPECIFICALLY IDENTIFIED BELOW FROM CLASS 11 THROUGH 59),48.2,16.37,B24,4.0,9.0,220.0,17.0,,,17.0,VISUAL
175332,116538.0,1945-02-13,15,AUSTRIA,CENTRAL REPAIR SHOPS,MANUFACTURING INSTALLATIONS (NOT SPECIFICALLY IDENTIFIED BELOW FROM CLASS 11 THROUGH 59),48.2,16.37,B24,4.0,18.0,251.0,31.0,,,31.0,VISUAL
175314,116539.0,1945-02-13,15,AUSTRIA,OIL REFINERY,OIL REFINERIES,48.2,16.37,B17,2.0,1.0,280.0,1.0,,,1.0,NOT INDICATED
175308,116568.0,1945-02-13,15,AUSTRIA,GOODS DEPOT,SUPPLY DUMPS AND WAREHOUSES,48.2,16.37,B17,4.0,42.0,290.0,103.0,,,103.0,F.F.F.
175315,116569.0,1945-02-13,15,AUSTRIA,GOODS DEPOT,SUPPLY DUMPS AND WAREHOUSES,48.2,16.37,B17,4.0,28.0,280.0,67.0,,,67.0,NOT INDICATED
175329,116570.0,1945-02-13,15,AUSTRIA,GOODS DEPOT,SUPPLY DUMPS AND WAREHOUSES,48.2,16.37,B17,4.0,33.0,255.0,90.0,,,90.0,F.F.F.
175550,116571.0,1945-02-13,15,AUSTRIA,GOODS DEPOT,SUPPLY DUMPS AND WAREHOUSES,48.2,16.37,B17,4.0,39.0,238.0,94.0,,,94.0,F.F.F.
175311,116572.0,1945-02-13,15,AUSTRIA,GOODS DEPOT,SUPPLY DUMPS AND WAREHOUSES,48.2,16.37,B17,4.0,36.0,288.0,84.0,,,84.0,F.F.F.
175322,116573.0,1945-02-13,15,AUSTRIA,GOODS DEPOT,SUPPLY DUMPS AND WAREHOUSES,48.2,16.37,B17,4.0,38.0,276.0,89.0,,,89.0,F.F.F.
175341,116574.0,1945-02-13,15,AUSTRIA,GOODS DEPOT,SUPPLY DUMPS AND WAREHOUSES,48.2,16.37,B24,4.0,13.0,245.0,23.0,,,23.0,F.F.F.
175544,116575.0,1945-02-13,15,AUSTRIA,GOODS DEPOT,SUPPLY DUMPS AND WAREHOUSES,48.2,16.37,B24,4.0,16.0,240.0,31.0,,,31.0,F.F.F.
175547,116576.0,1945-02-13,15,AUSTRIA,GOODS DEPOT,SUPPLY DUMPS AND WAREHOUSES,48.2,16.37,B24,4.0,8.0,239.0,16.0,,,16.0,VISUAL
175335,116577.0,1945-02-13,15,AUSTRIA,GOODS DEPOT,SUPPLY DUMPS AND WAREHOUSES,48.2,16.37,B24,4.0,16.0,250.0,31.0,,,31.0,F.F.F.
175326,116578.0,1945-02-13,15,AUSTRIA,GOODS DEPOT,SUPPLY DUMPS AND WAREHOUSES,48.2,16.37,B24,4.0,20.0,256.0,40.0,,,40.0,VISUAL
175551,116579.0,1945-02-13,15,AUSTRIA,GOODS DEPOT,SUPPLY DUMPS AND WAREHOUSES,48.2,16.37,B24,4.0,21.0,238.0,41.0,,,41.0,VISUAL
175336,116580.0,1945-02-13,15,AUSTRIA,GOODS DEPOT,SUPPLY DUMPS AND WAREHOUSES,48.2,16.37,B24,4.0,19.0,250.0,38.0,,,38.0,VISUAL
175316,116586.0,1945-02-13,15,AUSTRIA,UNIDENTIFIED TARGET,UNIDENTIFIED TARGETS,48.2,16.37,B17,2.0,1.0,280.0,3.0,,,3.0,NOT INDICATED
175561,116587.0,1945-02-13,15,AUSTRIA,TOWN,CITIES TOWNS AND URBAN AREAS,46.67,14.67,B17,2.0,1.0,,2.0,,,2.0,NOT INDICATED
175317,185515.0,1945-02-13,15,AUSTRIA,UNIDENTIFIED TARGET,UNIDENTIFIED TARGETS,48.2,16.37,B17,2.0,1.0,280.0,3.0,,,3.0,NOT INDICATED
175562,185516.0,1945-02-13,15,AUSTRIA,TOWN,CITIES TOWNS AND URBAN AREAS,46.67,14.67,B17,2.0,1.0,,2.0,,,2.0,NOT INDICATED
175563,185518.0,1945-02-13,15,AUSTRIA,TOWN,CITIES TOWNS AND URBAN AREAS,46.67,14.67,B17,2.0,1.0,,2.0,,,2.0,NOT INDICATED
175559,185519.0,1945-02-13,15,AUSTRIA,CENTRAL REPAIR SHOPS,MANUFACTURING INSTALLATIONS (NOT SPECIFICALLY IDENTIFIED BELOW FROM CLASS 11 THROUGH 59),48.2,16.37,B24,4.0,9.0,220.0,17.0,,,17.0,VISUAL
175333,185520.0,1945-02-13,15,AUSTRIA,CENTRAL REPAIR SHOPS,MANUFACTURING INSTALLATIONS (NOT SPECIFICALLY IDENTIFIED BELOW FROM CLASS 11 THROUGH 59),48.2,16.37,B24,4.0,18.0,251.0,31.0,,,31.0,VISUAL
175560,185521.0,1945-02-13,15,AUSTRIA,CENTRAL REPAIR SHOPS,MANUFACTURING INSTALLATIONS (NOT SPECIFICALLY IDENTIFIED BELOW FROM CLASS 11 THROUGH 59),48.2,16.37,B24,4.0,9.0,220.0,17.0,,,17.0,VISUAL
175334,185522.0,1945-02-13,15,AUSTRIA,CENTRAL REPAIR SHOPS,MANUFACTURING INSTALLATIONS (NOT SPECIFICALLY IDENTIFIED BELOW FROM CLASS 11 THROUGH 59),48.2,16.37,B24,4.0,18.0,251.0,31.0,,,31.0,VISUAL
175318,185523.0,1945-02-13,15,AUSTRIA,UNIDENTIFIED TARGET,UNIDENTIFIED TARGETS,48.2,16.37,B17,2.0,1.0,280.0,3.0,,,3.0,NOT INDICATED
175319,185525.0,1945-02-13,15,AUSTRIA,OIL REFINERY,OIL REFINERIES,48.2,16.37,B17,2.0,1.0,280.0,1.0,,,1.0,NOT INDICATED
175556,185531.0,1945-02-13,15,AUSTRIA,MARSHALLING YARDS,"""RR INSTALLATIONS,  TRACKS,  MARSHALLING YARDS,  AND STATIONS""",48.18,16.35,B24,4.0,20.0,235.0,37.0,,,37.0,VISUAL
175325,185532.0,1945-02-13,15,AUSTRIA,MARSHALLING YARDS,"""RR INSTALLATIONS,  TRACKS,  MARSHALLING YARDS,  AND STATIONS""",48.18,16.35,B24,4.0,17.0,263.0,32.0,,,32.0,F.F.F.
175557,185533.0,1945-02-13,15,AUSTRIA,MARSHALLING YARDS,"""RR INSTALLATIONS,  TRACKS,  MARSHALLING YARDS,  AND STATIONS""",48.18,16.35,B24,4.0,19.0,223.0,35.0,,,35.0,F.F.F.
175564,185535.0,1945-02-13,12,AUSTRIA,RR CUTS,"""RR INSTALLATIONS,  TRACKS,  MARSHALLING YARDS,  AND STATIONS""",43.0,5.67,B24,2.0,1.0,,2.0,,,2.0,F.F.F.
175552,210580.0,1945-02-13,15,AUSTRIA,GOODS DEPOT,SUPPLY DUMPS AND WAREHOUSES,48.2,16.37,B17,4.0,39.0,238.0,94.0,,,94.0,F.F.F.
175312,210581.0,1945-02-13,15,AUSTRIA,GOODS DEPOT,SUPPLY DUMPS AND WAREHOUSES,48.2,16.37,B17,4.0,36.0,288.0,84.0,,,84.0,F.F.F.
175323,210582.0,1945-02-13,15,AUSTRIA,GOODS DEPOT,SUPPLY DUMPS AND WAREHOUSES,48.2,16.37,B17,4.0,38.0,276.0,89.0,,,89.0,F.F.F.
175309,210583.0,1945-02-13,15,AUSTRIA,GOODS DEPOT,SUPPLY DUMPS AND WAREHOUSES,48.2,16.37,B17,4.0,42.0,290.0,103.0,,,103.0,F.F.F.
175320,210584.0,1945-02-13,15,AUSTRIA,GOODS DEPOT,SUPPLY DUMPS AND WAREHOUSES,48.2,16.37,B17,4.0,28.0,280.0,67.0,,,67.0,NOT INDICATED
175330,210585.0,1945-02-13,15,AUSTRIA,GOODS DEPOT,SUPPLY DUMPS AND WAREHOUSES,48.2,16.37,B17,4.0,33.0,255.0,90.0,,,90.0,F.F.F.
175342,216509.0,1945-02-13,15,AUSTRIA,GOODS DEPOT,SUPPLY DUMPS AND WAREHOUSES,48.2,16.37,B24,4.0,13.0,245.0,23.0,,,23.0,F.F.F.
175310,216518.0,1945-02-13,15,AUSTRIA,GOODS DEPOT,SUPPLY DUMPS AND WAREHOUSES,48.2,16.37,B17,4.0,42.0,290.0,103.0,,,103.0,F.F.F.
175321,216519.0,1945-02-13,15,AUSTRIA,GOODS DEPOT,SUPPLY DUMPS AND WAREHOUSES,48.2,16.37,B17,4.0,28.0,280.0,67.0,,,67.0,NOT INDICATED
175331,216520.0,1945-02-13,15,AUSTRIA,GOODS DEPOT,SUPPLY DUMPS AND WAREHOUSES,48.2,16.37,B17,4.0,33.0,255.0,90.0,,,90.0,F.F.F.
175553,216521.0,1945-02-13,15,AUSTRIA,GOODS DEPOT,SUPPLY DUMPS AND WAREHOUSES,48.2,16.37,B17,4.0,39.0,238.0,94.0,,,94.0,F.F.F.
175313,216522.0,1945-02-13,15,AUSTRIA,GOODS DEPOT,SUPPLY DUMPS AND WAREHOUSES,48.2,16.37,B17,4.0,36.0,288.0,84.0,,,84.0,F.F.F.
175324,216523.0,1945-02-13,15,AUSTRIA,GOODS DEPOT,SUPPLY DUMPS AND WAREHOUSES,48.2,16.37,B17,4.0,38.0,276.0,89.0,,,89.0,F.F.F.
175543,216524.0,1945-02-13,15,AUSTRIA,GOODS DEPOT,SUPPLY DUMPS AND WAREHOUSES,48.2,16.37,B24,4.0,13.0,245.0,23.0,,,23.0,F.F.F.
175545,216525.0,1945-02-13,15,AUSTRIA,GOODS DEPOT,SUPPLY DUMPS AND WAREHOUSES,48.2,16.37,B24,4.0,16.0,240.0,31.0,,,31.0,F.F.F.
175548,216526.0,1945-02-13,15,AUSTRIA,GOODS DEPOT,SUPPLY DUMPS AND WAREHOUSES,48.2,16.37,B24,4.0,8.0,239.0,16.0,,,16.0,VISUAL
175337,216527.0,1945-02-13,15,AUSTRIA,GOODS DEPOT,SUPPLY DUMPS AND WAREHOUSES,48.2,16.37,B24,4.0,16.0,250.0,31.0,,,31.0,F.F.F.
175327,216528.0,1945-02-13,15,AUSTRIA,GOODS DEPOT,SUPPLY DUMPS AND WAREHOUSES,48.2,16.37,B24,4.0,20.0,256.0,40.0,,,40.0,VISUAL
175555,216529.0,1945-02-13,15,AUSTRIA,GOODS DEPOT,SUPPLY DUMPS AND WAREHOUSES,48.2,16.37,B24,4.0,21.0,238.0,41.0,,,41.0,VISUAL
175340,216530.0,1945-02-13,15,AUSTRIA,GOODS DEPOT,SUPPLY DUMPS AND WAREHOUSES,48.2,16.37,B24,4.0,19.0,250.0,38.0,,,38.0,VISUAL
175546,216593.0,1945-02-13,15,AUSTRIA,GOODS DEPOT,SUPPLY DUMPS AND WAREHOUSES,48.2,16.37,B24,4.0,16.0,240.0,31.0,,,31.0,F.F.F.
175549,216594.0,1945-02-13,15,AUSTRIA,GOODS DEPOT,SUPPLY DUMPS AND WAREHOUSES,48.2,16.37,B24,4.0,8.0,239.0,16.0,,,16.0,VISUAL
175338,216595.0,1945-02-13,15,AUSTRIA,GOODS DEPOT,SUPPLY DUMPS AND WAREHOUSES,48.2,16.37,B24,4.0,16.0,250.0,31.0,,,31.0,F.F.F.
175328,216596.0,1945-02-13,15,AUSTRIA,GOODS DEPOT,SUPPLY DUMPS AND WAREHOUSES,48.2,16.37,B24,4.0,20.0,256.0,40.0,,,40.0,VISUAL
175554,216597.0,1945-02-13,15,AUSTRIA,GOODS DEPOT,SUPPLY DUMPS AND WAREHOUSES,48.2,16.37,B24,4.0,21.0,238.0,41.0,,,41.0,VISUAL
175339,216598.0,1945-02-13,15,AUSTRIA,GOODS DEPOT,SUPPLY DUMPS AND WAREHOUSES,48.2,16.37,B24,4.0,19.0,250.0,38.0,,,38.0,VISUAL
176477,116589.0,1945-02-14,15,AUSTRIA,NOVA OIL REFINERY,OIL REFINERIES,48.12,16.53,B17,4.0,,,24.0,,,24.0,NOT INDICATED
176218,116590.0,1945-02-14,15,AUSTRIA,NOVA OIL REFINERY,OIL REFINERIES,48.12,16.53,B17,4.0,19.0,276.0,23.0,,,23.0,F.F.F.
176222,116591.0,1945-02-14,15,AUSTRIA,NOVA OIL REFINERY,OIL REFINERIES,48.12,16.53,B17,4.0,16.0,270.0,46.0,,,46.0,VISUAL
176223,116592.0,1945-02-14,15,AUSTRIA,NOVA OIL REFINERY,OIL REFINERIES,48.12,16.53,B17,4.0,16.0,270.0,47.0,,,47.0,F.F.F.
176467,116593.0,1945-02-14,15,AUSTRIA,NOVA OIL REFINERY,OIL REFINERIES,48.12,16.53,B17,4.0,1.0,218.0,3.0,,,3.0,F.F.F.
176465,116594.0,1945-02-14,15,AUSTRIA,NOVA OIL REFINERY,OIL REFINERIES,48.12,16.53,B24,4.0,13.0,230.0,28.0,,,28.0,VISUAL
176238,116595.0,1945-02-14,15,AUSTRIA,NOVA OIL REFINERY,OIL REFINERIES,48.12,16.53,B24,4.0,11.0,250.0,20.0,,,20.0,VISUAL
176444,116596.0,1945-02-14,15,AUSTRIA,NOVA OIL REFINERY,OIL REFINERIES,48.12,16.53,B24,4.0,14.0,245.0,28.0,,,28.0,F.F.F.
176450,116597.0,1945-02-14,15,AUSTRIA,SYN OIL REFINERY,OIL REFINERIES,48.32,15.92,B24,4.0,19.0,243.0,36.0,,,36.0,VISUAL
176458,116598.0,1945-02-14,15,AUSTRIA,SYN OIL REFINERY,OIL REFINERIES,48.32,15.92,B24,4.0,8.0,234.0,15.0,,,15.0,VISUAL
176454,116599.0,1945-02-14,15,AUSTRIA,SYN OIL REFINERY,OIL REFINERIES,48.32,15.92,B24,4.0,15.0,240.0,29.0,,,29.0,VISUAL
176463,116600.0,1945-02-14,15,AUSTRIA,SYN OIL REFINERY,OIL REFINERIES,48.32,15.92,B24,4.0,16.0,230.0,30.0,,,30.0,VISUAL
176234,116601.0,1945-02-14,15,AUSTRIA,SYN OIL REFINERY,OIL REFINERIES,48.32,15.92,B24,4.0,14.0,250.0,23.0,,,23.0,VISUAL
176456,116602.0,1945-02-14,15,AUSTRIA,SYN OIL REFINERY,OIL REFINERIES,48.32,15.92,B24,4.0,14.0,237.0,23.0,,,23.0,VISUAL
176235,116603.0,1945-02-14,15,AUSTRIA,SYN OIL REFINERY,OIL REFINERIES,48.32,15.92,B24,4.0,19.0,250.0,29.0,,,29.0,VISUAL
176475,116604.0,1945-02-14,15,AUSTRIA,SYN OIL REFINERY,OIL REFINERIES,48.32,15.92,B24,2.0,1.0,,2.0,,,2.0,VISUAL
176216,116607.0,1945-02-14,15,AUSTRIA,OIL REFINERY,OIL REFINERIES,48.2,16.37,B17,4.0,17.0,288.0,37.0,,,37.0,F.F.F.
176214,116608.0,1945-02-14,15,AUSTRIA,OIL REFINERY,OIL REFINERIES,48.2,16.37,B17,4.0,20.0,290.0,40.0,,,40.0,F.F.F.
176480,116609.0,1945-02-14,15,AUSTRIA,OIL REFINERY,OIL REFINERIES,48.2,16.37,B17,4.0,,,25.0,,,25.0,NOT INDICATED
176481,116610.0,1945-02-14,15,AUSTRIA,OIL REFINERY,OIL REFINERIES,48.2,16.37,B17,4.0,,,24.0,,,24.0,NOT INDICATED
176240,116611.0,1945-02-14,15,AUSTRIA,OIL REFINERY,OIL REFINERIES,48.2,16.37,B17,4.0,19.0,250.0,24.0,,,24.0,F.F.F.
176226,116612.0,1945-02-14,15,AUSTRIA,OIL REFINERY,OIL REFINERIES,48.2,16.37,B17,4.0,21.0,270.0,25.0,,,25.0,F.F.F.
176452,116613.0,1945-02-14,15,AUSTRIA,OIL REFINERY,OIL REFINERIES,48.2,16.37,B24,4.0,17.0,242.0,33.0,,,33.0,F.F.F.
176446,116614.0,1945-02-14,15,AUSTRIA,OIL REFINERY,OIL REFINERIES,48.2,16.37,B24,4.0,21.0,245.0,42.0,,,42.0,VISUAL
176230,116615.0,1945-02-14,15,AUSTRIA,OIL REFINERY,OIL REFINERIES,48.2,16.37,B24,4.0,12.0,255.0,22.0,,,22.0,VISUAL
176231,116616.0,1945-02-14,15,AUSTRIA,OIL REFINERY,OIL REFINERIES,48.2,16.37,B24,4.0,18.0,255.0,34.0,,,34.0,VISUAL
176461,116617.0,1945-02-14,15,AUSTRIA,OIL REFINERY,OIL REFINERIES,48.2,16.37,B24,4.0,20.0,232.0,36.0,,,36.0,F.F.F.
176242,116618.0,1945-02-14,15,AUSTRIA,OIL REFINERY,OIL REFINERIES,48.2,16.37,B24,4.0,20.0,248.0,37.0,,,37.0,F.F.F.
176447,116619.0,1945-02-14,15,AUSTRIA,OIL REFINERY,OIL REFINERIES,48.2,16.37,B24,4.0,18.0,245.0,34.0,,,34.0,VISUAL
176471,116620.0,1945-02-14,15,CZECHOSLOVAKIA,BERGIUS SYN OR,SYNTHETIC OIL REFINERIES,50.52,13.63,B17,2.0,4.0,,6.0,4.0,,10.0,NOT INDICATED
176228,116621.0,1945-02-14,15,CZECHOSLOVAKIA,BERGIUS SYN OR,SYNTHETIC OIL REFINERIES,50.52,13.63,B17,2.0,12.0,269.0,18.0,12.0,,30.0,VISUAL
176220,116622.0,1945-02-14,15,CZECHOSLOVAKIA,BERGIUS SYN OR,SYNTHETIC OIL REFINERIES,50.52,13.63,B17,2.0,13.0,274.0,20.0,13.0,,33.0,VISUAL
176765,116625.0,1945-02-14,8,GERMANY,BRIDGE,BRIDGES,51.2,6.85,B26,,,,8.0,,,8.0,VISUAL
176757,116631.0,1945-02-14,8,GERMANY,RR BRIDGES,"""RR INSTALLATIONS,  TRACKS,  MARSHALLING YARDS,  AND STATIONS""",51.1,6.81,B26,,,130.0,,26.0,,26.0,VISUAL
176759,116645.0,1945-02-14,8,GERMANY,ROAD JUNCTION,HIGHWAYS AND VEHICLES,50.83,6.53,B26,,,125.0,1.0,,,1.0,VISUAL
176772,116650.0,1945-02-14,8,GERMANY,M Y,"""RR INSTALLATIONS,  TRACKS,  MARSHALLING YARDS,  AND STATIONS""",50.33,7.0,B26,,,,15.0,,,15.0,VISUAL
176773,116667.0,1945-02-14,8,GERMANY,TACTICAL TARGET,TACTICAL TARGETS: (UNIDENTIFIED OR NOT LISTED BELOW),50.33,7.0,B26,,,,1.0,,,1.0,VISUAL
176767,116684.0,1945-02-14,8,GERMANY,TOWN,CITIES TOWNS AND URBAN AREAS,51.1,6.81,A20,,,,1.0,,,1.0,NOT INDICATED
176514,116690.0,1945-02-14,8,CZECHOSLOVAKIA,UNIDENTIFIED TARGET,UNIDENTIFIED TARGETS,50.05,14.37,B17,2.0,11.0,252.0,22.0,6.0,,28.0,VISUAL
176525,116691.0,1945-02-14,8,CZECHOSLOVAKIA,UNIDENTIFIED TARGET,UNIDENTIFIED TARGETS,50.05,14.37,B17,2.0,12.0,243.0,24.0,6.0,,30.0,VISUAL
176538,116692.0,1945-02-14,8,CZECHOSLOVAKIA,UNIDENTIFIED TARGET,UNIDENTIFIED TARGETS,50.05,14.37,B17,2.0,12.0,229.0,19.0,12.0,,31.0,VISUAL
176539,116693.0,1945-02-14,8,CZECHOSLOVAKIA,UNIDENTIFIED TARGET,UNIDENTIFIED TARGETS,50.05,14.37,B17,2.0,14.0,229.0,21.0,14.0,,35.0,VISUAL
176540,116694.0,1945-02-14,8,CZECHOSLOVAKIA,UNIDENTIFIED TARGET,UNIDENTIFIED TARGETS,50.05,14.37,B17,2.0,12.0,229.0,18.0,12.0,,30.0,VISUAL
176484,116696.0,1945-02-14,15,AUSTRIA,TOWN,CITIES TOWNS AND URBAN AREAS,46.67,14.67,B17,3.0,1.0,,3.0,,,3.0,VISUAL
176768,116719.0,1945-02-14,8,GERMANY,TOWN,CITIES TOWNS AND URBAN AREAS,51.1,6.81,A20,,,,1.0,,,1.0,NOT INDICATED
176515,185557.0,1945-02-14,8,CZECHOSLOVAKIA,UNIDENTIFIED TARGET,UNIDENTIFIED TARGETS,50.05,14.37,B17,2.0,11.0,252.0,22.0,6.0,,28.0,VISUAL
176526,185558.0,1945-02-14,8,CZECHOSLOVAKIA,UNIDENTIFIED TARGET,UNIDENTIFIED TARGETS,50.05,14.37,B17,2.0,12.0,243.0,24.0,6.0,,30.0,VISUAL
176541,185559.0,1945-02-14,8,CZECHOSLOVAKIA,UNIDENTIFIED TARGET,UNIDENTIFIED TARGETS,50.05,14.37,B17,2.0,12.0,229.0,19.0,12.0,,31.0,VISUAL
176542,185560.0,1945-02-14,8,CZECHOSLOVAKIA,UNIDENTIFIED TARGET,UNIDENTIFIED TARGETS,50.05,14.37,B17,2.0,14.0,229.0,21.0,14.0,,35.0,VISUAL
176743,185561.0,1945-02-14,8,CZECHOSLOVAKIA,UNIDENTIFIED TARGET,UNIDENTIFIED TARGETS,50.05,14.37,B17,2.0,12.0,229.0,18.0,12.0,,30.0,VISUAL
176487,185566.0,1945-02-14,12,GERMANY,UNIDENTIFIED TARGET,UNIDENTIFIED TARGETS,42.0,13.67,B17,2.0,12.0,257.0,24.0,6.0,,30.0,F.F.F.
176485,185576.0,1945-02-14,15,AUSTRIA,TOWN,CITIES TOWNS AND URBAN AREAS,46.67,14.67,B17,3.0,1.0,,3.0,,,3.0,VISUAL
176769,185588.0,1945-02-14,8,GERMANY,TOWN,CITIES TOWNS AND URBAN AREAS,51.1,6.81,A20,,,,1.0,,,1.0,NOT INDICATED
176770,185610.0,1945-02-14,8,GERMANY,TOWN,CITIES TOWNS AND URBAN AREAS,51.1,6.81,A20,,,,1.0,,,1.0,NOT INDICATED
176486,185623.0,1945-02-14,15,AUSTRIA,TOWN,CITIES TOWNS AND URBAN AREAS,46.67,14.67,B17,3.0,1.0,,3.0,,,3.0,VISUAL
176516,185628.0,1945-02-14,8,CZECHOSLOVAKIA,UNIDENTIFIED TARGET,UNIDENTIFIED TARGETS,50.05,14.37,B17,2.0,11.0,252.0,22.0,6.0,,28.0,VISUAL
176527,185629.0,1945-02-14,8,CZECHOSLOVAKIA,UNIDENTIFIED TARGET,UNIDENTIFIED TARGETS,50.05,14.37,B17,2.0,12.0,243.0,24.0,6.0,,30.0,VISUAL
176744,185630.0,1945-02-14,8,CZECHOSLOVAKIA,UNIDENTIFIED TARGET,UNIDENTIFIED TARGETS,50.05,14.37,B17,2.0,12.0,229.0,19.0,12.0,,31.0,VISUAL
176745,185631.0,1945-02-14,8,CZECHOSLOVAKIA,UNIDENTIFIED TARGET,UNIDENTIFIED TARGETS,50.05,14.37,B17,2.0,14.0,229.0,21.0,14.0,,35.0,VISUAL
176746,185632.0,1945-02-14,8,CZECHOSLOVAKIA,UNIDENTIFIED TARGET,UNIDENTIFIED TARGETS,50.05,14.37,B17,2.0,12.0,229.0,18.0,12.0,,30.0,VISUAL
176488,185637.0,1945-02-14,12,GERMANY,UNIDENTIFIED TARGET,UNIDENTIFIED TARGETS,42.0,13.67,B17,2.0,12.0,257.0,24.0,6.0,,30.0,F.F.F.
176451,185646.0,1945-02-14,15,AUSTRIA,SYN OIL REFINERY,OIL REFINERIES,48.32,15.92,B24,4.0,19.0,243.0,36.0,,,36.0,VISUAL
176459,185647.0,1945-02-14,15,AUSTRIA,SYN OIL REFINERY,OIL REFINERIES,48.32,15.92,B24,4.0,8.0,234.0,15.0,,,15.0,VISUAL
176455,185648.0,1945-02-14,15,AUSTRIA,SYN OIL REFINERY,OIL REFINERIES,48.32,15.92,B24,4.0,15.0,240.0,29.0,,,29.0,VISUAL
176464,185649.0,1945-02-14,15,AUSTRIA,SYN OIL REFINERY,OIL REFINERIES,48.32,15.92,B24,4.0,16.0,230.0,30.0,,,30.0,VISUAL
176236,185650.0,1945-02-14,15,AUSTRIA,SYN OIL REFINERY,OIL REFINERIES,48.32,15.92,B24,4.0,14.0,250.0,23.0,,,23.0,VISUAL
176457,185651.0,1945-02-14,15,AUSTRIA,SYN OIL REFINERY,OIL REFINERIES,48.32,15.92,B24,4.0,14.0,237.0,23.0,,,23.0,VISUAL
176237,185652.0,1945-02-14,15,AUSTRIA,SYN OIL REFINERY,OIL REFINERIES,48.32,15.92,B24,4.0,19.0,250.0,29.0,,,29.0,VISUAL
176476,185653.0,1945-02-14,15,AUSTRIA,SYN OIL REFINERY,OIL REFINERIES,48.32,15.92,B24,2.0,1.0,,2.0,,,2.0,VISUAL
176478,185654.0,1945-02-14,15,AUSTRIA,NOVA OIL REFINERY,OIL REFINERIES,48.12,16.53,B17,4.0,,,24.0,,,24.0,NOT INDICATED
176219,185655.0,1945-02-14,15,AUSTRIA,NOVA OIL REFINERY,OIL REFINERIES,48.12,16.53,B17,4.0,19.0,276.0,23.0,,,23.0,F.F.F.
176224,185656.0,1945-02-14,15,AUSTRIA,NOVA OIL REFINERY,OIL REFINERIES,48.12,16.53,B17,4.0,16.0,270.0,46.0,,,46.0,VISUAL
176225,185657.0,1945-02-14,15,AUSTRIA,NOVA OIL REFINERY,OIL REFINERIES,48.12,16.53,B17,4.0,16.0,270.0,47.0,,,47.0,F.F.F.
176468,185658.0,1945-02-14,15,AUSTRIA,NOVA OIL REFINERY,OIL REFINERIES,48.12,16.53,B17,4.0,1.0,218.0,3.0,,,3.0,F.F.F.
176466,185659.0,1945-02-14,15,AUSTRIA,NOVA OIL REFINERY,OIL REFINERIES,48.12,16.53,B24,4.0,13.0,230.0,28.0,,,28.0,VISUAL
176239,185660.0,1945-02-14,15,AUSTRIA,NOVA OIL REFINERY,OIL REFINERIES,48.12,16.53,B24,4.0,11.0,250.0,20.0,,,20.0,VISUAL
176445,185661.0,1945-02-14,15,AUSTRIA,NOVA OIL REFINERY,OIL REFINERIES,48.12,16.53,B24,4.0,14.0,245.0,28.0,,,28.0,F.F.F.
176217,185662.0,1945-02-14,15,AUSTRIA,OIL REFINERY,OIL REFINERIES,48.2,16.37,B17,4.0,17.0,288.0,37.0,,,37.0,F.F.F.
176215,185663.0,1945-02-14,15,AUSTRIA,OIL REFINERY,OIL REFINERIES,48.2,16.37,B17,4.0,20.0,290.0,40.0,,,40.0,F.F.F.
176482,185664.0,1945-02-14,15,AUSTRIA,OIL REFINERY,OIL REFINERIES,48.2,16.37,B17,4.0,,,25.0,,,25.0,NOT INDICATED
176483,185665.0,1945-02-14,15,AUSTRIA,OIL REFINERY,OIL REFINERIES,48.2,16.37,B17,4.0,,,24.0,,,24.0,NOT INDICATED
176241,185666.0,1945-02-14,15,AUSTRIA,OIL REFINERY,OIL REFINERIES,48.2,16.37,B17,4.0,19.0,250.0,24.0,,,24.0,F.F.F.
176227,185667.0,1945-02-14,15,AUSTRIA,OIL REFINERY,OIL REFINERIES,48.2,16.37,B17,4.0,21.0,270.0,25.0,,,25.0,F.F.F.
176453,185668.0,1945-02-14,15,AUSTRIA,OIL REFINERY,OIL REFINERIES,48.2,16.37,B24,4.0,17.0,242.0,33.0,,,33.0,F.F.F.
176448,185669.0,1945-02-14,15,AUSTRIA,OIL REFINERY,OIL REFINERIES,48.2,16.37,B24,4.0,21.0,245.0,42.0,,,42.0,VISUAL
176232,185670.0,1945-02-14,15,AUSTRIA,OIL REFINERY,OIL REFINERIES,48.2,16.37,B24,4.0,12.0,255.0,22.0,,,22.0,VISUAL
176233,185671.0,1945-02-14,15,AUSTRIA,OIL REFINERY,OIL REFINERIES,48.2,16.37,B24,4.0,18.0,255.0,34.0,,,34.0,VISUAL
176462,185672.0,1945-02-14,15,AUSTRIA,OIL REFINERY,OIL REFINERIES,48.2,16.37,B24,4.0,20.0,232.0,36.0,,,36.0,F.F.F.
176443,185673.0,1945-02-14,15,AUSTRIA,OIL REFINERY,OIL REFINERIES,48.2,16.37,B24,4.0,20.0,248.0,37.0,,,37.0,F.F.F.
176449,185674.0,1945-02-14,15,AUSTRIA,OIL REFINERY,OIL REFINERIES,48.2,16.37,B24,4.0,18.0,245.0,34.0,,,34.0,VISUAL
176472,185675.0,1945-02-14,15,CZECHOSLOVAKIA,BERGIUS SYN OR,SYNTHETIC OIL REFINERIES,50.52,13.63,B17,2.0,4.0,,6.0,4.0,,10.0,NOT INDICATED
176229,185676.0,1945-02-14,15,CZECHOSLOVAKIA,BERGIUS SYN OR,SYNTHETIC OIL REFINERIES,50.52,13.63,B17,2.0,12.0,269.0,18.0,12.0,,30.0,VISUAL
176221,185677.0,1945-02-14,15,CZECHOSLOVAKIA,BERGIUS SYN OR,SYNTHETIC OIL REFINERIES,50.52,13.63,B17,2.0,13.0,274.0,20.0,13.0,,33.0,VISUAL
176469,185679.0,1945-02-14,15,AUSTRIA,MARSHALLING YARD,"""RR INSTALLATIONS,  TRACKS,  MARSHALLING YARDS,  AND STATIONS""",47.35,16.17,B17,3.0,1.0,,3.0,,,3.0,VISUAL
176470,185680.0,1945-02-14,15,AUSTRIA,MARSHALLING YARD,"""RR INSTALLATIONS,  TRACKS,  MARSHALLING YARDS,  AND STATIONS""",47.35,16.17,B17,3.0,1.0,,3.0,,,3.0,F.F.F.
176473,185681.0,1945-02-14,15,AUSTRIA,MARSHALLING YARDS,"""RR INSTALLATIONS,  TRACKS,  MARSHALLING YARDS,  AND STATIONS""",48.12,16.62,B17,2.0,4.0,,12.0,,,12.0,F.F.F.
176460,185682.0,1945-02-14,15,AUSTRIA,MARSHALLING YARDS,"""RR INSTALLATIONS,  TRACKS,  MARSHALLING YARDS,  AND STATIONS""",47.1,15.7,B24,2.0,5.0,233.0,9.0,,,9.0,VISUAL
176474,185683.0,1945-02-14,15,AUSTRIA,BRIDGE,BRIDGES,47.07,15.43,B24,2.0,2.0,,4.0,,,4.0,VISUAL
176489,185688.0,1945-02-14,12,AUSTRIA,RR,"""RR INSTALLATIONS,  TRACKS,  MARSHALLING YARDS,  AND STATIONS""",46.63,14.3,B24,3.0,19.0,210.0,35.0,,,35.0,VISUAL
176490,185689.0,1945-02-14,12,AUSTRIA,RR,"""RR INSTALLATIONS,  TRACKS,  MARSHALLING YARDS,  AND STATIONS""",46.63,14.3,B24,2.0,1.0,,2.0,,,2.0,VISUAL
176479,185691.0,1945-02-14,15,AUSTRIA,MARSHALLING YARDS,"""RR INSTALLATIONS,  TRACKS,  MARSHALLING YARDS,  AND STATIONS""",46.72,14.88,B24,2.0,1.0,,2.0,,,2.0,F.F.F.
176749,185698.0,1945-02-14,8,CZECHOSLOVAKIA,MARSHALLING YARDS,"""RR INSTALLATIONS,  TRACKS,  MARSHALLING YARDS,  AND STATIONS""",50.08,12.37,B17,2.0,12.0,222.0,29.0,,,29.0,F.F.F.
176535,185699.0,1945-02-14,8,GERMANY,MARSHALLING YARD,"""RR INSTALLATIONS,  TRACKS,  MARSHALLING YARDS,  AND STATIONS""",49.9,10.88,B17,2.0,33.0,230.0,49.0,31.0,,80.0,F.F.F.
176528,185700.0,1945-02-14,8,GERMANY,MARSHALLING YARD,"""RR INSTALLATIONS,  TRACKS,  MARSHALLING YARDS,  AND STATIONS""",50.87,12.95,B17,3.0,12.0,240.0,18.0,12.0,,30.0,F.F.F.
176533,185701.0,1945-02-14,8,GERMANY,MARSHALLING YARD,"""RR INSTALLATIONS,  TRACKS,  MARSHALLING YARDS,  AND STATIONS""",50.87,12.95,B17,3.0,37.0,235.0,90.0,,,90.0,F.F.F.
176518,185702.0,1945-02-14,8,GERMANY,MARSHALLING YARD,"""RR INSTALLATIONS,  TRACKS,  MARSHALLING YARDS,  AND STATIONS""",50.87,12.95,B17,3.0,37.0,250.0,56.0,37.0,,93.0,F.F.F.
176536,185703.0,1945-02-14,8,GERMANY,MARSHALLING YARD,"""RR INSTALLATIONS,  TRACKS,  MARSHALLING YARDS,  AND STATIONS""",50.87,12.95,B17,3.0,12.0,230.0,29.0,,,29.0,F.F.F.
176763,185704.0,1945-02-14,8,GERMANY,MARSHALLING YARD,"""RR INSTALLATIONS,  TRACKS,  MARSHALLING YARDS,  AND STATIONS""",50.87,12.95,B17,3.0,13.0,,31.0,,,31.0,F.F.F.
176748,185705.0,1945-02-14,8,GERMANY,MARSHALLING YARD,"""RR INSTALLATIONS,  TRACKS,  MARSHALLING YARDS,  AND STATIONS""",50.87,12.95,B17,3.0,35.0,225.0,53.0,35.0,,88.0,F.F.F.
176523,185706.0,1945-02-14,8,GERMANY,MARSHALLING YARD,"""RR INSTALLATIONS,  TRACKS,  MARSHALLING YARDS,  AND STATIONS""",50.87,12.95,B17,3.0,35.0,245.0,53.0,35.0,,88.0,F.F.F.
176534,185707.0,1945-02-14,8,GERMANY,MARSHALLING YARD,"""RR INSTALLATIONS,  TRACKS,  MARSHALLING YARDS,  AND STATIONS""",50.87,12.95,B17,3.0,12.0,235.0,28.0,,,28.0,F.F.F.
176537,185708.0,1945-02-14,8,GERMANY,MARSHALLING YARD,"""RR INSTALLATIONS,  TRACKS,  MARSHALLING YARDS,  AND STATIONS""",50.87,12.95,B17,3.0,36.0,230.0,53.0,36.0,,89.0,F.F.F.
176750,185709.0,1945-02-14,8,GERMANY,MARSHALLING YARD,"""RR INSTALLATIONS,  TRACKS,  MARSHALLING YARDS,  AND STATIONS""",50.87,12.95,B17,3.0,37.0,219.0,54.0,37.0,,91.0,F.F.F.
176747,185710.0,1945-02-14,8,GERMANY,MARSHALLING YARD,"""RR INSTALLATIONS,  TRACKS,  MARSHALLING YARDS,  AND STATIONS""",50.87,12.95,B17,3.0,37.0,226.0,56.0,37.0,,93.0,F.F.F.
176764,185711.0,1945-02-14,8,GERMANY,MARSHALLING YARD,"""RR INSTALLATIONS,  TRACKS,  MARSHALLING YARDS,  AND STATIONS""",50.87,12.95,B17,2.0,12.0,,29.0,,,29.0,F.F.F.
176503,185712.0,1945-02-14,8,GERMANY,RR CENTER,"""RR INSTALLATIONS,  TRACKS,  MARSHALLING YARDS,  AND STATIONS""",51.05,13.75,B17,4.0,7.0,266.0,11.0,7.0,,18.0,VISUAL
176532,185713.0,1945-02-14,8,GERMANY,RR CENTER,"""RR INSTALLATIONS,  TRACKS,  MARSHALLING YARDS,  AND STATIONS""",51.05,13.75,B17,4.0,12.0,237.0,18.0,12.0,,30.0,VISUAL
176504,185714.0,1945-02-14,8,GERMANY,RR CENTER,"""RR INSTALLATIONS,  TRACKS,  MARSHALLING YARDS,  AND STATIONS""",51.05,13.75,B17,4.0,12.0,266.0,18.0,12.0,,30.0,VISUAL
176509,185715.0,1945-02-14,8,GERMANY,RR CENTER,"""RR INSTALLATIONS,  TRACKS,  MARSHALLING YARDS,  AND STATIONS""",51.05,13.75,B17,4.0,12.0,259.0,24.0,6.0,,30.0,VISUAL
176495,185716.0,1945-02-14,8,GERMANY,RR CENTER,"""RR INSTALLATIONS,  TRACKS,  MARSHALLING YARDS,  AND STATIONS""",51.05,13.75,B17,4.0,13.0,281.0,26.0,7.0,,33.0,VISUAL
176519,185717.0,1945-02-14,8,GERMANY,RR CENTER,"""RR INSTALLATIONS,  TRACKS,  MARSHALLING YARDS,  AND STATIONS""",51.05,13.75,B17,3.0,1.0,250.0,2.0,1.0,,3.0,F.F.F.
176520,185718.0,1945-02-14,8,GERMANY,RR CENTER,"""RR INSTALLATIONS,  TRACKS,  MARSHALLING YARDS,  AND STATIONS""",51.05,13.75,B17,3.0,1.0,250.0,2.0,1.0,,3.0,F.F.F.
176499,185719.0,1945-02-14,8,GERMANY,RR CENTER,"""RR INSTALLATIONS,  TRACKS,  MARSHALLING YARDS,  AND STATIONS""",51.05,13.75,B17,3.0,12.0,270.0,18.0,12.0,,30.0,F.F.F.
176512,185720.0,1945-02-14,8,GERMANY,RR CENTER,"""RR INSTALLATIONS,  TRACKS,  MARSHALLING YARDS,  AND STATIONS""",51.05,13.75,B17,3.0,12.0,252.0,18.0,12.0,,30.0,F.F.F.
176498,185721.0,1945-02-14,8,GERMANY,RR CENTER,"""RR INSTALLATIONS,  TRACKS,  MARSHALLING YARDS,  AND STATIONS""",51.05,13.75,B17,3.0,12.0,277.0,18.0,12.0,,30.0,F.F.F.
176497,185722.0,1945-02-14,8,GERMANY,RR CENTER,"""RR INSTALLATIONS,  TRACKS,  MARSHALLING YARDS,  AND STATIONS""",51.05,13.75,B17,3.0,13.0,279.0,20.0,13.0,,33.0,F.F.F.
176505,185723.0,1945-02-14,8,GERMANY,RR CENTER,"""RR INSTALLATIONS,  TRACKS,  MARSHALLING YARDS,  AND STATIONS""",51.05,13.75,B17,3.0,10.0,266.0,15.0,10.0,,25.0,F.F.F.
176493,185724.0,1945-02-14,8,GERMANY,RR CENTER,"""RR INSTALLATIONS,  TRACKS,  MARSHALLING YARDS,  AND STATIONS""",51.05,13.75,B17,3.0,12.0,283.0,18.0,12.0,,30.0,F.F.F.
176524,185725.0,1945-02-14,8,GERMANY,RR CENTER,"""RR INSTALLATIONS,  TRACKS,  MARSHALLING YARDS,  AND STATIONS""",51.05,13.75,B17,3.0,12.0,243.0,18.0,12.0,,30.0,F.F.F.
176529,185726.0,1945-02-14,8,GERMANY,RR CENTER,"""RR INSTALLATIONS,  TRACKS,  MARSHALLING YARDS,  AND STATIONS""",51.05,13.75,B17,3.0,12.0,240.0,18.0,12.0,,30.0,F.F.F.
176513,185727.0,1945-02-14,8,GERMANY,RR CENTER,"""RR INSTALLATIONS,  TRACKS,  MARSHALLING YARDS,  AND STATIONS""",51.05,13.75,B17,3.0,12.0,252.0,18.0,12.0,,30.0,F.F.F.
176507,185728.0,1945-02-14,8,GERMANY,RR CENTER,"""RR INSTALLATIONS,  TRACKS,  MARSHALLING YARDS,  AND STATIONS""",51.05,13.75,B17,3.0,12.0,261.0,18.0,12.0,,30.0,F.F.F.
176508,185729.0,1945-02-14,8,GERMANY,RR CENTER,"""RR INSTALLATIONS,  TRACKS,  MARSHALLING YARDS,  AND STATIONS""",51.05,13.75,B17,3.0,11.0,261.0,17.0,11.0,,28.0,F.F.F.
176501,185730.0,1945-02-14,8,GERMANY,RR CENTER,"""RR INSTALLATIONS,  TRACKS,  MARSHALLING YARDS,  AND STATIONS""",51.05,13.75,B17,3.0,10.0,269.0,15.0,10.0,,25.0,F.F.F.
176496,185731.0,1945-02-14,8,GERMANY,RR CENTER,"""RR INSTALLATIONS,  TRACKS,  MARSHALLING YARDS,  AND STATIONS""",51.05,13.75,B17,3.0,12.0,281.0,24.0,6.0,,30.0,VISUAL
176494,185732.0,1945-02-14,8,GERMANY,RR CENTER,"""RR INSTALLATIONS,  TRACKS,  MARSHALLING YARDS,  AND STATIONS""",51.05,13.75,B17,3.0,12.0,282.0,18.0,12.0,,30.0,F.F.F.
176500,185733.0,1945-02-14,8,GERMANY,RR CENTER,"""RR INSTALLATIONS,  TRACKS,  MARSHALLING YARDS,  AND STATIONS""",51.05,13.75,B17,3.0,12.0,270.0,18.0,12.0,,30.0,F.F.F.
176491,185734.0,1945-02-14,8,GERMANY,RR CENTER,"""RR INSTALLATIONS,  TRACKS,  MARSHALLING YARDS,  AND STATIONS""",51.05,13.75,B17,3.0,11.0,284.0,17.0,11.0,,28.0,F.F.F.
176492,185735.0,1945-02-14,8,GERMANY,RR CENTER,"""RR INSTALLATIONS,  TRACKS,  MARSHALLING YARDS,  AND STATIONS""",51.05,13.75,B17,3.0,11.0,284.0,17.0,11.0,,28.0,F.F.F.
176511,185736.0,1945-02-14,8,GERMANY,RR CENTER,"""RR INSTALLATIONS,  TRACKS,  MARSHALLING YARDS,  AND STATIONS""",51.05,13.75,B17,3.0,11.0,257.0,18.0,11.0,,29.0,VISUAL
176521,185737.0,1945-02-14,8,GERMANY,RR CENTER,"""RR INSTALLATIONS,  TRACKS,  MARSHALLING YARDS,  AND STATIONS""",51.05,13.75,B17,3.0,12.0,250.0,18.0,12.0,,30.0,F.F.F.
176506,185738.0,1945-02-14,8,GERMANY,RR CENTER,"""RR INSTALLATIONS,  TRACKS,  MARSHALLING YARDS,  AND STATIONS""",51.05,13.75,B17,3.0,11.0,264.0,17.0,11.0,,28.0,F.F.F.
176510,185739.0,1945-02-14,8,GERMANY,RR CENTER,"""RR INSTALLATIONS,  TRACKS,  MARSHALLING YARDS,  AND STATIONS""",51.05,13.75,B17,3.0,12.0,259.0,18.0,12.0,,30.0,F.F.F.
176517,185740.0,1945-02-14,8,GERMANY,RR CENTER,"""RR INSTALLATIONS,  TRACKS,  MARSHALLING YARDS,  AND STATIONS""",51.05,13.75,B17,3.0,11.0,251.0,17.0,11.0,,28.0,F.F.F.
176502,185741.0,1945-02-14,8,GERMANY,RR CENTER,"""RR INSTALLATIONS,  TRACKS,  MARSHALLING YARDS,  AND STATIONS""",51.05,13.75,B17,3.0,12.0,268.0,18.0,12.0,,30.0,F.F.F.
176777,185794.0,1945-02-14,8,GERMANY,RR TRACKS,"""RR INSTALLATIONS,  TRACKS,  MARSHALLING YARDS,  AND STATIONS""",47.0,0.0,B17,2.0,1.0,,3.0,,,3.0,NOT INDICATED
176766,216531.0,1945-02-14,8,GERMANY,BRIDGE,BRIDGES,51.2,6.85,B26,,,,8.0,,,8.0,VISUAL
176758,216537.0,1945-02-14,8,GERMANY,RR BRIDGES,"""RR INSTALLATIONS,  TRACKS,  MARSHALLING YARDS,  AND STATIONS""",51.1,6.81,B26,,,130.0,,26.0,,26.0,VISUAL
176760,216547.0,1945-02-14,8,GERMANY,ROAD JUNCTION,HIGHWAYS AND VEHICLES,50.83,6.53,B26,,,125.0,1.0,,,1.0,VISUAL
176774,216552.0,1945-02-14,8,GERMANY,M Y,"""RR INSTALLATIONS,  TRACKS,  MARSHALLING YARDS,  AND STATIONS""",50.33,7.0,B26,,,,15.0,,,15.0,VISUAL
176775,216574.0,1945-02-14,8,GERMANY,TACTICAL TARGET,TACTICAL TARGETS: (UNIDENTIFIED OR NOT LISTED BELOW),50.33,7.0,B26,,,,1.0,,,1.0,VISUAL
176776,216584.0,1945-02-14,8,GERMANY,TACTICAL TARGET,TACTICAL TARGETS: (UNIDENTIFIED OR NOT LISTED BELOW),50.33,7.0,B26,,,,1.0,,,1.0,VISUAL
178005,116729.0,1945-02-15,15,AUSTRIA,FANTO OIL REFINERY,OIL REFINERIES,48.12,16.3,B24,2.0,14.0,257.0,27.0,,,27.0,VISUAL
178018,116742.0,1945-02-15,15,AUSTRIA,ORD DEPOT,SUPPLY DUMPS AND WAREHOUSES,47.07,15.43,B24,1.0,6.0,,12.0,,,12.0,VISUAL
177996,116743.0,1945-02-15,15,AUSTRIA,GOODS DEPOT,SUPPLY DUMPS AND WAREHOUSES,48.2,16.37,B17,4.0,14.0,277.0,32.0,,,32.0,F.F.F.
177990,116744.0,1945-02-15,15,AUSTRIA,GOODS DEPOT,SUPPLY DUMPS AND WAREHOUSES,48.2,16.37,B17,4.0,21.0,280.0,48.0,,,48.0,F.F.F.
177993,116745.0,1945-02-15,15,AUSTRIA,GOODS DEPOT,SUPPLY DUMPS AND WAREHOUSES,48.2,16.37,B17,4.0,20.0,278.0,60.0,,,60.0,F.F.F.
177999,116746.0,1945-02-15,15,AUSTRIA,GOODS DEPOT,SUPPLY DUMPS AND WAREHOUSES,48.2,16.37,B17,4.0,21.0,270.0,63.0,,,63.0,F.F.F.
177987,116747.0,1945-02-15,15,AUSTRIA,GOODS DEPOT,SUPPLY DUMPS AND WAREHOUSES,48.2,16.37,B17,4.0,20.0,285.0,49.0,,,49.0,F.F.F.
177984,116748.0,1945-02-15,15,AUSTRIA,GOODS DEPOT,SUPPLY DUMPS AND WAREHOUSES,48.2,16.37,B17,4.0,21.0,290.0,52.0,,,52.0,F.F.F.
178255,116753.0,1945-02-15,8,GERMANY,CITY AREA,CITIES TOWNS AND URBAN AREAS,50.13,8.46,B17,2.0,13.0,252.0,39.0,,,39.0,NOT INDICATED
178265,116754.0,1945-02-15,8,GERMANY,CITY AREA,CITIES TOWNS AND URBAN AREAS,50.13,8.46,B17,1.0,12.0,240.0,36.0,,,36.0,H2X
178269,116755.0,1945-02-15,8,GERMANY,CITY AREA,CITIES TOWNS AND URBAN AREAS,50.13,8.46,B17,1.0,12.0,,36.0,,,36.0,H2X
178002,116759.0,1945-02-15,15,AUSTRIA,TOWN,CITIES TOWNS AND URBAN AREAS,46.67,14.33,B24,2.0,,260.0,1.0,,,1.0,VISUAL
178021,116760.0,1945-02-15,15,AUSTRIA,TOWN,CITIES TOWNS AND URBAN AREAS,47.0,14.67,B17,2.0,1.0,,3.0,,,3.0,F.F.F.
178003,185806.0,1945-02-15,15,AUSTRIA,TOWN,CITIES TOWNS AND URBAN AREAS,46.67,14.33,B24,2.0,,260.0,1.0,,,1.0,VISUAL
178022,185807.0,1945-02-15,15,AUSTRIA,TOWN,CITIES TOWNS AND URBAN AREAS,47.0,14.67,B17,2.0,1.0,,3.0,,,3.0,F.F.F.
178256,185808.0,1945-02-15,8,GERMANY,CITY AREA,CITIES TOWNS AND URBAN AREAS,50.13,8.46,B17,2.0,13.0,252.0,39.0,,,39.0,NOT INDICATED
178266,185809.0,1945-02-15,8,GERMANY,CITY AREA,CITIES TOWNS AND URBAN AREAS,50.13,8.46,B17,1.0,12.0,240.0,36.0,,,36.0,H2X
178270,185810.0,1945-02-15,8,GERMANY,CITY AREA,CITIES TOWNS AND URBAN AREAS,50.13,8.46,B17,1.0,12.0,,36.0,,,36.0,H2X
178004,185822.0,1945-02-15,15,AUSTRIA,TOWN,CITIES TOWNS AND URBAN AREAS,46.67,14.33,B24,2.0,,260.0,1.0,,,1.0,VISUAL
178023,185823.0,1945-02-15,15,AUSTRIA,TOWN,CITIES TOWNS AND URBAN AREAS,47.0,14.67,B17,2.0,1.0,,3.0,,,3.0,F.F.F.
178257,185825.0,1945-02-15,8,GERMANY,CITY AREA,CITIES TOWNS AND URBAN AREAS,50.13,8.46,B17,2.0,13.0,252.0,39.0,,,39.0,NOT INDICATED
178267,185826.0,1945-02-15,8,GERMANY,CITY AREA,CITIES TOWNS AND URBAN AREAS,50.13,8.46,B17,1.0,12.0,240.0,36.0,,,36.0,H2X
178271,185827.0,1945-02-15,8,GERMANY,CITY AREA,CITIES TOWNS AND URBAN AREAS,50.13,8.46,B17,1.0,12.0,,36.0,,,36.0,H2X
178006,185832.0,1945-02-15,15,AUSTRIA,FANTO OIL REFINERY,OIL REFINERIES,48.12,16.3,B24,2.0,14.0,257.0,27.0,,,27.0,VISUAL
178039,185846.0,1945-02-15,12,AUSTRIA,RR,"""RR INSTALLATIONS,  TRACKS,  MARSHALLING YARDS,  AND STATIONS""",46.63,14.3,B24,3.0,1.0,,2.0,,,2.0,F.F.F.
178038,185847.0,1945-02-15,12,AUSTRIA,RR,"""RR INSTALLATIONS,  TRACKS,  MARSHALLING YARDS,  AND STATIONS""",46.63,14.3,B17,2.0,1.0,220.0,3.0,,,3.0,F.F.F.
178032,185848.0,1945-02-15,12,AUSTRIA,RR,"""RR INSTALLATIONS,  TRACKS,  MARSHALLING YARDS,  AND STATIONS""",46.63,14.3,B17,2.0,1.0,250.0,3.0,,,3.0,F.F.F.
178015,185849.0,1945-02-15,15,AUSTRIA,MARSHALLING YARDS,"""RR INSTALLATIONS,  TRACKS,  MARSHALLING YARDS,  AND STATIONS""",48.18,16.35,B24,4.0,9.0,229.0,17.0,,,17.0,F.F.F.
178008,185850.0,1945-02-15,15,AUSTRIA,MARSHALLING YARDS,"""RR INSTALLATIONS,  TRACKS,  MARSHALLING YARDS,  AND STATIONS""",48.18,16.35,B24,4.0,14.0,245.0,27.0,,,27.0,F.F.F.
178011,185851.0,1945-02-15,15,AUSTRIA,MARSHALLING YARDS,"""RR INSTALLATIONS,  TRACKS,  MARSHALLING YARDS,  AND STATIONS""",48.18,16.35,B24,4.0,15.0,240.0,28.0,,,28.0,F.F.F.
178007,185852.0,1945-02-15,15,AUSTRIA,MARSHALLING YARDS,"""RR INSTALLATIONS,  TRACKS,  MARSHALLING YARDS,  AND STATIONS""",48.18,16.35,B24,4.0,15.0,252.0,29.0,,,29.0,F.F.F.
178009,185853.0,1945-02-15,15,AUSTRIA,MARSHALLING YARDS,"""RR INSTALLATIONS,  TRACKS,  MARSHALLING YARDS,  AND STATIONS""",48.18,16.35,B24,4.0,14.0,243.0,28.0,,,28.0,NOT INDICATED
178010,185854.0,1945-02-15,15,AUSTRIA,MARSHALLING YARDS,"""RR INSTALLATIONS,  TRACKS,  MARSHALLING YARDS,  AND STATIONS""",48.18,16.35,B24,4.0,16.0,243.0,29.0,,,29.0,NOT INDICATED
178012,185855.0,1945-02-15,15,AUSTRIA,MARSHALLING YARDS,"""RR INSTALLATIONS,  TRACKS,  MARSHALLING YARDS,  AND STATIONS""",48.18,16.35,B24,4.0,17.0,240.0,32.0,,,32.0,F.F.F.
178013,185856.0,1945-02-15,15,AUSTRIA,MARSHALLING YARDS,"""RR INSTALLATIONS,  TRACKS,  MARSHALLING YARDS,  AND STATIONS""",48.18,16.35,B24,4.0,17.0,240.0,33.0,,,33.0,F.F.F.
178016,185857.0,1945-02-15,15,AUSTRIA,MARSHALLING YARDS,"""RR INSTALLATIONS,  TRACKS,  MARSHALLING YARDS,  AND STATIONS""",46.75,14.37,B17,2.0,1.0,220.0,3.0,,,3.0,F.F.F.
178020,185858.0,1945-02-15,15,AUSTRIA,MARSHALLING YARDS,"""RR INSTALLATIONS,  TRACKS,  MARSHALLING YARDS,  AND STATIONS""",46.75,14.37,B17,2.0,1.0,,1.0,,,1.0,NOT INDICATED
178026,185859.0,1945-02-15,12,AUSTRIA,MARSHALLING YARDS,"""RR INSTALLATIONS,  TRACKS,  MARSHALLING YARDS,  AND STATIONS""",48.2,16.37,B17,4.0,15.0,274.0,44.0,,,44.0,F.F.F.
178030,185860.0,1945-02-15,12,AUSTRIA,MARSHALLING YARDS,"""RR INSTALLATIONS,  TRACKS,  MARSHALLING YARDS,  AND STATIONS""",48.2,16.37,B17,4.0,16.0,256.0,48.0,,,48.0,F.F.F.
178024,185861.0,1945-02-15,12,AUSTRIA,MARSHALLING YARDS,"""RR INSTALLATIONS,  TRACKS,  MARSHALLING YARDS,  AND STATIONS""",48.2,16.37,B17,4.0,12.0,294.0,28.0,,,28.0,F.F.F.
178025,185862.0,1945-02-15,12,AUSTRIA,MARSHALLING YARDS,"""RR INSTALLATIONS,  TRACKS,  MARSHALLING YARDS,  AND STATIONS""",48.2,16.37,B17,4.0,17.0,294.0,42.0,,,42.0,F.F.F.
178027,185863.0,1945-02-15,12,AUSTRIA,MARSHALLING YARDS,"""RR INSTALLATIONS,  TRACKS,  MARSHALLING YARDS,  AND STATIONS""",48.2,16.37,B17,4.0,22.0,270.0,53.0,,,53.0,F.F.F.
178028,185864.0,1945-02-15,12,AUSTRIA,MARSHALLING YARDS,"""RR INSTALLATIONS,  TRACKS,  MARSHALLING YARDS,  AND STATIONS""",48.2,16.37,B24,4.0,16.0,260.0,23.0,,,23.0,F.F.F.
178029,185865.0,1945-02-15,12,AUSTRIA,MARSHALLING YARDS,"""RR INSTALLATIONS,  TRACKS,  MARSHALLING YARDS,  AND STATIONS""",48.2,16.37,B24,4.0,16.0,260.0,22.0,,,22.0,F.F.F.
178034,185866.0,1945-02-15,12,AUSTRIA,MARSHALLING YARDS,"""RR INSTALLATIONS,  TRACKS,  MARSHALLING YARDS,  AND STATIONS""",48.2,16.37,B24,4.0,12.0,240.0,23.0,,,23.0,NOT INDICATED
178035,185867.0,1945-02-15,12,AUSTRIA,MARSHALLING YARDS,"""RR INSTALLATIONS,  TRACKS,  MARSHALLING YARDS,  AND STATIONS""",48.2,16.37,B24,4.0,17.0,240.0,33.0,,,33.0,F.F.F.
178031,185868.0,1945-02-15,12,AUSTRIA,MARSHALLING YARDS,"""RR INSTALLATIONS,  TRACKS,  MARSHALLING YARDS,  AND STATIONS""",48.2,16.37,B24,4.0,16.0,252.0,28.0,,,28.0,F.F.F.
178033,185869.0,1945-02-15,12,AUSTRIA,MARSHALLING YARDS,"""RR INSTALLATIONS,  TRACKS,  MARSHALLING YARDS,  AND STATIONS""",48.2,16.37,B24,4.0,18.0,244.0,22.0,,,22.0,F.F.F.
178037,185870.0,1945-02-15,12,AUSTRIA,MARSHALLING YARDS,"""RR INSTALLATIONS,  TRACKS,  MARSHALLING YARDS,  AND STATIONS""",48.2,16.37,B24,4.0,19.0,235.0,36.0,,,36.0,F.F.F.
178036,185871.0,1945-02-15,12,AUSTRIA,MARSHALLING YARDS,"""RR INSTALLATIONS,  TRACKS,  MARSHALLING YARDS,  AND STATIONS""",48.2,16.37,B24,4.0,19.0,237.0,37.0,,,37.0,F.F.F.
178014,185879.0,1945-02-15,15,AUSTRIA,MARSHALLING YARDS,"""RR INSTALLATIONS,  TRACKS,  MARSHALLING YARDS,  AND STATIONS""",46.67,14.33,B17,2.0,1.0,232.0,3.0,,,3.0,F.F.F.
178258,185893.0,1945-02-15,8,GERMANY,RR CENTER,"""RR INSTALLATIONS,  TRACKS,  MARSHALLING YARDS,  AND STATIONS""",51.05,13.75,B17,3.0,11.0,250.0,25.0,,,25.0,F.F.F.
178262,185894.0,1945-02-15,8,GERMANY,RR CENTER,"""RR INSTALLATIONS,  TRACKS,  MARSHALLING YARDS,  AND STATIONS""",51.05,13.75,B17,3.0,13.0,241.0,29.0,,,29.0,F.F.F.
178259,185895.0,1945-02-15,8,GERMANY,RR CENTER,"""RR INSTALLATIONS,  TRACKS,  MARSHALLING YARDS,  AND STATIONS""",51.05,13.75,B17,3.0,13.0,247.0,30.0,,,30.0,F.F.F.
178263,185896.0,1945-02-15,8,GERMANY,RR CENTER,"""RR INSTALLATIONS,  TRACKS,  MARSHALLING YARDS,  AND STATIONS""",51.05,13.75,B17,3.0,10.0,241.0,22.0,,,22.0,F.F.F.
178253,185897.0,1945-02-15,8,GERMANY,RR CENTER,"""RR INSTALLATIONS,  TRACKS,  MARSHALLING YARDS,  AND STATIONS""",51.05,13.75,B17,3.0,12.0,256.0,27.0,,,27.0,F.F.F.
178244,185898.0,1945-02-15,8,GERMANY,RR CENTER,"""RR INSTALLATIONS,  TRACKS,  MARSHALLING YARDS,  AND STATIONS""",51.05,13.75,B17,3.0,10.0,264.0,23.0,,,23.0,F.F.F.
178245,185899.0,1945-02-15,8,GERMANY,RR CENTER,"""RR INSTALLATIONS,  TRACKS,  MARSHALLING YARDS,  AND STATIONS""",51.05,13.75,B17,3.0,5.0,264.0,9.0,,,9.0,F.F.F.
178040,185900.0,1945-02-15,8,GERMANY,RR CENTER,"""RR INSTALLATIONS,  TRACKS,  MARSHALLING YARDS,  AND STATIONS""",51.05,13.75,B17,3.0,12.0,270.0,27.0,,,27.0,F.F.F.
178041,185901.0,1945-02-15,8,GERMANY,RR CENTER,"""RR INSTALLATIONS,  TRACKS,  MARSHALLING YARDS,  AND STATIONS""",51.05,13.75,B17,3.0,5.0,270.0,11.0,,,11.0,F.F.F.
178243,185902.0,1945-02-15,8,GERMANY,RR CENTER,"""RR INSTALLATIONS,  TRACKS,  MARSHALLING YARDS,  AND STATIONS""",51.05,13.75,B17,3.0,11.0,265.0,24.0,,,24.0,F.F.F.
178247,185903.0,1945-02-15,8,GERMANY,RR CENTER,"""RR INSTALLATIONS,  TRACKS,  MARSHALLING YARDS,  AND STATIONS""",51.05,13.75,B17,3.0,11.0,263.0,25.0,,,25.0,F.F.F.
178248,185904.0,1945-02-15,8,GERMANY,RR CENTER,"""RR INSTALLATIONS,  TRACKS,  MARSHALLING YARDS,  AND STATIONS""",51.05,13.75,B17,3.0,6.0,257.0,14.0,,,14.0,F.F.F.
178249,185905.0,1945-02-15,8,GERMANY,RR CENTER,"""RR INSTALLATIONS,  TRACKS,  MARSHALLING YARDS,  AND STATIONS""",51.05,13.75,B17,3.0,5.0,257.0,9.0,,,9.0,F.F.F.
178250,185906.0,1945-02-15,8,GERMANY,RR CENTER,"""RR INSTALLATIONS,  TRACKS,  MARSHALLING YARDS,  AND STATIONS""",51.05,13.75,B17,3.0,8.0,257.0,18.0,,,18.0,F.F.F.
178251,185907.0,1945-02-15,8,GERMANY,RR CENTER,"""RR INSTALLATIONS,  TRACKS,  MARSHALLING YARDS,  AND STATIONS""",51.05,13.75,B17,3.0,8.0,257.0,18.0,,,18.0,F.F.F.
178252,185908.0,1945-02-15,8,GERMANY,RR CENTER,"""RR INSTALLATIONS,  TRACKS,  MARSHALLING YARDS,  AND STATIONS""",51.05,13.75,B17,3.0,7.0,257.0,16.0,,,16.0,F.F.F.
178042,185909.0,1945-02-15,8,GERMANY,RR CENTER,"""RR INSTALLATIONS,  TRACKS,  MARSHALLING YARDS,  AND STATIONS""",51.05,13.75,B17,3.0,9.0,267.0,20.0,,,20.0,F.F.F.
178260,185910.0,1945-02-15,8,GERMANY,RR CENTER,"""RR INSTALLATIONS,  TRACKS,  MARSHALLING YARDS,  AND STATIONS""",51.05,13.75,B17,3.0,12.0,246.0,27.0,,,27.0,F.F.F.
178264,185911.0,1945-02-15,8,GERMANY,RR CENTER,"""RR INSTALLATIONS,  TRACKS,  MARSHALLING YARDS,  AND STATIONS""",51.05,13.75,B17,3.0,11.0,240.0,25.0,,,25.0,F.F.F.
178261,185912.0,1945-02-15,8,GERMANY,RR CENTER,"""RR INSTALLATIONS,  TRACKS,  MARSHALLING YARDS,  AND STATIONS""",51.05,13.75,B17,3.0,12.0,246.0,27.0,,,27.0,F.F.F.
178246,185913.0,1945-02-15,8,GERMANY,RR CENTER,"""RR INSTALLATIONS,  TRACKS,  MARSHALLING YARDS,  AND STATIONS""",51.05,13.75,B17,3.0,12.0,264.0,27.0,,,27.0,F.F.F.
178254,185914.0,1945-02-15,8,GERMANY,RR CENTER,"""RR INSTALLATIONS,  TRACKS,  MARSHALLING YARDS,  AND STATIONS""",51.05,13.75,B17,3.0,12.0,256.0,27.0,,,27.0,F.F.F.
178268,185915.0,1945-02-15,8,GERMANY,RR CENTER,"""RR INSTALLATIONS,  TRACKS,  MARSHALLING YARDS,  AND STATIONS""",51.05,13.75,B17,2.0,1.0,,3.0,,,3.0,NOT INDICATED
177997,210586.0,1945-02-15,15,AUSTRIA,GOODS DEPOT,SUPPLY DUMPS AND WAREHOUSES,48.2,16.37,B17,4.0,14.0,277.0,32.0,,,32.0,F.F.F.
177991,210587.0,1945-02-15,15,AUSTRIA,GOODS DEPOT,SUPPLY DUMPS AND WAREHOUSES,48.2,16.37,B17,4.0,21.0,280.0,48.0,,,48.0,F.F.F.
177994,210588.0,1945-02-15,15,AUSTRIA,GOODS DEPOT,SUPPLY DUMPS AND WAREHOUSES,48.2,16.37,B17,4.0,20.0,278.0,60.0,,,60.0,F.F.F.
178000,210589.0,1945-02-15,15,AUSTRIA,GOODS DEPOT,SUPPLY DUMPS AND WAREHOUSES,48.2,16.37,B17,4.0,21.0,270.0,63.0,,,63.0,F.F.F.
177988,210590.0,1945-02-15,15,AUSTRIA,GOODS DEPOT,SUPPLY DUMPS AND WAREHOUSES,48.2,16.37,B17,4.0,20.0,285.0,49.0,,,49.0,F.F.F.
177985,210591.0,1945-02-15,15,AUSTRIA,GOODS DEPOT,SUPPLY DUMPS AND WAREHOUSES,48.2,16.37,B17,4.0,21.0,290.0,52.0,,,52.0,F.F.F.
178017,216599.0,1945-02-15,15,AUSTRIA,ORD DEPOT,SUPPLY DUMPS AND WAREHOUSES,47.07,15.43,B24,1.0,6.0,,12.0,,,12.0,VISUAL
178019,216606.0,1945-02-15,15,AUSTRIA,ORD DEPOT,SUPPLY DUMPS AND WAREHOUSES,47.07,15.43,B24,1.0,6.0,,12.0,,,12.0,VISUAL
177998,216607.0,1945-02-15,15,AUSTRIA,GOODS DEPOT,SUPPLY DUMPS AND WAREHOUSES,48.2,16.37,B17,4.0,14.0,277.0,32.0,,,32.0,F.F.F.
177992,216608.0,1945-02-15,15,AUSTRIA,GOODS DEPOT,SUPPLY DUMPS AND WAREHOUSES,48.2,16.37,B17,4.0,21.0,280.0,48.0,,,48.0,F.F.F.
177995,216609.0,1945-02-15,15,AUSTRIA,GOODS DEPOT,SUPPLY DUMPS AND WAREHOUSES,48.2,16.37,B17,4.0,20.0,278.0,60.0,,,60.0,F.F.F.
178001,216610.0,1945-02-15,15,AUSTRIA,GOODS DEPOT,SUPPLY DUMPS AND WAREHOUSES,48.2,16.37,B17,4.0,21.0,270.0,63.0,,,63.0,F.F.F.
177989,216611.0,1945-02-15,15,AUSTRIA,GOODS DEPOT,SUPPLY DUMPS AND WAREHOUSES,48.2,16.37,B17,4.0,20.0,285.0,49.0,,,49.0,F.F.F.
177986,216612.0,1945-02-15,15,AUSTRIA,GOODS DEPOT,SUPPLY DUMPS AND WAREHOUSES,48.2,16.37,B17,4.0,21.0,290.0,52.0,,,52.0,F.F.F.
272,116805.0,1945-02-16,8,GERMANY,BRIDGE,BRIDGES,50.67,7.0,A20,,,,1.0,,,1.0,NOT INDICATED
274,116806.0,1945-02-16,8,GERMANY,RR CARS,MOVING TRAINS & ROLLING STOCK,50.67,9.33,B26,,,,,30.0,,30.0,VISUAL
220,116807.0,1945-02-16,15,AUSTRIA,AIRDROME,AIR FIELDS AND AIRDROMES,46.82,15.23,B17,2.0,7.0,246.0,13.0,,,13.0,VISUAL
239,116808.0,1945-02-16,15,AUSTRIA,AIRDROME,AIR FIELDS AND AIRDROMES,46.82,15.23,B17,2.0,10.0,,25.0,,,25.0,VISUAL
226,116809.0,1945-02-16,15,AUSTRIA,AIRDROME,AIR FIELDS AND AIRDROMES,46.82,15.23,B17,2.0,11.0,235.0,22.0,,,22.0,VISUAL
240,116810.0,1945-02-16,15,AUSTRIA,AIRDROME,AIR FIELDS AND AIRDROMES,46.82,15.23,B17,2.0,2.0,,4.0,,,4.0,VISUAL
241,116811.0,1945-02-16,15,AUSTRIA,AIRDROME,AIR FIELDS AND AIRDROMES,46.82,15.23,B17,2.0,1.0,,3.0,,,3.0,VISUAL
231,116812.0,1945-02-16,15,AUSTRIA,AIR DROME,AIR FIELDS AND AIRDROMES,47.65,15.58,B24,4.0,21.0,230.0,30.0,,,30.0,VISUAL
235,116813.0,1945-02-16,15,AUSTRIA,ORD DEPOT,SUPPLY DUMPS AND WAREHOUSES,47.28,11.5,B24,2.0,8.0,,16.0,,,16.0,VISUAL
248,116822.0,1945-02-16,15,GERMANY,AIRDROME,AIR FIELDS AND AIRDROMES,48.17,10.87,B17,4.0,1.0,,2.0,,,2.0,VISUAL
262,116827.0,1945-02-16,8,GERMANY,TANKS,TACTICAL TARGETS: (UNIDENTIFIED OR NOT LISTED BELOW),50.67,8.0,B26,,,121.0,61.0,,,61.0,VISUAL
256,116869.0,1945-02-16,8,GERMANY,CITY AREA,CITIES TOWNS AND URBAN AREAS,52.17,7.35,B24,3.0,32.0,230.0,94.0,,,94.0,F.F.F.
265,116870.0,1945-02-16,8,GERMANY,CITY AREA,CITIES TOWNS AND URBAN AREAS,52.17,7.35,B24,1.0,1.0,,4.0,,,4.0,NOT INDICATED
266,116871.0,1945-02-16,8,GERMANY,CITY AREA,CITIES TOWNS AND URBAN AREAS,52.17,7.35,B24,1.0,2.0,,1.0,,,1.0,NOT INDICATED
259,116872.0,1945-02-16,8,GERMANY,CITY AREA,CITIES TOWNS AND URBAN AREAS,52.17,7.35,B24,1.0,31.0,213.0,88.0,,,88.0,F.F.F.
276,185931.0,1945-02-16,8,GERMANY,UNIDENTIFIED TARGETS,UNIDENTIFIED TARGETS,51.67,6.67,B17,2.0,1.0,,3.0,,,3.0,NOT INDICATED
257,185932.0,1945-02-16,8,GERMANY,CITY AREA,CITIES TOWNS AND URBAN AREAS,52.17,7.35,B24,3.0,32.0,230.0,94.0,,,94.0,F.F.F.
267,185933.0,1945-02-16,8,GERMANY,CITY AREA,CITIES TOWNS AND URBAN AREAS,52.17,7.35,B24,1.0,1.0,,4.0,,,4.0,NOT INDICATED
268,185934.0,1945-02-16,8,GERMANY,CITY AREA,CITIES TOWNS AND URBAN AREAS,52.17,7.35,B24,1.0,2.0,,1.0,,,1.0,NOT INDICATED
260,185935.0,1945-02-16,8,GERMANY,CITY AREA,CITIES TOWNS AND URBAN AREAS,52.17,7.35,B24,1.0,31.0,213.0,88.0,,,88.0,F.F.F.
258,185960.0,1945-02-16,8,GERMANY,CITY AREA,CITIES TOWNS AND URBAN AREAS,52.17,7.35,B24,3.0,32.0,230.0,94.0,,,94.0,F.F.F.
269,185961.0,1945-02-16,8,GERMANY,CITY AREA,CITIES TOWNS AND URBAN AREAS,52.17,7.35,B24,1.0,1.0,,4.0,,,4.0,NOT INDICATED
270,185962.0,1945-02-16,8,GERMANY,CITY AREA,CITIES TOWNS AND URBAN AREAS,52.17,7.35,B24,1.0,2.0,,1.0,,,1.0,NOT INDICATED
261,185963.0,1945-02-16,8,GERMANY,CITY AREA,CITIES TOWNS AND URBAN AREAS,52.17,7.35,B24,1.0,31.0,213.0,88.0,,,88.0,F.F.F.
277,185998.0,1945-02-16,8,GERMANY,UNIDENTIFIED TARGETS,UNIDENTIFIED TARGETS,51.67,6.67,B17,2.0,1.0,,3.0,,,3.0,NOT INDICATED
223,186039.0,1945-02-16,15,AUSTRIA,MARSHALLING YARDS,"""RR INSTALLATIONS,  TRACKS,  MARSHALLING YARDS,  AND STATIONS""",47.28,11.5,B17,4.0,36.0,245.0,102.0,,,102.0,VISUAL
229,186040.0,1945-02-16,15,AUSTRIA,MARSHALLING YARDS,"""RR INSTALLATIONS,  TRACKS,  MARSHALLING YARDS,  AND STATIONS""",47.28,11.5,B24,4.0,26.0,230.0,51.0,,,51.0,VISUAL
225,186041.0,1945-02-16,15,AUSTRIA,MARSHALLING YARDS,"""RR INSTALLATIONS,  TRACKS,  MARSHALLING YARDS,  AND STATIONS""",47.28,11.5,B17,3.0,5.0,240.0,9.0,,,9.0,VISUAL
238,186042.0,1945-02-16,15,AUSTRIA,MARSHALLING YARDS,"""RR INSTALLATIONS,  TRACKS,  MARSHALLING YARDS,  AND STATIONS""",47.28,11.5,B17,3.0,4.0,,10.0,,,10.0,VISUAL
234,186043.0,1945-02-16,15,AUSTRIA,MARSHALLING YARDS,"""RR INSTALLATIONS,  TRACKS,  MARSHALLING YARDS,  AND STATIONS""",47.28,11.5,B17,3.0,13.0,227.0,24.0,,,24.0,VISUAL
224,186044.0,1945-02-16,15,AUSTRIA,MARSHALLING YARDS,"""RR INSTALLATIONS,  TRACKS,  MARSHALLING YARDS,  AND STATIONS""",47.28,11.5,B24,3.0,16.0,240.0,30.0,,,30.0,VISUAL
217,186045.0,1945-02-16,15,AUSTRIA,MARSHALLING YARDS,"""RR INSTALLATIONS,  TRACKS,  MARSHALLING YARDS,  AND STATIONS""",47.28,11.5,B24,3.0,23.0,250.0,44.0,,,44.0,VISUAL
230,186046.0,1945-02-16,15,AUSTRIA,MARSHALLING YARDS,"""RR INSTALLATIONS,  TRACKS,  MARSHALLING YARDS,  AND STATIONS""",47.28,11.5,B24,3.0,25.0,230.0,48.0,,,48.0,VISUAL
219,186047.0,1945-02-16,15,AUSTRIA,MARSHALLING YARDS,"""RR INSTALLATIONS,  TRACKS,  MARSHALLING YARDS,  AND STATIONS""",47.27,11.38,B24,2.0,6.0,248.0,12.0,,,12.0,VISUAL
218,186048.0,1945-02-16,15,AUSTRIA,MARSHALLING YARDS,"""RR INSTALLATIONS,  TRACKS,  MARSHALLING YARDS,  AND STATIONS""",47.27,11.38,B24,2.0,1.0,250.0,2.0,,,2.0,VISUAL
252,186049.0,1945-02-16,12,AUSTRIA,MARSHALLING YARDS,"""RR INSTALLATIONS,  TRACKS,  MARSHALLING YARDS,  AND STATIONS""",48.3,14.3,B24,2.0,7.0,255.0,14.0,,,14.0,VISUAL
254,186059.0,1945-02-16,8,GERMANY,R R,"""RR INSTALLATIONS,  TRACKS,  MARSHALLING YARDS,  AND STATIONS""",50.13,8.46,B17,3.0,9.0,261.0,22.0,,,22.0,F.F.F.
255,186060.0,1945-02-16,8,GERMANY,R R,"""RR INSTALLATIONS,  TRACKS,  MARSHALLING YARDS,  AND STATIONS""",50.13,8.46,B17,3.0,12.0,252.0,30.0,,,30.0,F.F.F.
253,186061.0,1945-02-16,8,GERMANY,R R,"""RR INSTALLATIONS,  TRACKS,  MARSHALLING YARDS,  AND STATIONS""",50.13,8.46,B17,3.0,9.0,266.0,22.0,,,22.0,F.F.F.
251,186081.0,1945-02-16,15,GERMANY,TRAIN,"""RR INSTALLATIONS,  TRACKS,  MARSHALLING YARDS,  AND STATIONS""",47.0,17.0,B24,2.0,1.0,,2.0,,,2.0,VISUAL
271,186082.0,1945-02-16,8,GERMANY,RR,"""RR INSTALLATIONS,  TRACKS,  MARSHALLING YARDS,  AND STATIONS""",49.33,11.67,B24,2.0,1.0,,2.0,,,2.0,VISUAL
273,216618.0,1945-02-16,8,GERMANY,BRIDGE,BRIDGES,50.67,7.0,A20,,,,1.0,,,1.0,NOT INDICATED
275,216619.0,1945-02-16,8,GERMANY,RR CARS,MOVING TRAINS & ROLLING STOCK,50.67,9.33,B26,,,,,30.0,,30.0,VISUAL
221,216622.0,1945-02-16,15,AUSTRIA,AIRDROME,AIR FIELDS AND AIRDROMES,46.82,15.23,B17,2.0,7.0,246.0,13.0,,,13.0,VISUAL
242,216623.0,1945-02-16,15,AUSTRIA,AIRDROME,AIR FIELDS AND AIRDROMES,46.82,15.23,B17,2.0,10.0,,25.0,,,25.0,VISUAL
227,216624.0,1945-02-16,15,AUSTRIA,AIRDROME,AIR FIELDS AND AIRDROMES,46.82,15.23,B17,2.0,11.0,235.0,22.0,,,22.0,VISUAL
243,216625.0,1945-02-16,15,AUSTRIA,AIRDROME,AIR FIELDS AND AIRDROMES,46.82,15.23,B17,2.0,2.0,,4.0,,,4.0,VISUAL
244,216626.0,1945-02-16,15,AUSTRIA,AIRDROME,AIR FIELDS AND AIRDROMES,46.82,15.23,B17,2.0,1.0,,3.0,,,3.0,VISUAL
232,216627.0,1945-02-16,15,AUSTRIA,AIR DROME,AIR FIELDS AND AIRDROMES,47.65,15.58,B24,4.0,21.0,230.0,30.0,,,30.0,VISUAL
249,216628.0,1945-02-16,15,GERMANY,AIRDROME,AIR FIELDS AND AIRDROMES,48.17,10.87,B17,4.0,1.0,,2.0,,,2.0,VISUAL
236,216629.0,1945-02-16,15,AUSTRIA,ORD DEPOT,SUPPLY DUMPS AND WAREHOUSES,47.28,11.5,B24,2.0,8.0,,16.0,,,16.0,VISUAL
263,216630.0,1945-02-16,8,GERMANY,TANKS,TACTICAL TARGETS: (UNIDENTIFIED OR NOT LISTED BELOW),50.67,8.0,B26,,,121.0,61.0,,,61.0,VISUAL
264,216640.0,1945-02-16,8,GERMANY,TANKS,TACTICAL TARGETS: (UNIDENTIFIED OR NOT LISTED BELOW),50.67,8.0,B26,,,121.0,61.0,,,61.0,VISUAL
237,216641.0,1945-02-16,15,AUSTRIA,ORD DEPOT,SUPPLY DUMPS AND WAREHOUSES,47.28,11.5,B24,2.0,8.0,,16.0,,,16.0,VISUAL
222,216642.0,1945-02-16,15,AUSTRIA,AIRDROME,AIR FIELDS AND AIRDROMES,46.82,15.23,B17,2.0,7.0,246.0,13.0,,,13.0,VISUAL
245,216643.0,1945-02-16,15,AUSTRIA,AIRDROME,AIR FIELDS AND AIRDROMES,46.82,15.23,B17,2.0,10.0,,25.0,,,25.0,VISUAL
228,216644.0,1945-02-16,15,AUSTRIA,AIRDROME,AIR FIELDS AND AIRDROMES,46.82,15.23,B17,2.0,11.0,235.0,22.0,,,22.0,VISUAL
246,216645.0,1945-02-16,15,AUSTRIA,AIRDROME,AIR FIELDS AND AIRDROMES,46.82,15.23,B17,2.0,2.0,,4.0,,,4.0,VISUAL
247,216646.0,1945-02-16,15,AUSTRIA,AIRDROME,AIR FIELDS AND AIRDROMES,46.82,15.23,B17,2.0,1.0,,3.0,,,3.0,VISUAL
233,216647.0,1945-02-16,15,AUSTRIA,AIR DROME,AIR FIELDS AND AIRDROMES,47.65,15.58,B24,4.0,21.0,230.0,30.0,,,30.0,VISUAL
250,216648.0,1945-02-16,15,GERMANY,AIRDROME,AIR FIELDS AND AIRDROMES,48.17,10.87,B17,4.0,1.0,,2.0,,,2.0,VISUAL
1458,116879.0,1945-02-17,15,AUSTRIA,H GOERING BENZOL PLANT,OIL REFINERIES,48.3,14.3,B24,4.0,40.0,,118.0,,,118.0,F.F.F.
1453,116893.0,1945-02-17,15,AUSTRIA,H GOERING TANK WORKS,TANK FACTORIES,48.4,14.42,B24,4.0,6.0,258.0,12.0,,,12.0,F.F.F.
1454,116894.0,1945-02-17,15,AUSTRIA,H GOERING TANK WORKS,TANK FACTORIES,48.4,14.42,B24,4.0,6.0,258.0,12.0,,,12.0,F.F.F.
1461,116895.0,1945-02-17,15,AUSTRIA,H GOERING TANK WORKS,TANK FACTORIES,48.4,14.42,B24,2.0,11.0,,22.0,,,22.0,VISUAL
1460,116896.0,1945-02-17,15,AUSTRIA,H GOERING TANK WORKS,TANK FACTORIES,48.4,14.42,B24,2.0,11.0,,22.0,,,22.0,VISUAL
1456,186103.0,1945-02-17,15,AUSTRIA,H GOERING TANK WORKS,TANK FACTORIES,48.4,14.42,B24,4.0,6.0,258.0,12.0,,,12.0,F.F.F.
1463,186104.0,1945-02-17,15,AUSTRIA,H GOERING TANK WORKS,TANK FACTORIES,48.4,14.42,B24,2.0,11.0,,22.0,,,22.0,VISUAL
1459,186105.0,1945-02-17,15,AUSTRIA,H GOERING BENZOL PLANT,OIL REFINERIES,48.3,14.3,B24,4.0,40.0,,118.0,,,118.0,F.F.F.
1457,186106.0,1945-02-17,15,AUSTRIA,MARSHALLING YARD,"""RR INSTALLATIONS,  TRACKS,  MARSHALLING YARDS,  AND STATIONS""",47.35,16.17,B24,3.0,1.0,225.0,2.0,,,2.0,VISUAL
1470,186109.0,1945-02-17,12,AUSTRIA,RR,"""RR INSTALLATIONS,  TRACKS,  MARSHALLING YARDS,  AND STATIONS""",46.63,14.3,B24,2.0,1.0,230.0,2.0,,,2.0,VISUAL
1468,186110.0,1945-02-17,12,AUSTRIA,MARSHALLING YARDS,"""RR INSTALLATIONS,  TRACKS,  MARSHALLING YARDS,  AND STATIONS""",48.3,14.3,B17,4.0,28.0,247.0,84.0,,,84.0,F.F.F.
1464,186111.0,1945-02-17,12,AUSTRIA,MARSHALLING YARDS,"""RR INSTALLATIONS,  TRACKS,  MARSHALLING YARDS,  AND STATIONS""",48.3,14.3,B17,4.0,35.0,273.0,92.0,,,92.0,F.F.F.
1467,186112.0,1945-02-17,12,AUSTRIA,MARSHALLING YARDS,"""RR INSTALLATIONS,  TRACKS,  MARSHALLING YARDS,  AND STATIONS""",48.3,14.3,B17,4.0,33.0,250.0,96.0,,,96.0,F.F.F.
1465,186113.0,1945-02-17,12,AUSTRIA,MARSHALLING YARDS,"""RR INSTALLATIONS,  TRACKS,  MARSHALLING YARDS,  AND STATIONS""",48.3,14.3,B17,4.0,25.0,265.0,72.0,,,72.0,F.F.F.
1466,186114.0,1945-02-17,12,AUSTRIA,MARSHALLING YARDS,"""RR INSTALLATIONS,  TRACKS,  MARSHALLING YARDS,  AND STATIONS""",48.3,14.3,B17,4.0,28.0,260.0,83.0,,,83.0,F.F.F.
1471,186115.0,1945-02-17,12,AUSTRIA,MARSHALLING YARDS,"""RR INSTALLATIONS,  TRACKS,  MARSHALLING YARDS,  AND STATIONS""",48.3,14.3,B24,4.0,31.0,230.0,60.0,,,60.0,F.F.F.
1469,186116.0,1945-02-17,12,AUSTRIA,MARSHALLING YARDS,"""RR INSTALLATIONS,  TRACKS,  MARSHALLING YARDS,  AND STATIONS""",48.3,14.3,B24,3.0,16.0,240.0,31.0,,,31.0,F.F.F.
1473,186120.0,1945-02-17,8,GERMANY,MARSHALLING YARD,"""RR INSTALLATIONS,  TRACKS,  MARSHALLING YARDS,  AND STATIONS""",50.1,8.67,B17,3.0,11.0,236.0,28.0,,,28.0,H2X
1488,186121.0,1945-02-17,8,GERMANY,MARSHALLING YARD,"""RR INSTALLATIONS,  TRACKS,  MARSHALLING YARDS,  AND STATIONS""",50.1,8.67,B17,3.0,13.0,,33.0,,,33.0,NOT INDICATED
1489,186122.0,1945-02-17,8,GERMANY,MARSHALLING YARD,"""RR INSTALLATIONS,  TRACKS,  MARSHALLING YARDS,  AND STATIONS""",50.1,8.67,B17,3.0,12.0,,29.0,,,29.0,NOT INDICATED
1490,186123.0,1945-02-17,8,GERMANY,MARSHALLING YARD,"""RR INSTALLATIONS,  TRACKS,  MARSHALLING YARDS,  AND STATIONS""",50.1,8.67,B17,3.0,6.0,,15.0,,,15.0,NOT INDICATED
1474,186124.0,1945-02-17,8,GERMANY,MARSHALLING YARD,"""RR INSTALLATIONS,  TRACKS,  MARSHALLING YARDS,  AND STATIONS""",50.1,8.67,B17,3.0,12.0,230.0,29.0,,,29.0,H2X
1491,186125.0,1945-02-17,8,GERMANY,MARSHALLING YARD,"""RR INSTALLATIONS,  TRACKS,  MARSHALLING YARDS,  AND STATIONS""",50.1,8.67,B17,3.0,13.0,,31.0,,,31.0,NOT INDICATED
1492,186126.0,1945-02-17,8,GERMANY,MARSHALLING YARD,"""RR INSTALLATIONS,  TRACKS,  MARSHALLING YARDS,  AND STATIONS""",50.1,8.67,B17,3.0,12.0,,29.0,,,29.0,NOT INDICATED
1481,186127.0,1945-02-17,8,GERMANY,MARSHALLING YARD,"""RR INSTALLATIONS,  TRACKS,  MARSHALLING YARDS,  AND STATIONS""",50.1,8.67,B17,3.0,11.0,220.0,28.0,,,28.0,H2X
1493,186128.0,1945-02-17,8,GERMANY,MARSHALLING YARD,"""RR INSTALLATIONS,  TRACKS,  MARSHALLING YARDS,  AND STATIONS""",50.1,8.67,B17,3.0,13.0,,33.0,,,33.0,NOT INDICATED
1479,186129.0,1945-02-17,8,GERMANY,MARSHALLING YARD,"""RR INSTALLATIONS,  TRACKS,  MARSHALLING YARDS,  AND STATIONS""",50.1,8.67,B17,3.0,13.0,223.0,30.0,,,30.0,H2X
1475,186130.0,1945-02-17,8,GERMANY,MARSHALLING YARD,"""RR INSTALLATIONS,  TRACKS,  MARSHALLING YARDS,  AND STATIONS""",50.1,8.67,B17,3.0,12.0,230.0,30.0,,,30.0,H2X
1476,186131.0,1945-02-17,8,GERMANY,MARSHALLING YARD,"""RR INSTALLATIONS,  TRACKS,  MARSHALLING YARDS,  AND STATIONS""",50.1,8.67,B17,3.0,12.0,230.0,30.0,,,30.0,H2X
1494,186132.0,1945-02-17,8,GERMANY,MARSHALLING YARD,"""RR INSTALLATIONS,  TRACKS,  MARSHALLING YARDS,  AND STATIONS""",50.1,8.67,B17,3.0,12.0,,30.0,,,30.0,NOT INDICATED
1495,186133.0,1945-02-17,8,GERMANY,MARSHALLING YARD,"""RR INSTALLATIONS,  TRACKS,  MARSHALLING YARDS,  AND STATIONS""",50.1,8.67,B17,3.0,13.0,,32.0,,,32.0,NOT INDICATED
1477,186134.0,1945-02-17,8,GERMANY,MARSHALLING YARD,"""RR INSTALLATIONS,  TRACKS,  MARSHALLING YARDS,  AND STATIONS""",50.1,8.67,B17,3.0,10.0,230.0,24.0,,,24.0,H2X
1496,186135.0,1945-02-17,8,GERMANY,MARSHALLING YARD,"""RR INSTALLATIONS,  TRACKS,  MARSHALLING YARDS,  AND STATIONS""",50.1,8.67,B17,3.0,12.0,,30.0,,,30.0,NOT INDICATED
1472,186136.0,1945-02-17,8,GERMANY,MARSHALLING YARD,"""RR INSTALLATIONS,  TRACKS,  MARSHALLING YARDS,  AND STATIONS""",50.1,8.67,B17,3.0,11.0,240.0,27.0,,,27.0,H2X
1497,186137.0,1945-02-17,8,GERMANY,MARSHALLING YARD,"""RR INSTALLATIONS,  TRACKS,  MARSHALLING YARDS,  AND STATIONS""",50.1,8.67,B17,3.0,13.0,,33.0,,,33.0,NOT INDICATED
1498,186138.0,1945-02-17,8,GERMANY,MARSHALLING YARD,"""RR INSTALLATIONS,  TRACKS,  MARSHALLING YARDS,  AND STATIONS""",50.1,8.67,B17,3.0,13.0,,33.0,,,33.0,NOT INDICATED
1478,186139.0,1945-02-17,8,GERMANY,MARSHALLING YARD,"""RR INSTALLATIONS,  TRACKS,  MARSHALLING YARDS,  AND STATIONS""",50.1,8.67,B17,3.0,10.0,230.0,25.0,,,25.0,H2X
1485,186140.0,1945-02-17,8,GERMANY,MARSHALLING YARD,"""RR INSTALLATIONS,  TRACKS,  MARSHALLING YARDS,  AND STATIONS""",50.1,8.67,B17,3.0,12.0,213.0,30.0,,,30.0,H2X
1486,186141.0,1945-02-17,8,GERMANY,MARSHALLING YARD,"""RR INSTALLATIONS,  TRACKS,  MARSHALLING YARDS,  AND STATIONS""",50.1,8.67,B17,3.0,13.0,206.0,33.0,,,33.0,H2X
1480,186142.0,1945-02-17,8,GERMANY,MARSHALLING YARD,"""RR INSTALLATIONS,  TRACKS,  MARSHALLING YARDS,  AND STATIONS""",50.1,8.67,B17,2.0,12.0,223.0,30.0,,,30.0,H2X
1484,186143.0,1945-02-17,8,GERMANY,MARSHALLING YARD,"""RR INSTALLATIONS,  TRACKS,  MARSHALLING YARDS,  AND STATIONS""",50.6,8.68,B17,1.0,7.0,215.0,17.0,,,17.0,H2X
1482,186144.0,1945-02-17,8,GERMANY,MARSHALLING YARD,"""RR INSTALLATIONS,  TRACKS,  MARSHALLING YARDS,  AND STATIONS""",50.6,8.68,B17,1.0,12.0,220.0,28.0,,,28.0,H2X
1499,186145.0,1945-02-17,8,GERMANY,MARSHALLING YARD,"""RR INSTALLATIONS,  TRACKS,  MARSHALLING YARDS,  AND STATIONS""",50.6,8.68,B17,1.0,13.0,,32.0,,,32.0,H2X
1483,186146.0,1945-02-17,8,GERMANY,MARSHALLING YARD,"""RR INSTALLATIONS,  TRACKS,  MARSHALLING YARDS,  AND STATIONS""",50.6,8.68,B17,1.0,12.0,218.0,30.0,,,30.0,H2X
1487,186147.0,1945-02-17,8,GERMANY,RR,"""RR INSTALLATIONS,  TRACKS,  MARSHALLING YARDS,  AND STATIONS""",50.13,8.93,B17,2.0,9.0,205.0,22.0,,,22.0,H2X
1455,186149.0,1945-02-17,15,AUSTRIA,H GOERING TANK WORKS,TANK FACTORIES,48.4,14.42,B24,4.0,6.0,258.0,12.0,,,12.0,F.F.F.
1462,186150.0,1945-02-17,15,AUSTRIA,H GOERING TANK WORKS,TANK FACTORIES,48.4,14.42,B24,2.0,11.0,,22.0,,,22.0,VISUAL
2097,116909.0,1945-02-18,8,GERMANY,TOWN,CITIES TOWNS AND URBAN AREAS,50.21,7.39,B26,,,,12.0,,,12.0,VISUAL
2094,116912.0,1945-02-18,8,AUSTRIA,CITY AREA,CITIES TOWNS AND URBAN AREAS,48.3,14.3,B17,4.0,14.0,248.0,42.0,,,42.0,F.F.F.
2098,116913.0,1945-02-18,8,GERMANY,TOWN,CITIES TOWNS AND URBAN AREAS,50.21,7.39,B26,,,,12.0,,,12.0,VISUAL
2095,186152.0,1945-02-18,8,AUSTRIA,CITY AREA,CITIES TOWNS AND URBAN AREAS,48.3,14.3,B17,4.0,14.0,248.0,42.0,,,42.0,F.F.F.
2099,186153.0,1945-02-18,8,GERMANY,TOWN,CITIES TOWNS AND URBAN AREAS,50.21,7.39,B26,,,,12.0,,,12.0,VISUAL
2100,186156.0,1945-02-18,8,GERMANY,TOWN,CITIES TOWNS AND URBAN AREAS,50.21,7.39,B26,,,,12.0,,,12.0,VISUAL
2096,186159.0,1945-02-18,8,AUSTRIA,CITY AREA,CITIES TOWNS AND URBAN AREAS,48.3,14.3,B17,4.0,14.0,248.0,42.0,,,42.0,F.F.F.
2089,186160.0,1945-02-18,12,AUSTRIA,MARSHALLING YARDS,"""RR INSTALLATIONS,  TRACKS,  MARSHALLING YARDS,  AND STATIONS""",48.3,14.3,B17,4.0,28.0,265.0,75.0,,,75.0,F.F.F.
2088,186161.0,1945-02-18,12,AUSTRIA,MARSHALLING YARDS,"""RR INSTALLATIONS,  TRACKS,  MARSHALLING YARDS,  AND STATIONS""",48.3,14.3,B17,4.0,28.0,275.0,84.0,,,84.0,F.F.F.
2090,186162.0,1945-02-18,12,AUSTRIA,MARSHALLING YARDS,"""RR INSTALLATIONS,  TRACKS,  MARSHALLING YARDS,  AND STATIONS""",48.3,14.3,B17,4.0,28.0,260.0,79.0,,,79.0,F.F.F.
2091,186163.0,1945-02-18,12,AUSTRIA,MARSHALLING YARDS,"""RR INSTALLATIONS,  TRACKS,  MARSHALLING YARDS,  AND STATIONS""",48.3,14.3,B17,4.0,26.0,245.0,75.0,,,75.0,F.F.F.
2087,186164.0,1945-02-18,12,AUSTRIA,MARSHALLING YARDS,"""RR INSTALLATIONS,  TRACKS,  MARSHALLING YARDS,  AND STATIONS""",48.3,14.3,B24,4.0,23.0,285.0,64.0,,,64.0,F.F.F.
2086,186165.0,1945-02-18,15,AUSTRIA,MARSHALLING YARUS,"""RR INSTALLATIONS,  TRACKS,  MARSHALLING YARDS,  AND STATIONS""",47.78,13.03,B17,4.0,13.0,249.0,39.0,,,39.0,F.F.F.
2647,116943.0,1945-02-19,8,GERMANY,RR BRIDGE,BRIDGES,50.77,7.67,B26,,,120.0,1.0,,,1.0,VISUAL
2649,116944.0,1945-02-19,8,GERMANY,RR BRIDGE,BRIDGES,50.77,7.67,B26,,,115.0,1.0,,,1.0,VISUAL
2645,116945.0,1945-02-19,8,GERMANY,RR BRIDGE,BRIDGES,50.77,7.67,B26,,,125.0,66.0,,,66.0,VISUAL
2620,186259.0,1945-02-19,15,AUSTRIA,MARSHALLING YARD,"""RR INSTALLATIONS,  TRACKS,  MARSHALLING YARDS,  AND STATIONS""",47.35,16.17,B24,3.0,28.0,255.0,78.0,,,78.0,VISUAL
2627,186266.0,1945-02-19,12,AUSTRIA,RR,"""RR INSTALLATIONS,  TRACKS,  MARSHALLING YARDS,  AND STATIONS""",46.63,14.3,B17,4.0,26.0,212.0,73.0,,,73.0,VISUAL
2626,186267.0,1945-02-19,12,AUSTRIA,RR,"""RR INSTALLATIONS,  TRACKS,  MARSHALLING YARDS,  AND STATIONS""",46.63,14.3,B17,4.0,26.0,245.0,71.0,,,71.0,F.F.F.
2624,186268.0,1945-02-19,12,AUSTRIA,RR,"""RR INSTALLATIONS,  TRACKS,  MARSHALLING YARDS,  AND STATIONS""",46.63,14.3,B17,3.0,27.0,265.0,79.0,,,79.0,VISUAL
2628,186269.0,1945-02-19,12,AUSTRIA,RR,"""RR INSTALLATIONS,  TRACKS,  MARSHALLING YARDS,  AND STATIONS""",46.63,14.3,B17,3.0,14.0,200.0,41.0,,,41.0,VISUAL
2622,186270.0,1945-02-19,15,AUSTRIA,MARSHALLING YARDS,"""RR INSTALLATIONS,  TRACKS,  MARSHALLING YARDS,  AND STATIONS""",47.37,15.12,B24,2.0,1.0,,2.0,,,2.0,NOT INDICATED
2621,186271.0,1945-02-19,15,AUSTRIA,MARSHALLING YARDS,"""RR INSTALLATIONS,  TRACKS,  MARSHALLING YARDS,  AND STATIONS""",48.18,16.35,B24,4.0,24.0,240.0,48.0,,,48.0,VISUAL
2629,186272.0,1945-02-19,12,AUSTRIA,MARSHALLING YARDS,"""RR INSTALLATIONS,  TRACKS,  MARSHALLING YARDS,  AND STATIONS""",48.2,16.37,B24,2.0,1.0,,2.0,,,2.0,VISUAL
2625,186273.0,1945-02-19,12,AUSTRIA,MARSHALLING YARDS,"""RR INSTALLATIONS,  TRACKS,  MARSHALLING YARDS,  AND STATIONS""",48.2,16.37,B24,4.0,14.0,250.0,23.0,,,23.0,VISUAL
2623,186274.0,1945-02-19,15,AUSTRIA,RR SIDINGS,"""RR INSTALLATIONS,  TRACKS,  MARSHALLING YARDS,  AND STATIONS""",47.67,14.67,B24,2.0,1.0,,2.0,,,2.0,VISUAL
2651,186275.0,1945-02-19,8,GERMANY,R R,"""RR INSTALLATIONS,  TRACKS,  MARSHALLING YARDS,  AND STATIONS""",50.13,8.46,B17,3.0,1.0,,3.0,,,3.0,NOT INDICATED
2634,186276.0,1945-02-19,8,GERMANY,R R,"""RR INSTALLATIONS,  TRACKS,  MARSHALLING YARDS,  AND STATIONS""",50.13,8.46,B17,3.0,11.0,262.0,33.0,,,33.0,F.F.F.
2633,186277.0,1945-02-19,8,GERMANY,R R,"""RR INSTALLATIONS,  TRACKS,  MARSHALLING YARDS,  AND STATIONS""",50.13,8.46,B17,3.0,11.0,266.0,32.0,,,32.0,VISUAL
2635,186278.0,1945-02-19,8,GERMANY,R R,"""RR INSTALLATIONS,  TRACKS,  MARSHALLING YARDS,  AND STATIONS""",50.13,8.46,B17,3.0,12.0,260.0,36.0,,,36.0,VISUAL
2631,186279.0,1945-02-19,8,GERMANY,R R,"""RR INSTALLATIONS,  TRACKS,  MARSHALLING YARDS,  AND STATIONS""",50.13,8.46,B17,3.0,12.0,270.0,36.0,,,36.0,VISUAL
2639,186280.0,1945-02-19,8,GERMANY,R R,"""RR INSTALLATIONS,  TRACKS,  MARSHALLING YARDS,  AND STATIONS""",50.13,8.46,B17,3.0,13.0,251.0,39.0,,,39.0,F.F.F.
2643,186281.0,1945-02-19,8,GERMANY,R R,"""RR INSTALLATIONS,  TRACKS,  MARSHALLING YARDS,  AND STATIONS""",50.13,8.46,B17,3.0,13.0,243.0,39.0,,,39.0,F.F.F.
2636,186282.0,1945-02-19,8,GERMANY,R R,"""RR INSTALLATIONS,  TRACKS,  MARSHALLING YARDS,  AND STATIONS""",50.13,8.46,B17,3.0,13.0,260.0,39.0,,,39.0,F.F.F.
2638,186283.0,1945-02-19,8,GERMANY,R R,"""RR INSTALLATIONS,  TRACKS,  MARSHALLING YARDS,  AND STATIONS""",50.13,8.46,B17,3.0,13.0,256.0,39.0,,,39.0,F.F.F.
2632,186284.0,1945-02-19,8,GERMANY,R R,"""RR INSTALLATIONS,  TRACKS,  MARSHALLING YARDS,  AND STATIONS""",50.13,8.46,B17,3.0,12.0,267.0,36.0,,,36.0,VISUAL
2637,186285.0,1945-02-19,8,GERMANY,R R,"""RR INSTALLATIONS,  TRACKS,  MARSHALLING YARDS,  AND STATIONS""",50.13,8.46,B17,3.0,13.0,260.0,39.0,,,39.0,VISUAL
2630,186286.0,1945-02-19,8,GERMANY,R R,"""RR INSTALLATIONS,  TRACKS,  MARSHALLING YARDS,  AND STATIONS""",50.13,8.46,B17,3.0,12.0,271.0,35.0,,,35.0,VISUAL
2644,186287.0,1945-02-19,8,GERMANY,R R,"""RR INSTALLATIONS,  TRACKS,  MARSHALLING YARDS,  AND STATIONS""",50.13,8.46,B17,2.0,11.0,240.0,32.0,,,32.0,H2X
2652,186288.0,1945-02-19,8,GERMANY,R R,"""RR INSTALLATIONS,  TRACKS,  MARSHALLING YARDS,  AND STATIONS""",50.13,8.46,B17,2.0,13.0,,36.0,,,36.0,H2X
2648,216691.0,1945-02-19,8,GERMANY,RR BRIDGE,BRIDGES,50.77,7.67,B26,,,120.0,1.0,,,1.0,VISUAL
2650,216692.0,1945-02-19,8,GERMANY,RR BRIDGE,BRIDGES,50.77,7.67,B26,,,115.0,1.0,,,1.0,VISUAL
2646,216693.0,1945-02-19,8,GERMANY,RR BRIDGE,BRIDGES,50.77,7.67,B26,,,125.0,66.0,,,66.0,VISUAL
3937,117007.0,1945-02-20,15,AUSTRIA,STEEL WORKS,"""IRON AND STEEL PRODUCTION FACILITIES,  BLAST FURNACES,  BOILER SHOPS,  FORGES,  FOUNDRIES, STEEL WORKS,  ROLLING-MILLS """,47.43,15.32,B17,2.0,,,9.0,,,9.0,NOT INDICATED
3927,117008.0,1945-02-20,15,AUSTRIA,STEEL WORKS,"""IRON AND STEEL PRODUCTION FACILITIES,  BLAST FURNACES,  BOILER SHOPS,  FORGES,  FOUNDRIES, STEEL WORKS,  ROLLING-MILLS """,47.43,15.32,B17,2.0,6.0,245.0,9.0,,,9.0,VISUAL
3923,117009.0,1945-02-20,15,AUSTRIA,NOVA OIL REFINERY,OIL REFINERIES,48.12,16.53,B17,4.0,,260.0,39.0,,,39.0,VISUAL
3939,117010.0,1945-02-20,15,AUSTRIA,NOVA OIL REFINERY,OIL REFINERIES,48.12,16.53,B17,4.0,26.0,,39.0,,,39.0,NOT INDICATED
3925,117011.0,1945-02-20,15,AUSTRIA,NOVA OIL REFINERY,OIL REFINERIES,48.12,16.53,B24,4.0,28.0,250.0,81.0,,,81.0,F.F.F.
3941,117012.0,1945-02-20,15,AUSTRIA,OIL REFINERY,OIL REFINERIES,48.2,16.37,B17,4.0,,,33.0,,,33.0,NOT INDICATED
3932,117013.0,1945-02-20,15,AUSTRIA,OIL REFINERY,OIL REFINERIES,48.2,16.37,B17,4.0,22.0,237.0,33.0,,,33.0,VISUAL
3921,117014.0,1945-02-20,15,AUSTRIA,OIL REFINERY,OIL REFINERIES,48.2,16.37,B17,4.0,14.0,280.0,37.0,,,37.0,NOT INDICATED
3929,117023.0,1945-02-20,15,AUSTRIA,UNIDENTIFIED TARGET,UNIDENTIFIED TARGETS,48.2,16.37,B17,4.0,28.0,245.0,82.0,,,82.0,VISUAL
3934,117024.0,1945-02-20,15,GERMANY,UNIDENTIFIED TARGET,UNIDENTIFIED TARGETS,48.77,11.43,B17,2.0,1.0,,2.0,1.0,,3.0,NOT INDICATED
3930,186314.0,1945-02-20,15,AUSTRIA,UNIDENTIFIED TARGET,UNIDENTIFIED TARGETS,48.2,16.37,B17,4.0,28.0,245.0,82.0,,,82.0,VISUAL
3935,186315.0,1945-02-20,15,GERMANY,UNIDENTIFIED TARGET,UNIDENTIFIED TARGETS,48.77,11.43,B17,2.0,1.0,,2.0,1.0,,3.0,NOT INDICATED
3931,186320.0,1945-02-20,15,AUSTRIA,UNIDENTIFIED TARGET,UNIDENTIFIED TARGETS,48.2,16.37,B17,4.0,28.0,245.0,82.0,,,82.0,VISUAL
3936,186321.0,1945-02-20,15,GERMANY,UNIDENTIFIED TARGET,UNIDENTIFIED TARGETS,48.77,11.43,B17,2.0,1.0,,2.0,1.0,,3.0,NOT INDICATED
3938,186325.0,1945-02-20,15,AUSTRIA,STEEL WORKS,"""IRON AND STEEL PRODUCTION FACILITIES,  BLAST FURNACES,  BOILER SHOPS,  FORGES,  FOUNDRIES, STEEL WORKS,  ROLLING-MILLS """,47.43,15.32,B17,2.0,,,9.0,,,9.0,NOT INDICATED
3928,186326.0,1945-02-20,15,AUSTRIA,STEEL WORKS,"""IRON AND STEEL PRODUCTION FACILITIES,  BLAST FURNACES,  BOILER SHOPS,  FORGES,  FOUNDRIES, STEEL WORKS,  ROLLING-MILLS """,47.43,15.32,B17,2.0,6.0,245.0,9.0,,,9.0,VISUAL
3924,186327.0,1945-02-20,15,AUSTRIA,NOVA OIL REFINERY,OIL REFINERIES,48.12,16.53,B17,4.0,,260.0,39.0,,,39.0,VISUAL
3940,186328.0,1945-02-20,15,AUSTRIA,NOVA OIL REFINERY,OIL REFINERIES,48.12,16.53,B17,4.0,26.0,,39.0,,,39.0,NOT INDICATED
3926,186329.0,1945-02-20,15,AUSTRIA,NOVA OIL REFINERY,OIL REFINERIES,48.12,16.53,B24,4.0,28.0,250.0,81.0,,,81.0,F.F.F.
3942,186330.0,1945-02-20,15,AUSTRIA,OIL REFINERY,OIL REFINERIES,48.2,16.37,B17,4.0,,,33.0,,,33.0,NOT INDICATED
3933,186331.0,1945-02-20,15,AUSTRIA,OIL REFINERY,OIL REFINERIES,48.2,16.37,B17,4.0,22.0,237.0,33.0,,,33.0,VISUAL
3922,186332.0,1945-02-20,15,AUSTRIA,OIL REFINERY,OIL REFINERIES,48.2,16.37,B17,4.0,14.0,280.0,37.0,,,37.0,NOT INDICATED
3945,186334.0,1945-02-20,12,AUSTRIA,MARSHALLING YARDS,"""RR INSTALLATIONS,  TRACKS,  MARSHALLING YARDS,  AND STATIONS""",48.2,16.37,B17,4.0,,,24.0,,,24.0,NOT INDICATED
3944,186335.0,1945-02-20,12,AUSTRIA,MARSHALLING YARDS,"""RR INSTALLATIONS,  TRACKS,  MARSHALLING YARDS,  AND STATIONS""",48.2,16.37,B17,4.0,26.0,265.0,46.0,,,46.0,F.F.F.
3943,186336.0,1945-02-20,12,AUSTRIA,MARSHALLING YARDS,"""RR INSTALLATIONS,  TRACKS,  MARSHALLING YARDS,  AND STATIONS""",48.2,16.37,B17,3.0,13.0,277.0,35.0,,,35.0,NOT INDICATED
4584,117026.0,1945-02-21,15,AUSTRIA,CENTRAL REPAIR SHOPS,MANUFACTURING INSTALLATIONS (NOT SPECIFICALLY IDENTIFIED BELOW FROM CLASS 11 THROUGH 59),48.2,16.37,B24,4.0,21.0,243.0,39.0,,,39.0,NOT INDICATED
4810,117027.0,1945-02-21,8,GERMANY,BRIDGE,BRIDGES,49.82,7.85,B26,,,130.0,36.0,,,36.0,NOT INDICATED
4814,117028.0,1945-02-21,8,GERMANY,RR BRIDGE,BRIDGES,52.22,8.8,B26,,,88.0,38.0,,,38.0,VISUAL
4812,117029.0,1945-02-21,8,GERMANY,RR BRIDGE,BRIDGES,52.22,8.8,B26,,,90.0,,,,,VISUAL
4583,186421.0,1945-02-21,15,AUSTRIA,CENTRAL REPAIR SHOPS,MANUFACTURING INSTALLATIONS (NOT SPECIFICALLY IDENTIFIED BELOW FROM CLASS 11 THROUGH 59),48.2,16.37,B24,4.0,21.0,243.0,39.0,,,39.0,NOT INDICATED
4585,186422.0,1945-02-21,15,AUSTRIA,CENTRAL REPAIR SHOPS,MANUFACTURING INSTALLATIONS (NOT SPECIFICALLY IDENTIFIED BELOW FROM CLASS 11 THROUGH 59),48.2,16.37,B24,4.0,21.0,243.0,39.0,,,39.0,NOT INDICATED
4591,186427.0,1945-02-21,15,AUSTRIA,MARSHALLING YARD,"""RR INSTALLATIONS,  TRACKS,  MARSHALLING YARDS,  AND STATIONS""",47.35,16.17,B24,3.0,5.0,230.0,10.0,,,10.0,F.F.F.
4592,186428.0,1945-02-21,15,AUSTRIA,MARSHALLING YARDS,"""RR INSTALLATIONS,  TRACKS,  MARSHALLING YARDS,  AND STATIONS""",47.1,15.7,B24,2.0,1.0,,2.0,,,2.0,VISUAL
4593,186430.0,1945-02-21,15,AUSTRIA,MARSHALLING YARDS,"""RR INSTALLATIONS,  TRACKS,  MARSHALLING YARDS,  AND STATIONS""",46.82,15.23,B24,2.0,1.0,,2.0,,,2.0,VISUAL
4589,186431.0,1945-02-21,15,AUSTRIA,MARSHALLING YARDS,"""RR INSTALLATIONS,  TRACKS,  MARSHALLING YARDS,  AND STATIONS""",48.18,16.35,B24,4.0,25.0,235.0,48.0,,,48.0,F.F.F.
4580,186432.0,1945-02-21,15,AUSTRIA,MARSHALLING YARDS,"""RR INSTALLATIONS,  TRACKS,  MARSHALLING YARDS,  AND STATIONS""",48.18,16.35,B24,4.0,20.0,245.0,38.0,,,38.0,F.F.F.
4582,186433.0,1945-02-21,15,AUSTRIA,MARSHALLING YARDS,"""RR INSTALLATIONS,  TRACKS,  MARSHALLING YARDS,  AND STATIONS""",48.18,16.35,B24,4.0,19.0,244.0,37.0,,,37.0,VISUAL
4590,186434.0,1945-02-21,15,AUSTRIA,MARSHALLING YARDS,"""RR INSTALLATIONS,  TRACKS,  MARSHALLING YARDS,  AND STATIONS""",48.18,16.35,B24,4.0,27.0,235.0,52.0,,,52.0,F.F.F.
4588,186435.0,1945-02-21,15,AUSTRIA,MARSHALLING YARDS,"""RR INSTALLATIONS,  TRACKS,  MARSHALLING YARDS,  AND STATIONS""",48.18,16.35,B24,4.0,25.0,240.0,50.0,,,50.0,F.F.F.
4581,186436.0,1945-02-21,15,AUSTRIA,MARSHALLING YARDS,"""RR INSTALLATIONS,  TRACKS,  MARSHALLING YARDS,  AND STATIONS""",48.18,16.35,B24,4.0,24.0,245.0,48.0,,,48.0,F.F.F.
4579,186437.0,1945-02-21,15,AUSTRIA,MARSHALLING YARDS,"""RR INSTALLATIONS,  TRACKS,  MARSHALLING YARDS,  AND STATIONS""",48.18,16.35,B24,3.0,25.0,265.0,50.0,,,50.0,F.F.F.
4803,186438.0,1945-02-21,12,AUSTRIA,MARSHALLING YARDS,"""RR INSTALLATIONS,  TRACKS,  MARSHALLING YARDS,  AND STATIONS""",48.2,16.37,B17,4.0,26.0,224.0,75.0,,,75.0,VISUAL
4595,186439.0,1945-02-21,12,AUSTRIA,MARSHALLING YARDS,"""RR INSTALLATIONS,  TRACKS,  MARSHALLING YARDS,  AND STATIONS""",48.2,16.37,B17,4.0,27.0,247.0,72.0,,,72.0,F.F.F.
4594,186440.0,1945-02-21,12,AUSTRIA,MARSHALLING YARDS,"""RR INSTALLATIONS,  TRACKS,  MARSHALLING YARDS,  AND STATIONS""",48.2,16.37,B17,4.0,26.0,278.0,76.0,,,76.0,VISUAL
4596,186441.0,1945-02-21,12,AUSTRIA,MARSHALLING YARDS,"""RR INSTALLATIONS,  TRACKS,  MARSHALLING YARDS,  AND STATIONS""",48.2,16.37,B17,4.0,22.0,242.0,61.0,,,61.0,VISUAL
4804,186442.0,1945-02-21,12,AUSTRIA,MARSHALLING YARDS,"""RR INSTALLATIONS,  TRACKS,  MARSHALLING YARDS,  AND STATIONS""",48.2,16.37,B17,4.0,,,39.0,,,39.0,NOT INDICATED
4802,186443.0,1945-02-21,12,AUSTRIA,MARSHALLING YARDS,"""RR INSTALLATIONS,  TRACKS,  MARSHALLING YARDS,  AND STATIONS""",48.2,16.37,B17,4.0,26.0,230.0,39.0,,,39.0,F.F.F.
4801,186444.0,1945-02-21,12,AUSTRIA,MARSHALLING YARDS,"""RR INSTALLATIONS,  TRACKS,  MARSHALLING YARDS,  AND STATIONS""",48.2,16.37,B24,4.0,27.0,230.0,49.0,,,49.0,F.F.F.
4598,186445.0,1945-02-21,12,AUSTRIA,MARSHALLING YARDS,"""RR INSTALLATIONS,  TRACKS,  MARSHALLING YARDS,  AND STATIONS""",48.2,16.37,B24,4.0,18.0,235.0,41.0,,,41.0,F.F.F.
4599,186446.0,1945-02-21,12,AUSTRIA,MARSHALLING YARDS,"""RR INSTALLATIONS,  TRACKS,  MARSHALLING YARDS,  AND STATIONS""",48.2,16.37,B24,2.0,24.0,235.0,48.0,,,48.0,VISUAL
4597,186447.0,1945-02-21,12,AUSTRIA,MARSHALLING YARDS,"""RR INSTALLATIONS,  TRACKS,  MARSHALLING YARDS,  AND STATIONS""",48.2,16.37,B24,4.0,13.0,240.0,25.0,,,25.0,VISUAL
4805,186448.0,1945-02-21,12,AUSTRIA,MARSHALLING YARDS,"""RR INSTALLATIONS,  TRACKS,  MARSHALLING YARDS,  AND STATIONS""",48.2,16.37,B24,4.0,26.0,,48.0,,,48.0,NOT INDICATED
4600,186449.0,1945-02-21,12,AUSTRIA,MARSHALLING YARDS,"""RR INSTALLATIONS,  TRACKS,  MARSHALLING YARDS,  AND STATIONS""",48.2,16.37,B24,4.0,23.0,233.0,40.0,,,40.0,NOT INDICATED
4811,216770.0,1945-02-21,8,GERMANY,BRIDGE,BRIDGES,49.82,7.85,B26,,,130.0,36.0,,,36.0,NOT INDICATED
4815,216771.0,1945-02-21,8,GERMANY,RR BRIDGE,BRIDGES,52.22,8.8,B26,,,88.0,38.0,,,38.0,VISUAL
4813,216772.0,1945-02-21,8,GERMANY,RR BRIDGE,BRIDGES,52.22,8.8,B26,,,90.0,,,,,VISUAL
4586,216807.0,1945-02-21,15,AUSTRIA,SHIPYARDS T W N,SHIP BUILDING,48.2,16.37,B24,4.0,23.0,243.0,43.0,,,43.0,VISUAL
4587,216810.0,1945-02-21,15,AUSTRIA,SHIPYARDS T W N,SHIP BUILDING,48.2,16.37,B24,4.0,23.0,243.0,43.0,,,43.0,VISUAL
6008,117086.0,1945-02-22,8,GERMANY,RR BRIDGE,BRIDGES,51.77,7.88,B26,,,120.0,12.0,,,12.0,VISUAL
6033,117087.0,1945-02-22,8,GERMANY,MARSHALLING YARD,"""RR INSTALLATIONS,  TRACKS,  MARSHALLING YARDS,  AND STATIONS""",49.5,7.92,A20,,,,17.0,,,17.0,VISUAL
5790,117088.0,1945-02-22,8,GERMANY,BRIDGE,BRIDGES,50.77,9.27,B26,,,80.0,6.0,,,6.0,VISUAL
6035,117089.0,1945-02-22,8,GERMANY,STATION,"""RR INSTALLATIONS,  TRACKS,  MARSHALLING YARDS,  AND STATIONS""",50.77,9.27,B26,,,,10.0,,,10.0,VISUAL
6014,117090.0,1945-02-22,8,GERMANY,STATION,"""RR INSTALLATIONS,  TRACKS,  MARSHALLING YARDS,  AND STATIONS""",50.77,9.27,B26,,,80.0,10.0,,,10.0,VISUAL
6037,117091.0,1945-02-22,8,GERMANY,BRIDGE,BRIDGES,51.82,12.2,B26,,,,2.0,,,2.0,VISUAL
6024,117092.0,1945-02-22,8,GERMANY,RR,"""RR INSTALLATIONS,  TRACKS,  MARSHALLING YARDS,  AND STATIONS""",51.77,8.92,B26,,,79.0,22.0,,,22.0,VISUAL
6016,117093.0,1945-02-22,8,GERMANY,RR,"""RR INSTALLATIONS,  TRACKS,  MARSHALLING YARDS,  AND STATIONS""",51.77,8.92,B26,,,80.0,15.0,,,15.0,VISUAL
6018,117094.0,1945-02-22,8,GERMANY,BRIDGE,BRIDGES,51.12,8.1,B26,,,80.0,20.0,,,20.0,VISUAL
6020,117099.0,1945-02-22,8,GERMANY,MARSHALLING YARD,"""RR INSTALLATIONS,  TRACKS,  MARSHALLING YARDS,  AND STATIONS""",50.43,8.67,B26,,,80.0,12.0,,,12.0,VISUAL
6028,117101.0,1945-02-22,8,GERMANY,MARSHALLING YARD,"""RR INSTALLATIONS,  TRACKS,  MARSHALLING YARDS,  AND STATIONS""",50.33,8.75,B26,,,75.0,10.0,,,10.0,VISUAL
6046,117102.0,1945-02-22,8,GERMANY,MARSHALLING YARD,"""RR INSTALLATIONS,  TRACKS,  MARSHALLING YARDS,  AND STATIONS""",50.33,8.75,B26,,,,24.0,,,24.0,VISUAL
6048,117105.0,1945-02-22,8,GERMANY,MARSHALLING YARD,"""RR INSTALLATIONS,  TRACKS,  MARSHALLING YARDS,  AND STATIONS""",51.63,8.5,B26,,,,8.0,,,8.0,VISUAL
6049,117106.0,1945-02-22,8,GERMANY,MARSHALLING YARD,"""RR INSTALLATIONS,  TRACKS,  MARSHALLING YARDS,  AND STATIONS""",51.63,8.5,B26,,,,8.0,,,8.0,VISUAL
6022,117141.0,1945-02-22,8,LUXEMBOURG,RR INSTALLATIONS,"""RR INSTALLATIONS,  TRACKS,  MARSHALLING YARDS,  AND STATIONS""",50.03,6.07,B26,,,80.0,24.0,,,24.0,VISUAL
5743,117168.0,1945-02-22,15,GERMANY,TOWN,CITIES TOWNS AND URBAN AREAS,46.67,14.67,B24,3.0,1.0,220.0,3.0,,,3.0,VISUAL
6042,117176.0,1945-02-22,8,GERMANY,CITY AREA,CITIES TOWNS AND URBAN AREAS,47.97,7.93,A26,,,,11.0,,,11.0,VISUAL
5755,117178.0,1945-02-22,15,AUSTRIA,UNIDENTIFIED TARGET,UNIDENTIFIED TARGETS,46.67,12.67,B24,3.0,1.0,145.0,2.0,,,2.0,VISUAL
5746,117179.0,1945-02-22,15,AUSTRIA,UNIDENTIFIED TARGETS,UNIDENTIFIED TARGETS,46.67,14.33,B24,3.0,1.0,160.0,2.0,,,2.0,VISUAL
5751,117181.0,1945-02-22,15,AUSTRIA,CITY AREA,CITIES TOWNS AND URBAN AREAS,46.75,14.37,B24,3.0,1.0,152.0,3.0,,,3.0,VISUAL
5770,117188.0,1945-02-22,15,GERMANY,UNIDENTIFIED TARGET,UNIDENTIFIED TARGETS,48.77,11.43,B17,2.0,1.0,,3.0,,,3.0,NOT INDICATED
6053,117190.0,1945-02-22,8,GERMANY,UNIDENTIFIED TARGET,UNIDENTIFIED TARGETS,53.06,8.8,B17,2.0,1.0,,3.0,,,3.0,NOT INDICATED
6054,117191.0,1945-02-22,8,GERMANY,UNIDENTIFIED TARGET,UNIDENTIFIED TARGETS,53.06,8.8,B17,2.0,2.0,,6.0,,,6.0,NOT INDICATED
5796,117192.0,1945-02-22,8,GERMANY,UNIDENTIFIED TARGET,UNIDENTIFIED TARGETS,53.06,8.8,B17,2.0,9.0,215.0,27.0,,,27.0,H2X
6055,117193.0,1945-02-22,8,GERMANY,UNIDENTIFIED TARGET,UNIDENTIFIED TARGETS,53.06,8.8,B17,2.0,1.0,,3.0,,,3.0,NOT INDICATED
5799,117194.0,1945-02-22,8,GERMANY,UNIDENTIFIED TARGET,UNIDENTIFIED TARGETS,53.06,8.8,B17,2.0,11.0,212.0,33.0,,,33.0,H2X
6056,117195.0,1945-02-22,8,GERMANY,UNIDENTIFIED TARGET,UNIDENTIFIED TARGETS,53.06,8.8,B17,2.0,5.0,,15.0,,,15.0,NOT INDICATED
6043,117204.0,1945-02-22,8,GERMANY,CITY AREA,CITIES TOWNS AND URBAN AREAS,47.97,7.93,A26,,,,11.0,,,11.0,VISUAL
5756,186531.0,1945-02-22,15,AUSTRIA,UNIDENTIFIED TARGET,UNIDENTIFIED TARGETS,46.67,12.67,B24,3.0,1.0,145.0,2.0,,,2.0,VISUAL
5747,186532.0,1945-02-22,15,AUSTRIA,UNIDENTIFIED TARGETS,UNIDENTIFIED TARGETS,46.67,14.33,B24,3.0,1.0,160.0,2.0,,,2.0,VISUAL
5771,186536.0,1945-02-22,15,GERMANY,UNIDENTIFIED TARGET,UNIDENTIFIED TARGETS,48.77,11.43,B17,2.0,1.0,,3.0,,,3.0,NOT INDICATED
6057,186538.0,1945-02-22,8,GERMANY,UNIDENTIFIED TARGET,UNIDENTIFIED TARGETS,53.06,8.8,B17,2.0,1.0,,3.0,,,3.0,NOT INDICATED
6058,186539.0,1945-02-22,8,GERMANY,UNIDENTIFIED TARGET,UNIDENTIFIED TARGETS,53.06,8.8,B17,2.0,2.0,,6.0,,,6.0,NOT INDICATED
5797,186540.0,1945-02-22,8,GERMANY,UNIDENTIFIED TARGET,UNIDENTIFIED TARGETS,53.06,8.8,B17,2.0,9.0,215.0,27.0,,,27.0,H2X
6059,186541.0,1945-02-22,8,GERMANY,UNIDENTIFIED TARGET,UNIDENTIFIED TARGETS,53.06,8.8,B17,2.0,1.0,,3.0,,,3.0,NOT INDICATED
5800,186542.0,1945-02-22,8,GERMANY,UNIDENTIFIED TARGET,UNIDENTIFIED TARGETS,53.06,8.8,B17,2.0,11.0,212.0,33.0,,,33.0,H2X
6060,186543.0,1945-02-22,8,GERMANY,UNIDENTIFIED TARGET,UNIDENTIFIED TARGETS,53.06,8.8,B17,2.0,5.0,,15.0,,,15.0,NOT INDICATED
5752,186553.0,1945-02-22,15,AUSTRIA,CITY AREA,CITIES TOWNS AND URBAN AREAS,46.75,14.37,B24,3.0,1.0,152.0,3.0,,,3.0,VISUAL
5744,186555.0,1945-02-22,15,GERMANY,TOWN,CITIES TOWNS AND URBAN AREAS,46.67,14.67,B24,3.0,1.0,220.0,3.0,,,3.0,VISUAL
6044,186563.0,1945-02-22,8,GERMANY,CITY AREA,CITIES TOWNS AND URBAN AREAS,47.97,7.93,A26,,,,11.0,,,11.0,VISUAL
6045,186574.0,1945-02-22,8,GERMANY,CITY AREA,CITIES TOWNS AND URBAN AREAS,47.97,7.93,A26,,,,11.0,,,11.0,VISUAL
5753,186579.0,1945-02-22,15,AUSTRIA,CITY AREA,CITIES TOWNS AND URBAN AREAS,46.75,14.37,B24,3.0,1.0,152.0,3.0,,,3.0,VISUAL
5757,186583.0,1945-02-22,15,AUSTRIA,UNIDENTIFIED TARGET,UNIDENTIFIED TARGETS,46.67,12.67,B24,3.0,1.0,145.0,2.0,,,2.0,VISUAL
5748,186584.0,1945-02-22,15,AUSTRIA,UNIDENTIFIED TARGETS,UNIDENTIFIED TARGETS,46.67,14.33,B24,3.0,1.0,160.0,2.0,,,2.0,VISUAL
5772,186588.0,1945-02-22,15,GERMANY,UNIDENTIFIED TARGET,UNIDENTIFIED TARGETS,48.77,11.43,B17,2.0,1.0,,3.0,,,3.0,NOT INDICATED
6061,186590.0,1945-02-22,8,GERMANY,UNIDENTIFIED TARGET,UNIDENTIFIED TARGETS,53.06,8.8,B17,2.0,1.0,,3.0,,,3.0,NOT INDICATED
6062,186591.0,1945-02-22,8,GERMANY,UNIDENTIFIED TARGET,UNIDENTIFIED TARGETS,53.06,8.8,B17,2.0,2.0,,6.0,,,6.0,NOT INDICATED
5798,186592.0,1945-02-22,8,GERMANY,UNIDENTIFIED TARGET,UNIDENTIFIED TARGETS,53.06,8.8,B17,2.0,9.0,215.0,27.0,,,27.0,H2X
6063,186593.0,1945-02-22,8,GERMANY,UNIDENTIFIED TARGET,UNIDENTIFIED TARGETS,53.06,8.8,B17,2.0,1.0,,3.0,,,3.0,NOT INDICATED
6001,186594.0,1945-02-22,8,GERMANY,UNIDENTIFIED TARGET,UNIDENTIFIED TARGETS,53.06,8.8,B17,2.0,11.0,212.0,33.0,,,33.0,H2X
6064,186595.0,1945-02-22,8,GERMANY,UNIDENTIFIED TARGET,UNIDENTIFIED TARGETS,53.06,8.8,B17,2.0,5.0,,15.0,,,15.0,NOT INDICATED
5745,186605.0,1945-02-22,15,GERMANY,TOWN,CITIES TOWNS AND URBAN AREAS,46.67,14.67,B24,3.0,1.0,220.0,3.0,,,3.0,VISUAL
5763,186610.0,1945-02-22,15,AUSTRIA,MARSHALLING YARD,"""RR INSTALLATIONS,  TRACKS,  MARSHALLING YARDS,  AND STATIONS""",47.42,13.22,B24,2.0,6.0,130.0,12.0,,,12.0,VISUAL
5766,186611.0,1945-02-22,15,AUSTRIA,MARSHALLING YARDS,"""RR INSTALLATIONS,  TRACKS,  MARSHALLING YARDS,  AND STATIONS""",47.27,11.38,B17,3.0,1.0,120.0,3.0,,,3.0,VISUAL
5749,186612.0,1945-02-22,15,AUSTRIA,MARSHALLING YARDS,"""RR INSTALLATIONS,  TRACKS,  MARSHALLING YARDS,  AND STATIONS""",47.4,11.77,B24,2.0,10.0,156.0,18.0,,,18.0,VISUAL
5785,186613.0,1945-02-22,12,AUSTRIA,RR,"""RR INSTALLATIONS,  TRACKS,  MARSHALLING YARDS,  AND STATIONS""",46.63,14.3,B24,3.0,6.0,170.0,13.0,,,13.0,VISUAL
5783,186614.0,1945-02-22,12,AUSTRIA,RR,"""RR INSTALLATIONS,  TRACKS,  MARSHALLING YARDS,  AND STATIONS""",46.63,14.3,B24,3.0,7.0,218.0,15.0,,,15.0,VISUAL
5786,186615.0,1945-02-22,12,AUSTRIA,RR,"""RR INSTALLATIONS,  TRACKS,  MARSHALLING YARDS,  AND STATIONS""",46.63,14.3,B24,3.0,1.0,150.0,3.0,,,3.0,VISUAL
5787,186616.0,1945-02-22,12,AUSTRIA,RR,"""RR INSTALLATIONS,  TRACKS,  MARSHALLING YARDS,  AND STATIONS""",46.63,14.3,B24,3.0,16.0,146.0,35.0,,,35.0,VISUAL
5788,186617.0,1945-02-22,12,AUSTRIA,RR,"""RR INSTALLATIONS,  TRACKS,  MARSHALLING YARDS,  AND STATIONS""",46.63,14.3,B24,2.0,1.0,,2.0,,,2.0,VISUAL
5773,186618.0,1945-02-22,15,AUSTRIA,MARSHALLING YARDS,"""RR INSTALLATIONS,  TRACKS,  MARSHALLING YARDS,  AND STATIONS""",47.58,12.18,B24,2.0,2.0,,5.0,,,5.0,VISUAL
5784,186619.0,1945-02-22,12,AUSTRIA,MARSHALLING YARDS,"""RR INSTALLATIONS,  TRACKS,  MARSHALLING YARDS,  AND STATIONS""",48.3,14.3,B17,3.0,8.0,210.0,24.0,,,24.0,VISUAL
5789,186620.0,1945-02-22,12,AUSTRIA,MARSHALLING YARDS,"""RR INSTALLATIONS,  TRACKS,  MARSHALLING YARDS,  AND STATIONS""",48.3,14.3,B24,2.0,8.0,,15.0,,,15.0,F.F.F.
5774,186621.0,1945-02-22,15,AUSTRIA,MARSHALLING YARDS,"""RR INSTALLATIONS,  TRACKS,  MARSHALLING YARDS,  AND STATIONS""",48.3,14.3,B24,2.0,9.0,,17.0,,,17.0,F.F.F.
5759,186622.0,1945-02-22,15,AUSTRIA,MARSHALLING YARDS,"""RR INSTALLATIONS,  TRACKS,  MARSHALLING YARDS,  AND STATIONS""",47.38,13.47,B24,3.0,6.0,140.0,12.0,,,12.0,VISUAL
5775,186627.0,1945-02-22,15,AUSTRIA,MARSHALLING YARD,"""RR INSTALLATIONS,  TRACKS,  MARSHALLING YARDS,  AND STATIONS""",46.8,13.5,B24,3.0,26.0,,52.0,,,52.0,VISUAL
5777,186634.0,1945-02-22,15,AUSTRIA,RR SIDING,"""RR INSTALLATIONS,  TRACKS,  MARSHALLING YARDS,  AND STATIONS""",47.33,10.33,B24,2.0,1.0,,2.0,,,2.0,NOT INDICATED
5780,186635.0,1945-02-22,15,AUSTRIA,RR SIDING,"""RR INSTALLATIONS,  TRACKS,  MARSHALLING YARDS,  AND STATIONS""",47.33,11.67,B24,2.0,1.0,,2.0,,,2.0,NOT INDICATED
5781,186636.0,1945-02-22,15,AUSTRIA,MARSHALLING YARDS,"""RR INSTALLATIONS,  TRACKS,  MARSHALLING YARDS,  AND STATIONS""",47.0,12.67,B24,2.0,1.0,,3.0,,,3.0,VISUAL
5782,186637.0,1945-02-22,15,AUSTRIA,MARSHALLING YARDS,"""RR INSTALLATIONS,  TRACKS,  MARSHALLING YARDS,  AND STATIONS""",47.0,12.67,B24,2.0,1.0,,2.0,,,2.0,VISUAL
5754,186638.0,1945-02-22,15,AUSTRIA,MARSHALLING YARDS,"""RR INSTALLATIONS,  TRACKS,  MARSHALLING YARDS,  AND STATIONS""",47.33,12.67,B24,3.0,5.0,150.0,11.0,,,11.0,VISUAL
6010,186639.0,1945-02-22,8,GERMANY,RR LINES,"""RR INSTALLATIONS,  TRACKS,  MARSHALLING YARDS,  AND STATIONS""",48.83,10.0,B17,1.0,11.0,119.0,32.0,,,32.0,VISUAL
6032,186640.0,1945-02-22,8,GERMANY,RR LINES,"""RR INSTALLATIONS,  TRACKS,  MARSHALLING YARDS,  AND STATIONS""",48.83,10.0,B17,1.0,1.0,,3.0,,,3.0,NOT INDICATED
5760,186641.0,1945-02-22,15,GERMANY,MARSHALLING YARDS,"""RR INSTALLATIONS,  TRACKS,  MARSHALLING YARDS,  AND STATIONS""",48.02,12.55,B24,3.0,15.0,138.0,29.0,,,29.0,VISUAL
5794,186656.0,1945-02-22,8,GERMANY,MARSHALLING YARD,"""RR INSTALLATIONS,  TRACKS,  MARSHALLING YARDS,  AND STATIONS""",49.9,10.88,B17,1.0,11.0,220.0,32.0,,,32.0,H2X
5795,186657.0,1945-02-22,8,GERMANY,MARSHALLING YARD,"""RR INSTALLATIONS,  TRACKS,  MARSHALLING YARDS,  AND STATIONS""",49.9,10.88,B17,1.0,11.0,220.0,32.0,,,32.0,H2X
6039,186658.0,1945-02-22,8,GERMANY,MARSHALLING YARD,"""RR INSTALLATIONS,  TRACKS,  MARSHALLING YARDS,  AND STATIONS""",49.9,10.88,B17,1.0,4.0,,12.0,,,12.0,NOT INDICATED
6040,186659.0,1945-02-22,8,GERMANY,MARSHALLING YARD,"""RR INSTALLATIONS,  TRACKS,  MARSHALLING YARDS,  AND STATIONS""",49.9,10.88,B17,1.0,1.0,,3.0,,,3.0,NOT INDICATED
6002,186660.0,1945-02-22,8,GERMANY,MARSHALLING YARD,"""RR INSTALLATIONS,  TRACKS,  MARSHALLING YARDS,  AND STATIONS""",49.9,10.88,B17,1.0,10.0,210.0,30.0,,,30.0,H2X
6041,186661.0,1945-02-22,8,GERMANY,MARSHALLING YARD,"""RR INSTALLATIONS,  TRACKS,  MARSHALLING YARDS,  AND STATIONS""",49.9,10.88,B17,1.0,1.0,,3.0,,,3.0,NOT INDICATED
6006,186662.0,1945-02-22,8,GERMANY,MARSHALLING YARD,"""RR INSTALLATIONS,  TRACKS,  MARSHALLING YARDS,  AND STATIONS""",49.9,10.88,B17,1.0,16.0,180.0,48.0,,,48.0,H2X
6007,186663.0,1945-02-22,8,GERMANY,MARSHALLING YARD,"""RR INSTALLATIONS,  TRACKS,  MARSHALLING YARDS,  AND STATIONS""",49.9,10.88,B17,1.0,9.0,180.0,27.0,,,27.0,H2X
5761,186664.0,1945-02-22,15,GERMANY,MARSHALLING YARDS,"""RR INSTALLATIONS,  TRACKS,  MARSHALLING YARDS,  AND STATIONS""",50.57,8.42,B17,3.0,14.0,137.0,39.0,,,39.0,VISUAL
6012,186665.0,1945-02-22,8,GERMANY,MARSHALLING YARD,"""RR INSTALLATIONS,  TRACKS,  MARSHALLING YARDS,  AND STATIONS""",52.62,10.08,B24,3.0,8.0,90.0,23.0,,,23.0,VISUAL
6003,186672.0,1945-02-22,8,GERMANY,MARSHALLING YARD,"""RR INSTALLATIONS,  TRACKS,  MARSHALLING YARDS,  AND STATIONS""",50.33,8.75,B17,1.0,10.0,210.0,30.0,,,30.0,H2X
6004,186673.0,1945-02-22,8,GERMANY,MARSHALLING YARD,"""RR INSTALLATIONS,  TRACKS,  MARSHALLING YARDS,  AND STATIONS""",50.33,8.75,B17,1.0,10.0,210.0,30.0,,,30.0,H2X
6026,186674.0,1945-02-22,8,GERMANY,MARSHALLING YARD,"""RR INSTALLATIONS,  TRACKS,  MARSHALLING YARDS,  AND STATIONS""",50.88,8.77,B24,3.0,8.0,78.0,22.0,,,22.0,VISUAL
6027,186675.0,1945-02-22,8,GERMANY,MARSHALLING YARD,"""RR INSTALLATIONS,  TRACKS,  MARSHALLING YARDS,  AND STATIONS""",50.88,8.77,B24,3.0,21.0,78.0,61.0,,,61.0,VISUAL
6031,186678.0,1945-02-22,8,GERMANY,MARSHALLING YARD,"""RR INSTALLATIONS,  TRACKS,  MARSHALLING YARDS,  AND STATIONS""",51.88,11.05,B24,4.0,21.0,60.0,47.0,,,47.0,VISUAL
6030,186679.0,1945-02-22,8,GERMANY,MARSHALLING YARD,"""RR INSTALLATIONS,  TRACKS,  MARSHALLING YARDS,  AND STATIONS""",51.88,11.05,B24,4.0,30.0,70.0,67.0,,,67.0,VISUAL
6011,186680.0,1945-02-22,8,GERMANY,MARSHALLING YARD,"""RR INSTALLATIONS,  TRACKS,  MARSHALLING YARDS,  AND STATIONS""",52.15,9.97,B24,4.0,19.0,106.0,53.0,,,53.0,VISUAL
6013,186681.0,1945-02-22,8,GERMANY,MARSHALLING YARD,"""RR INSTALLATIONS,  TRACKS,  MARSHALLING YARDS,  AND STATIONS""",52.15,9.97,B24,4.0,37.0,90.0,100.0,,,100.0,VISUAL
6052,186682.0,1945-02-22,8,GERMANY,MARSHALLING YARD,"""RR INSTALLATIONS,  TRACKS,  MARSHALLING YARDS,  AND STATIONS""",52.15,9.97,B24,1.0,1.0,,3.0,,,3.0,NOT INDICATED
5750,186684.0,1945-02-22,15,GERMANY,MARSHALLING YARDS,"""RR INSTALLATIONS,  TRACKS,  MARSHALLING YARDS,  AND STATIONS""",47.57,10.22,B17,4.0,5.0,153.0,15.0,,,15.0,NOT INDICATED
5762,186685.0,1945-02-22,15,GERMANY,MARSHALLING YARDS,"""RR INSTALLATIONS,  TRACKS,  MARSHALLING YARDS,  AND STATIONS""",47.57,10.22,B17,4.0,9.0,132.0,26.0,,,26.0,VISUAL
5758,186686.0,1945-02-22,15,GERMANY,MARSHALLING YARDS,"""RR INSTALLATIONS,  TRACKS,  MARSHALLING YARDS,  AND STATIONS""",47.57,10.22,B17,3.0,6.0,140.0,18.0,,,18.0,VISUAL
5768,186687.0,1945-02-22,15,GERMANY,MARSHALLING YARDS,"""RR INSTALLATIONS,  TRACKS,  MARSHALLING YARDS,  AND STATIONS""",48.12,10.13,B17,3.0,2.0,95.0,6.0,,,6.0,VISUAL
5765,186688.0,1945-02-22,15,GERMANY,MARSHALLING YARDS,"""RR INSTALLATIONS,  TRACKS,  MARSHALLING YARDS,  AND STATIONS""",47.72,10.3,B17,4.0,23.0,130.0,65.0,,,65.0,VISUAL
5764,186689.0,1945-02-22,15,GERMANY,MARSHALLING YARDS,"""RR INSTALLATIONS,  TRACKS,  MARSHALLING YARDS,  AND STATIONS""",47.72,10.3,B24,2.0,27.0,130.0,48.0,,,48.0,VISUAL
6005,186697.0,1945-02-22,8,GERMANY,LOCOMOTIVE,"""RR INSTALLATIONS,  TRACKS,  MARSHALLING YARDS,  AND STATIONS""",48.45,12.17,B17,4.0,6.0,210.0,18.0,,,18.0,F.F.F.
5767,186719.0,1945-02-22,15,GERMANY,MARSHALLING YARD,"""RR INSTALLATIONS,  TRACKS,  MARSHALLING YARDS,  AND STATIONS""",48.78,12.88,B24,3.0,15.0,102.0,33.0,,,33.0,F.F.F.
5776,186768.0,1945-02-22,15,GERMANY,MARSHALLING YARDS,"""RR INSTALLATIONS,  TRACKS,  MARSHALLING YARDS,  AND STATIONS""",47.67,10.33,B17,2.0,7.0,,21.0,,,21.0,F.F.F.
5778,186769.0,1945-02-22,15,GERMANY,MARSHALLING YARDS,"""RR INSTALLATIONS,  TRACKS,  MARSHALLING YARDS,  AND STATIONS""",47.33,17.0,B24,2.0,1.0,,2.0,,,2.0,NOT INDICATED
5779,186770.0,1945-02-22,15,GERMANY,RR SIDING,"""RR INSTALLATIONS,  TRACKS,  MARSHALLING YARDS,  AND STATIONS""",48.33,10.33,B24,2.0,1.0,,2.0,,,2.0,NOT INDICATED
6009,216819.0,1945-02-22,8,GERMANY,RR BRIDGE,BRIDGES,51.77,7.88,B26,,,120.0,12.0,,,12.0,VISUAL
6034,216820.0,1945-02-22,8,GERMANY,MARSHALLING YARD,"""RR INSTALLATIONS,  TRACKS,  MARSHALLING YARDS,  AND STATIONS""",49.5,7.92,A20,,,,17.0,,,17.0,VISUAL
5791,216821.0,1945-02-22,8,GERMANY,BRIDGE,BRIDGES,50.77,9.27,B26,,,80.0,6.0,,,6.0,VISUAL
6036,216822.0,1945-02-22,8,GERMANY,STATION,"""RR INSTALLATIONS,  TRACKS,  MARSHALLING YARDS,  AND STATIONS""",50.77,9.27,B26,,,,10.0,,,10.0,VISUAL
6015,216823.0,1945-02-22,8,GERMANY,STATION,"""RR INSTALLATIONS,  TRACKS,  MARSHALLING YARDS,  AND STATIONS""",50.77,9.27,B26,,,80.0,10.0,,,10.0,VISUAL
6038,216824.0,1945-02-22,8,GERMANY,BRIDGE,BRIDGES,51.82,12.2,B26,,,,2.0,,,2.0,VISUAL
6025,216825.0,1945-02-22,8,GERMANY,RR,"""RR INSTALLATIONS,  TRACKS,  MARSHALLING YARDS,  AND STATIONS""",51.77,8.92,B26,,,79.0,22.0,,,22.0,VISUAL
6017,216826.0,1945-02-22,8,GERMANY,RR,"""RR INSTALLATIONS,  TRACKS,  MARSHALLING YARDS,  AND STATIONS""",51.77,8.92,B26,,,80.0,15.0,,,15.0,VISUAL
6019,216827.0,1945-02-22,8,GERMANY,BRIDGE,BRIDGES,51.12,8.1,B26,,,80.0,20.0,,,20.0,VISUAL
6021,216832.0,1945-02-22,8,GERMANY,MARSHALLING YARD,"""RR INSTALLATIONS,  TRACKS,  MARSHALLING YARDS,  AND STATIONS""",50.43,8.67,B26,,,80.0,12.0,,,12.0,VISUAL
6029,216834.0,1945-02-22,8,GERMANY,MARSHALLING YARD,"""RR INSTALLATIONS,  TRACKS,  MARSHALLING YARDS,  AND STATIONS""",50.33,8.75,B26,,,75.0,10.0,,,10.0,VISUAL
6047,216835.0,1945-02-22,8,GERMANY,MARSHALLING YARD,"""RR INSTALLATIONS,  TRACKS,  MARSHALLING YARDS,  AND STATIONS""",50.33,8.75,B26,,,,24.0,,,24.0,VISUAL
6050,216838.0,1945-02-22,8,GERMANY,MARSHALLING YARD,"""RR INSTALLATIONS,  TRACKS,  MARSHALLING YARDS,  AND STATIONS""",51.63,8.5,B26,,,,8.0,,,8.0,VISUAL
6051,216839.0,1945-02-22,8,GERMANY,MARSHALLING YARD,"""RR INSTALLATIONS,  TRACKS,  MARSHALLING YARDS,  AND STATIONS""",51.63,8.5,B26,,,,8.0,,,8.0,VISUAL
6023,216886.0,1945-02-22,8,LUXEMBOURG,RR INSTALLATIONS,"""RR INSTALLATIONS,  TRACKS,  MARSHALLING YARDS,  AND STATIONS""",50.03,6.07,B26,,,80.0,24.0,,,24.0,VISUAL
7537,117228.0,1945-02-23,8,GERMANY,RR BRIDGES,"""RR INSTALLATIONS,  TRACKS,  MARSHALLING YARDS,  AND STATIONS""",51.1,6.81,B26,,,,26.0,,,26.0,VISUAL
7294,117263.0,1945-02-23,15,AUSTRIA,CITY AREA,CITIES TOWNS AND URBAN AREAS,47.35,16.17,B24,3.0,18.0,205.0,45.0,,,45.0,F.F.F.
7507,117267.0,1945-02-23,8,GERMANY,UNIDENTIFIED,UNIDENTIFIED TARGETS,50.93,11.58,B24,1.0,1.0,230.0,3.0,,,3.0,H2X
7515,117268.0,1945-02-23,8,GERMANY,UNIDENTIFIED,UNIDENTIFIED TARGETS,50.93,11.58,B24,1.0,25.0,215.0,60.0,,,60.0,H2X
7539,117271.0,1945-02-23,8,GERMANY,UNIDENTIFIED TARGET,UNIDENTIFIED TARGETS,49.45,11.08,B17,2.0,1.0,,3.0,,,3.0,NOT INDICATED
7508,186785.0,1945-02-23,8,GERMANY,UNIDENTIFIED,UNIDENTIFIED TARGETS,50.93,11.58,B24,1.0,1.0,230.0,3.0,,,3.0,H2X
7516,186786.0,1945-02-23,8,GERMANY,UNIDENTIFIED,UNIDENTIFIED TARGETS,50.93,11.58,B24,1.0,25.0,215.0,60.0,,,60.0,H2X
7540,186789.0,1945-02-23,8,GERMANY,UNIDENTIFIED TARGET,UNIDENTIFIED TARGETS,49.45,11.08,B17,2.0,1.0,,3.0,,,3.0,NOT INDICATED
7295,186797.0,1945-02-23,15,AUSTRIA,CITY AREA,CITIES TOWNS AND URBAN AREAS,47.35,16.17,B24,3.0,18.0,205.0,45.0,,,45.0,F.F.F.
7506,186819.0,1945-02-23,8,GERMANY,UNIDENTIFIED,UNIDENTIFIED TARGETS,50.93,11.58,B24,1.0,1.0,230.0,3.0,,,3.0,H2X
7514,186820.0,1945-02-23,8,GERMANY,UNIDENTIFIED,UNIDENTIFIED TARGETS,50.93,11.58,B24,1.0,25.0,215.0,60.0,,,60.0,H2X
7541,186822.0,1945-02-23,8,GERMANY,UNIDENTIFIED TARGET,UNIDENTIFIED TARGETS,49.45,11.08,B17,2.0,1.0,,3.0,,,3.0,NOT INDICATED
7297,186835.0,1945-02-23,15,AUSTRIA,MARSHALLING YARD,"""RR INSTALLATIONS,  TRACKS,  MARSHALLING YARDS,  AND STATIONS""",47.35,16.17,B17,3.0,28.0,185.0,83.0,,,83.0,F.F.F.
7300,186836.0,1945-02-23,15,AUSTRIA,MARSHALLING YARDS,"""RR INSTALLATIONS,  TRACKS,  MARSHALLING YARDS,  AND STATIONS""",46.95,14.53,B24,2.0,1.0,170.0,3.0,,,3.0,VISUAL
7293,186837.0,1945-02-23,15,AUSTRIA,RR JUNCTION,"""RR INSTALLATIONS,  TRACKS,  MARSHALLING YARDS,  AND STATIONS""",47.45,12.38,B17,2.0,7.0,234.0,21.0,,,21.0,VISUAL
7503,186838.0,1945-02-23,12,AUSTRIA,RR,"""RR INSTALLATIONS,  TRACKS,  MARSHALLING YARDS,  AND STATIONS""",46.63,14.3,B24,3.0,26.0,190.0,62.0,,,62.0,NOT INDICATED
7502,186839.0,1945-02-23,12,AUSTRIA,RR,"""RR INSTALLATIONS,  TRACKS,  MARSHALLING YARDS,  AND STATIONS""",46.63,14.3,B24,2.0,25.0,194.0,62.0,,,62.0,VISUAL
7298,186840.0,1945-02-23,15,AUSTRIA,MARSHALLING YARDS,"""RR INSTALLATIONS,  TRACKS,  MARSHALLING YARDS,  AND STATIONS""",47.22,14.82,B24,4.0,26.0,182.0,49.0,,,49.0,VISUAL
7299,186841.0,1945-02-23,15,AUSTRIA,MARSHALLING YARDS,"""RR INSTALLATIONS,  TRACKS,  MARSHALLING YARDS,  AND STATIONS""",47.22,14.82,B24,3.0,27.0,175.0,53.0,,,53.0,VISUAL
7501,186842.0,1945-02-23,15,AUSTRIA,MARSHALLING YARDS,"""RR INSTALLATIONS,  TRACKS,  MARSHALLING YARDS,  AND STATIONS""",47.22,14.82,B24,3.0,26.0,170.0,63.0,,,63.0,VISUAL
7296,186843.0,1945-02-23,15,AUSTRIA,MARSHALLING YARDS,"""RR INSTALLATIONS,  TRACKS,  MARSHALLING YARDS,  AND STATIONS""",47.22,14.82,B24,3.0,21.0,200.0,45.0,,,45.0,NOT INDICATED
7533,186856.0,1945-02-23,8,GERMANY,MARSHALLING YARD,"""RR INSTALLATIONS,  TRACKS,  MARSHALLING YARDS,  AND STATIONS""",49.15,10.12,B17,4.0,37.0,130.0,108.0,,,108.0,VISUAL
7527,186857.0,1945-02-23,8,GERMANY,MARSHALLING YARD,"""RR INSTALLATIONS,  TRACKS,  MARSHALLING YARDS,  AND STATIONS""",49.15,10.12,B17,3.0,13.0,135.0,39.0,,,39.0,VISUAL
7534,186858.0,1945-02-23,8,GERMANY,MARSHALLING YARD,"""RR INSTALLATIONS,  TRACKS,  MARSHALLING YARDS,  AND STATIONS""",49.15,10.12,B17,3.0,13.0,128.0,39.0,,,39.0,VISUAL
7524,186859.0,1945-02-23,8,GERMANY,MARSHALLING YARD,"""RR INSTALLATIONS,  TRACKS,  MARSHALLING YARDS,  AND STATIONS""",49.15,10.12,B17,3.0,1.0,137.0,3.0,,,3.0,VISUAL
7535,186860.0,1945-02-23,8,GERMANY,MARSHALLING YARD,"""RR INSTALLATIONS,  TRACKS,  MARSHALLING YARDS,  AND STATIONS""",49.15,10.12,B17,2.0,1.0,,3.0,,,3.0,NOT INDICATED
7536,186861.0,1945-02-23,8,GERMANY,MARSHALLING YARD,"""RR INSTALLATIONS,  TRACKS,  MARSHALLING YARDS,  AND STATIONS""",49.15,10.12,B17,2.0,1.0,,3.0,,,3.0,NOT INDICATED
7521,186865.0,1945-02-23,8,GERMANY,MARSHALLING YARD,"""RR INSTALLATIONS,  TRACKS,  MARSHALLING YARDS,  AND STATIONS""",50.55,9.67,B24,4.0,10.0,180.0,24.0,,,24.0,H2X
7517,186866.0,1945-02-23,8,GERMANY,MARSHALLING YARD,"""RR INSTALLATIONS,  TRACKS,  MARSHALLING YARDS,  AND STATIONS""",50.88,12.1,B24,1.0,19.0,203.0,45.0,,,45.0,H2X
7518,186867.0,1945-02-23,8,GERMANY,MARSHALLING YARD,"""RR INSTALLATIONS,  TRACKS,  MARSHALLING YARDS,  AND STATIONS""",50.88,12.1,B24,1.0,27.0,195.0,62.0,,,62.0,H2X
7530,186888.0,1945-02-23,8,GERMANY,MARSHALLING YARD,"""RR INSTALLATIONS,  TRACKS,  MARSHALLING YARDS,  AND STATIONS""",50.48,12.13,B17,3.0,12.0,134.0,36.0,,,36.0,H2X
7531,186889.0,1945-02-23,8,GERMANY,MARSHALLING YARD,"""RR INSTALLATIONS,  TRACKS,  MARSHALLING YARDS,  AND STATIONS""",50.48,12.13,B17,3.0,13.0,134.0,39.0,,,39.0,H2X
7523,186890.0,1945-02-23,8,GERMANY,MARSHALLING YARD,"""RR INSTALLATIONS,  TRACKS,  MARSHALLING YARDS,  AND STATIONS""",50.48,12.13,B17,3.0,12.0,139.0,36.0,,,36.0,H2X
7528,186891.0,1945-02-23,8,GERMANY,MARSHALLING YARD,"""RR INSTALLATIONS,  TRACKS,  MARSHALLING YARDS,  AND STATIONS""",50.48,12.13,B17,3.0,12.0,135.0,35.0,,,35.0,H2X
7529,186892.0,1945-02-23,8,GERMANY,MARSHALLING YARD,"""RR INSTALLATIONS,  TRACKS,  MARSHALLING YARDS,  AND STATIONS""",50.48,12.13,B17,3.0,13.0,135.0,39.0,,,39.0,H2X
7525,186893.0,1945-02-23,8,GERMANY,MARSHALLING YARD,"""RR INSTALLATIONS,  TRACKS,  MARSHALLING YARDS,  AND STATIONS""",50.48,12.13,B17,3.0,11.0,137.0,33.0,,,33.0,H2X
7526,186894.0,1945-02-23,8,GERMANY,MARSHALLING YARD,"""RR INSTALLATIONS,  TRACKS,  MARSHALLING YARDS,  AND STATIONS""",50.48,12.13,B17,3.0,12.0,137.0,36.0,,,36.0,H2X
7532,186895.0,1945-02-23,8,GERMANY,MARSHALLING YARD,"""RR INSTALLATIONS,  TRACKS,  MARSHALLING YARDS,  AND STATIONS""",50.48,12.13,B17,3.0,12.0,133.0,36.0,,,36.0,H2X
7522,186896.0,1945-02-23,8,GERMANY,MARSHALLING YARD,"""RR INSTALLATIONS,  TRACKS,  MARSHALLING YARDS,  AND STATIONS""",50.48,12.13,B17,3.0,11.0,142.0,33.0,,,33.0,H2X
7519,186909.0,1945-02-23,8,GERMANY,MARSHALLING YARD,"""RR INSTALLATIONS,  TRACKS,  MARSHALLING YARDS,  AND STATIONS""",51.37,9.4,B24,4.0,30.0,188.0,73.0,,,73.0,H2X
7520,186910.0,1945-02-23,8,GERMANY,MARSHALLING YARD,"""RR INSTALLATIONS,  TRACKS,  MARSHALLING YARDS,  AND STATIONS""",51.37,9.4,B24,4.0,27.0,185.0,63.0,,,63.0,H2X
7538,216921.0,1945-02-23,8,GERMANY,RR BRIDGES,"""RR INSTALLATIONS,  TRACKS,  MARSHALLING YARDS,  AND STATIONS""",51.1,6.81,B26,,,,26.0,,,26.0,VISUAL
8481,117312.0,1945-02-24,8,GERMANY,BRIDGE,BRIDGES,51.2,6.85,B26,,,,7.0,,,7.0,VISUAL
8474,117362.0,1945-02-24,8,GERMANY,CITY AREA,CITIES TOWNS AND URBAN AREAS,50.65,6.55,B26,,,13.0,1.0,,,1.0,VISUAL
8475,117363.0,1945-02-24,8,GERMANY,CITY AREA,CITIES TOWNS AND URBAN AREAS,50.65,6.55,B26,,,13.0,64.0,,,64.0,VISUAL
8476,186954.0,1945-02-24,8,GERMANY,CITY AREA,CITIES TOWNS AND URBAN AREAS,50.65,6.55,B26,,,13.0,1.0,,,1.0,VISUAL
8477,186955.0,1945-02-24,8,GERMANY,CITY AREA,CITIES TOWNS AND URBAN AREAS,50.65,6.55,B26,,,13.0,64.0,,,64.0,VISUAL
8472,186974.0,1945-02-24,8,GERMANY,CITY AREA,CITIES TOWNS AND URBAN AREAS,50.65,6.55,B26,,,130.0,1.0,,,1.0,VISUAL
8473,186975.0,1945-02-24,8,GERMANY,CITY AREA,CITIES TOWNS AND URBAN AREAS,50.65,6.55,B26,,,130.0,64.0,,,64.0,VISUAL
8464,187029.0,1945-02-24,15,AUSTRIA,RR,"""RR INSTALLATIONS,  TRACKS,  MARSHALLING YARDS,  AND STATIONS""",46.73,14.05,B17,2.0,1.0,,3.0,,,3.0,VISUAL
8463,187030.0,1945-02-24,15,AUSTRIA,RR,"""RR INSTALLATIONS,  TRACKS,  MARSHALLING YARDS,  AND STATIONS""",46.73,14.05,B24,2.0,4.0,,8.0,,,8.0,VISUAL
8466,187034.0,1945-02-24,12,AUSTRIA,RR,"""RR INSTALLATIONS,  TRACKS,  MARSHALLING YARDS,  AND STATIONS""",46.63,14.3,B17,2.0,26.0,225.0,73.0,,,73.0,VISUAL
8465,187035.0,1945-02-24,12,AUSTRIA,RR,"""RR INSTALLATIONS,  TRACKS,  MARSHALLING YARDS,  AND STATIONS""",46.63,14.3,B17,2.0,20.0,260.0,60.0,,,60.0,VISUAL
8467,187036.0,1945-02-24,12,AUSTRIA,RR,"""RR INSTALLATIONS,  TRACKS,  MARSHALLING YARDS,  AND STATIONS""",46.63,14.3,B24,2.0,16.0,220.0,32.0,,,32.0,VISUAL
8470,187037.0,1945-02-24,8,GERMANY,MARSHALLING YARD,"""RR INSTALLATIONS,  TRACKS,  MARSHALLING YARDS,  AND STATIONS""",52.03,8.53,B24,3.0,25.0,223.0,69.0,,,69.0,H2X
8478,187038.0,1945-02-24,8,GERMANY,MARSHALLING YARD,"""RR INSTALLATIONS,  TRACKS,  MARSHALLING YARDS,  AND STATIONS""",52.03,8.53,B24,3.0,,,20.0,,,20.0,NOT INDICATED
8469,187039.0,1945-02-24,8,GERMANY,MARSHALLING YARD,"""RR INSTALLATIONS,  TRACKS,  MARSHALLING YARDS,  AND STATIONS""",52.03,8.53,B24,3.0,22.0,225.0,33.0,7.0,,40.0,H2X
8479,187040.0,1945-02-24,8,GERMANY,MARSHALLING YARD,"""RR INSTALLATIONS,  TRACKS,  MARSHALLING YARDS,  AND STATIONS""",52.03,8.53,B24,3.0,,,20.0,,,20.0,NOT INDICATED
8468,187041.0,1945-02-24,8,GERMANY,MARSHALLING YARD,"""RR INSTALLATIONS,  TRACKS,  MARSHALLING YARDS,  AND STATIONS""",52.03,8.53,B24,3.0,18.0,230.0,22.0,4.0,,26.0,VISUAL
8471,187042.0,1945-02-24,8,GERMANY,MARSHALLING YARD,"""RR INSTALLATIONS,  TRACKS,  MARSHALLING YARDS,  AND STATIONS""",52.03,8.53,B24,1.0,11.0,222.0,26.0,5.0,,31.0,H2X
8482,216952.0,1945-02-24,8,GERMANY,BRIDGE,BRIDGES,51.2,6.85,B26,,,,7.0,,,7.0,VISUAL
9663,117379.0,1945-02-25,15,AUSTRIA,UNIDENTIFIED TARGET,UNIDENTIFIED TARGETS,48.3,14.3,B24,4.0,25.0,251.0,49.0,,,49.0,VISUAL
9672,117380.0,1945-02-25,15,AUSTRIA,UNIDENTIFIED TARGET,UNIDENTIFIED TARGETS,48.3,14.3,B24,4.0,26.0,223.0,52.0,,,52.0,F.F.F.
9675,117381.0,1945-02-25,15,GERMANY,FACTORY,MANUFACTURING INSTALLATIONS (NOT SPECIFICALLY IDENTIFIED BELOW FROM CLASS 11 THROUGH 59),48.23,12.53,B24,2.0,1.0,,2.0,,,2.0,VISUAL
9667,117382.0,1945-02-25,15,AUSTRIA,H GOERING BENZOL PLANT,OIL REFINERIES,48.3,14.3,B24,4.0,1.0,240.0,2.0,,,2.0,NOT INDICATED
9670,117383.0,1945-02-25,15,AUSTRIA,H GOERING BENZOL PLANT,OIL REFINERIES,48.3,14.3,B24,4.0,26.0,233.0,52.0,,,52.0,F.F.F.
9934,117388.0,1945-02-25,8,GERMANY,BRIDGE,BRIDGES,50.53,7.1,B26,,,,50.0,,,50.0,VISUAL
9938,117389.0,1945-02-25,8,GERMANY,RR BRIDGE,BRIDGES,50.83,8.78,B26,,,,50.0,,,50.0,VISUAL
9940,117390.0,1945-02-25,8,GERMANY,RR BRIDGE,BRIDGES,50.88,8.77,B26,,,,60.0,,,60.0,VISUAL
9697,117407.0,1945-02-25,12,GERMANY,TUNNEL,TUNNELS,49.33,8.0,B25,4.0,,,3.0,,,3.0,NOT INDICATED
9694,117408.0,1945-02-25,12,GERMANY,TUNNEL,TUNNELS,49.33,8.0,B25,4.0,12.0,115.0,21.0,,,21.0,NOT INDICATED
9931,117456.0,1945-02-25,8,GERMANY,CITY AREA,CITIES TOWNS AND URBAN AREAS,47.88,10.62,B17,2.0,11.0,220.0,17.0,17.0,,34.0,VISUAL
9674,187070.0,1945-02-25,15,AUSTRIA,UNIDENTIFIED TARGET,UNIDENTIFIED TARGETS,48.3,14.3,B24,4.0,26.0,223.0,52.0,,,52.0,F.F.F.
9664,187071.0,1945-02-25,15,AUSTRIA,UNIDENTIFIED TARGET,UNIDENTIFIED TARGETS,48.3,14.3,B24,4.0,25.0,251.0,49.0,,,49.0,VISUAL
9932,187078.0,1945-02-25,8,GERMANY,CITY AREA,CITIES TOWNS AND URBAN AREAS,47.88,10.62,B17,2.0,11.0,220.0,17.0,17.0,,34.0,VISUAL
9933,187086.0,1945-02-25,8,GERMANY,CITY AREA,CITIES TOWNS AND URBAN AREAS,47.88,10.62,B17,2.0,11.0,220.0,17.0,17.0,,34.0,VISUAL
9669,187087.0,1945-02-25,15,GERMANY,FACTORY,MANUFACTURING INSTALLATIONS (NOT SPECIFICALLY IDENTIFIED BELOW FROM CLASS 11 THROUGH 59),48.23,12.53,B24,2.0,1.0,236.0,2.0,,,2.0,VISUAL
9676,187088.0,1945-02-25,15,GERMANY,FACTORY,MANUFACTURING INSTALLATIONS (NOT SPECIFICALLY IDENTIFIED BELOW FROM CLASS 11 THROUGH 59),48.23,12.53,B24,2.0,1.0,,2.0,,,2.0,VISUAL
9673,187089.0,1945-02-25,15,AUSTRIA,UNIDENTIFIED TARGET,UNIDENTIFIED TARGETS,48.3,14.3,B24,4.0,26.0,223.0,52.0,,,52.0,F.F.F.
9668,187113.0,1945-02-25,15,AUSTRIA,H GOERING BENZOL PLANT,OIL REFINERIES,48.3,14.3,B24,4.0,1.0,240.0,2.0,,,2.0,NOT INDICATED
9671,187114.0,1945-02-25,15,AUSTRIA,H GOERING BENZOL PLANT,OIL REFINERIES,48.3,14.3,B24,4.0,26.0,233.0,52.0,,,52.0,F.F.F.
9696,187119.0,1945-02-25,12,AUSTRIA,RR,"""RR INSTALLATIONS,  TRACKS,  MARSHALLING YARDS,  AND STATIONS""",46.63,14.3,B24,2.0,1.0,,2.0,,,2.0,NOT INDICATED
9679,187120.0,1945-02-25,12,AUSTRIA,MARSHALLING YARDS,"""RR INSTALLATIONS,  TRACKS,  MARSHALLING YARDS,  AND STATIONS""",48.3,14.3,B17,4.0,26.0,250.0,78.0,,,78.0,VISUAL
9693,187121.0,1945-02-25,12,AUSTRIA,MARSHALLING YARDS,"""RR INSTALLATIONS,  TRACKS,  MARSHALLING YARDS,  AND STATIONS""",48.3,14.3,B17,4.0,22.0,220.0,63.0,,,63.0,VISUAL
9681,187122.0,1945-02-25,12,AUSTRIA,MARSHALLING YARDS,"""RR INSTALLATIONS,  TRACKS,  MARSHALLING YARDS,  AND STATIONS""",48.3,14.3,B24,4.0,25.0,245.0,49.0,,,49.0,F.F.F.
9688,187123.0,1945-02-25,12,AUSTRIA,MARSHALLING YARDS,"""RR INSTALLATIONS,  TRACKS,  MARSHALLING YARDS,  AND STATIONS""",48.3,14.3,B24,4.0,25.0,230.0,45.0,,,45.0,F.F.F.
9689,187124.0,1945-02-25,12,AUSTRIA,MARSHALLING YARDS,"""RR INSTALLATIONS,  TRACKS,  MARSHALLING YARDS,  AND STATIONS""",48.3,14.3,B24,4.0,26.0,230.0,43.0,,,43.0,VISUAL
9685,187125.0,1945-02-25,12,AUSTRIA,MARSHALLING YARDS,"""RR INSTALLATIONS,  TRACKS,  MARSHALLING YARDS,  AND STATIONS""",48.3,14.3,B24,4.0,28.0,240.0,53.0,,,53.0,VISUAL
9686,187126.0,1945-02-25,12,AUSTRIA,MARSHALLING YARDS,"""RR INSTALLATIONS,  TRACKS,  MARSHALLING YARDS,  AND STATIONS""",48.3,14.3,B24,4.0,27.0,240.0,77.0,,,77.0,VISUAL
9678,187127.0,1945-02-25,12,AUSTRIA,MARSHALLING YARDS,"""RR INSTALLATIONS,  TRACKS,  MARSHALLING YARDS,  AND STATIONS""",48.3,14.3,B24,4.0,23.0,262.0,35.0,,,35.0,NOT INDICATED
9691,187128.0,1945-02-25,12,AUSTRIA,MARSHALLING YARDS,"""RR INSTALLATIONS,  TRACKS,  MARSHALLING YARDS,  AND STATIONS""",48.3,14.3,B17,4.0,28.0,225.0,78.0,,,78.0,NOT INDICATED
9684,187129.0,1945-02-25,12,AUSTRIA,MARSHALLING YARDS,"""RR INSTALLATIONS,  TRACKS,  MARSHALLING YARDS,  AND STATIONS""",48.3,14.3,B17,4.0,7.0,242.0,20.0,,,20.0,VISUAL
9683,187130.0,1945-02-25,12,AUSTRIA,MARSHALLING YARDS,"""RR INSTALLATIONS,  TRACKS,  MARSHALLING YARDS,  AND STATIONS""",48.3,14.3,B17,4.0,28.0,245.0,82.0,,,82.0,VISUAL
9690,187131.0,1945-02-25,12,AUSTRIA,MARSHALLING YARDS,"""RR INSTALLATIONS,  TRACKS,  MARSHALLING YARDS,  AND STATIONS""",48.3,14.3,B24,4.0,24.0,230.0,46.0,,,46.0,F.F.F.
9680,187132.0,1945-02-25,12,AUSTRIA,MARSHALLING YARDS,"""RR INSTALLATIONS,  TRACKS,  MARSHALLING YARDS,  AND STATIONS""",48.3,14.3,B24,4.0,24.0,247.0,45.0,,,45.0,VISUAL
9687,187133.0,1945-02-25,12,AUSTRIA,MARSHALLING YARDS,"""RR INSTALLATIONS,  TRACKS,  MARSHALLING YARDS,  AND STATIONS""",48.3,14.3,B24,4.0,28.0,235.0,53.0,,,53.0,VISUAL
9682,187134.0,1945-02-25,12,AUSTRIA,MARSHALLING YARDS,"""RR INSTALLATIONS,  TRACKS,  MARSHALLING YARDS,  AND STATIONS""",48.3,14.3,B24,4.0,26.0,245.0,42.0,,,42.0,F.F.F.
9692,187135.0,1945-02-25,12,AUSTRIA,MARSHALLING YARDS,"""RR INSTALLATIONS,  TRACKS,  MARSHALLING YARDS,  AND STATIONS""",48.3,14.3,B24,3.0,27.0,220.0,49.0,,,49.0,VISUAL
9677,187136.0,1945-02-25,15,AUSTRIA,MARSHALLING YARUS,"""RR INSTALLATIONS,  TRACKS,  MARSHALLING YARDS,  AND STATIONS""",47.78,13.03,B24,3.0,26.0,,51.0,,,51.0,NOT INDICATED
9936,187143.0,1945-02-25,8,GERMANY,MARSHALLING YARD,"""RR INSTALLATIONS,  TRACKS,  MARSHALLING YARDS,  AND STATIONS""",50.0,9.17,B24,4.0,,,2.0,,,2.0,NOT INDICATED
9929,187144.0,1945-02-25,8,GERMANY,MARSHALLING YARD,"""RR INSTALLATIONS,  TRACKS,  MARSHALLING YARDS,  AND STATIONS""",50.0,9.17,B24,4.0,34.0,220.0,46.0,30.0,,76.0,VISUAL
9928,187145.0,1945-02-25,8,GERMANY,MARSHALLING YARD,"""RR INSTALLATIONS,  TRACKS,  MARSHALLING YARDS,  AND STATIONS""",50.0,9.17,B24,4.0,19.0,221.0,44.0,,,44.0,VISUAL
9937,187146.0,1945-02-25,8,GERMANY,MARSHALLING YARD,"""RR INSTALLATIONS,  TRACKS,  MARSHALLING YARDS,  AND STATIONS""",50.0,9.17,B24,4.0,,,1.0,,,1.0,NOT INDICATED
9930,187147.0,1945-02-25,8,GERMANY,MARSHALLING YARD,"""RR INSTALLATIONS,  TRACKS,  MARSHALLING YARDS,  AND STATIONS""",50.0,9.17,B24,4.0,31.0,220.0,43.0,29.0,,72.0,VISUAL
9665,187148.0,1945-02-25,15,GERMANY,MARSHALLING YARD,"""RR INSTALLATIONS,  TRACKS,  MARSHALLING YARDS,  AND STATIONS""",48.37,10.88,B17,4.0,23.0,250.0,35.0,35.0,,70.0,VISUAL
9666,187149.0,1945-02-25,15,GERMANY,MARSHALLING YARD,"""RR INSTALLATIONS,  TRACKS,  MARSHALLING YARDS,  AND STATIONS""",48.37,10.88,B17,2.0,12.0,250.0,18.0,18.0,,36.0,VISUAL
9922,187152.0,1945-02-25,8,GERMANY,MARSHALLING YARD,"""RR INSTALLATIONS,  TRACKS,  MARSHALLING YARDS,  AND STATIONS""",48.13,11.58,B17,4.0,12.0,240.0,18.0,18.0,,36.0,VISUAL
9924,187153.0,1945-02-25,8,GERMANY,MARSHALLING YARD,"""RR INSTALLATIONS,  TRACKS,  MARSHALLING YARDS,  AND STATIONS""",48.13,11.58,B17,4.0,12.0,235.0,18.0,18.0,,36.0,VISUAL
9909,187154.0,1945-02-25,8,GERMANY,MARSHALLING YARD,"""RR INSTALLATIONS,  TRACKS,  MARSHALLING YARDS,  AND STATIONS""",48.13,11.58,B17,4.0,12.0,250.0,18.0,18.0,,36.0,VISUAL
9920,187155.0,1945-02-25,8,GERMANY,MARSHALLING YARD,"""RR INSTALLATIONS,  TRACKS,  MARSHALLING YARDS,  AND STATIONS""",48.13,11.58,B17,4.0,39.0,243.0,56.0,58.0,,114.0,VISUAL
9906,187156.0,1945-02-25,8,GERMANY,MARSHALLING YARD,"""RR INSTALLATIONS,  TRACKS,  MARSHALLING YARDS,  AND STATIONS""",48.13,11.58,B17,4.0,34.0,255.0,51.0,46.0,,97.0,VISUAL
9910,187157.0,1945-02-25,8,GERMANY,MARSHALLING YARD,"""RR INSTALLATIONS,  TRACKS,  MARSHALLING YARDS,  AND STATIONS""",48.13,11.58,B17,4.0,12.0,250.0,18.0,18.0,,36.0,VISUAL
9921,187158.0,1945-02-25,8,GERMANY,MARSHALLING YARD,"""RR INSTALLATIONS,  TRACKS,  MARSHALLING YARDS,  AND STATIONS""",48.13,11.58,B17,4.0,12.0,243.0,18.0,18.0,,36.0,VISUAL
9907,187159.0,1945-02-25,8,GERMANY,MARSHALLING YARD,"""RR INSTALLATIONS,  TRACKS,  MARSHALLING YARDS,  AND STATIONS""",48.13,11.58,B17,4.0,12.0,255.0,18.0,18.0,,36.0,VISUAL
9911,187160.0,1945-02-25,8,GERMANY,MARSHALLING YARD,"""RR INSTALLATIONS,  TRACKS,  MARSHALLING YARDS,  AND STATIONS""",48.13,11.58,B17,4.0,11.0,250.0,16.0,17.0,,33.0,VISUAL
9919,187161.0,1945-02-25,8,GERMANY,MARSHALLING YARD,"""RR INSTALLATIONS,  TRACKS,  MARSHALLING YARDS,  AND STATIONS""",48.13,11.58,B17,4.0,12.0,244.0,18.0,18.0,,36.0,VISUAL
9905,187162.0,1945-02-25,8,GERMANY,MARSHALLING YARD,"""RR INSTALLATIONS,  TRACKS,  MARSHALLING YARDS,  AND STATIONS""",48.13,11.58,B17,4.0,10.0,256.0,15.0,15.0,,30.0,VISUAL
9925,187163.0,1945-02-25,8,GERMANY,MARSHALLING YARD,"""RR INSTALLATIONS,  TRACKS,  MARSHALLING YARDS,  AND STATIONS""",48.13,11.58,B17,4.0,12.0,235.0,18.0,17.0,,35.0,VISUAL
9927,187164.0,1945-02-25,8,GERMANY,MARSHALLING YARD,"""RR INSTALLATIONS,  TRACKS,  MARSHALLING YARDS,  AND STATIONS""",48.13,11.58,B17,4.0,12.0,224.0,18.0,18.0,,36.0,VISUAL
9923,187165.0,1945-02-25,8,GERMANY,MARSHALLING YARD,"""RR INSTALLATIONS,  TRACKS,  MARSHALLING YARDS,  AND STATIONS""",48.13,11.58,B17,4.0,13.0,240.0,20.0,19.0,,39.0,VISUAL
9912,187166.0,1945-02-25,8,GERMANY,MARSHALLING YARD,"""RR INSTALLATIONS,  TRACKS,  MARSHALLING YARDS,  AND STATIONS""",48.13,11.58,B17,4.0,36.0,250.0,54.0,54.0,,108.0,VISUAL
9926,187167.0,1945-02-25,8,GERMANY,MARSHALLING YARD,"""RR INSTALLATIONS,  TRACKS,  MARSHALLING YARDS,  AND STATIONS""",48.13,11.58,B17,4.0,24.0,233.0,36.0,36.0,,72.0,VISUAL
9902,187168.0,1945-02-25,8,GERMANY,MARSHALLING YARD,"""RR INSTALLATIONS,  TRACKS,  MARSHALLING YARDS,  AND STATIONS""",48.13,11.58,B17,4.0,12.0,265.0,18.0,18.0,,36.0,VISUAL
9903,187169.0,1945-02-25,8,GERMANY,MARSHALLING YARD,"""RR INSTALLATIONS,  TRACKS,  MARSHALLING YARDS,  AND STATIONS""",48.13,11.58,B17,4.0,12.0,260.0,18.0,18.0,,36.0,VISUAL
9700,187170.0,1945-02-25,8,GERMANY,MARSHALLING YARD,"""RR INSTALLATIONS,  TRACKS,  MARSHALLING YARDS,  AND STATIONS""",48.13,11.58,B17,4.0,12.0,268.0,18.0,18.0,,36.0,VISUAL
9901,187171.0,1945-02-25,8,GERMANY,MARSHALLING YARD,"""RR INSTALLATIONS,  TRACKS,  MARSHALLING YARDS,  AND STATIONS""",48.13,11.58,B17,4.0,12.0,266.0,18.0,18.0,,36.0,VISUAL
9904,187172.0,1945-02-25,8,GERMANY,MARSHALLING YARD,"""RR INSTALLATIONS,  TRACKS,  MARSHALLING YARDS,  AND STATIONS""",48.13,11.58,B17,4.0,9.0,260.0,13.0,13.0,,26.0,VISUAL
9699,187173.0,1945-02-25,8,GERMANY,MARSHALLING YARD,"""RR INSTALLATIONS,  TRACKS,  MARSHALLING YARDS,  AND STATIONS""",48.13,11.58,B17,4.0,12.0,271.0,18.0,18.0,,36.0,VISUAL
9913,187174.0,1945-02-25,8,GERMANY,MARSHALLING YARD,"""RR INSTALLATIONS,  TRACKS,  MARSHALLING YARDS,  AND STATIONS""",48.13,11.58,B17,4.0,37.0,250.0,56.0,56.0,,112.0,VISUAL
9914,187175.0,1945-02-25,8,GERMANY,MARSHALLING YARD,"""RR INSTALLATIONS,  TRACKS,  MARSHALLING YARDS,  AND STATIONS""",48.13,11.58,B17,4.0,36.0,250.0,51.0,51.0,,102.0,VISUAL
9908,187176.0,1945-02-25,8,GERMANY,MARSHALLING YARD,"""RR INSTALLATIONS,  TRACKS,  MARSHALLING YARDS,  AND STATIONS""",48.13,11.58,B17,4.0,34.0,252.0,51.0,51.0,,102.0,VISUAL
9915,187177.0,1945-02-25,8,GERMANY,MARSHALLING YARD,"""RR INSTALLATIONS,  TRACKS,  MARSHALLING YARDS,  AND STATIONS""",48.13,11.58,B17,4.0,19.0,250.0,29.0,29.0,,58.0,VISUAL
9916,187178.0,1945-02-25,8,GERMANY,MARSHALLING YARD,"""RR INSTALLATIONS,  TRACKS,  MARSHALLING YARDS,  AND STATIONS""",48.13,11.58,B17,3.0,36.0,250.0,105.0,,,105.0,H2X
9917,187179.0,1945-02-25,8,GERMANY,MARSHALLING YARD,"""RR INSTALLATIONS,  TRACKS,  MARSHALLING YARDS,  AND STATIONS""",48.13,11.58,B17,3.0,11.0,250.0,33.0,,,33.0,H2X
9918,187180.0,1945-02-25,8,GERMANY,MARSHALLING YARD,"""RR INSTALLATIONS,  TRACKS,  MARSHALLING YARDS,  AND STATIONS""",48.13,11.58,B17,3.0,12.0,250.0,36.0,,,36.0,VISUAL
9935,217001.0,1945-02-25,8,GERMANY,BRIDGE,BRIDGES,50.53,7.1,B26,,,,50.0,,,50.0,VISUAL
9939,217002.0,1945-02-25,8,GERMANY,RR BRIDGE,BRIDGES,50.83,8.78,B26,,,,50.0,,,50.0,VISUAL
9941,217003.0,1945-02-25,8,GERMANY,RR BRIDGE,BRIDGES,50.88,8.77,B26,,,,60.0,,,60.0,VISUAL
9698,217015.0,1945-02-25,12,GERMANY,TUNNEL,TUNNELS,49.33,8.0,B25,4.0,,,3.0,,,3.0,NOT INDICATED
9695,217016.0,1945-02-25,12,GERMANY,TUNNEL,TUNNELS,49.33,8.0,B25,4.0,12.0,115.0,21.0,,,21.0,NOT INDICATED
10851,117460.0,1945-02-26,8,FRANCE,HWY JUNCTION,HIGHWAYS AND VEHICLES,49.36,3.72,A20,,,,11.0,,,11.0,VISUAL
10839,117461.0,1945-02-26,8,GERMANY,RR JUNCTION,"""RR INSTALLATIONS,  TRACKS,  MARSHALLING YARDS,  AND STATIONS""",50.77,6.63,B26,,,130.0,1.0,,,1.0,VISUAL
10840,117462.0,1945-02-26,8,GERMANY,RR JUNCTION,"""RR INSTALLATIONS,  TRACKS,  MARSHALLING YARDS,  AND STATIONS""",50.77,6.63,B26,,,130.0,34.0,,,34.0,VISUAL
10843,117474.0,1945-02-26,8,GERMANY,TOWN,CITIES TOWNS AND URBAN AREAS,49.68,7.57,B26,,,103.0,43.0,,,43.0,GEE
10853,117475.0,1945-02-26,8,GERMANY,CITY AREA,CITIES TOWNS AND URBAN AREAS,48.13,11.58,A26,,,,24.0,,,24.0,VISUAL
10848,117483.0,1945-02-26,8,GERMANY,UNIDENTIFIED TARGET,UNIDENTIFIED TARGETS,52.83,13.82,B24,1.0,,,,,,,NOT INDICATED
10837,117484.0,1945-02-26,8,GERMANY,UNIDENTIFIED TARGET,UNIDENTIFIED TARGETS,52.83,13.82,B24,1.0,36.0,230.0,53.0,31.0,,84.0,H2X
10844,117487.0,1945-02-26,8,GERMANY,TOWN,CITIES TOWNS AND URBAN AREAS,49.68,7.57,B26,,,103.0,43.0,,,43.0,GEE
10849,187187.0,1945-02-26,8,GERMANY,UNIDENTIFIED TARGET,UNIDENTIFIED TARGETS,52.83,13.82,B24,1.0,,,,,,,NOT INDICATED
10838,187188.0,1945-02-26,8,GERMANY,UNIDENTIFIED TARGET,UNIDENTIFIED TARGETS,52.83,13.82,B24,1.0,36.0,230.0,53.0,31.0,,84.0,H2X
10856,187190.0,1945-02-26,8,GERMANY,UNIDENTIFIED TARGET,UNIDENTIFIED TARGETS,49.08,9.67,B17,2.0,1.0,,2.0,,,2.0,NOT INDICATED
10845,187192.0,1945-02-26,8,GERMANY,TOWN,CITIES TOWNS AND URBAN AREAS,49.68,7.57,B26,,,103.0,43.0,,,43.0,GEE
10854,187193.0,1945-02-26,8,GERMANY,CITY AREA,CITIES TOWNS AND URBAN AREAS,48.13,11.58,A26,,,,24.0,,,24.0,VISUAL
10846,187202.0,1945-02-26,8,GERMANY,TOWN,CITIES TOWNS AND URBAN AREAS,49.68,7.57,B26,,,103.0,43.0,,,43.0,GEE
10855,187203.0,1945-02-26,8,GERMANY,CITY AREA,CITIES TOWNS AND URBAN AREAS,48.13,11.58,A26,,,,24.0,,,24.0,VISUAL
10847,187211.0,1945-02-26,8,GERMANY,UNIDENTIFIED TARGET,UNIDENTIFIED TARGETS,52.83,13.82,B24,1.0,,,,,,,NOT INDICATED
10836,187212.0,1945-02-26,8,GERMANY,UNIDENTIFIED TARGET,UNIDENTIFIED TARGETS,52.83,13.82,B24,1.0,36.0,230.0,53.0,31.0,,84.0,H2X
10857,187214.0,1945-02-26,8,GERMANY,UNIDENTIFIED TARGET,UNIDENTIFIED TARGETS,49.08,9.67,B17,2.0,1.0,,2.0,,,2.0,NOT INDICATED
10852,217062.0,1945-02-26,8,FRANCE,HWY JUNCTION,HIGHWAYS AND VEHICLES,49.36,3.72,A20,,,,11.0,,,11.0,VISUAL
10841,217063.0,1945-02-26,8,GERMANY,RR JUNCTION,"""RR INSTALLATIONS,  TRACKS,  MARSHALLING YARDS,  AND STATIONS""",50.77,6.63,B26,,,130.0,1.0,,,1.0,VISUAL
10842,217064.0,1945-02-26,8,GERMANY,RR JUNCTION,"""RR INSTALLATIONS,  TRACKS,  MARSHALLING YARDS,  AND STATIONS""",50.77,6.63,B26,,,130.0,34.0,,,34.0,VISUAL
11814,117490.0,1945-02-27,8,GERMANY,BRIDGE,BRIDGES,50.53,7.1,B26,,,125.0,1.0,,,1.0,VISUAL
11815,117491.0,1945-02-27,8,GERMANY,BRIDGE,BRIDGES,50.53,7.1,B26,,,125.0,1.0,,,1.0,VISUAL
11820,117492.0,1945-02-27,8,GERMANY,BRIDGE,BRIDGES,50.53,7.1,B26,,,120.0,60.0,,,60.0,VISUAL
11816,117493.0,1945-02-27,8,GERMANY,BRIDGE,BRIDGES,50.53,7.1,A26,,,125.0,56.0,,,56.0,VISUAL
11824,117494.0,1945-02-27,8,GERMANY,BRIDGE,BRIDGES,50.53,7.1,A20,,,,8.0,,,8.0,VISUAL
11822,117495.0,1945-02-27,8,GERMANY,HWY JUNCTION,HIGHWAYS AND VEHICLES,50.6,8.68,A20,,,120.0,42.0,,,42.0,VISUAL
11826,117511.0,1945-02-27,8,GERMANY,UNIDENTIFIED TARGET,UNIDENTIFIED TARGETS,50.55,9.67,B17,2.0,1.0,,3.0,,,3.0,NOT INDICATED
11827,187282.0,1945-02-27,8,GERMANY,UNIDENTIFIED TARGET,UNIDENTIFIED TARGETS,50.55,9.67,B17,2.0,1.0,,3.0,,,3.0,NOT INDICATED
11828,187294.0,1945-02-27,8,GERMANY,UNIDENTIFIED TARGET,UNIDENTIFIED TARGETS,50.55,9.67,B17,2.0,1.0,,3.0,,,3.0,NOT INDICATED
11806,187298.0,1945-02-27,15,AUSTRIA,MARSHALLING YARDS,"""RR INSTALLATIONS,  TRACKS,  MARSHALLING YARDS,  AND STATIONS""",47.4,11.77,B24,3.0,1.0,,2.0,,,2.0,F.F.F.
11804,187299.0,1945-02-27,15,AUSTRIA,MARSHALLING YARDS,"""RR INSTALLATIONS,  TRACKS,  MARSHALLING YARDS,  AND STATIONS""",47.4,11.77,B24,2.0,6.0,220.0,17.0,,,17.0,F.F.F.
11809,187300.0,1945-02-27,12,AUSTRIA,MARSHALLING YARDS,"""RR INSTALLATIONS,  TRACKS,  MARSHALLING YARDS,  AND STATIONS""",48.3,14.3,B24,3.0,6.0,240.0,15.0,,,15.0,VISUAL
11811,187301.0,1945-02-27,12,AUSTRIA,MARSHALLING YARDS,"""RR INSTALLATIONS,  TRACKS,  MARSHALLING YARDS,  AND STATIONS""",48.3,14.3,B24,3.0,14.0,,34.0,,,34.0,VISUAL
11810,187302.0,1945-02-27,12,AUSTRIA,MARSHALLING YARDS,"""RR INSTALLATIONS,  TRACKS,  MARSHALLING YARDS,  AND STATIONS""",48.3,14.3,B24,2.0,1.0,218.0,2.0,,,2.0,F.F.F.
11595,187303.0,1945-02-27,15,AUSTRIA,MARSHALLING YARUS,"""RR INSTALLATIONS,  TRACKS,  MARSHALLING YARDS,  AND STATIONS""",47.78,13.03,B24,4.0,25.0,240.0,59.0,,,59.0,F.F.F.
11599,187304.0,1945-02-27,15,AUSTRIA,MARSHALLING YARUS,"""RR INSTALLATIONS,  TRACKS,  MARSHALLING YARDS,  AND STATIONS""",47.78,13.03,B24,4.0,26.0,232.0,59.0,,,59.0,F.F.F.
11598,187305.0,1945-02-27,15,AUSTRIA,MARSHALLING YARUS,"""RR INSTALLATIONS,  TRACKS,  MARSHALLING YARDS,  AND STATIONS""",47.78,13.03,B24,4.0,21.0,233.0,52.0,,,52.0,F.F.F.
11589,187306.0,1945-02-27,15,AUSTRIA,MARSHALLING YARUS,"""RR INSTALLATIONS,  TRACKS,  MARSHALLING YARDS,  AND STATIONS""",47.78,13.03,B24,4.0,13.0,250.0,32.0,,,32.0,F.F.F.
11584,187308.0,1945-02-27,15,GERMANY,MARSHALLING YARD,"""RR INSTALLATIONS,  TRACKS,  MARSHALLING YARDS,  AND STATIONS""",48.37,10.88,B17,4.0,25.0,268.0,72.0,,,72.0,VISUAL
11587,187309.0,1945-02-27,15,GERMANY,MARSHALLING YARD,"""RR INSTALLATIONS,  TRACKS,  MARSHALLING YARDS,  AND STATIONS""",48.37,10.88,B24,4.0,23.0,255.0,43.0,,,43.0,F.F.F.
11801,187310.0,1945-02-27,15,GERMANY,MARSHALLING YARD,"""RR INSTALLATIONS,  TRACKS,  MARSHALLING YARDS,  AND STATIONS""",48.37,10.88,B24,4.0,19.0,230.0,50.0,,,50.0,F.F.F.
11805,187311.0,1945-02-27,15,GERMANY,MARSHALLING YARD,"""RR INSTALLATIONS,  TRACKS,  MARSHALLING YARDS,  AND STATIONS""",48.37,10.88,B24,4.0,21.0,,59.0,,,59.0,NOT INDICATED
11592,187312.0,1945-02-27,15,GERMANY,MARSHALLING YARD,"""RR INSTALLATIONS,  TRACKS,  MARSHALLING YARDS,  AND STATIONS""",48.37,10.88,B24,4.0,27.0,245.0,72.0,,,72.0,VISUAL
11590,187313.0,1945-02-27,15,GERMANY,MARSHALLING YARD,"""RR INSTALLATIONS,  TRACKS,  MARSHALLING YARDS,  AND STATIONS""",48.37,10.88,B24,4.0,26.0,248.0,72.0,,,72.0,F.F.F.
11597,187314.0,1945-02-27,15,GERMANY,MARSHALLING YARD,"""RR INSTALLATIONS,  TRACKS,  MARSHALLING YARDS,  AND STATIONS""",48.37,10.88,B24,4.0,24.0,235.0,59.0,,,59.0,F.F.F.
11586,187315.0,1945-02-27,15,GERMANY,MARSHALLING YARD,"""RR INSTALLATIONS,  TRACKS,  MARSHALLING YARDS,  AND STATIONS""",48.37,10.88,B24,4.0,25.0,260.0,36.0,,,36.0,F.F.F.
11600,187316.0,1945-02-27,15,GERMANY,MARSHALLING YARD,"""RR INSTALLATIONS,  TRACKS,  MARSHALLING YARDS,  AND STATIONS""",48.37,10.88,B24,4.0,27.0,231.0,66.0,,,66.0,F.F.F.
11802,187317.0,1945-02-27,15,GERMANY,MARSHALLING YARD,"""RR INSTALLATIONS,  TRACKS,  MARSHALLING YARDS,  AND STATIONS""",48.37,10.88,B24,4.0,26.0,230.0,64.0,,,64.0,F.F.F.
11593,187318.0,1945-02-27,15,GERMANY,MARSHALLING YARD,"""RR INSTALLATIONS,  TRACKS,  MARSHALLING YARDS,  AND STATIONS""",48.37,10.88,B24,4.0,26.0,245.0,76.0,,,76.0,F.F.F.
11596,187319.0,1945-02-27,15,GERMANY,MARSHALLING YARD,"""RR INSTALLATIONS,  TRACKS,  MARSHALLING YARDS,  AND STATIONS""",48.37,10.88,B24,4.0,27.0,239.0,56.0,,,56.0,F.F.F.
11591,187320.0,1945-02-27,15,GERMANY,MARSHALLING YARD,"""RR INSTALLATIONS,  TRACKS,  MARSHALLING YARDS,  AND STATIONS""",48.37,10.88,B24,4.0,27.0,247.0,67.0,,,67.0,F.F.F.
11803,187321.0,1945-02-27,15,GERMANY,MARSHALLING YARD,"""RR INSTALLATIONS,  TRACKS,  MARSHALLING YARDS,  AND STATIONS""",48.37,10.88,B17,4.0,28.0,226.0,84.0,,,84.0,VISUAL
11585,187322.0,1945-02-27,15,GERMANY,MARSHALLING YARD,"""RR INSTALLATIONS,  TRACKS,  MARSHALLING YARDS,  AND STATIONS""",48.37,10.88,B17,4.0,28.0,268.0,80.0,,,80.0,VISUAL
11594,187323.0,1945-02-27,15,GERMANY,MARSHALLING YARD,"""RR INSTALLATIONS,  TRACKS,  MARSHALLING YARDS,  AND STATIONS""",48.37,10.88,B17,4.0,27.0,240.0,79.0,,,79.0,F.F.F.
11588,187324.0,1945-02-27,15,GERMANY,MARSHALLING YARD,"""RR INSTALLATIONS,  TRACKS,  MARSHALLING YARDS,  AND STATIONS""",48.37,10.88,B17,4.0,27.0,250.0,79.0,,,79.0,VISUAL
11812,187325.0,1945-02-27,8,GERMANY,MARSHALLING YARDS,"""RR INSTALLATIONS,  TRACKS,  MARSHALLING YARDS,  AND STATIONS""",51.62,12.33,B24,1.0,11.0,227.0,27.0,,,27.0,H2X
11813,187326.0,1945-02-27,8,GERMANY,MARSHALLING YARDS,"""RR INSTALLATIONS,  TRACKS,  MARSHALLING YARDS,  AND STATIONS""",51.62,12.33,B24,1.0,10.0,227.0,25.0,,,25.0,H2X
11807,187388.0,1945-02-27,15,GERMANY,RR,"""RR INSTALLATIONS,  TRACKS,  MARSHALLING YARDS,  AND STATIONS""",46.67,14.0,B24,2.0,1.0,,3.0,,,3.0,F.F.F.
11808,187389.0,1945-02-27,15,GERMANY,RR CARS,"""RR INSTALLATIONS,  TRACKS,  MARSHALLING YARDS,  AND STATIONS""",47.0,13.0,B17,2.0,1.0,,3.0,,,3.0,F.F.F.
11817,217078.0,1945-02-27,8,GERMANY,BRIDGE,BRIDGES,50.53,7.1,B26,,,125.0,1.0,,,1.0,VISUAL
11818,217079.0,1945-02-27,8,GERMANY,BRIDGE,BRIDGES,50.53,7.1,B26,,,125.0,1.0,,,1.0,VISUAL
11821,217080.0,1945-02-27,8,GERMANY,BRIDGE,BRIDGES,50.53,7.1,B26,,,120.0,60.0,,,60.0,VISUAL
11819,217081.0,1945-02-27,8,GERMANY,BRIDGE,BRIDGES,50.53,7.1,A26,,,125.0,56.0,,,56.0,VISUAL
11825,217082.0,1945-02-27,8,GERMANY,BRIDGE,BRIDGES,50.53,7.1,A20,,,,8.0,,,8.0,VISUAL
11823,217083.0,1945-02-27,8,GERMANY,HWY JUNCTION,HIGHWAYS AND VEHICLES,50.6,8.68,A20,,,120.0,42.0,,,42.0,VISUAL
12448,117516.0,1945-02-28,15,AUSTRIA,UNIDENTIFIED TARGET,UNIDENTIFIED TARGETS,46.83,12.77,B24,2.0,5.0,,12.0,,,12.0,VISUAL
12459,117524.0,1945-02-28,8,GERMANY,RR BRIDGE,BRIDGES,50.83,8.78,B26,,,120.0,54.0,,,54.0,VISUAL
12469,117525.0,1945-02-28,8,GERMANY,BRIDGE,BRIDGES,51.2,6.85,B26,,,,4.0,,,4.0,NOT INDICATED
12475,117538.0,1945-02-28,8,GERMANY,COM CENTER,TRANSPORTATION FACILITIES (NOT SPECIFICALLY IDENTIFIED BELOW),51.33,6.33,B26,,,,66.0,,,66.0,VISUAL
12457,117539.0,1945-02-28,8,GERMANY,MARSHALLING YARD,"""RR INSTALLATIONS,  TRACKS,  MARSHALLING YARDS,  AND STATIONS""",51.33,6.33,B26,,,125.0,26.0,,,26.0,VISUAL
12467,117553.0,1945-02-28,8,GERMANY,UNIDENTIFIED TARGET,UNIDENTIFIED TARGETS,50.35,7.6,B24,1.0,1.0,,3.0,1.0,,4.0,NOT INDICATED
12472,117554.0,1945-02-28,8,GERMANY,UNIDENTIFIED TARGET,UNIDENTIFIED TARGETS,50.55,9.67,B17,2.0,1.0,,2.0,2.0,,4.0,NOT INDICATED
12449,187393.0,1945-02-28,15,AUSTRIA,UNIDENTIFIED TARGET,UNIDENTIFIED TARGETS,46.83,12.77,B24,2.0,5.0,,12.0,,,12.0,VISUAL
12468,187394.0,1945-02-28,8,GERMANY,UNIDENTIFIED TARGET,UNIDENTIFIED TARGETS,50.35,7.6,B24,1.0,1.0,,3.0,1.0,,4.0,NOT INDICATED
12473,187395.0,1945-02-28,8,GERMANY,UNIDENTIFIED TARGET,UNIDENTIFIED TARGETS,50.55,9.67,B17,2.0,1.0,,2.0,2.0,,4.0,NOT INDICATED
12447,187422.0,1945-02-28,15,AUSTRIA,UNIDENTIFIED TARGET,UNIDENTIFIED TARGETS,46.83,12.77,B24,2.0,5.0,,12.0,,,12.0,VISUAL
12466,187423.0,1945-02-28,8,GERMANY,UNIDENTIFIED TARGET,UNIDENTIFIED TARGETS,50.35,7.6,B24,1.0,1.0,,3.0,1.0,,4.0,NOT INDICATED
12474,187424.0,1945-02-28,8,GERMANY,UNIDENTIFIED TARGET,UNIDENTIFIED TARGETS,50.55,9.67,B17,2.0,1.0,,2.0,2.0,,4.0,NOT INDICATED
12450,187427.0,1945-02-28,12,AUSTRIA,MARSHALLING YARDS,"""RR INSTALLATIONS,  TRACKS,  MARSHALLING YARDS,  AND STATIONS""",48.3,14.3,B24,2.0,6.0,,10.0,,,10.0,VISUAL
12455,187428.0,1945-02-28,8,GERMANY,RR VIADUCT,BRIDGES,51.4,8.05,B24,4.0,10.0,220.0,25.0,,,25.0,GEE
12456,187429.0,1945-02-28,8,GERMANY,RR VIADUCT,BRIDGES,51.4,8.05,B24,4.0,10.0,220.0,28.0,,,28.0,GEE
12461,187430.0,1945-02-28,8,GERMANY,RR VIADUCT,BRIDGES,51.4,8.05,B24,4.0,,,1.0,,,1.0,NOT INDICATED
12462,187431.0,1945-02-28,8,GERMANY,RR VIADUCT,BRIDGES,51.4,8.05,B24,4.0,13.0,,31.0,,,31.0,NOT INDICATED
12463,187432.0,1945-02-28,8,GERMANY,RR VIADUCT,BRIDGES,51.4,8.05,B24,4.0,,,,,,,NOT INDICATED
12454,187433.0,1945-02-28,8,GERMANY,RR VIADUCT,BRIDGES,51.4,8.05,B24,4.0,31.0,222.0,72.0,14.0,,86.0,GEE
12464,187434.0,1945-02-28,8,GERMANY,RR VIADUCT,BRIDGES,51.4,8.05,B24,4.0,,,30.0,,,30.0,NOT INDICATED
12452,187435.0,1945-02-28,8,GERMANY,RR VIADUCT,BRIDGES,51.4,8.05,B24,4.0,22.0,240.0,24.0,5.0,,29.0,GEE
12465,187436.0,1945-02-28,8,GERMANY,RR VIADUCT,BRIDGES,51.4,8.05,B24,4.0,,,,,,,NOT INDICATED
12453,187437.0,1945-02-28,8,GERMANY,RR VIADUCT,BRIDGES,51.4,8.05,B24,4.0,9.0,240.0,21.0,4.0,,25.0,GEE
12451,187486.0,1945-02-28,12,GERMANY,RR CUTS,"""RR INSTALLATIONS,  TRACKS,  MARSHALLING YARDS,  AND STATIONS""",40.67,15.0,B24,2.0,1.0,,3.0,,,3.0,NOT INDICATED
12460,217101.0,1945-02-28,8,GERMANY,RR BRIDGE,BRIDGES,50.83,8.78,B26,,,120.0,54.0,,,54.0,VISUAL
12470,217102.0,1945-02-28,8,GERMANY,BRIDGE,BRIDGES,51.2,6.85,B26,,,,4.0,,,4.0,NOT INDICATED
12476,217106.0,1945-02-28,8,GERMANY,COM CENTER,TRANSPORTATION FACILITIES (NOT SPECIFICALLY IDENTIFIED BELOW),51.33,6.33,B26,,,,66.0,,,66.0,VISUAL
12458,217107.0,1945-02-28,8,GERMANY,MARSHALLING YARD,"""RR INSTALLATIONS,  TRACKS,  MARSHALLING YARDS,  AND STATIONS""",51.33,6.33,B26,,,125.0,26.0,,,26.0,VISUAL
13602,117559.0,1945-03-01,15,AUSTRIA,SYN OIL REFINERY,OIL REFINERIES,48.32,15.92,B24,4.0,16.0,250.0,15.0,,,15.0,F.F.F.
13623,117560.0,1945-03-01,15,AUSTRIA,SYN OIL REFINERY,OIL REFINERIES,48.32,15.92,B24,4.0,8.0,236.0,12.0,,,12.0,F.F.F.
13603,117561.0,1945-03-01,15,AUSTRIA,SYN OIL REFINERY,OIL REFINERIES,48.32,15.92,B24,4.0,13.0,250.0,26.0,,,26.0,VISUAL
13614,117562.0,1945-03-01,15,AUSTRIA,SYN OIL REFINERY,OIL REFINERIES,48.32,15.92,B24,4.0,18.0,245.0,28.0,,,28.0,VISUAL
13635,117563.0,1945-03-01,15,AUSTRIA,SYN OIL REFINERY,OIL REFINERIES,48.32,15.92,B24,4.0,10.0,200.0,20.0,,,20.0,VISUAL
13394,117564.0,1945-03-01,15,AUSTRIA,SYN OIL REFINERY,OIL REFINERIES,48.32,15.92,B24,4.0,16.0,260.0,24.0,,,24.0,F.F.F.
13386,117565.0,1945-03-01,15,AUSTRIA,SYN OIL REFINERY,OIL REFINERIES,48.32,15.92,B24,4.0,18.0,270.0,27.0,,,27.0,F.F.F.
13612,117566.0,1945-03-01,15,AUSTRIA,SYN OIL REFINERY,OIL REFINERIES,48.32,15.92,B17,4.0,28.0,247.0,85.0,,,85.0,F.F.F.
13388,117567.0,1945-03-01,15,AUSTRIA,SYN OIL REFINERY,OIL REFINERIES,48.32,15.92,B17,4.0,32.0,270.0,87.0,,,87.0,F.F.F.
13383,117568.0,1945-03-01,15,AUSTRIA,SYN OIL REFINERY,OIL REFINERIES,48.32,15.92,B17,4.0,20.0,278.0,58.0,,,58.0,F.F.F.
13400,117569.0,1945-03-01,15,AUSTRIA,SYN OIL REFINERY,OIL REFINERIES,48.32,15.92,B17,4.0,16.0,258.0,44.0,,,44.0,F.F.F.
13652,117570.0,1945-03-01,15,AUSTRIA,SYN OIL REFINERY,OIL REFINERIES,48.32,15.92,B17,4.0,,,61.0,,,61.0,NOT INDICATED
13398,117571.0,1945-03-01,15,AUSTRIA,SYN OIL REFINERY,OIL REFINERIES,48.32,15.92,B17,4.0,41.0,260.0,61.0,,,61.0,F.F.F.
13625,117572.0,1945-03-01,15,AUSTRIA,SYN OIL REFINERY,OIL REFINERIES,48.32,15.92,B17,4.0,34.0,235.0,97.0,,,97.0,F.F.F.
13628,117573.0,1945-03-01,15,AUSTRIA,SYN OIL REFINERY,OIL REFINERIES,48.32,15.92,B24,4.0,19.0,227.0,36.0,,,36.0,VISUAL
13387,117574.0,1945-03-01,15,AUSTRIA,SYN OIL REFINERY,OIL REFINERIES,48.32,15.92,B24,4.0,4.0,270.0,7.0,,,7.0,F.F.F.
13392,117575.0,1945-03-01,15,AUSTRIA,SYN OIL REFINERY,OIL REFINERIES,48.32,15.92,B24,4.0,13.0,261.0,26.0,,,26.0,F.F.F.
13642,117576.0,1945-03-01,15,AUSTRIA,SYN OIL REFINERY,OIL REFINERIES,48.32,15.92,B24,4.0,,,11.0,,,11.0,NOT INDICATED
13643,117577.0,1945-03-01,15,AUSTRIA,SYN OIL REFINERY,OIL REFINERIES,48.32,15.92,B24,4.0,,,12.0,,,12.0,NOT INDICATED
13619,117578.0,1945-03-01,15,AUSTRIA,SYN OIL REFINERY,OIL REFINERIES,48.32,15.92,B24,4.0,11.0,240.0,11.0,,,11.0,F.F.F.
13621,117579.0,1945-03-01,15,AUSTRIA,SYN OIL REFINERY,OIL REFINERIES,48.32,15.92,B24,4.0,12.0,237.0,12.0,,,12.0,F.F.F.
13644,117580.0,1945-03-01,15,AUSTRIA,SYN OIL REFINERY,OIL REFINERIES,48.32,15.92,B24,4.0,,,13.0,,,13.0,NOT INDICATED
13645,117581.0,1945-03-01,15,AUSTRIA,SYN OIL REFINERY,OIL REFINERIES,48.32,15.92,B24,4.0,,,14.0,,,14.0,NOT INDICATED
13604,117582.0,1945-03-01,15,AUSTRIA,SYN OIL REFINERY,OIL REFINERIES,48.32,15.92,B24,4.0,13.0,250.0,13.0,,,13.0,F.F.F.
13605,117583.0,1945-03-01,15,AUSTRIA,SYN OIL REFINERY,OIL REFINERIES,48.32,15.92,B24,4.0,16.0,250.0,14.0,,,14.0,F.F.F.
13395,117584.0,1945-03-01,15,AUSTRIA,SYN OIL REFINERY,OIL REFINERIES,48.32,15.92,B24,4.0,9.0,260.0,18.0,,,18.0,NOT INDICATED
13606,117585.0,1945-03-01,15,AUSTRIA,SYN OIL REFINERY,OIL REFINERIES,48.32,15.92,B24,4.0,15.0,250.0,29.0,,,29.0,F.F.F.
13646,117586.0,1945-03-01,15,AUSTRIA,SYN OIL REFINERY,OIL REFINERIES,48.32,15.92,B24,4.0,,,15.0,,,15.0,NOT INDICATED
13670,117588.0,1945-03-01,8,GERMANY,BRIDGE,BRIDGES,51.2,6.85,A26,,,130.0,68.0,,,68.0,VISUAL
13672,117595.0,1945-03-01,8,GERMANY,ORD DEPOT,SUPPLY DUMPS AND WAREHOUSES,50.6,8.68,A26,,,126.0,60.0,,,60.0,VISUAL
13675,117596.0,1945-03-01,8,GERMANY,ORD DEPOT,SUPPLY DUMPS AND WAREHOUSES,50.6,8.68,A20,,,125.0,9.0,,,9.0,VISUAL
13639,117602.0,1945-03-01,15,AUSTRIA,CITY AREA,CITIES TOWNS AND URBAN AREAS,46.78,15.53,B24,2.0,2.0,,4.0,,,4.0,NOT INDICATED
13640,187530.0,1945-03-01,15,AUSTRIA,CITY AREA,CITIES TOWNS AND URBAN AREAS,46.78,15.53,B24,2.0,2.0,,4.0,,,4.0,NOT INDICATED
13641,187569.0,1945-03-01,15,AUSTRIA,CITY AREA,CITIES TOWNS AND URBAN AREAS,46.78,15.53,B24,2.0,2.0,,4.0,,,4.0,NOT INDICATED
13613,187573.0,1945-03-01,15,AUSTRIA,SYN OIL REFINERY,OIL REFINERIES,48.32,15.92,B17,4.0,28.0,247.0,85.0,,,85.0,F.F.F.
13391,187574.0,1945-03-01,15,AUSTRIA,SYN OIL REFINERY,OIL REFINERIES,48.32,15.92,B17,4.0,32.0,270.0,87.0,,,87.0,F.F.F.
13384,187575.0,1945-03-01,15,AUSTRIA,SYN OIL REFINERY,OIL REFINERIES,48.32,15.92,B17,4.0,20.0,278.0,58.0,,,58.0,F.F.F.
13601,187576.0,1945-03-01,15,AUSTRIA,SYN OIL REFINERY,OIL REFINERIES,48.32,15.92,B17,4.0,16.0,258.0,44.0,,,44.0,F.F.F.
13653,187577.0,1945-03-01,15,AUSTRIA,SYN OIL REFINERY,OIL REFINERIES,48.32,15.92,B17,4.0,,,61.0,,,61.0,NOT INDICATED
13399,187578.0,1945-03-01,15,AUSTRIA,SYN OIL REFINERY,OIL REFINERIES,48.32,15.92,B17,4.0,41.0,260.0,61.0,,,61.0,F.F.F.
13626,187579.0,1945-03-01,15,AUSTRIA,SYN OIL REFINERY,OIL REFINERIES,48.32,15.92,B17,4.0,34.0,235.0,97.0,,,97.0,F.F.F.
13629,187580.0,1945-03-01,15,AUSTRIA,SYN OIL REFINERY,OIL REFINERIES,48.32,15.92,B24,4.0,19.0,227.0,36.0,,,36.0,VISUAL
13389,187581.0,1945-03-01,15,AUSTRIA,SYN OIL REFINERY,OIL REFINERIES,48.32,15.92,B24,4.0,4.0,270.0,7.0,,,7.0,F.F.F.
13393,187582.0,1945-03-01,15,AUSTRIA,SYN OIL REFINERY,OIL REFINERIES,48.32,15.92,B24,4.0,13.0,261.0,26.0,,,26.0,F.F.F.
13647,187583.0,1945-03-01,15,AUSTRIA,SYN OIL REFINERY,OIL REFINERIES,48.32,15.92,B24,4.0,,,11.0,,,11.0,NOT INDICATED
13648,187584.0,1945-03-01,15,AUSTRIA,SYN OIL REFINERY,OIL REFINERIES,48.32,15.92,B24,4.0,,,12.0,,,12.0,NOT INDICATED
13620,187585.0,1945-03-01,15,AUSTRIA,SYN OIL REFINERY,OIL REFINERIES,48.32,15.92,B24,4.0,11.0,240.0,11.0,,,11.0,F.F.F.
13622,187586.0,1945-03-01,15,AUSTRIA,SYN OIL REFINERY,OIL REFINERIES,48.32,15.92,B24,4.0,12.0,237.0,12.0,,,12.0,F.F.F.
13649,187587.0,1945-03-01,15,AUSTRIA,SYN OIL REFINERY,OIL REFINERIES,48.32,15.92,B24,4.0,,,13.0,,,13.0,NOT INDICATED
13650,187588.0,1945-03-01,15,AUSTRIA,SYN OIL REFINERY,OIL REFINERIES,48.32,15.92,B24,4.0,,,14.0,,,14.0,NOT INDICATED
13607,187589.0,1945-03-01,15,AUSTRIA,SYN OIL REFINERY,OIL REFINERIES,48.32,15.92,B24,4.0,13.0,250.0,13.0,,,13.0,F.F.F.
13608,187590.0,1945-03-01,15,AUSTRIA,SYN OIL REFINERY,OIL REFINERIES,48.32,15.92,B24,4.0,16.0,250.0,14.0,,,14.0,F.F.F.
13396,187591.0,1945-03-01,15,AUSTRIA,SYN OIL REFINERY,OIL REFINERIES,48.32,15.92,B24,4.0,9.0,260.0,18.0,,,18.0,NOT INDICATED
13609,187592.0,1945-03-01,15,AUSTRIA,SYN OIL REFINERY,OIL REFINERIES,48.32,15.92,B24,4.0,15.0,250.0,29.0,,,29.0,F.F.F.
13651,187593.0,1945-03-01,15,AUSTRIA,SYN OIL REFINERY,OIL REFINERIES,48.32,15.92,B24,4.0,,,15.0,,,15.0,NOT INDICATED
13610,187594.0,1945-03-01,15,AUSTRIA,SYN OIL REFINERY,OIL REFINERIES,48.32,15.92,B24,4.0,16.0,250.0,15.0,,,15.0,F.F.F.
13624,187595.0,1945-03-01,15,AUSTRIA,SYN OIL REFINERY,OIL REFINERIES,48.32,15.92,B24,4.0,8.0,236.0,12.0,,,12.0,F.F.F.
13611,187596.0,1945-03-01,15,AUSTRIA,SYN OIL REFINERY,OIL REFINERIES,48.32,15.92,B24,4.0,13.0,250.0,26.0,,,26.0,VISUAL
13615,187597.0,1945-03-01,15,AUSTRIA,SYN OIL REFINERY,OIL REFINERIES,48.32,15.92,B24,4.0,18.0,245.0,28.0,,,28.0,VISUAL
13636,187598.0,1945-03-01,15,AUSTRIA,SYN OIL REFINERY,OIL REFINERIES,48.32,15.92,B24,4.0,10.0,200.0,20.0,,,20.0,VISUAL
13397,187599.0,1945-03-01,15,AUSTRIA,SYN OIL REFINERY,OIL REFINERIES,48.32,15.92,B24,4.0,16.0,260.0,24.0,,,24.0,F.F.F.
13390,187600.0,1945-03-01,15,AUSTRIA,SYN OIL REFINERY,OIL REFINERIES,48.32,15.92,B24,4.0,18.0,270.0,27.0,,,27.0,F.F.F.
13631,187601.0,1945-03-01,15,AUSTRIA,MARSHALLING YARDS,"""RR INSTALLATIONS,  TRACKS,  MARSHALLING YARDS,  AND STATIONS""",46.95,15.9,B24,2.0,5.0,215.0,10.0,,,10.0,VISUAL
13385,187603.0,1945-03-01,15,AUSTRIA,MARSHALLING YARDS,"""RR INSTALLATIONS,  TRACKS,  MARSHALLING YARDS,  AND STATIONS""",47.17,14.67,B17,2.0,1.0,270.0,2.0,,,2.0,VISUAL
13655,187604.0,1945-03-01,12,AUSTRIA,RR,"""RR INSTALLATIONS,  TRACKS,  MARSHALLING YARDS,  AND STATIONS""",46.63,14.3,B24,3.0,10.0,200.0,21.0,,,21.0,VISUAL
13617,187605.0,1945-03-01,15,AUSTRIA,MARSHALLING YARDS,"""RR INSTALLATIONS,  TRACKS,  MARSHALLING YARDS,  AND STATIONS""",47.22,14.82,B17,2.0,4.0,242.0,11.0,,,11.0,VISUAL
13638,187606.0,1945-03-01,15,AUSTRIA,MARSHALLING YARDS,"""RR INSTALLATIONS,  TRACKS,  MARSHALLING YARDS,  AND STATIONS""",48.22,15.63,B24,4.0,20.0,120.0,40.0,,,40.0,F.F.F.
13632,187607.0,1945-03-01,15,AUSTRIA,MARSHALLING YARDS,"""RR INSTALLATIONS,  TRACKS,  MARSHALLING YARDS,  AND STATIONS""",48.22,15.63,B24,4.0,15.0,215.0,30.0,,,30.0,F.F.F.
13616,187608.0,1945-03-01,15,AUSTRIA,MARSHALLING YARDS,"""RR INSTALLATIONS,  TRACKS,  MARSHALLING YARDS,  AND STATIONS""",48.22,15.63,B24,3.0,6.0,243.0,12.0,,,12.0,F.F.F.
13654,187610.0,1945-03-01,15,AUSTRIA,RR,"""RR INSTALLATIONS,  TRACKS,  MARSHALLING YARDS,  AND STATIONS""",46.67,15.33,B24,2.0,1.0,,2.0,,,2.0,VISUAL
13634,187611.0,1945-03-01,15,CZECHOSLOVAKIA,MARSHALLING YARDS,"""RR INSTALLATIONS,  TRACKS,  MARSHALLING YARDS,  AND STATIONS""",50.12,13.47,B24,4.0,14.0,200.0,24.0,,,24.0,VISUAL
13633,187612.0,1945-03-01,15,CZECHOSLOVAKIA,MARSHALLING YARDS,"""RR INSTALLATIONS,  TRACKS,  MARSHALLING YARDS,  AND STATIONS""",50.12,13.47,B24,4.0,11.0,213.0,21.0,,,21.0,VISUAL
13627,187613.0,1945-03-01,15,GERMANY,MARSHALLING YARD,"""RR INSTALLATIONS,  TRACKS,  MARSHALLING YARDS,  AND STATIONS""",48.37,10.88,B24,3.0,18.0,228.0,43.0,,,43.0,H2X
13637,187614.0,1945-03-01,15,GERMANY,MARSHALLING YARD,"""RR INSTALLATIONS,  TRACKS,  MARSHALLING YARDS,  AND STATIONS""",48.37,10.88,B24,3.0,10.0,160.0,21.0,,,21.0,H2X
13618,187615.0,1945-03-01,15,GERMANY,MARSHALLING YARD,"""RR INSTALLATIONS,  TRACKS,  MARSHALLING YARDS,  AND STATIONS""",48.37,10.88,B24,3.0,9.0,240.0,,19.0,,19.0,H2X
13630,187616.0,1945-03-01,15,GERMANY,MARSHALLING YARD,"""RR INSTALLATIONS,  TRACKS,  MARSHALLING YARDS,  AND STATIONS""",48.37,10.88,B24,3.0,28.0,221.0,65.0,,,65.0,H2X
13657,187617.0,1945-03-01,8,GERMANY,MARSHALLING YARD,"""RR INSTALLATIONS,  TRACKS,  MARSHALLING YARDS,  AND STATIONS""",49.12,8.6,B17,4.0,13.0,210.0,26.0,13.0,,39.0,VISUAL
13663,187618.0,1945-03-01,8,GERMANY,MARSHALLING YARD,"""RR INSTALLATIONS,  TRACKS,  MARSHALLING YARDS,  AND STATIONS""",49.12,8.6,B17,4.0,12.0,201.0,24.0,12.0,,36.0,VISUAL
13658,187619.0,1945-03-01,8,GERMANY,MARSHALLING YARD,"""RR INSTALLATIONS,  TRACKS,  MARSHALLING YARDS,  AND STATIONS""",49.12,8.6,B17,4.0,12.0,210.0,24.0,12.0,,36.0,VISUAL
13664,187620.0,1945-03-01,8,GERMANY,MARSHALLING YARD,"""RR INSTALLATIONS,  TRACKS,  MARSHALLING YARDS,  AND STATIONS""",49.12,8.6,B17,4.0,12.0,200.0,24.0,12.0,,36.0,VISUAL
13667,187621.0,1945-03-01,8,GERMANY,MARSHALLING YARD,"""RR INSTALLATIONS,  TRACKS,  MARSHALLING YARDS,  AND STATIONS""",49.12,8.6,B17,4.0,13.0,194.0,26.0,13.0,,39.0,VISUAL
13659,187622.0,1945-03-01,8,GERMANY,MARSHALLING YARD,"""RR INSTALLATIONS,  TRACKS,  MARSHALLING YARDS,  AND STATIONS""",49.12,8.6,B17,4.0,14.0,210.0,28.0,14.0,,42.0,VISUAL
13666,187623.0,1945-03-01,8,GERMANY,MARSHALLING YARD,"""RR INSTALLATIONS,  TRACKS,  MARSHALLING YARDS,  AND STATIONS""",49.12,8.6,B17,4.0,12.0,197.0,24.0,12.0,,36.0,VISUAL
13668,187624.0,1945-03-01,8,GERMANY,MARSHALLING YARD,"""RR INSTALLATIONS,  TRACKS,  MARSHALLING YARDS,  AND STATIONS""",49.12,8.6,B17,4.0,13.0,194.0,26.0,13.0,,39.0,VISUAL
13660,187625.0,1945-03-01,8,GERMANY,MARSHALLING YARD,"""RR INSTALLATIONS,  TRACKS,  MARSHALLING YARDS,  AND STATIONS""",49.12,8.6,B17,4.0,12.0,210.0,24.0,12.0,,36.0,VISUAL
13678,187626.0,1945-03-01,8,GERMANY,MARSHALLING YARD,"""RR INSTALLATIONS,  TRACKS,  MARSHALLING YARDS,  AND STATIONS""",49.12,8.6,B17,2.0,1.0,,2.0,1.0,,3.0,NOT INDICATED
13661,187627.0,1945-03-01,8,GERMANY,MARSHALLING YARD,"""RR INSTALLATIONS,  TRACKS,  MARSHALLING YARDS,  AND STATIONS""",48.72,9.65,B17,4.0,1.0,206.0,2.0,1.0,,3.0,GEE
13665,187628.0,1945-03-01,8,GERMANY,MARSHALLING YARD,"""RR INSTALLATIONS,  TRACKS,  MARSHALLING YARDS,  AND STATIONS""",48.72,9.65,B17,4.0,11.0,200.0,22.0,11.0,,33.0,GEE
13669,187629.0,1945-03-01,8,GERMANY,MARSHALLING YARD,"""RR INSTALLATIONS,  TRACKS,  MARSHALLING YARDS,  AND STATIONS""",48.72,9.65,B17,4.0,10.0,194.0,20.0,10.0,,30.0,GEE
13662,187630.0,1945-03-01,8,GERMANY,MARSHALLING YARD,"""RR INSTALLATIONS,  TRACKS,  MARSHALLING YARDS,  AND STATIONS""",48.72,9.65,B17,4.0,12.0,206.0,24.0,12.0,,36.0,GEE
13679,187631.0,1945-03-01,8,GERMANY,MARSHALLING YARD,"""RR INSTALLATIONS,  TRACKS,  MARSHALLING YARDS,  AND STATIONS""",48.72,9.65,B17,2.0,1.0,,2.0,1.0,,3.0,NOT INDICATED
13671,217141.0,1945-03-01,8,GERMANY,BRIDGE,BRIDGES,51.2,6.85,A26,,,130.0,68.0,,,68.0,VISUAL
13673,217148.0,1945-03-01,8,GERMANY,ORD DEPOT,SUPPLY DUMPS AND WAREHOUSES,50.6,8.68,A26,,,126.0,60.0,,,60.0,VISUAL
13676,217149.0,1945-03-01,8,GERMANY,ORD DEPOT,SUPPLY DUMPS AND WAREHOUSES,50.6,8.68,A20,,,125.0,9.0,,,9.0,VISUAL
13674,217150.0,1945-03-01,8,GERMANY,ORD DEPOT,SUPPLY DUMPS AND WAREHOUSES,50.6,8.68,A26,,,126.0,60.0,,,60.0,VISUAL
13677,217151.0,1945-03-01,8,GERMANY,ORD DEPOT,SUPPLY DUMPS AND WAREHOUSES,50.6,8.68,A20,,,125.0,9.0,,,9.0,VISUAL
14545,117622.0,1945-03-02,15,AUSTRIA,CITY AREA,CITIES TOWNS AND URBAN AREAS,48.13,14.88,B24,3.0,12.0,250.0,24.0,,,24.0,F.F.F.
14547,117636.0,1945-03-02,15,AUSTRIA,H GOERING BENZOL PLANT,OIL REFINERIES,48.3,14.3,B24,4.0,23.0,250.0,45.0,,,45.0,F.F.F.
14549,117637.0,1945-03-02,15,AUSTRIA,H GOERING BENZOL PLANT,OIL REFINERIES,48.3,14.3,B24,4.0,27.0,240.0,53.0,,,53.0,F.F.F.
14822,117646.0,1945-03-02,8,GERMANY,BDGE,BRIDGES,49.9,7.08,A26,,,120.0,6.0,,,6.0,VISUAL
14829,117647.0,1945-03-02,8,GERMANY,BDGE,BRIDGES,49.9,7.08,A20,,,,1.0,,,1.0,VISUAL
14824,117648.0,1945-03-02,8,GERMANY,BRIDGE,BRIDGES,50.05,7.13,A26,,,120.0,8.0,,,8.0,VISUAL
14837,117649.0,1945-03-02,8,GERMANY,BRIDGE,BRIDGES,50.05,7.13,A20,,,,1.0,,,1.0,VISUAL
14826,117652.0,1945-03-02,8,GERMANY,BRIDGE,BRIDGES,51.2,6.85,B26,,,120.0,5.0,,,5.0,VISUAL
14816,117653.0,1945-03-02,8,GERMANY,BRIDGE,BRIDGES,51.2,6.85,B26,,,131.0,1.0,,,1.0,VISUAL
14820,117654.0,1945-03-02,8,GERMANY,BRIDGE,BRIDGES,51.2,6.85,B26,,,128.0,27.0,,,27.0,VISUAL
14563,117662.0,1945-03-02,15,AUSTRIA,CITY AREA,CITIES TOWNS AND URBAN AREAS,47.07,15.43,B24,2.0,1.0,,2.0,,,2.0,NOT INDICATED
14557,117671.0,1945-03-02,15,GERMANY,SCWARTZHEIDE SYN OIL,SYNTHETIC OIL REFINERIES,51.48,13.88,B17,4.0,12.0,205.0,29.0,,,29.0,H2X
14558,117672.0,1945-03-02,15,GERMANY,SCWARTZHEIDE SYN OIL,SYNTHETIC OIL REFINERIES,51.48,13.88,B17,4.0,12.0,205.0,29.0,,,29.0,H2X
14554,117673.0,1945-03-02,15,GERMANY,SCWARTZHEIDE SYN OIL,SYNTHETIC OIL REFINERIES,51.48,13.88,B17,3.0,37.0,230.0,87.0,,,87.0,H2X
14818,117679.0,1945-03-02,8,GERMANY,ORD DEPOT,SUPPLY DUMPS AND WAREHOUSES,50.6,8.68,B26,,,130.0,52.0,,,52.0,VISUAL
14833,117691.0,1945-03-02,8,GERMANY,TOWN,CITIES TOWNS AND URBAN AREAS,50.1,7.12,B26,,,,,6.0,,6.0,VISUAL
14847,117694.0,1945-03-02,8,GERMANY,CITY AREA,CITIES TOWNS AND URBAN AREAS,47.97,7.93,B26,,,,,3.0,,3.0,VISUAL
14543,117706.0,1945-03-02,15,AUSTRIA,CITY AREA,CITIES TOWNS AND URBAN AREAS,48.13,14.88,B24,3.0,12.0,250.0,24.0,,,24.0,F.F.F.
14561,117707.0,1945-03-02,15,AUSTRIA,CITY AREA,CITIES TOWNS AND URBAN AREAS,47.07,15.43,B24,2.0,1.0,,2.0,,,2.0,NOT INDICATED
14842,117710.0,1945-03-02,8,GERMANY,UNIDENTIFIED TARGET,UNIDENTIFIED TARGETS,50.35,7.6,B17,2.0,1.0,,3.0,,,3.0,NOT INDICATED
14834,117713.0,1945-03-02,8,GERMANY,TOWN,CITIES TOWNS AND URBAN AREAS,50.1,7.12,B26,,,,,6.0,,6.0,VISUAL
14848,117717.0,1945-03-02,8,GERMANY,CITY AREA,CITIES TOWNS AND URBAN AREAS,47.97,7.93,B26,,,,,3.0,,3.0,VISUAL
14843,187704.0,1945-03-02,8,GERMANY,UNIDENTIFIED TARGET,UNIDENTIFIED TARGETS,50.35,7.6,B17,2.0,1.0,,3.0,,,3.0,NOT INDICATED
14544,187707.0,1945-03-02,15,AUSTRIA,CITY AREA,CITIES TOWNS AND URBAN AREAS,48.13,14.88,B24,3.0,12.0,250.0,24.0,,,24.0,F.F.F.
14562,187708.0,1945-03-02,15,AUSTRIA,CITY AREA,CITIES TOWNS AND URBAN AREAS,47.07,15.43,B24,2.0,1.0,,2.0,,,2.0,NOT INDICATED
14835,187709.0,1945-03-02,8,GERMANY,TOWN,CITIES TOWNS AND URBAN AREAS,50.1,7.12,B26,,,,,6.0,,6.0,VISUAL
14849,187712.0,1945-03-02,8,GERMANY,CITY AREA,CITIES TOWNS AND URBAN AREAS,47.97,7.93,B26,,,,,3.0,,3.0,VISUAL
14836,187725.0,1945-03-02,8,GERMANY,TOWN,CITIES TOWNS AND URBAN AREAS,50.1,7.12,B26,,,,,6.0,,6.0,VISUAL
14850,187728.0,1945-03-02,8,GERMANY,CITY AREA,CITIES TOWNS AND URBAN AREAS,47.97,7.93,B26,,,,,3.0,,3.0,VISUAL
14546,187741.0,1945-03-02,15,AUSTRIA,CITY AREA,CITIES TOWNS AND URBAN AREAS,48.13,14.88,B24,3.0,12.0,250.0,24.0,,,24.0,F.F.F.
14564,187742.0,1945-03-02,15,AUSTRIA,CITY AREA,CITIES TOWNS AND URBAN AREAS,47.07,15.43,B24,2.0,1.0,,2.0,,,2.0,NOT INDICATED
14844,187746.0,1945-03-02,8,GERMANY,UNIDENTIFIED TARGET,UNIDENTIFIED TARGETS,50.35,7.6,B17,2.0,1.0,,3.0,,,3.0,NOT INDICATED
14548,187761.0,1945-03-02,15,AUSTRIA,H GOERING BENZOL PLANT,OIL REFINERIES,48.3,14.3,B24,4.0,23.0,250.0,45.0,,,45.0,F.F.F.
14550,187762.0,1945-03-02,15,AUSTRIA,H GOERING BENZOL PLANT,OIL REFINERIES,48.3,14.3,B24,4.0,27.0,240.0,53.0,,,53.0,F.F.F.
14559,187773.0,1945-03-02,15,GERMANY,SCWARTZHEIDE SYN OIL,SYNTHETIC OIL REFINERIES,51.48,13.88,B17,4.0,12.0,205.0,29.0,,,29.0,H2X
14560,187774.0,1945-03-02,15,GERMANY,SCWARTZHEIDE SYN OIL,SYNTHETIC OIL REFINERIES,51.48,13.88,B17,4.0,12.0,205.0,29.0,,,29.0,H2X
14555,187775.0,1945-03-02,15,GERMANY,SCWARTZHEIDE SYN OIL,SYNTHETIC OIL REFINERIES,51.48,13.88,B17,3.0,37.0,230.0,87.0,,,87.0,H2X
14553,187777.0,1945-03-02,15,AUSTRIA,RR BRIDGE,BRIDGES,47.45,12.38,B24,2.0,1.0,230.0,2.0,,,2.0,F.F.F.
14551,187778.0,1945-03-02,15,AUSTRIA,MARSHALLING YARDS,"""RR INSTALLATIONS,  TRACKS,  MARSHALLING YARDS,  AND STATIONS""",47.22,14.82,B24,2.0,5.0,235.0,10.0,,,10.0,VISUAL
14552,187779.0,1945-03-02,15,AUSTRIA,MARSHALLING YARDS,"""RR INSTALLATIONS,  TRACKS,  MARSHALLING YARDS,  AND STATIONS""",46.83,12.77,B24,2.0,1.0,235.0,1.0,,,1.0,VISUAL
14570,187780.0,1945-03-02,12,AUSTRIA,MARSHALLING YARDS,"""RR INSTALLATIONS,  TRACKS,  MARSHALLING YARDS,  AND STATIONS""",48.3,14.3,B17,4.0,20.0,259.0,59.0,,,59.0,F.F.F.
14566,187781.0,1945-03-02,12,AUSTRIA,MARSHALLING YARDS,"""RR INSTALLATIONS,  TRACKS,  MARSHALLING YARDS,  AND STATIONS""",48.3,14.3,B17,4.0,21.0,295.0,58.0,,,58.0,F.F.F.
14581,187782.0,1945-03-02,12,AUSTRIA,MARSHALLING YARDS,"""RR INSTALLATIONS,  TRACKS,  MARSHALLING YARDS,  AND STATIONS""",48.3,14.3,B17,4.0,30.0,,89.0,,,89.0,NOT INDICATED
14568,187783.0,1945-03-02,12,AUSTRIA,MARSHALLING YARDS,"""RR INSTALLATIONS,  TRACKS,  MARSHALLING YARDS,  AND STATIONS""",48.3,14.3,B17,4.0,27.0,265.0,70.0,,,70.0,F.F.F.
14572,187784.0,1945-03-02,12,AUSTRIA,MARSHALLING YARDS,"""RR INSTALLATIONS,  TRACKS,  MARSHALLING YARDS,  AND STATIONS""",48.3,14.3,B17,4.0,27.0,248.0,79.0,,,79.0,F.F.F.
14579,187785.0,1945-03-02,12,AUSTRIA,MARSHALLING YARDS,"""RR INSTALLATIONS,  TRACKS,  MARSHALLING YARDS,  AND STATIONS""",48.3,14.3,B24,4.0,24.0,224.0,46.0,,,46.0,F.F.F.
14571,187786.0,1945-03-02,12,AUSTRIA,MARSHALLING YARDS,"""RR INSTALLATIONS,  TRACKS,  MARSHALLING YARDS,  AND STATIONS""",48.3,14.3,B24,4.0,26.0,250.0,50.0,,,50.0,F.F.F.
14574,187787.0,1945-03-02,12,AUSTRIA,MARSHALLING YARDS,"""RR INSTALLATIONS,  TRACKS,  MARSHALLING YARDS,  AND STATIONS""",48.3,14.3,B24,4.0,20.0,243.0,37.0,,,37.0,F.F.F.
14575,187788.0,1945-03-02,12,AUSTRIA,MARSHALLING YARDS,"""RR INSTALLATIONS,  TRACKS,  MARSHALLING YARDS,  AND STATIONS""",48.3,14.3,B24,4.0,23.0,240.0,46.0,,,46.0,F.F.F.
14573,187789.0,1945-03-02,12,AUSTRIA,MARSHALLING YARDS,"""RR INSTALLATIONS,  TRACKS,  MARSHALLING YARDS,  AND STATIONS""",48.3,14.3,B24,4.0,5.0,245.0,10.0,,,10.0,F.F.F.
14576,187790.0,1945-03-02,12,AUSTRIA,MARSHALLING YARDS,"""RR INSTALLATIONS,  TRACKS,  MARSHALLING YARDS,  AND STATIONS""",48.3,14.3,B24,4.0,20.0,235.0,40.0,,,40.0,F.F.F.
14580,187791.0,1945-03-02,12,AUSTRIA,MARSHALLING YARDS,"""RR INSTALLATIONS,  TRACKS,  MARSHALLING YARDS,  AND STATIONS""",48.3,14.3,B17,2.0,1.0,220.0,3.0,,,3.0,VISUAL
14577,187792.0,1945-03-02,12,AUSTRIA,MARSHALLING YARDS,"""RR INSTALLATIONS,  TRACKS,  MARSHALLING YARDS,  AND STATIONS""",48.3,14.3,B24,4.0,19.0,235.0,36.0,,,36.0,F.F.F.
14569,187793.0,1945-03-02,12,AUSTRIA,MARSHALLING YARDS,"""RR INSTALLATIONS,  TRACKS,  MARSHALLING YARDS,  AND STATIONS""",48.3,14.3,B24,4.0,25.0,260.0,40.0,,,40.0,F.F.F.
14578,187794.0,1945-03-02,12,AUSTRIA,MARSHALLING YARDS,"""RR INSTALLATIONS,  TRACKS,  MARSHALLING YARDS,  AND STATIONS""",48.3,14.3,B24,4.0,25.0,230.0,50.0,,,50.0,F.F.F.
14567,187795.0,1945-03-02,12,AUSTRIA,MARSHALLING YARDS,"""RR INSTALLATIONS,  TRACKS,  MARSHALLING YARDS,  AND STATIONS""",48.3,14.3,B17,4.0,24.0,280.0,68.0,,,68.0,F.F.F.
14851,187796.0,1945-03-02,8,AUSTRIA,MARSHALLING YARDS,"""RR INSTALLATIONS,  TRACKS,  MARSHALLING YARDS,  AND STATIONS""",48.22,13.5,B24,2.0,1.0,,2.0,,,2.0,F.F.F.
14542,187797.0,1945-03-02,15,AUSTRIA,MARSHALLING YARDS,"""RR INSTALLATIONS,  TRACKS,  MARSHALLING YARDS,  AND STATIONS""",48.22,15.63,B17,3.0,6.0,272.0,18.0,,,18.0,F.F.F.
14565,187799.0,1945-03-02,15,AUSTRIA,MARSHALLING YARDS,"""RR INSTALLATIONS,  TRACKS,  MARSHALLING YARDS,  AND STATIONS""",47.33,12.67,B17,2.0,1.0,,3.0,,,3.0,F.F.F.
14594,187800.0,1945-03-02,8,GERMANY,MARSHALLING YARD,"""RR INSTALLATIONS,  TRACKS,  MARSHALLING YARDS,  AND STATIONS""",50.87,12.95,B17,3.0,12.0,250.0,30.0,,,30.0,H2X
14599,187801.0,1945-03-02,8,GERMANY,MARSHALLING YARD,"""RR INSTALLATIONS,  TRACKS,  MARSHALLING YARDS,  AND STATIONS""",50.87,12.95,B17,3.0,12.0,245.0,30.0,,,30.0,H2X
14839,187802.0,1945-03-02,8,GERMANY,MARSHALLING YARD,"""RR INSTALLATIONS,  TRACKS,  MARSHALLING YARDS,  AND STATIONS""",50.87,12.95,B17,3.0,1.0,,2.0,,,2.0,NOT INDICATED
14586,187803.0,1945-03-02,8,GERMANY,MARSHALLING YARD,"""RR INSTALLATIONS,  TRACKS,  MARSHALLING YARDS,  AND STATIONS""",50.87,12.95,B17,3.0,13.0,266.0,29.0,,,29.0,H2X
14595,187804.0,1945-03-02,8,GERMANY,MARSHALLING YARD,"""RR INSTALLATIONS,  TRACKS,  MARSHALLING YARDS,  AND STATIONS""",50.87,12.95,B17,3.0,11.0,250.0,25.0,,,25.0,H2X
14582,187805.0,1945-03-02,8,GERMANY,MARSHALLING YARD,"""RR INSTALLATIONS,  TRACKS,  MARSHALLING YARDS,  AND STATIONS""",50.87,12.95,B17,3.0,12.0,270.0,27.0,,,27.0,H2X
14587,187806.0,1945-03-02,8,GERMANY,MARSHALLING YARD,"""RR INSTALLATIONS,  TRACKS,  MARSHALLING YARDS,  AND STATIONS""",50.87,12.95,B17,3.0,11.0,265.0,28.0,,,28.0,H2X
14589,187807.0,1945-03-02,8,GERMANY,MARSHALLING YARD,"""RR INSTALLATIONS,  TRACKS,  MARSHALLING YARDS,  AND STATIONS""",50.87,12.95,B17,3.0,12.0,261.0,30.0,,,30.0,H2X
14584,187808.0,1945-03-02,8,GERMANY,MARSHALLING YARD,"""RR INSTALLATIONS,  TRACKS,  MARSHALLING YARDS,  AND STATIONS""",50.87,12.95,B17,3.0,12.0,269.0,30.0,,,30.0,H2X
14596,187809.0,1945-03-02,8,GERMANY,MARSHALLING YARD,"""RR INSTALLATIONS,  TRACKS,  MARSHALLING YARDS,  AND STATIONS""",50.87,12.95,B17,3.0,12.0,250.0,30.0,,,30.0,VISUAL
14801,187810.0,1945-03-02,8,GERMANY,MARSHALLING YARD,"""RR INSTALLATIONS,  TRACKS,  MARSHALLING YARDS,  AND STATIONS""",50.87,12.95,B17,3.0,13.0,243.0,33.0,,,33.0,VISUAL
14590,187811.0,1945-03-02,8,GERMANY,MARSHALLING YARD,"""RR INSTALLATIONS,  TRACKS,  MARSHALLING YARDS,  AND STATIONS""",50.87,12.95,B17,3.0,13.0,257.0,33.0,,,33.0,VISUAL
14585,187812.0,1945-03-02,8,GERMANY,MARSHALLING YARD,"""RR INSTALLATIONS,  TRACKS,  MARSHALLING YARDS,  AND STATIONS""",50.87,12.95,B17,3.0,12.0,268.0,27.0,,,27.0,H2X
14592,187813.0,1945-03-02,8,GERMANY,MARSHALLING YARD,"""RR INSTALLATIONS,  TRACKS,  MARSHALLING YARDS,  AND STATIONS""",50.87,12.95,B17,3.0,12.0,255.0,27.0,,,27.0,H2X
14583,187814.0,1945-03-02,8,GERMANY,MARSHALLING YARD,"""RR INSTALLATIONS,  TRACKS,  MARSHALLING YARDS,  AND STATIONS""",50.87,12.95,B17,3.0,13.0,270.0,27.0,,,27.0,H2X
14588,187815.0,1945-03-02,8,GERMANY,MARSHALLING YARD,"""RR INSTALLATIONS,  TRACKS,  MARSHALLING YARDS,  AND STATIONS""",50.87,12.95,B17,3.0,12.0,265.0,27.0,,,27.0,H2X
14597,187816.0,1945-03-02,8,GERMANY,MARSHALLING YARD,"""RR INSTALLATIONS,  TRACKS,  MARSHALLING YARDS,  AND STATIONS""",50.87,12.95,B17,3.0,11.0,250.0,25.0,,,25.0,H2X
14802,187817.0,1945-03-02,8,GERMANY,MARSHALLING YARD,"""RR INSTALLATIONS,  TRACKS,  MARSHALLING YARDS,  AND STATIONS""",50.87,12.95,B17,3.0,11.0,242.0,28.0,,,28.0,H2X
14593,187818.0,1945-03-02,8,GERMANY,MARSHALLING YARD,"""RR INSTALLATIONS,  TRACKS,  MARSHALLING YARDS,  AND STATIONS""",50.87,12.95,B17,3.0,11.0,253.0,28.0,,,28.0,H2X
14598,187819.0,1945-03-02,8,GERMANY,MARSHALLING YARD,"""RR INSTALLATIONS,  TRACKS,  MARSHALLING YARDS,  AND STATIONS""",50.87,12.95,B17,3.0,12.0,250.0,30.0,,,30.0,H2X
14600,187820.0,1945-03-02,8,GERMANY,MARSHALLING YARD,"""RR INSTALLATIONS,  TRACKS,  MARSHALLING YARDS,  AND STATIONS""",50.87,12.95,B17,3.0,11.0,244.0,25.0,,,25.0,H2X
14591,187821.0,1945-03-02,8,GERMANY,MARSHALLING YARD,"""RR INSTALLATIONS,  TRACKS,  MARSHALLING YARDS,  AND STATIONS""",50.87,12.95,B17,3.0,12.0,256.0,27.0,,,27.0,H2X
14803,187822.0,1945-03-02,8,GERMANY,RR CENTER,"""RR INSTALLATIONS,  TRACKS,  MARSHALLING YARDS,  AND STATIONS""",51.05,13.75,B17,3.0,37.0,240.0,92.0,,,92.0,H2X
14810,187823.0,1945-03-02,8,GERMANY,RR CENTER,"""RR INSTALLATIONS,  TRACKS,  MARSHALLING YARDS,  AND STATIONS""",51.05,13.75,B17,3.0,38.0,200.0,73.0,38.0,,111.0,H2X
14809,187824.0,1945-03-02,8,GERMANY,RR CENTER,"""RR INSTALLATIONS,  TRACKS,  MARSHALLING YARDS,  AND STATIONS""",51.05,13.75,B17,3.0,13.0,210.0,31.0,,,31.0,H2X
14846,187825.0,1945-03-02,8,GERMANY,RR CENTER,"""RR INSTALLATIONS,  TRACKS,  MARSHALLING YARDS,  AND STATIONS""",51.05,13.75,B17,3.0,,,42.0,,,42.0,NOT INDICATED
14808,187826.0,1945-03-02,8,GERMANY,RR CENTER,"""RR INSTALLATIONS,  TRACKS,  MARSHALLING YARDS,  AND STATIONS""",51.05,13.75,B17,3.0,31.0,219.0,42.0,,,42.0,H2X
14804,187827.0,1945-03-02,8,GERMANY,RR CENTER,"""RR INSTALLATIONS,  TRACKS,  MARSHALLING YARDS,  AND STATIONS""",51.05,13.75,B17,3.0,38.0,230.0,93.0,,,93.0,H2X
14807,187828.0,1945-03-02,8,GERMANY,RR CENTER,"""RR INSTALLATIONS,  TRACKS,  MARSHALLING YARDS,  AND STATIONS""",51.05,13.75,B17,3.0,35.0,224.0,87.0,,,87.0,H2X
14806,187829.0,1945-03-02,8,GERMANY,RR CENTER,"""RR INSTALLATIONS,  TRACKS,  MARSHALLING YARDS,  AND STATIONS""",51.05,13.75,B17,3.0,35.0,228.0,84.0,,,84.0,H2X
14815,187830.0,1945-03-02,8,GERMANY,RR CENTER,"""RR INSTALLATIONS,  TRACKS,  MARSHALLING YARDS,  AND STATIONS""",51.05,13.75,B17,3.0,36.0,190.0,72.0,36.0,,108.0,H2X
14811,187831.0,1945-03-02,8,GERMANY,RR CENTER,"""RR INSTALLATIONS,  TRACKS,  MARSHALLING YARDS,  AND STATIONS""",51.05,13.75,B17,3.0,33.0,200.0,66.0,33.0,,99.0,H2X
14812,187832.0,1945-03-02,8,GERMANY,RR CENTER,"""RR INSTALLATIONS,  TRACKS,  MARSHALLING YARDS,  AND STATIONS""",51.05,13.75,B17,3.0,34.0,200.0,68.0,34.0,,102.0,H2X
14805,187833.0,1945-03-02,8,GERMANY,RR CENTER,"""RR INSTALLATIONS,  TRACKS,  MARSHALLING YARDS,  AND STATIONS""",51.05,13.75,B17,3.0,36.0,230.0,84.0,,,95.0,H2X
14556,187834.0,1945-03-02,15,GERMANY,MARSHALLING YARD,"""RR INSTALLATIONS,  TRACKS,  MARSHALLING YARDS,  AND STATIONS""",48.23,12.53,B24,2.0,1.0,214.0,2.0,,,2.0,F.F.F.
14823,217152.0,1945-03-02,8,GERMANY,BDGE,BRIDGES,49.9,7.08,A26,,,120.0,6.0,,,6.0,VISUAL
14830,217153.0,1945-03-02,8,GERMANY,BDGE,BRIDGES,49.9,7.08,A20,,,,1.0,,,1.0,VISUAL
14825,217154.0,1945-03-02,8,GERMANY,BRIDGE,BRIDGES,50.05,7.13,A26,,,120.0,8.0,,,8.0,VISUAL
14838,217155.0,1945-03-02,8,GERMANY,BRIDGE,BRIDGES,50.05,7.13,A20,,,,1.0,,,1.0,VISUAL
14827,217158.0,1945-03-02,8,GERMANY,BRIDGE,BRIDGES,51.2,6.85,B26,,,120.0,5.0,,,5.0,VISUAL
14817,217159.0,1945-03-02,8,GERMANY,BRIDGE,BRIDGES,51.2,6.85,B26,,,131.0,1.0,,,1.0,VISUAL
14821,217160.0,1945-03-02,8,GERMANY,BRIDGE,BRIDGES,51.2,6.85,B26,,,128.0,27.0,,,27.0,VISUAL
14828,217190.0,1945-03-02,8,GERMANY,ORD DEPOT,SUPPLY DUMPS AND WAREHOUSES,50.6,8.68,B26,,,13.0,52.0,,,52.0,VISUAL
14819,217192.0,1945-03-02,8,GERMANY,ORD DEPOT,SUPPLY DUMPS AND WAREHOUSES,50.6,8.68,B26,,,130.0,52.0,,,52.0,VISUAL
16139,117767.0,1945-03-03,8,GERMANY,ROAD JCT,HIGHWAYS AND VEHICLES,50.72,6.92,A20,,,136.0,54.0,,,54.0,VISUAL
16117,117786.0,1945-03-03,15,GERMANY,SCWARTZHEIDE SYN OIL,SYNTHETIC OIL REFINERIES,51.48,13.88,B17,4.0,12.0,239.0,30.0,,,30.0,VISUAL
16115,117787.0,1945-03-03,15,GERMANY,SCWARTZHEIDE SYN OIL,SYNTHETIC OIL REFINERIES,51.48,13.88,B17,4.0,11.0,275.0,28.0,,,28.0,VISUAL
16141,117803.0,1945-03-03,8,GERMANY,ORD DEPOT,SUPPLY DUMPS AND WAREHOUSES,50.6,8.68,A26,,,13.0,54.0,,,54.0,VISUAL
16153,117844.0,1945-03-03,8,GERMANY,UNIDENTIFIED TARGET,UNIDENTIFIED TARGETS,50.35,8.2,B17,2.0,1.0,,3.0,,,3.0,NOT INDICATED
16133,117854.0,1945-03-03,8,GERMANY,UNIDENTIFIED TARGET,UNIDENTIFIED TARGETS,50.48,12.13,B17,2.0,6.0,240.0,15.0,,,15.0,VISUAL
16154,187855.0,1945-03-03,8,GERMANY,UNIDENTIFIED TARGET,UNIDENTIFIED TARGETS,50.35,8.2,B17,2.0,1.0,,3.0,,,3.0,NOT INDICATED
16134,187863.0,1945-03-03,8,GERMANY,UNIDENTIFIED TARGET,UNIDENTIFIED TARGETS,50.48,12.13,B17,2.0,6.0,240.0,15.0,,,15.0,VISUAL
16155,187903.0,1945-03-03,8,GERMANY,UNIDENTIFIED TARGET,UNIDENTIFIED TARGETS,50.35,8.2,B17,2.0,1.0,,3.0,,,3.0,NOT INDICATED
16135,187911.0,1945-03-03,8,GERMANY,UNIDENTIFIED TARGET,UNIDENTIFIED TARGETS,50.48,12.13,B17,2.0,6.0,240.0,15.0,,,15.0,VISUAL
16118,187968.0,1945-03-03,15,GERMANY,SCWARTZHEIDE SYN OIL,SYNTHETIC OIL REFINERIES,51.48,13.88,B17,4.0,12.0,239.0,30.0,,,30.0,VISUAL
16116,187969.0,1945-03-03,15,GERMANY,SCWARTZHEIDE SYN OIL,SYNTHETIC OIL REFINERIES,51.48,13.88,B17,4.0,11.0,275.0,28.0,,,28.0,VISUAL
16144,187972.0,1945-03-03,8,GERMANY,MARSHALLING YARD,"""RR INSTALLATIONS,  TRACKS,  MARSHALLING YARDS,  AND STATIONS""",52.03,8.53,B24,3.0,1.0,,3.0,,,3.0,NOT INDICATED
16145,187973.0,1945-03-03,8,GERMANY,MARSHALLING YARD,"""RR INSTALLATIONS,  TRACKS,  MARSHALLING YARDS,  AND STATIONS""",52.03,8.53,B24,3.0,6.0,,17.0,,,17.0,VISUAL
16146,187974.0,1945-03-03,8,GERMANY,MARSHALLING YARD,"""RR INSTALLATIONS,  TRACKS,  MARSHALLING YARDS,  AND STATIONS""",52.03,8.53,B24,3.0,8.0,,23.0,,,23.0,VISUAL
16147,187975.0,1945-03-03,8,GERMANY,MARSHALLING YARD,"""RR INSTALLATIONS,  TRACKS,  MARSHALLING YARDS,  AND STATIONS""",52.03,8.53,B24,3.0,,,1.0,,,1.0,NOT INDICATED
16148,187976.0,1945-03-03,8,GERMANY,MARSHALLING YARD,"""RR INSTALLATIONS,  TRACKS,  MARSHALLING YARDS,  AND STATIONS""",52.03,8.53,B24,3.0,12.0,,32.0,,,32.0,VISUAL
16138,187977.0,1945-03-03,8,GERMANY,MARSHALLING YARD,"""RR INSTALLATIONS,  TRACKS,  MARSHALLING YARDS,  AND STATIONS""",52.03,8.53,B17,1.0,11.0,193.0,39.0,,,39.0,H2X
16149,187978.0,1945-03-03,8,GERMANY,MARSHALLING YARD,"""RR INSTALLATIONS,  TRACKS,  MARSHALLING YARDS,  AND STATIONS""",52.03,8.53,B17,1.0,2.0,,7.0,,,7.0,NOT INDICATED
16150,187979.0,1945-03-03,8,GERMANY,MARSHALLING YARD,"""RR INSTALLATIONS,  TRACKS,  MARSHALLING YARDS,  AND STATIONS""",52.03,8.53,B17,1.0,2.0,,6.0,,,6.0,NOT INDICATED
16137,187980.0,1945-03-03,8,GERMANY,MARSHALLING YARD,"""RR INSTALLATIONS,  TRACKS,  MARSHALLING YARDS,  AND STATIONS""",52.03,8.53,B17,1.0,6.0,225.0,11.0,9.0,,20.0,H2X
16151,187981.0,1945-03-03,8,GERMANY,MARSHALLING YARD,"""RR INSTALLATIONS,  TRACKS,  MARSHALLING YARDS,  AND STATIONS""",52.03,8.53,B17,1.0,1.0,,2.0,2.0,,4.0,NOT INDICATED
16152,187982.0,1945-03-03,8,GERMANY,MARSHALLING YARD,"""RR INSTALLATIONS,  TRACKS,  MARSHALLING YARDS,  AND STATIONS""",52.03,8.53,B17,1.0,1.0,,2.0,2.0,,4.0,NOT INDICATED
16129,187983.0,1945-03-03,8,GERMANY,MARSHALLING YARD,"""RR INSTALLATIONS,  TRACKS,  MARSHALLING YARDS,  AND STATIONS""",50.87,12.95,B17,3.0,12.0,250.0,30.0,,,30.0,H2X
16130,187984.0,1945-03-03,8,GERMANY,MARSHALLING YARD,"""RR INSTALLATIONS,  TRACKS,  MARSHALLING YARDS,  AND STATIONS""",50.87,12.95,B17,3.0,12.0,245.0,30.0,,,30.0,H2X
16127,187985.0,1945-03-03,8,GERMANY,MARSHALLING YARD,"""RR INSTALLATIONS,  TRACKS,  MARSHALLING YARDS,  AND STATIONS""",50.87,12.95,B17,3.0,12.0,255.0,30.0,,,30.0,H2X
16136,187986.0,1945-03-03,8,GERMANY,MARSHALLING YARD,"""RR INSTALLATIONS,  TRACKS,  MARSHALLING YARDS,  AND STATIONS""",50.87,12.95,B17,3.0,10.0,231.0,25.0,,,25.0,H2X
16132,187987.0,1945-03-03,8,GERMANY,MARSHALLING YARD,"""RR INSTALLATIONS,  TRACKS,  MARSHALLING YARDS,  AND STATIONS""",50.87,12.95,B17,3.0,12.0,243.0,30.0,,,30.0,H2X
16123,187988.0,1945-03-03,8,GERMANY,MARSHALLING YARD,"""RR INSTALLATIONS,  TRACKS,  MARSHALLING YARDS,  AND STATIONS""",50.87,12.95,B17,3.0,12.0,265.0,27.0,,,27.0,H2X
16125,187989.0,1945-03-03,8,GERMANY,MARSHALLING YARD,"""RR INSTALLATIONS,  TRACKS,  MARSHALLING YARDS,  AND STATIONS""",50.87,12.95,B17,3.0,13.0,260.0,29.0,,,29.0,H2X
16122,187990.0,1945-03-03,8,GERMANY,MARSHALLING YARD,"""RR INSTALLATIONS,  TRACKS,  MARSHALLING YARDS,  AND STATIONS""",50.87,12.95,B17,3.0,12.0,270.0,27.0,,,27.0,H2X
16124,187991.0,1945-03-03,8,GERMANY,MARSHALLING YARD,"""RR INSTALLATIONS,  TRACKS,  MARSHALLING YARDS,  AND STATIONS""",50.87,12.95,B17,3.0,12.0,265.0,30.0,,,30.0,H2X
16156,187992.0,1945-03-03,8,GERMANY,MARSHALLING YARD,"""RR INSTALLATIONS,  TRACKS,  MARSHALLING YARDS,  AND STATIONS""",50.87,12.95,B17,3.0,,,5.0,,,5.0,NOT INDICATED
16128,187993.0,1945-03-03,8,GERMANY,MARSHALLING YARD,"""RR INSTALLATIONS,  TRACKS,  MARSHALLING YARDS,  AND STATIONS""",50.87,12.95,B17,3.0,12.0,252.0,23.0,,,23.0,H2X
16121,187994.0,1945-03-03,8,GERMANY,MARSHALLING YARD,"""RR INSTALLATIONS,  TRACKS,  MARSHALLING YARDS,  AND STATIONS""",50.87,12.95,B17,3.0,11.0,277.0,27.0,,,27.0,H2X
16131,187995.0,1945-03-03,8,GERMANY,MARSHALLING YARD,"""RR INSTALLATIONS,  TRACKS,  MARSHALLING YARDS,  AND STATIONS""",50.87,12.95,B17,3.0,12.0,244.0,30.0,,,30.0,H2X
16126,187996.0,1945-03-03,8,GERMANY,MARSHALLING YARD,"""RR INSTALLATIONS,  TRACKS,  MARSHALLING YARDS,  AND STATIONS""",50.87,12.95,B17,3.0,12.0,256.0,30.0,,,30.0,H2X
16157,187998.0,1945-03-03,8,GERMANY,MARSHALLING YARD,"""RR INSTALLATIONS,  TRACKS,  MARSHALLING YARDS,  AND STATIONS""",48.68,12.68,B24,,,,,,,,NOT INDICATED
16140,217220.0,1945-03-03,8,GERMANY,ROAD JCT,HIGHWAYS AND VEHICLES,50.72,6.92,A20,,,136.0,54.0,,,54.0,VISUAL
16142,217263.0,1945-03-03,8,GERMANY,ORD DEPOT,SUPPLY DUMPS AND WAREHOUSES,50.6,8.68,A26,,,13.0,54.0,,,54.0,VISUAL
16143,217264.0,1945-03-03,8,GERMANY,ORD DEPOT,SUPPLY DUMPS AND WAREHOUSES,50.6,8.68,A26,,,13.0,54.0,,,54.0,VISUAL
16119,217271.0,1945-03-03,12,SWITZERLAND,UNIDENTIFIED TARGET,UNIDENTIFIED TARGETS,46.55,9.63,A20,4.0,1.0,60.0,,,1.0,1.0,NOT INDICATED
16120,298671.0,1945-03-03,12,SWITZERLAND,UNIDENTIFIED TARGET,UNIDENTIFIED TARGETS,46.55,9.63,A20,4.0,1.0,60.0,,,1.0,1.0,NOT INDICATED
17393,117878.0,1945-03-04,8,GERMANY,BRIDGE,BRIDGES,50.05,7.13,A20,,,135.0,8.0,,,8.0,INSTRUMENT-GENERAL
17394,117879.0,1945-03-04,8,GERMANY,BRIDGE,BRIDGES,50.05,7.13,A20,,,135.0,11.0,,,11.0,GEE
17397,117882.0,1945-03-04,8,GERMANY,MARSHALLING YARD,"""RR INSTALLATIONS,  TRACKS,  MARSHALLING YARDS,  AND STATIONS""",51.68,7.13,A26,,,135.0,21.0,,,21.0,VISUAL
17398,117883.0,1945-03-04,8,GERMANY,MARSHALLING YARD,"""RR INSTALLATIONS,  TRACKS,  MARSHALLING YARDS,  AND STATIONS""",51.68,7.13,A26,,,135.0,29.0,,,29.0,VISUAL
17399,117884.0,1945-03-04,8,GERMANY,MARSHALLING YARD,"""RR INSTALLATIONS,  TRACKS,  MARSHALLING YARDS,  AND STATIONS""",51.68,7.13,A20,,,135.0,5.0,,,5.0,VISUAL
17605,117953.0,1945-03-04,8,GERMANY,CITY AREA,CITIES TOWNS AND URBAN AREAS,51.83,6.87,B26,,,12.0,6.0,,,6.0,VISUAL
17608,117958.0,1945-03-04,8,GERMANY,UNIDENTIFIED TARGET,UNIDENTIFIED TARGETS,50.0,9.17,B24,2.0,1.0,,,3.0,,3.0,NOT INDICATED
17603,117966.0,1945-03-04,8,GERMANY,CITY AREA,CITIES TOWNS AND URBAN AREAS,51.83,6.87,B26,,,120.0,6.0,,,6.0,VISUAL
17609,188017.0,1945-03-04,8,GERMANY,UNIDENTIFIED TARGET,UNIDENTIFIED TARGETS,50.0,9.17,B24,2.0,1.0,,,3.0,,3.0,NOT INDICATED
17385,188026.0,1945-03-04,15,GERMANY,UNIDENTIFIED TARGETS,UNIDENTIFIED TARGETS,42.33,18.33,B24,2.0,1.0,,3.0,,,3.0,NOT INDICATED
17606,188035.0,1945-03-04,8,GERMANY,CITY AREA,CITIES TOWNS AND URBAN AREAS,51.83,6.87,B26,,,12.0,6.0,,,6.0,VISUAL
17604,188042.0,1945-03-04,8,GERMANY,CITY AREA,CITIES TOWNS AND URBAN AREAS,51.83,6.87,B26,,,120.0,6.0,,,6.0,VISUAL
17607,188050.0,1945-03-04,8,GERMANY,UNIDENTIFIED TARGET,UNIDENTIFIED TARGETS,50.0,9.17,B24,2.0,1.0,,,3.0,,3.0,NOT INDICATED
17386,188060.0,1945-03-04,15,GERMANY,UNIDENTIFIED TARGETS,UNIDENTIFIED TARGETS,42.33,18.33,B24,2.0,1.0,,3.0,,,3.0,NOT INDICATED
17380,188094.0,1945-03-04,15,AUSTRIA,MARSHALLING YARDS,"""RR INSTALLATIONS,  TRACKS,  MARSHALLING YARDS,  AND STATIONS""",47.03,16.08,B17,2.0,1.0,240.0,3.0,,,3.0,VISUAL
17383,188099.0,1945-03-04,15,AUSTRIA,MARSHALLING YARDS,"""RR INSTALLATIONS,  TRACKS,  MARSHALLING YARDS,  AND STATIONS""",47.22,14.82,B17,3.0,10.0,,30.0,,,30.0,VISUAL
17379,188100.0,1945-03-04,15,AUSTRIA,MARSHALLING YARDS,"""RR INSTALLATIONS,  TRACKS,  MARSHALLING YARDS,  AND STATIONS""",47.22,14.82,B17,3.0,19.0,248.0,55.0,,,55.0,F.F.F.
17381,188101.0,1945-03-04,15,AUSTRIA,MARSHALLING YARDS,"""RR INSTALLATIONS,  TRACKS,  MARSHALLING YARDS,  AND STATIONS""",46.75,14.37,B24,3.0,17.0,230.0,42.0,,,42.0,VISUAL
17382,188102.0,1945-03-04,15,AUSTRIA,MARSHALLING YARDS,"""RR INSTALLATIONS,  TRACKS,  MARSHALLING YARDS,  AND STATIONS""",46.75,14.37,B24,3.0,5.0,190.0,8.0,,,8.0,VISUAL
17384,188103.0,1945-03-04,15,AUSTRIA,MARSHALLING YARDS,"""RR INSTALLATIONS,  TRACKS,  MARSHALLING YARDS,  AND STATIONS""",46.75,14.37,B24,3.0,18.0,,35.0,,,35.0,VISUAL
17395,217294.0,1945-03-04,8,GERMANY,BRIDGE,BRIDGES,50.05,7.13,A20,,,135.0,8.0,,,8.0,INSTRUMENT-GENERAL
17396,217295.0,1945-03-04,8,GERMANY,BRIDGE,BRIDGES,50.05,7.13,A20,,,135.0,11.0,,,11.0,GEE
17400,217296.0,1945-03-04,8,GERMANY,MARSHALLING YARD,"""RR INSTALLATIONS,  TRACKS,  MARSHALLING YARDS,  AND STATIONS""",51.68,7.13,A26,,,135.0,21.0,,,21.0,VISUAL
17601,217297.0,1945-03-04,8,GERMANY,MARSHALLING YARD,"""RR INSTALLATIONS,  TRACKS,  MARSHALLING YARDS,  AND STATIONS""",51.68,7.13,A26,,,135.0,29.0,,,29.0,VISUAL
17602,217298.0,1945-03-04,8,GERMANY,MARSHALLING YARD,"""RR INSTALLATIONS,  TRACKS,  MARSHALLING YARDS,  AND STATIONS""",51.68,7.13,A20,,,135.0,5.0,,,5.0,VISUAL
18896,117979.0,1945-03-05,8,GERMANY,MARSHALLING YARD,"""RR INSTALLATIONS,  TRACKS,  MARSHALLING YARDS,  AND STATIONS""",51.12,8.1,B26,,,125.0,2.0,,,2.0,VISUAL
19106,117980.0,1945-03-05,8,GERMANY,MARSHALLING YARD,"""RR INSTALLATIONS,  TRACKS,  MARSHALLING YARDS,  AND STATIONS""",51.12,8.1,B26,,,115.0,2.0,,,2.0,VISUAL
19104,117981.0,1945-03-05,8,GERMANY,MARSHALLING YARD,"""RR INSTALLATIONS,  TRACKS,  MARSHALLING YARDS,  AND STATIONS""",51.12,8.1,B26,,,117.0,60.0,,,60.0,VISUAL
19110,117982.0,1945-03-05,8,GERMANY,MARSHALLING YARD,"""RR INSTALLATIONS,  TRACKS,  MARSHALLING YARDS,  AND STATIONS""",51.12,8.1,B26,,,110.0,54.0,,,54.0,VISUAL
19102,117983.0,1945-03-05,8,GERMANY,MARSHALLING YARDS,"""RR INSTALLATIONS,  TRACKS,  MARSHALLING YARDS,  AND STATIONS""",51.37,8.4,A26,,,120.0,,,41.0,41.0,VISUAL
18898,117984.0,1945-03-05,8,GERMANY,MARSHALLING YARD,"""RR INSTALLATIONS,  TRACKS,  MARSHALLING YARDS,  AND STATIONS""",49.97,7.9,B26,,,125.0,2.0,,,2.0,VISUAL
19108,117985.0,1945-03-05,8,GERMANY,MARSHALLING YARD,"""RR INSTALLATIONS,  TRACKS,  MARSHALLING YARDS,  AND STATIONS""",49.97,7.9,B26,,,112.0,58.0,,,58.0,GEE
18899,117986.0,1945-03-05,8,GERMANY,MARSHALLING YARD,"""RR INSTALLATIONS,  TRACKS,  MARSHALLING YARDS,  AND STATIONS""",49.97,7.9,A26,,,125.0,57.0,,,57.0,VISUAL
19117,118014.0,1945-03-05,8,GERMANY,UNIDENTIFIED TARGET,UNIDENTIFIED TARGETS,53.82,9.26,B17,2.0,1.0,,2.0,,,2.0,NOT INDICATED
18886,118015.0,1945-03-05,8,GERMANY,UNIDENTIFIED TARGET,UNIDENTIFIED TARGETS,50.55,9.67,B17,2.0,9.0,223.0,23.0,,,23.0,H2X
19120,118016.0,1945-03-05,8,GERMANY,UNIDENTIFIED TARGET,UNIDENTIFIED TARGETS,50.55,9.67,B17,1.0,3.0,,8.0,,,8.0,NOT INDICATED
18847,118019.0,1945-03-05,8,GERMANY,CITY AREA,CITIES TOWNS AND URBAN AREAS,50.87,12.95,B17,3.0,13.0,280.0,29.0,,,29.0,H2X
18853,118020.0,1945-03-05,8,GERMANY,CITY AREA,CITIES TOWNS AND URBAN AREAS,50.87,12.95,B17,3.0,11.0,274.0,28.0,,,28.0,H2X
18844,118021.0,1945-03-05,8,GERMANY,CITY AREA,CITIES TOWNS AND URBAN AREAS,50.87,12.95,B17,3.0,11.0,282.0,25.0,,,25.0,H2X
18882,118022.0,1945-03-05,8,GERMANY,CITY AREA,CITIES TOWNS AND URBAN AREAS,50.87,12.95,B17,3.0,12.0,235.0,27.0,1.0,,28.0,H2X
18879,118023.0,1945-03-05,8,GERMANY,CITY AREA,CITIES TOWNS AND URBAN AREAS,50.87,12.95,B17,3.0,13.0,243.0,29.0,1.0,,30.0,H2X
18864,118024.0,1945-03-05,8,GERMANY,CITY AREA,CITIES TOWNS AND URBAN AREAS,50.87,12.95,B17,3.0,12.0,261.0,27.0,,,27.0,H2X
18872,118025.0,1945-03-05,8,GERMANY,CITY AREA,CITIES TOWNS AND URBAN AREAS,50.87,12.95,B17,3.0,13.0,254.0,33.0,,,33.0,H2X
18856,118026.0,1945-03-05,8,GERMANY,CITY AREA,CITIES TOWNS AND URBAN AREAS,50.87,12.95,B17,3.0,12.0,269.0,30.0,,,30.0,H2X
18859,118027.0,1945-03-05,8,GERMANY,CITY AREA,CITIES TOWNS AND URBAN AREAS,50.87,12.95,B17,3.0,12.0,265.0,30.0,,,30.0,H2X
18869,118028.0,1945-03-05,8,GERMANY,CITY AREA,CITIES TOWNS AND URBAN AREAS,50.87,12.95,B17,3.0,9.0,259.0,23.0,,,23.0,H2X
18848,118029.0,1945-03-05,8,GERMANY,CITY AREA,CITIES TOWNS AND URBAN AREAS,50.87,12.95,B17,3.0,10.0,280.0,25.0,,,25.0,H2X
19118,188155.0,1945-03-05,8,GERMANY,UNIDENTIFIED TARGET,UNIDENTIFIED TARGETS,53.82,9.26,B17,2.0,1.0,,2.0,,,2.0,NOT INDICATED
18887,188156.0,1945-03-05,8,GERMANY,UNIDENTIFIED TARGET,UNIDENTIFIED TARGETS,50.55,9.67,B17,2.0,9.0,223.0,23.0,,,23.0,H2X
19121,188157.0,1945-03-05,8,GERMANY,UNIDENTIFIED TARGET,UNIDENTIFIED TARGETS,50.55,9.67,B17,1.0,3.0,,8.0,,,8.0,NOT INDICATED
18849,188159.0,1945-03-05,8,GERMANY,CITY AREA,CITIES TOWNS AND URBAN AREAS,50.87,12.95,B17,3.0,13.0,280.0,29.0,,,29.0,H2X
18854,188160.0,1945-03-05,8,GERMANY,CITY AREA,CITIES TOWNS AND URBAN AREAS,50.87,12.95,B17,3.0,11.0,274.0,28.0,,,28.0,H2X
18845,188161.0,1945-03-05,8,GERMANY,CITY AREA,CITIES TOWNS AND URBAN AREAS,50.87,12.95,B17,3.0,11.0,282.0,25.0,,,25.0,H2X
18883,188162.0,1945-03-05,8,GERMANY,CITY AREA,CITIES TOWNS AND URBAN AREAS,50.87,12.95,B17,3.0,12.0,235.0,27.0,1.0,,28.0,H2X
18880,188163.0,1945-03-05,8,GERMANY,CITY AREA,CITIES TOWNS AND URBAN AREAS,50.87,12.95,B17,3.0,13.0,243.0,29.0,1.0,,30.0,H2X
18865,188164.0,1945-03-05,8,GERMANY,CITY AREA,CITIES TOWNS AND URBAN AREAS,50.87,12.95,B17,3.0,12.0,261.0,27.0,,,27.0,H2X
18873,188165.0,1945-03-05,8,GERMANY,CITY AREA,CITIES TOWNS AND URBAN AREAS,50.87,12.95,B17,3.0,13.0,254.0,33.0,,,33.0,H2X
18857,188166.0,1945-03-05,8,GERMANY,CITY AREA,CITIES TOWNS AND URBAN AREAS,50.87,12.95,B17,3.0,12.0,269.0,30.0,,,30.0,H2X
18860,188167.0,1945-03-05,8,GERMANY,CITY AREA,CITIES TOWNS AND URBAN AREAS,50.87,12.95,B17,3.0,12.0,265.0,30.0,,,30.0,H2X
18870,188168.0,1945-03-05,8,GERMANY,CITY AREA,CITIES TOWNS AND URBAN AREAS,50.87,12.95,B17,3.0,9.0,259.0,23.0,,,23.0,H2X
18850,188169.0,1945-03-05,8,GERMANY,CITY AREA,CITIES TOWNS AND URBAN AREAS,50.87,12.95,B17,3.0,10.0,280.0,25.0,,,25.0,H2X
18851,188174.0,1945-03-05,8,GERMANY,CITY AREA,CITIES TOWNS AND URBAN AREAS,50.87,12.95,B17,3.0,13.0,280.0,29.0,,,29.0,H2X
18855,188175.0,1945-03-05,8,GERMANY,CITY AREA,CITIES TOWNS AND URBAN AREAS,50.87,12.95,B17,3.0,11.0,274.0,28.0,,,28.0,H2X
18846,188176.0,1945-03-05,8,GERMANY,CITY AREA,CITIES TOWNS AND URBAN AREAS,50.87,12.95,B17,3.0,11.0,282.0,25.0,,,25.0,H2X
18884,188177.0,1945-03-05,8,GERMANY,CITY AREA,CITIES TOWNS AND URBAN AREAS,50.87,12.95,B17,3.0,12.0,235.0,27.0,1.0,,28.0,H2X
18881,188178.0,1945-03-05,8,GERMANY,CITY AREA,CITIES TOWNS AND URBAN AREAS,50.87,12.95,B17,3.0,13.0,243.0,29.0,1.0,,30.0,H2X
18866,188179.0,1945-03-05,8,GERMANY,CITY AREA,CITIES TOWNS AND URBAN AREAS,50.87,12.95,B17,3.0,12.0,261.0,27.0,,,27.0,H2X
18874,188180.0,1945-03-05,8,GERMANY,CITY AREA,CITIES TOWNS AND URBAN AREAS,50.87,12.95,B17,3.0,13.0,254.0,33.0,,,33.0,H2X
18858,188181.0,1945-03-05,8,GERMANY,CITY AREA,CITIES TOWNS AND URBAN AREAS,50.87,12.95,B17,3.0,12.0,269.0,30.0,,,30.0,H2X
18861,188182.0,1945-03-05,8,GERMANY,CITY AREA,CITIES TOWNS AND URBAN AREAS,50.87,12.95,B17,3.0,12.0,265.0,30.0,,,30.0,H2X
18871,188183.0,1945-03-05,8,GERMANY,CITY AREA,CITIES TOWNS AND URBAN AREAS,50.87,12.95,B17,3.0,9.0,259.0,23.0,,,23.0,H2X
18852,188184.0,1945-03-05,8,GERMANY,CITY AREA,CITIES TOWNS AND URBAN AREAS,50.87,12.95,B17,3.0,10.0,280.0,25.0,,,25.0,H2X
19119,188186.0,1945-03-05,8,GERMANY,UNIDENTIFIED TARGET,UNIDENTIFIED TARGETS,53.82,9.26,B17,2.0,1.0,,2.0,,,2.0,NOT INDICATED
18888,188187.0,1945-03-05,8,GERMANY,UNIDENTIFIED TARGET,UNIDENTIFIED TARGETS,50.55,9.67,B17,2.0,9.0,223.0,23.0,,,23.0,H2X
19122,188188.0,1945-03-05,8,GERMANY,UNIDENTIFIED TARGET,UNIDENTIFIED TARGETS,50.55,9.67,B17,1.0,3.0,,8.0,,,8.0,NOT INDICATED
18875,188199.0,1945-03-05,8,GERMANY,MARSHALLING YARD,"""RR INSTALLATIONS,  TRACKS,  MARSHALLING YARDS,  AND STATIONS""",50.87,12.95,B17,1.0,12.0,250.0,30.0,,,30.0,H2X
18867,188200.0,1945-03-05,8,GERMANY,MARSHALLING YARD,"""RR INSTALLATIONS,  TRACKS,  MARSHALLING YARDS,  AND STATIONS""",50.87,12.95,B17,1.0,12.0,260.0,30.0,,,30.0,H2X
18885,188201.0,1945-03-05,8,GERMANY,MARSHALLING YARD,"""RR INSTALLATIONS,  TRACKS,  MARSHALLING YARDS,  AND STATIONS""",50.87,12.95,B17,1.0,11.0,224.0,28.0,,,28.0,H2X
19114,188202.0,1945-03-05,8,GERMANY,MARSHALLING YARD,"""RR INSTALLATIONS,  TRACKS,  MARSHALLING YARDS,  AND STATIONS""",50.87,12.95,B17,1.0,34.0,,85.0,,,85.0,NOT INDICATED
18876,188203.0,1945-03-05,8,GERMANY,MARSHALLING YARD,"""RR INSTALLATIONS,  TRACKS,  MARSHALLING YARDS,  AND STATIONS""",50.87,12.95,B17,1.0,31.0,250.0,78.0,,,78.0,H2X
18877,188204.0,1945-03-05,8,GERMANY,MARSHALLING YARD,"""RR INSTALLATIONS,  TRACKS,  MARSHALLING YARDS,  AND STATIONS""",50.48,12.13,B17,1.0,11.0,250.0,28.0,,,28.0,H2X
18878,188205.0,1945-03-05,8,GERMANY,MARSHALLING YARD,"""RR INSTALLATIONS,  TRACKS,  MARSHALLING YARDS,  AND STATIONS""",50.48,12.13,B17,1.0,13.0,250.0,32.0,,,32.0,H2X
18897,217392.0,1945-03-05,8,GERMANY,MARSHALLING YARD,"""RR INSTALLATIONS,  TRACKS,  MARSHALLING YARDS,  AND STATIONS""",51.12,8.1,B26,,,125.0,2.0,,,2.0,VISUAL
19107,217393.0,1945-03-05,8,GERMANY,MARSHALLING YARD,"""RR INSTALLATIONS,  TRACKS,  MARSHALLING YARDS,  AND STATIONS""",51.12,8.1,B26,,,115.0,2.0,,,2.0,VISUAL
19105,217394.0,1945-03-05,8,GERMANY,MARSHALLING YARD,"""RR INSTALLATIONS,  TRACKS,  MARSHALLING YARDS,  AND STATIONS""",51.12,8.1,B26,,,117.0,60.0,,,60.0,VISUAL
19111,217395.0,1945-03-05,8,GERMANY,MARSHALLING YARD,"""RR INSTALLATIONS,  TRACKS,  MARSHALLING YARDS,  AND STATIONS""",51.12,8.1,B26,,,110.0,54.0,,,54.0,VISUAL
19103,217396.0,1945-03-05,8,GERMANY,MARSHALLING YARDS,"""RR INSTALLATIONS,  TRACKS,  MARSHALLING YARDS,  AND STATIONS""",51.37,8.4,A26,,,120.0,,,41.0,41.0,VISUAL
18900,217397.0,1945-03-05,8,GERMANY,MARSHALLING YARD,"""RR INSTALLATIONS,  TRACKS,  MARSHALLING YARDS,  AND STATIONS""",49.97,7.9,B26,,,125.0,2.0,,,2.0,VISUAL
19109,217398.0,1945-03-05,8,GERMANY,MARSHALLING YARD,"""RR INSTALLATIONS,  TRACKS,  MARSHALLING YARDS,  AND STATIONS""",49.97,7.9,B26,,,112.0,58.0,,,58.0,GEE
19101,217399.0,1945-03-05,8,GERMANY,MARSHALLING YARD,"""RR INSTALLATIONS,  TRACKS,  MARSHALLING YARDS,  AND STATIONS""",49.97,7.9,A26,,,125.0,57.0,,,57.0,VISUAL
19790,118068.0,1945-03-06,8,GERMANY,MOTOR TRANSPORT,HIGHWAYS AND VEHICLES,50.67,7.67,B26,,,,58.0,,,58.0,VISUAL
19783,118072.0,1945-03-06,8,GERMANY,WOODS,TACTICAL TARGETS: (UNIDENTIFIED OR NOT LISTED BELOW),49.15,7.08,B26,,,125.0,1.0,,,1.0,GEE
19784,118073.0,1945-03-06,8,GERMANY,WOODS,TACTICAL TARGETS: (UNIDENTIFIED OR NOT LISTED BELOW),49.15,7.08,B26,,,125.0,58.0,,,58.0,GEE
19791,217450.0,1945-03-06,8,GERMANY,MOTOR TRANSPORT,HIGHWAYS AND VEHICLES,50.67,7.67,B26,,,,58.0,,,58.0,VISUAL
19785,217480.0,1945-03-06,8,GERMANY,WOODS,TACTICAL TARGETS: (UNIDENTIFIED OR NOT LISTED BELOW),49.15,7.08,B26,,,125.0,1.0,,,1.0,GEE
19786,217481.0,1945-03-06,8,GERMANY,WOODS,TACTICAL TARGETS: (UNIDENTIFIED OR NOT LISTED BELOW),49.15,7.08,B26,,,125.0,58.0,,,58.0,GEE
19787,217484.0,1945-03-06,8,GERMANY,WOODS,TACTICAL TARGETS: (UNIDENTIFIED OR NOT LISTED BELOW),49.15,7.08,B26,,,125.0,1.0,,,1.0,GEE
19788,217485.0,1945-03-06,8,GERMANY,WOODS,TACTICAL TARGETS: (UNIDENTIFIED OR NOT LISTED BELOW),49.15,7.08,B26,,,125.0,58.0,,,58.0,GEE
20734,118127.0,1945-03-07,8,GERMANY,UNIDENTIFIED TARGET,UNIDENTIFIED TARGETS,50.55,9.67,B17,2.0,10.0,221.0,30.0,,,30.0,H2X
20740,118128.0,1945-03-07,8,GERMANY,UNIDENTIFIED TARGET,UNIDENTIFIED TARGETS,50.55,9.67,B17,2.0,12.0,217.0,35.0,,,35.0,H2X
20728,118129.0,1945-03-07,8,GERMANY,UNIDENTIFIED TARGET,UNIDENTIFIED TARGETS,50.55,9.67,B17,2.0,11.0,231.0,33.0,,,33.0,H2X
20737,118130.0,1945-03-07,8,GERMANY,UNIDENTIFIED TARGET,UNIDENTIFIED TARGETS,50.55,9.67,B17,2.0,3.0,220.0,9.0,,,9.0,H2X
20735,188210.0,1945-03-07,8,GERMANY,UNIDENTIFIED TARGET,UNIDENTIFIED TARGETS,50.55,9.67,B17,2.0,10.0,221.0,30.0,,,30.0,H2X
20741,188211.0,1945-03-07,8,GERMANY,UNIDENTIFIED TARGET,UNIDENTIFIED TARGETS,50.55,9.67,B17,2.0,12.0,217.0,35.0,,,35.0,H2X
20729,188212.0,1945-03-07,8,GERMANY,UNIDENTIFIED TARGET,UNIDENTIFIED TARGETS,50.55,9.67,B17,2.0,11.0,231.0,33.0,,,33.0,H2X
20738,188213.0,1945-03-07,8,GERMANY,UNIDENTIFIED TARGET,UNIDENTIFIED TARGETS,50.55,9.67,B17,2.0,3.0,220.0,9.0,,,9.0,H2X
20736,188230.0,1945-03-07,8,GERMANY,UNIDENTIFIED TARGET,UNIDENTIFIED TARGETS,50.55,9.67,B17,2.0,10.0,221.0,30.0,,,30.0,H2X
20742,188231.0,1945-03-07,8,GERMANY,UNIDENTIFIED TARGET,UNIDENTIFIED TARGETS,50.55,9.67,B17,2.0,12.0,217.0,35.0,,,35.0,H2X
20730,188232.0,1945-03-07,8,GERMANY,UNIDENTIFIED TARGET,UNIDENTIFIED TARGETS,50.55,9.67,B17,2.0,11.0,231.0,33.0,,,33.0,H2X
20739,188233.0,1945-03-07,8,GERMANY,UNIDENTIFIED TARGET,UNIDENTIFIED TARGETS,50.55,9.67,B17,2.0,3.0,220.0,9.0,,,9.0,H2X
20724,188248.0,1945-03-07,8,GERMANY,MARSHALLING YARD,"""RR INSTALLATIONS,  TRACKS,  MARSHALLING YARDS,  AND STATIONS""",50.6,8.68,B17,3.0,1.0,240.0,3.0,,,3.0,H2X
20725,188249.0,1945-03-07,8,GERMANY,MARSHALLING YARD,"""RR INSTALLATIONS,  TRACKS,  MARSHALLING YARDS,  AND STATIONS""",50.6,8.68,B17,3.0,12.0,240.0,36.0,,,36.0,H2X
20722,188250.0,1945-03-07,8,GERMANY,MARSHALLING YARD,"""RR INSTALLATIONS,  TRACKS,  MARSHALLING YARDS,  AND STATIONS""",50.6,8.68,B17,3.0,9.0,243.0,30.0,,,30.0,H2X
20756,188251.0,1945-03-07,8,GERMANY,MARSHALLING YARD,"""RR INSTALLATIONS,  TRACKS,  MARSHALLING YARDS,  AND STATIONS""",50.6,8.68,B17,3.0,9.0,,30.0,,,30.0,H2X
20757,188252.0,1945-03-07,8,GERMANY,MARSHALLING YARD,"""RR INSTALLATIONS,  TRACKS,  MARSHALLING YARDS,  AND STATIONS""",50.6,8.68,B17,3.0,9.0,,30.0,,,30.0,H2X
20727,188253.0,1945-03-07,8,GERMANY,MARSHALLING YARD,"""RR INSTALLATIONS,  TRACKS,  MARSHALLING YARDS,  AND STATIONS""",50.6,8.68,B17,3.0,10.0,232.0,30.0,,,30.0,H2X
20723,188254.0,1945-03-07,8,GERMANY,MARSHALLING YARD,"""RR INSTALLATIONS,  TRACKS,  MARSHALLING YARDS,  AND STATIONS""",50.6,8.68,B17,3.0,12.0,242.0,36.0,,,36.0,H2X
20731,188255.0,1945-03-07,8,GERMANY,MARSHALLING YARD,"""RR INSTALLATIONS,  TRACKS,  MARSHALLING YARDS,  AND STATIONS""",50.6,8.68,B17,3.0,13.0,231.0,38.0,,,38.0,H2X
20726,188256.0,1945-03-07,8,GERMANY,MARSHALLING YARD,"""RR INSTALLATIONS,  TRACKS,  MARSHALLING YARDS,  AND STATIONS""",50.6,8.68,B17,3.0,13.0,234.0,39.0,,,39.0,H2X
20732,188257.0,1945-03-07,8,GERMANY,MARSHALLING YARD,"""RR INSTALLATIONS,  TRACKS,  MARSHALLING YARDS,  AND STATIONS""",50.6,8.68,B17,3.0,12.0,231.0,36.0,,,36.0,H2X
20733,188258.0,1945-03-07,8,GERMANY,MARSHALLING YARD,"""RR INSTALLATIONS,  TRACKS,  MARSHALLING YARDS,  AND STATIONS""",50.6,8.68,B17,3.0,13.0,225.0,39.0,,,39.0,H2X
21642,118147.0,1945-03-08,15,AUSTRIA,STEEL WORKS,"""IRON AND STEEL PRODUCTION FACILITIES,  BLAST FURNACES,  BOILER SHOPS,  FORGES,  FOUNDRIES, STEEL WORKS,  ROLLING-MILLS """,47.43,15.32,B24,4.0,20.0,240.0,45.0,,,45.0,F.F.F.
21640,118148.0,1945-03-08,15,AUSTRIA,STEEL WORKS,"""IRON AND STEEL PRODUCTION FACILITIES,  BLAST FURNACES,  BOILER SHOPS,  FORGES,  FOUNDRIES, STEEL WORKS,  ROLLING-MILLS """,47.43,15.32,B24,3.0,11.0,245.0,25.0,,,25.0,VISUAL
21671,118177.0,1945-03-08,8,GERMANY,MARSHALLING YARD,"""RR INSTALLATIONS,  TRACKS,  MARSHALLING YARDS,  AND STATIONS""",50.68,7.65,B26,,,118.0,58.0,,,58.0,GEE
21663,118178.0,1945-03-08,8,GERMANY,MARSHALLING YARD,"""RR INSTALLATIONS,  TRACKS,  MARSHALLING YARDS,  AND STATIONS""",50.68,7.65,B26,,,130.0,30.0,,,30.0,VISUAL
21665,118181.0,1945-03-08,8,GERMANY,MARSHALLING YARD,"""RR INSTALLATIONS,  TRACKS,  MARSHALLING YARDS,  AND STATIONS""",50.78,7.23,A20,,,125.0,56.0,,,56.0,VISUAL
21673,118212.0,1945-03-08,8,GERMANY,CITY AREA,CITIES TOWNS AND URBAN AREAS,50.68,7.65,B26,,,,1.0,,,1.0,VISUAL
21667,118217.0,1945-03-08,8,GERMANY,CITY AREA,CITIES TOWNS AND URBAN AREAS,50.98,8.58,B26,,,125.0,34.0,,,34.0,VISUAL
21674,118223.0,1945-03-08,8,GERMANY,CITY AREA,CITIES TOWNS AND URBAN AREAS,50.68,7.65,B26,,,,1.0,,,1.0,VISUAL
21668,118226.0,1945-03-08,8,GERMANY,CITY AREA,CITIES TOWNS AND URBAN AREAS,50.98,8.58,B26,,,125.0,34.0,,,34.0,VISUAL
21675,188290.0,1945-03-08,8,GERMANY,CITY AREA,CITIES TOWNS AND URBAN AREAS,50.68,7.65,B26,,,,1.0,,,1.0,VISUAL
21669,188293.0,1945-03-08,8,GERMANY,CITY AREA,CITIES TOWNS AND URBAN AREAS,50.98,8.58,B26,,,125.0,34.0,,,34.0,VISUAL
21676,188299.0,1945-03-08,8,GERMANY,CITY AREA,CITIES TOWNS AND URBAN AREAS,50.68,7.65,B26,,,,1.0,,,1.0,VISUAL
21670,188302.0,1945-03-08,8,GERMANY,CITY AREA,CITIES TOWNS AND URBAN AREAS,50.98,8.58,B26,,,125.0,34.0,,,34.0,VISUAL
21643,188329.0,1945-03-08,15,AUSTRIA,STEEL WORKS,"""IRON AND STEEL PRODUCTION FACILITIES,  BLAST FURNACES,  BOILER SHOPS,  FORGES,  FOUNDRIES, STEEL WORKS,  ROLLING-MILLS """,47.43,15.32,B24,4.0,20.0,240.0,45.0,,,45.0,F.F.F.
21641,188330.0,1945-03-08,15,AUSTRIA,STEEL WORKS,"""IRON AND STEEL PRODUCTION FACILITIES,  BLAST FURNACES,  BOILER SHOPS,  FORGES,  FOUNDRIES, STEEL WORKS,  ROLLING-MILLS """,47.43,15.32,B24,3.0,11.0,245.0,25.0,,,25.0,VISUAL
21644,188365.0,1945-03-08,15,AUSTRIA,RR ROAD,"""RR INSTALLATIONS,  TRACKS,  MARSHALLING YARDS,  AND STATIONS""",47.33,15.0,B24,2.0,1.0,,3.0,,,3.0,VISUAL
21653,188366.0,1945-03-08,8,GERMANY,MARSHALLING YARD,"""RR INSTALLATIONS,  TRACKS,  MARSHALLING YARDS,  AND STATIONS""",50.8,7.88,B24,4.0,13.0,220.0,4.0,31.0,,35.0,GEE
21677,188367.0,1945-03-08,8,GERMANY,MARSHALLING YARD,"""RR INSTALLATIONS,  TRACKS,  MARSHALLING YARDS,  AND STATIONS""",50.8,7.88,B24,4.0,,,,58.0,,58.0,NOT INDICATED
21654,188368.0,1945-03-08,8,GERMANY,MARSHALLING YARD,"""RR INSTALLATIONS,  TRACKS,  MARSHALLING YARDS,  AND STATIONS""",50.8,7.88,B24,4.0,21.0,220.0,,,,,GEE
21652,188369.0,1945-03-08,8,GERMANY,MARSHALLING YARD,"""RR INSTALLATIONS,  TRACKS,  MARSHALLING YARDS,  AND STATIONS""",50.8,7.88,B24,4.0,18.0,230.0,51.0,,,51.0,GEE
21678,188370.0,1945-03-08,8,GERMANY,MARSHALLING YARD,"""RR INSTALLATIONS,  TRACKS,  MARSHALLING YARDS,  AND STATIONS""",50.8,7.88,B24,4.0,,,1.0,,,1.0,NOT INDICATED
21657,188371.0,1945-03-08,8,GERMANY,MARSHALLING YARD,"""RR INSTALLATIONS,  TRACKS,  MARSHALLING YARDS,  AND STATIONS""",50.8,7.88,B24,4.0,18.0,219.0,47.0,,,47.0,H2X
21679,188372.0,1945-03-08,8,GERMANY,MARSHALLING YARD,"""RR INSTALLATIONS,  TRACKS,  MARSHALLING YARDS,  AND STATIONS""",50.73,8.28,B24,4.0,3.0,,8.0,,,8.0,NOT INDICATED
21650,188373.0,1945-03-08,8,GERMANY,MARSHALLING YARD,"""RR INSTALLATIONS,  TRACKS,  MARSHALLING YARDS,  AND STATIONS""",50.73,8.28,B24,4.0,25.0,240.0,44.0,23.0,,67.0,GEE
21680,188374.0,1945-03-08,8,GERMANY,MARSHALLING YARD,"""RR INSTALLATIONS,  TRACKS,  MARSHALLING YARDS,  AND STATIONS""",50.73,8.28,B24,4.0,,,1.0,,,1.0,NOT INDICATED
21655,188375.0,1945-03-08,8,GERMANY,MARSHALLING YARD,"""RR INSTALLATIONS,  TRACKS,  MARSHALLING YARDS,  AND STATIONS""",50.73,8.28,B24,4.0,35.0,220.0,75.0,,,75.0,VISUAL
21681,188376.0,1945-03-08,8,GERMANY,MARSHALLING YARD,"""RR INSTALLATIONS,  TRACKS,  MARSHALLING YARDS,  AND STATIONS""",50.73,8.28,B24,1.0,1.0,,3.0,,,3.0,NOT INDICATED
21651,188390.0,1945-03-08,8,GERMANY,MARSHALLING YARD,"""RR INSTALLATIONS,  TRACKS,  MARSHALLING YARDS,  AND STATIONS""",50.1,8.67,B17,4.0,38.0,240.0,67.0,67.0,,134.0,H2X
21656,188391.0,1945-03-08,8,GERMANY,MARSHALLING YARD,"""RR INSTALLATIONS,  TRACKS,  MARSHALLING YARDS,  AND STATIONS""",50.1,8.67,B24,1.0,10.0,220.0,29.0,,,29.0,GEE
21648,188392.0,1945-03-08,8,GERMANY,MARSHALLING YARD,"""RR INSTALLATIONS,  TRACKS,  MARSHALLING YARDS,  AND STATIONS""",50.6,8.68,B17,3.0,12.0,243.0,42.0,,,42.0,H2X
21649,188393.0,1945-03-08,8,GERMANY,MARSHALLING YARD,"""RR INSTALLATIONS,  TRACKS,  MARSHALLING YARDS,  AND STATIONS""",50.6,8.68,B17,1.0,9.0,242.0,16.0,16.0,,32.0,H2X
21672,217559.0,1945-03-08,8,GERMANY,MARSHALLING YARD,"""RR INSTALLATIONS,  TRACKS,  MARSHALLING YARDS,  AND STATIONS""",50.68,7.65,B26,,,118.0,58.0,,,58.0,GEE
21664,217560.0,1945-03-08,8,GERMANY,MARSHALLING YARD,"""RR INSTALLATIONS,  TRACKS,  MARSHALLING YARDS,  AND STATIONS""",50.68,7.65,B26,,,130.0,30.0,,,30.0,VISUAL
21666,217563.0,1945-03-08,8,GERMANY,MARSHALLING YARD,"""RR INSTALLATIONS,  TRACKS,  MARSHALLING YARDS,  AND STATIONS""",50.78,7.23,A20,,,125.0,56.0,,,56.0,VISUAL
22885,118242.0,1945-03-09,8,GERMANY,MARSHALLING YARD,"""RR INSTALLATIONS,  TRACKS,  MARSHALLING YARDS,  AND STATIONS""",51.4,8.05,B26,,,130.0,59.0,,,59.0,VISUAL
22887,118243.0,1945-03-09,8,GERMANY,MARSHALLING YARD,"""RR INSTALLATIONS,  TRACKS,  MARSHALLING YARDS,  AND STATIONS""",51.4,8.05,B26,,,125.0,28.0,,,28.0,VISUAL
22889,118244.0,1945-03-09,8,GERMANY,MARSHALLING YARD,"""RR INSTALLATIONS,  TRACKS,  MARSHALLING YARDS,  AND STATIONS""",51.4,8.05,A26,,,115.0,58.0,,,58.0,VISUAL
22875,118245.0,1945-03-09,8,GERMANY,MARSHALLING YARD,"""RR INSTALLATIONS,  TRACKS,  MARSHALLING YARDS,  AND STATIONS""",50.03,8.23,B26,,,135.0,,,18.0,18.0,VISUAL
22876,118246.0,1945-03-09,8,GERMANY,MARSHALLING YARD,"""RR INSTALLATIONS,  TRACKS,  MARSHALLING YARDS,  AND STATIONS""",50.03,8.23,B26,,,135.0,30.0,,,30.0,VISUAL
22879,118247.0,1945-03-09,8,GERMANY,MARSHALLING YARD,"""RR INSTALLATIONS,  TRACKS,  MARSHALLING YARDS,  AND STATIONS""",50.43,8.67,A26,,,135.0,28.0,,,28.0,VISUAL
22867,118337.0,1945-03-09,8,GERMANY,CITY AREA,CITIES TOWNS AND URBAN AREAS,51.4,8.05,B26,,,135.0,2.0,,,2.0,VISUAL
22868,118338.0,1945-03-09,8,GERMANY,CITY AREA,CITIES TOWNS AND URBAN AREAS,51.4,8.05,B26,,,135.0,2.0,,,2.0,VISUAL
22880,118339.0,1945-03-09,8,GERMANY,TOWN,CITIES TOWNS AND URBAN AREAS,50.43,8.67,B26,,,135.0,2.0,,,2.0,VISUAL
22869,118349.0,1945-03-09,8,GERMANY,CITY AREA,CITIES TOWNS AND URBAN AREAS,51.4,8.05,B26,,,135.0,2.0,,,2.0,VISUAL
22870,118350.0,1945-03-09,8,GERMANY,CITY AREA,CITIES TOWNS AND URBAN AREAS,51.4,8.05,B26,,,135.0,2.0,,,2.0,VISUAL
22881,118351.0,1945-03-09,8,GERMANY,TOWN,CITIES TOWNS AND URBAN AREAS,50.43,8.67,B26,,,135.0,2.0,,,2.0,VISUAL
22871,188436.0,1945-03-09,8,GERMANY,CITY AREA,CITIES TOWNS AND URBAN AREAS,51.4,8.05,B26,,,135.0,2.0,,,2.0,VISUAL
22872,188437.0,1945-03-09,8,GERMANY,CITY AREA,CITIES TOWNS AND URBAN AREAS,51.4,8.05,B26,,,135.0,2.0,,,2.0,VISUAL
22882,188438.0,1945-03-09,8,GERMANY,TOWN,CITIES TOWNS AND URBAN AREAS,50.43,8.67,B26,,,135.0,2.0,,,2.0,VISUAL
22873,188448.0,1945-03-09,8,GERMANY,CITY AREA,CITIES TOWNS AND URBAN AREAS,51.4,8.05,B26,,,135.0,2.0,,,2.0,VISUAL
22874,188449.0,1945-03-09,8,GERMANY,CITY AREA,CITIES TOWNS AND URBAN AREAS,51.4,8.05,B26,,,135.0,2.0,,,2.0,VISUAL
22883,188450.0,1945-03-09,8,GERMANY,TOWN,CITIES TOWNS AND URBAN AREAS,50.43,8.67,B26,,,135.0,2.0,,,2.0,VISUAL
22849,188514.0,1945-03-09,15,AUSTRIA,RR,"""RR INSTALLATIONS,  TRACKS,  MARSHALLING YARDS,  AND STATIONS""",46.73,14.05,B17,4.0,1.0,200.0,2.0,,,2.0,NOT INDICATED
22851,188535.0,1945-03-09,12,AUSTRIA,RR,"""RR INSTALLATIONS,  TRACKS,  MARSHALLING YARDS,  AND STATIONS""",46.63,14.3,B24,2.0,18.0,210.0,39.0,,,39.0,VISUAL
22847,188536.0,1945-03-09,15,AUSTRIA,BRIDGES,BRIDGES,46.72,14.88,B24,2.0,9.0,238.0,18.0,,,18.0,VISUAL
22846,188537.0,1945-03-09,15,AUSTRIA,MARSHALLING YARDS,"""RR INSTALLATIONS,  TRACKS,  MARSHALLING YARDS,  AND STATIONS""",46.72,14.88,B24,2.0,16.0,242.0,31.0,,,31.0,VISUAL
22848,188538.0,1945-03-09,15,AUSTRIA,MARSHALLING YARDS,"""RR INSTALLATIONS,  TRACKS,  MARSHALLING YARDS,  AND STATIONS""",46.8,14.88,B24,2.0,10.0,235.0,20.0,,,20.0,VISUAL
22850,188539.0,1945-03-09,15,AUSTRIA,RR ROAD,"""RR INSTALLATIONS,  TRACKS,  MARSHALLING YARDS,  AND STATIONS""",47.33,15.0,B24,2.0,1.0,,3.0,,,3.0,NOT INDICATED
22863,188540.0,1945-03-09,8,GERMANY,MARSHALLING YARD,"""RR INSTALLATIONS,  TRACKS,  MARSHALLING YARDS,  AND STATIONS""",50.1,8.67,B17,4.0,37.0,220.0,77.0,18.0,,95.0,MICRO H
22854,188541.0,1945-03-09,8,GERMANY,MARSHALLING YARD,"""RR INSTALLATIONS,  TRACKS,  MARSHALLING YARDS,  AND STATIONS""",50.1,8.67,B17,4.0,13.0,235.0,11.0,31.0,,42.0,VISUAL
22861,188542.0,1945-03-09,8,GERMANY,MARSHALLING YARD,"""RR INSTALLATIONS,  TRACKS,  MARSHALLING YARDS,  AND STATIONS""",50.1,8.67,B17,4.0,13.0,225.0,27.0,6.0,,33.0,MICRO H
22866,188543.0,1945-03-09,8,GERMANY,MARSHALLING YARD,"""RR INSTALLATIONS,  TRACKS,  MARSHALLING YARDS,  AND STATIONS""",50.1,8.67,B17,4.0,37.0,206.0,75.0,17.0,,92.0,MICRO H
22853,188544.0,1945-03-09,8,GERMANY,MARSHALLING YARD,"""RR INSTALLATIONS,  TRACKS,  MARSHALLING YARDS,  AND STATIONS""",50.1,8.67,B17,3.0,12.0,239.0,9.0,30.0,,39.0,H2X
22864,188545.0,1945-03-09,8,GERMANY,MARSHALLING YARD,"""RR INSTALLATIONS,  TRACKS,  MARSHALLING YARDS,  AND STATIONS""",50.1,8.67,B17,3.0,12.0,219.0,24.0,5.0,,29.0,H2X
22891,188546.0,1945-03-09,8,GERMANY,MARSHALLING YARD,"""RR INSTALLATIONS,  TRACKS,  MARSHALLING YARDS,  AND STATIONS""",50.1,8.67,B17,3.0,13.0,,25.0,6.0,,31.0,H2X
22855,188547.0,1945-03-09,8,GERMANY,MARSHALLING YARD,"""RR INSTALLATIONS,  TRACKS,  MARSHALLING YARDS,  AND STATIONS""",50.1,8.67,B17,3.0,36.0,235.0,29.0,84.0,,113.0,H2X
22892,188548.0,1945-03-09,8,GERMANY,MARSHALLING YARD,"""RR INSTALLATIONS,  TRACKS,  MARSHALLING YARDS,  AND STATIONS""",50.1,8.67,B17,3.0,,,25.0,,,25.0,NOT INDICATED
22856,188549.0,1945-03-09,8,GERMANY,MARSHALLING YARD,"""RR INSTALLATIONS,  TRACKS,  MARSHALLING YARDS,  AND STATIONS""",50.1,8.67,B17,3.0,36.0,230.0,47.0,16.0,,63.0,H2X
22857,188550.0,1945-03-09,8,GERMANY,MARSHALLING YARD,"""RR INSTALLATIONS,  TRACKS,  MARSHALLING YARDS,  AND STATIONS""",50.1,8.67,B17,4.0,37.0,230.0,76.0,16.0,,92.0,VISUAL
22858,188551.0,1945-03-09,8,GERMANY,MARSHALLING YARD,"""RR INSTALLATIONS,  TRACKS,  MARSHALLING YARDS,  AND STATIONS""",50.1,8.67,B17,4.0,37.0,230.0,74.0,17.0,,91.0,VISUAL
22859,188552.0,1945-03-09,8,GERMANY,MARSHALLING YARD,"""RR INSTALLATIONS,  TRACKS,  MARSHALLING YARDS,  AND STATIONS""",50.1,8.67,B17,4.0,40.0,230.0,81.0,19.0,,100.0,VISUAL
22860,188553.0,1945-03-09,8,GERMANY,MARSHALLING YARD,"""RR INSTALLATIONS,  TRACKS,  MARSHALLING YARDS,  AND STATIONS""",50.1,8.67,B17,4.0,36.0,230.0,75.0,18.0,,93.0,VISUAL
22893,188560.0,1945-03-09,8,GERMANY,R R,"""RR INSTALLATIONS,  TRACKS,  MARSHALLING YARDS,  AND STATIONS""",50.13,8.46,B24,4.0,34.0,,66.0,14.0,,80.0,NOT INDICATED
22894,188561.0,1945-03-09,8,GERMANY,R R,"""RR INSTALLATIONS,  TRACKS,  MARSHALLING YARDS,  AND STATIONS""",50.13,8.46,B24,4.0,,,1.0,,,1.0,NOT INDICATED
22862,188562.0,1945-03-09,8,GERMANY,R R,"""RR INSTALLATIONS,  TRACKS,  MARSHALLING YARDS,  AND STATIONS""",50.13,8.46,B24,4.0,31.0,221.0,62.0,13.0,,75.0,VISUAL
22895,188563.0,1945-03-09,8,GERMANY,R R,"""RR INSTALLATIONS,  TRACKS,  MARSHALLING YARDS,  AND STATIONS""",50.13,8.46,B24,3.0,,,,,,,NOT INDICATED
22865,188564.0,1945-03-09,8,GERMANY,R R,"""RR INSTALLATIONS,  TRACKS,  MARSHALLING YARDS,  AND STATIONS""",50.13,8.46,B24,3.0,32.0,217.0,66.0,14.0,,80.0,H2X
22886,217605.0,1945-03-09,8,GERMANY,MARSHALLING YARD,"""RR INSTALLATIONS,  TRACKS,  MARSHALLING YARDS,  AND STATIONS""",51.4,8.05,B26,,,130.0,59.0,,,59.0,VISUAL
22888,217606.0,1945-03-09,8,GERMANY,MARSHALLING YARD,"""RR INSTALLATIONS,  TRACKS,  MARSHALLING YARDS,  AND STATIONS""",51.4,8.05,B26,,,125.0,28.0,,,28.0,VISUAL
22890,217607.0,1945-03-09,8,GERMANY,MARSHALLING YARD,"""RR INSTALLATIONS,  TRACKS,  MARSHALLING YARDS,  AND STATIONS""",51.4,8.05,A26,,,115.0,58.0,,,58.0,VISUAL
22877,217608.0,1945-03-09,8,GERMANY,MARSHALLING YARD,"""RR INSTALLATIONS,  TRACKS,  MARSHALLING YARDS,  AND STATIONS""",50.03,8.23,B26,,,135.0,,,18.0,18.0,VISUAL
22878,217609.0,1945-03-09,8,GERMANY,MARSHALLING YARD,"""RR INSTALLATIONS,  TRACKS,  MARSHALLING YARDS,  AND STATIONS""",50.03,8.23,B26,,,135.0,30.0,,,30.0,VISUAL
22884,217610.0,1945-03-09,8,GERMANY,MARSHALLING YARD,"""RR INSTALLATIONS,  TRACKS,  MARSHALLING YARDS,  AND STATIONS""",50.43,8.67,A26,,,135.0,28.0,,,28.0,VISUAL
24358,118379.0,1945-03-10,8,GERMANY,MARSHALLING YARD,"""RR INSTALLATIONS,  TRACKS,  MARSHALLING YARDS,  AND STATIONS""",50.68,7.65,B26,,,125.0,70.0,,,70.0,VISUAL
24374,118380.0,1945-03-10,8,GERMANY,MARSHALLING YARD,"""RR INSTALLATIONS,  TRACKS,  MARSHALLING YARDS,  AND STATIONS""",50.68,7.65,B26,,,113.0,58.0,,,58.0,VISUAL
24366,118381.0,1945-03-10,8,GERMANY,MARSHALLING YARD,"""RR INSTALLATIONS,  TRACKS,  MARSHALLING YARDS,  AND STATIONS""",50.73,8.28,A26,,,120.0,45.0,,,45.0,VISUAL
24352,118382.0,1945-03-10,8,GERMANY,MARSHALLING YARD,"""RR INSTALLATIONS,  TRACKS,  MARSHALLING YARDS,  AND STATIONS""",50.73,8.28,A26,,,128.0,57.0,,,57.0,VISUAL
24367,118383.0,1945-03-10,8,GERMANY,MARSHALLING YARD,"""RR INSTALLATIONS,  TRACKS,  MARSHALLING YARDS,  AND STATIONS""",50.73,8.28,A20,,,120.0,9.0,,,9.0,VISUAL
24368,118384.0,1945-03-10,8,GERMANY,MARSHALLING YARD,"""RR INSTALLATIONS,  TRACKS,  MARSHALLING YARDS,  AND STATIONS""",50.73,8.28,A20,,,120.0,50.0,,,50.0,VISUAL
24372,118385.0,1945-03-10,8,GERMANY,MARSHALLING YARD,"""RR INSTALLATIONS,  TRACKS,  MARSHALLING YARDS,  AND STATIONS""",50.98,8.25,B26,,,120.0,2.0,,,2.0,VISUAL
24360,118386.0,1945-03-10,8,GERMANY,MARSHALLING YARD,"""RR INSTALLATIONS,  TRACKS,  MARSHALLING YARDS,  AND STATIONS""",50.98,8.25,B26,,,125.0,1.0,,,1.0,VISUAL
24376,118387.0,1945-03-10,8,GERMANY,MARSHALLING YARD,"""RR INSTALLATIONS,  TRACKS,  MARSHALLING YARDS,  AND STATIONS""",50.98,8.25,B26,,,113.0,60.0,,,60.0,VISUAL
24361,118388.0,1945-03-10,8,GERMANY,MARSHALLING YARD,"""RR INSTALLATIONS,  TRACKS,  MARSHALLING YARDS,  AND STATIONS""",50.98,8.25,B26,,,125.0,65.0,,,65.0,VISUAL
24378,118406.0,1945-03-10,8,GERMANY,CITY AREA,CITIES TOWNS AND URBAN AREAS,50.68,7.65,B26,,,12.0,2.0,,,2.0,VISUAL
24354,118407.0,1945-03-10,8,GERMANY,CITY AREA,CITIES TOWNS AND URBAN AREAS,50.68,7.65,B26,,,126.0,1.0,,,1.0,VISUAL
24364,118411.0,1945-03-10,8,GERMANY,CITY AREA,CITIES TOWNS AND URBAN AREAS,50.68,7.65,B26,,,120.0,2.0,,,2.0,VISUAL
24355,118412.0,1945-03-10,8,GERMANY,CITY AREA,CITIES TOWNS AND URBAN AREAS,50.68,7.65,B26,,,126.0,1.0,,,1.0,VISUAL
24379,188578.0,1945-03-10,8,GERMANY,CITY AREA,CITIES TOWNS AND URBAN AREAS,50.68,7.65,B26,,,12.0,2.0,,,2.0,VISUAL
24356,188579.0,1945-03-10,8,GERMANY,CITY AREA,CITIES TOWNS AND URBAN AREAS,50.68,7.65,B26,,,126.0,1.0,,,1.0,VISUAL
24365,188583.0,1945-03-10,8,GERMANY,CITY AREA,CITIES TOWNS AND URBAN AREAS,50.68,7.65,B26,,,120.0,2.0,,,2.0,VISUAL
24357,188584.0,1945-03-10,8,GERMANY,CITY AREA,CITIES TOWNS AND URBAN AREAS,50.68,7.65,B26,,,126.0,1.0,,,1.0,VISUAL
24349,188599.0,1945-03-10,8,GERMANY,RR VIADUCT,BRIDGES,51.4,8.05,B24,4.0,30.0,207.0,85.0,,,85.0,GEE
24347,188600.0,1945-03-10,8,GERMANY,RR VIADUCT,BRIDGES,51.4,8.05,B24,4.0,28.0,218.0,80.0,,,80.0,GEE
24380,188601.0,1945-03-10,8,GERMANY,RR VIADUCT,BRIDGES,51.4,8.05,B24,4.0,,,10.0,,,10.0,NOT INDICATED
24350,188602.0,1945-03-10,8,GERMANY,RR VIADUCT,BRIDGES,51.4,8.05,B24,4.0,28.0,200.0,67.0,,,67.0,GEE
24381,188603.0,1945-03-10,8,GERMANY,RR VIADUCT,BRIDGES,51.4,8.05,B24,4.0,,,1.0,,,1.0,NOT INDICATED
24382,188604.0,1945-03-10,8,GERMANY,RR VIADUCT,BRIDGES,51.4,8.05,B24,4.0,,,10.0,,,10.0,NOT INDICATED
24348,188605.0,1945-03-10,8,GERMANY,RR VIADUCT,BRIDGES,51.4,8.05,B24,4.0,27.0,210.0,66.0,,,66.0,GEE
24383,188606.0,1945-03-10,8,GERMANY,RR VIADUCT,BRIDGES,51.4,8.05,B24,2.0,1.0,,2.0,1.0,,3.0,NOT INDICATED
24384,188613.0,1945-03-10,8,GERMANY,MARSHALLING YARD,"""RR INSTALLATIONS,  TRACKS,  MARSHALLING YARDS,  AND STATIONS""",52.03,8.53,B24,4.0,28.0,,76.0,,,76.0,NOT INDICATED
24351,188655.0,1945-03-10,8,GERMANY,R R,"""RR INSTALLATIONS,  TRACKS,  MARSHALLING YARDS,  AND STATIONS""",50.13,8.46,B17,4.0,13.0,180.0,16.0,16.0,,32.0,H2X
24359,217681.0,1945-03-10,8,GERMANY,MARSHALLING YARD,"""RR INSTALLATIONS,  TRACKS,  MARSHALLING YARDS,  AND STATIONS""",50.68,7.65,B26,,,125.0,70.0,,,70.0,VISUAL
24375,217682.0,1945-03-10,8,GERMANY,MARSHALLING YARD,"""RR INSTALLATIONS,  TRACKS,  MARSHALLING YARDS,  AND STATIONS""",50.68,7.65,B26,,,113.0,58.0,,,58.0,VISUAL
24369,217683.0,1945-03-10,8,GERMANY,MARSHALLING YARD,"""RR INSTALLATIONS,  TRACKS,  MARSHALLING YARDS,  AND STATIONS""",50.73,8.28,A26,,,120.0,45.0,,,45.0,VISUAL
24353,217684.0,1945-03-10,8,GERMANY,MARSHALLING YARD,"""RR INSTALLATIONS,  TRACKS,  MARSHALLING YARDS,  AND STATIONS""",50.73,8.28,A26,,,128.0,57.0,,,57.0,VISUAL
24370,217685.0,1945-03-10,8,GERMANY,MARSHALLING YARD,"""RR INSTALLATIONS,  TRACKS,  MARSHALLING YARDS,  AND STATIONS""",50.73,8.28,A20,,,120.0,9.0,,,9.0,VISUAL
24371,217686.0,1945-03-10,8,GERMANY,MARSHALLING YARD,"""RR INSTALLATIONS,  TRACKS,  MARSHALLING YARDS,  AND STATIONS""",50.73,8.28,A20,,,120.0,50.0,,,50.0,VISUAL
24373,217687.0,1945-03-10,8,GERMANY,MARSHALLING YARD,"""RR INSTALLATIONS,  TRACKS,  MARSHALLING YARDS,  AND STATIONS""",50.98,8.25,B26,,,120.0,2.0,,,2.0,VISUAL
24362,217688.0,1945-03-10,8,GERMANY,MARSHALLING YARD,"""RR INSTALLATIONS,  TRACKS,  MARSHALLING YARDS,  AND STATIONS""",50.98,8.25,B26,,,125.0,1.0,,,1.0,VISUAL
24377,217689.0,1945-03-10,8,GERMANY,MARSHALLING YARD,"""RR INSTALLATIONS,  TRACKS,  MARSHALLING YARDS,  AND STATIONS""",50.98,8.25,B26,,,113.0,60.0,,,60.0,VISUAL
24363,217690.0,1945-03-10,8,GERMANY,MARSHALLING YARD,"""RR INSTALLATIONS,  TRACKS,  MARSHALLING YARDS,  AND STATIONS""",50.98,8.25,B26,,,125.0,65.0,,,65.0,VISUAL
25278,118413.0,1945-03-11,12,AUSTRIA,RR BRIDGE,BRIDGES,46.77,12.98,B25,4.0,,,3.0,,,3.0,NOT INDICATED
25276,118414.0,1945-03-11,12,AUSTRIA,RR BRIDGE,BRIDGES,46.77,12.98,B25,4.0,18.0,135.0,33.0,,,33.0,NOT INDICATED
25300,118458.0,1945-03-11,8,GERMANY,AIRDROME,AIR FIELDS AND AIRDROMES,50.86,7.31,B26,,,125.0,1.0,,,1.0,VISUAL
25508,118459.0,1945-03-11,8,GERMANY,AIRDROME,AIR FIELDS AND AIRDROMES,50.86,7.31,B26,,,114.0,64.0,,,64.0,VISUAL
25504,118460.0,1945-03-11,8,GERMANY,AIRDROME,AIR FIELDS AND AIRDROMES,50.86,7.31,B26,,,120.0,57.0,,,57.0,VISUAL
25505,118461.0,1945-03-11,8,GERMANY,AIRDROME,AIR FIELDS AND AIRDROMES,50.86,7.31,B26,,,120.0,1.0,,,1.0,VISUAL
25502,118462.0,1945-03-11,8,GERMANY,AIRDROME,AIR FIELDS AND AIRDROMES,50.55,8.92,B26,,,124.0,30.0,,,30.0,VISUAL
25510,118476.0,1945-03-11,8,GERMANY,TOWN,CITIES TOWNS AND URBAN AREAS,50.55,8.92,B26,,,13.0,1.0,,,1.0,VISUAL
25294,118477.0,1945-03-11,8,GERMANY,TOWN,CITIES TOWNS AND URBAN AREAS,50.55,8.92,B26,,,131.0,59.0,,,59.0,VISUAL
25283,118490.0,1945-03-11,8,GERMANY,UNIDENTIFIED TARGET,UNIDENTIFIED TARGETS,53.55,10.0,B17,3.0,28.0,253.0,,41.0,,41.0,H2X
25516,118491.0,1945-03-11,8,GERMANY,UNIDENTIFIED TARGET,UNIDENTIFIED TARGETS,53.55,10.0,B17,3.0,9.0,,,13.0,,13.0,H2X
25517,118492.0,1945-03-11,8,GERMANY,UNIDENTIFIED TARGET,UNIDENTIFIED TARGETS,53.55,10.0,B17,3.0,29.0,,87.0,,,87.0,H2X
25298,118498.0,1945-03-11,8,GERMANY,TOWN,CITIES TOWNS AND URBAN AREAS,50.55,8.92,B26,,,130.0,1.0,,,1.0,VISUAL
25295,118499.0,1945-03-11,8,GERMANY,TOWN,CITIES TOWNS AND URBAN AREAS,50.55,8.92,B26,,,131.0,59.0,,,59.0,VISUAL
25284,188679.0,1945-03-11,8,GERMANY,UNIDENTIFIED TARGET,UNIDENTIFIED TARGETS,53.55,10.0,B17,3.0,28.0,253.0,,41.0,,41.0,H2X
25518,188680.0,1945-03-11,8,GERMANY,UNIDENTIFIED TARGET,UNIDENTIFIED TARGETS,53.55,10.0,B17,3.0,9.0,,,13.0,,13.0,H2X
25519,188681.0,1945-03-11,8,GERMANY,UNIDENTIFIED TARGET,UNIDENTIFIED TARGETS,53.55,10.0,B17,3.0,29.0,,87.0,,,87.0,H2X
25511,188683.0,1945-03-11,8,GERMANY,TOWN,CITIES TOWNS AND URBAN AREAS,50.55,8.92,B26,,,13.0,1.0,,,1.0,VISUAL
25296,188684.0,1945-03-11,8,GERMANY,TOWN,CITIES TOWNS AND URBAN AREAS,50.55,8.92,B26,,,131.0,59.0,,,59.0,VISUAL
25299,188701.0,1945-03-11,8,GERMANY,TOWN,CITIES TOWNS AND URBAN AREAS,50.55,8.92,B26,,,130.0,1.0,,,1.0,VISUAL
25297,188702.0,1945-03-11,8,GERMANY,TOWN,CITIES TOWNS AND URBAN AREAS,50.55,8.92,B26,,,131.0,59.0,,,59.0,VISUAL
25285,188718.0,1945-03-11,8,GERMANY,UNIDENTIFIED TARGET,UNIDENTIFIED TARGETS,53.55,10.0,B17,3.0,28.0,253.0,,41.0,,41.0,H2X
25520,188719.0,1945-03-11,8,GERMANY,UNIDENTIFIED TARGET,UNIDENTIFIED TARGETS,53.55,10.0,B17,3.0,9.0,,,13.0,,13.0,H2X
25521,188720.0,1945-03-11,8,GERMANY,UNIDENTIFIED TARGET,UNIDENTIFIED TARGETS,53.55,10.0,B17,3.0,29.0,,87.0,,,87.0,H2X
25279,217738.0,1945-03-11,12,AUSTRIA,RR BRIDGE,BRIDGES,46.77,12.98,B25,4.0,,,3.0,,,3.0,NOT INDICATED
25277,217739.0,1945-03-11,12,AUSTRIA,RR BRIDGE,BRIDGES,46.77,12.98,B25,4.0,18.0,135.0,33.0,,,33.0,NOT INDICATED
25501,217857.0,1945-03-11,8,GERMANY,AIRDROME,AIR FIELDS AND AIRDROMES,50.86,7.31,B26,,,125.0,1.0,,,1.0,VISUAL
25509,217858.0,1945-03-11,8,GERMANY,AIRDROME,AIR FIELDS AND AIRDROMES,50.86,7.31,B26,,,114.0,64.0,,,64.0,VISUAL
25506,217859.0,1945-03-11,8,GERMANY,AIRDROME,AIR FIELDS AND AIRDROMES,50.86,7.31,B26,,,120.0,57.0,,,57.0,VISUAL
25507,217860.0,1945-03-11,8,GERMANY,AIRDROME,AIR FIELDS AND AIRDROMES,50.86,7.31,B26,,,120.0,1.0,,,1.0,VISUAL
25503,217861.0,1945-03-11,8,GERMANY,AIRDROME,AIR FIELDS AND AIRDROMES,50.55,8.92,B26,,,124.0,30.0,,,30.0,VISUAL
26715,118507.0,1945-03-12,15,AUSTRIA,OIL REFINERY,OIL REFINERIES,48.2,16.37,B17,4.0,40.0,265.0,117.0,,,117.0,F.F.F.
26719,118508.0,1945-03-12,15,AUSTRIA,OIL REFINERY,OIL REFINERIES,48.2,16.37,B17,4.0,19.0,260.0,56.0,,,56.0,VISUAL
26720,118509.0,1945-03-12,15,AUSTRIA,OIL REFINERY,OIL REFINERIES,48.2,16.37,B17,4.0,20.0,260.0,59.0,,,59.0,VISUAL
26731,118510.0,1945-03-12,15,AUSTRIA,OIL REFINERY,OIL REFINERIES,48.2,16.37,B17,4.0,20.0,244.0,58.0,,,58.0,F.F.F.
26729,118511.0,1945-03-12,15,AUSTRIA,OIL REFINERY,OIL REFINERIES,48.2,16.37,B17,4.0,20.0,246.0,59.0,,,59.0,F.F.F.
26713,118512.0,1945-03-12,15,AUSTRIA,OIL REFINERY,OIL REFINERIES,48.2,16.37,B17,4.0,42.0,270.0,126.0,,,126.0,F.F.F.
26751,118513.0,1945-03-12,15,AUSTRIA,OIL REFINERY,OIL REFINERIES,48.2,16.37,B24,4.0,38.0,225.0,73.0,,,73.0,F.F.F.
26741,118514.0,1945-03-12,15,AUSTRIA,OIL REFINERY,OIL REFINERIES,48.2,16.37,B24,4.0,32.0,230.0,61.0,,,61.0,F.F.F.
26757,118515.0,1945-03-12,15,AUSTRIA,OIL REFINERY,OIL REFINERIES,48.2,16.37,B24,4.0,,,38.0,,,38.0,NOT INDICATED
26742,118516.0,1945-03-12,15,AUSTRIA,OIL REFINERY,OIL REFINERIES,48.2,16.37,B24,4.0,38.0,230.0,38.0,,,38.0,F.F.F.
26743,118517.0,1945-03-12,15,AUSTRIA,OIL REFINERY,OIL REFINERIES,48.2,16.37,B24,4.0,17.0,230.0,33.0,,,33.0,F.F.F.
26758,118518.0,1945-03-12,15,AUSTRIA,OIL REFINERY,OIL REFINERIES,48.2,16.37,B24,4.0,,,40.0,,,40.0,NOT INDICATED
26737,118519.0,1945-03-12,15,AUSTRIA,OIL REFINERY,OIL REFINERIES,48.2,16.37,B24,4.0,42.0,237.0,40.0,,,40.0,F.F.F.
26733,118520.0,1945-03-12,15,AUSTRIA,OIL REFINERY,OIL REFINERIES,48.2,16.37,B24,4.0,38.0,243.0,87.0,,,87.0,F.F.F.
26755,118521.0,1945-03-12,15,AUSTRIA,OIL REFINERY,OIL REFINERIES,48.2,16.37,B24,4.0,28.0,110.0,53.0,,,53.0,F.F.F.
26739,118522.0,1945-03-12,15,AUSTRIA,OIL REFINERY,OIL REFINERIES,48.2,16.37,B24,4.0,39.0,235.0,75.0,,,75.0,F.F.F.
26727,118523.0,1945-03-12,15,AUSTRIA,OIL REFINERY,OIL REFINERIES,48.2,16.37,B24,4.0,14.0,250.0,28.0,,,28.0,F.F.F.
26717,118524.0,1945-03-12,15,AUSTRIA,OIL REFINERY,OIL REFINERIES,48.2,16.37,B24,4.0,17.0,263.0,34.0,,,34.0,F.F.F.
26721,118525.0,1945-03-12,15,AUSTRIA,OIL REFINERY,OIL REFINERIES,48.2,16.37,B24,4.0,35.0,260.0,51.0,,,51.0,F.F.F.
26749,118526.0,1945-03-12,15,AUSTRIA,OIL REFINERY,OIL REFINERIES,48.2,16.37,B24,4.0,18.0,229.0,36.0,,,36.0,F.F.F.
26753,118527.0,1945-03-12,15,AUSTRIA,OIL REFINERY,OIL REFINERIES,48.2,16.37,B24,4.0,18.0,150.0,36.0,,,36.0,F.F.F.
26725,118528.0,1945-03-12,15,AUSTRIA,OIL REFINERY,OIL REFINERIES,48.2,16.37,B24,4.0,36.0,256.0,62.0,,,62.0,F.F.F.
26744,118529.0,1945-03-12,15,AUSTRIA,OIL REFINERY,OIL REFINERIES,48.2,16.37,B24,4.0,18.0,230.0,36.0,,,36.0,F.F.F.
26735,118530.0,1945-03-12,15,AUSTRIA,OIL REFINERY,OIL REFINERIES,48.2,16.37,B24,4.0,18.0,240.0,36.0,,,36.0,F.F.F.
26798,118533.0,1945-03-12,8,GERMANY,MARSHALLING YARD,"""RR INSTALLATIONS,  TRACKS,  MARSHALLING YARDS,  AND STATIONS""",51.4,8.05,B26,,,130.0,2.0,,,2.0,VISUAL
26799,118534.0,1945-03-12,8,GERMANY,MARSHALLING YARD,"""RR INSTALLATIONS,  TRACKS,  MARSHALLING YARDS,  AND STATIONS""",51.4,8.05,B26,,,130.0,1.0,,,1.0,VISUAL
26800,118535.0,1945-03-12,8,GERMANY,MARSHALLING YARD,"""RR INSTALLATIONS,  TRACKS,  MARSHALLING YARDS,  AND STATIONS""",51.4,8.05,B26,,,130.0,1.0,,,1.0,VISUAL
27001,118536.0,1945-03-12,8,GERMANY,MARSHALLING YARD,"""RR INSTALLATIONS,  TRACKS,  MARSHALLING YARDS,  AND STATIONS""",51.4,8.05,B26,,,130.0,59.0,,,59.0,VISUAL
27014,118537.0,1945-03-12,8,GERMANY,MARSHALLING YARD,"""RR INSTALLATIONS,  TRACKS,  MARSHALLING YARDS,  AND STATIONS""",51.4,8.05,B26,,,120.0,60.0,,,60.0,VISUAL
26794,118538.0,1945-03-12,8,GERMANY,MARSHALLING YARD,"""RR INSTALLATIONS,  TRACKS,  MARSHALLING YARDS,  AND STATIONS""",51.4,8.05,A26,,,135.0,42.0,,,42.0,VISUAL
26795,118539.0,1945-03-12,8,GERMANY,MARSHALLING YARD,"""RR INSTALLATIONS,  TRACKS,  MARSHALLING YARDS,  AND STATIONS""",51.4,8.05,A20,,,135.0,9.0,,,9.0,VISUAL
27016,118540.0,1945-03-12,8,GERMANY,MARSHALLING YARD,"""RR INSTALLATIONS,  TRACKS,  MARSHALLING YARDS,  AND STATIONS""",49.27,10.47,A26,,,120.0,76.0,,,76.0,VISUAL
26790,118541.0,1945-03-12,8,GERMANY,MARSHALLING YARD,"""RR INSTALLATIONS,  TRACKS,  MARSHALLING YARDS,  AND STATIONS""",51.06,8.8,B26,,,170.0,2.0,,,2.0,VISUAL
27006,118542.0,1945-03-12,8,GERMANY,MARSHALLING YARD,"""RR INSTALLATIONS,  TRACKS,  MARSHALLING YARDS,  AND STATIONS""",51.06,8.8,B26,,,130.0,66.0,,,66.0,VISUAL
26792,118543.0,1945-03-12,8,GERMANY,MARSHALLING YARD,"""RR INSTALLATIONS,  TRACKS,  MARSHALLING YARDS,  AND STATIONS""",51.06,8.8,B26,,,136.0,,,48.0,48.0,VISUAL
27010,118547.0,1945-03-12,8,GERMANY,MARSHALLING YARD,"""RR INSTALLATIONS,  TRACKS,  MARSHALLING YARDS,  AND STATIONS""",51.63,8.5,B26,,,130.0,2.0,,,2.0,VISUAL
27018,118548.0,1945-03-12,8,GERMANY,MARSHALLING YARD,"""RR INSTALLATIONS,  TRACKS,  MARSHALLING YARDS,  AND STATIONS""",51.63,8.5,A26,,,15.0,45.0,,,45.0,VISUAL
27011,118549.0,1945-03-12,8,GERMANY,MARSHALLING YARD,"""RR INSTALLATIONS,  TRACKS,  MARSHALLING YARDS,  AND STATIONS""",51.63,8.5,A20,,,130.0,8.0,,,8.0,VISUAL
27020,118577.0,1945-03-12,8,GERMANY,AREA,CITIES TOWNS AND URBAN AREAS,51.06,8.8,B26,,,13.0,1.0,,,1.0,VISUAL
27007,118584.0,1945-03-12,8,GERMANY,AREA,CITIES TOWNS AND URBAN AREAS,51.06,8.8,B26,,,130.0,1.0,,,1.0,VISUAL
27021,188739.0,1945-03-12,8,GERMANY,AREA,CITIES TOWNS AND URBAN AREAS,51.06,8.8,B26,,,13.0,1.0,,,1.0,VISUAL
27008,188746.0,1945-03-12,8,GERMANY,AREA,CITIES TOWNS AND URBAN AREAS,51.06,8.8,B26,,,130.0,1.0,,,1.0,VISUAL
26716,188755.0,1945-03-12,15,AUSTRIA,OIL REFINERY,OIL REFINERIES,48.2,16.37,B17,4.0,40.0,265.0,117.0,,,117.0,F.F.F.
26722,188756.0,1945-03-12,15,AUSTRIA,OIL REFINERY,OIL REFINERIES,48.2,16.37,B17,4.0,19.0,260.0,56.0,,,56.0,VISUAL
26723,188757.0,1945-03-12,15,AUSTRIA,OIL REFINERY,OIL REFINERIES,48.2,16.37,B17,4.0,20.0,260.0,59.0,,,59.0,VISUAL
26732,188758.0,1945-03-12,15,AUSTRIA,OIL REFINERY,OIL REFINERIES,48.2,16.37,B17,4.0,20.0,244.0,58.0,,,58.0,F.F.F.
26730,188759.0,1945-03-12,15,AUSTRIA,OIL REFINERY,OIL REFINERIES,48.2,16.37,B17,4.0,20.0,246.0,59.0,,,59.0,F.F.F.
26714,188760.0,1945-03-12,15,AUSTRIA,OIL REFINERY,OIL REFINERIES,48.2,16.37,B17,4.0,42.0,270.0,126.0,,,126.0,F.F.F.
26752,188761.0,1945-03-12,15,AUSTRIA,OIL REFINERY,OIL REFINERIES,48.2,16.37,B24,4.0,38.0,225.0,73.0,,,73.0,F.F.F.
26745,188762.0,1945-03-12,15,AUSTRIA,OIL REFINERY,OIL REFINERIES,48.2,16.37,B24,4.0,32.0,230.0,61.0,,,61.0,F.F.F.
26759,188763.0,1945-03-12,15,AUSTRIA,OIL REFINERY,OIL REFINERIES,48.2,16.37,B24,4.0,,,38.0,,,38.0,NOT INDICATED
26746,188764.0,1945-03-12,15,AUSTRIA,OIL REFINERY,OIL REFINERIES,48.2,16.37,B24,4.0,38.0,230.0,38.0,,,38.0,F.F.F.
26747,188765.0,1945-03-12,15,AUSTRIA,OIL REFINERY,OIL REFINERIES,48.2,16.37,B24,4.0,17.0,230.0,33.0,,,33.0,F.F.F.
26760,188766.0,1945-03-12,15,AUSTRIA,OIL REFINERY,OIL REFINERIES,48.2,16.37,B24,4.0,,,40.0,,,40.0,NOT INDICATED
26738,188767.0,1945-03-12,15,AUSTRIA,OIL REFINERY,OIL REFINERIES,48.2,16.37,B24,4.0,42.0,237.0,40.0,,,40.0,F.F.F.
26734,188768.0,1945-03-12,15,AUSTRIA,OIL REFINERY,OIL REFINERIES,48.2,16.37,B24,4.0,38.0,243.0,87.0,,,87.0,F.F.F.
26756,188769.0,1945-03-12,15,AUSTRIA,OIL REFINERY,OIL REFINERIES,48.2,16.37,B24,4.0,28.0,110.0,53.0,,,53.0,F.F.F.
26740,188770.0,1945-03-12,15,AUSTRIA,OIL REFINERY,OIL REFINERIES,48.2,16.37,B24,4.0,39.0,235.0,75.0,,,75.0,F.F.F.
26728,188771.0,1945-03-12,15,AUSTRIA,OIL REFINERY,OIL REFINERIES,48.2,16.37,B24,4.0,14.0,250.0,28.0,,,28.0,F.F.F.
26718,188772.0,1945-03-12,15,AUSTRIA,OIL REFINERY,OIL REFINERIES,48.2,16.37,B24,4.0,17.0,263.0,34.0,,,34.0,F.F.F.
26724,188773.0,1945-03-12,15,AUSTRIA,OIL REFINERY,OIL REFINERIES,48.2,16.37,B24,4.0,35.0,260.0,51.0,,,51.0,F.F.F.
26750,188774.0,1945-03-12,15,AUSTRIA,OIL REFINERY,OIL REFINERIES,48.2,16.37,B24,4.0,18.0,229.0,36.0,,,36.0,F.F.F.
26754,188775.0,1945-03-12,15,AUSTRIA,OIL REFINERY,OIL REFINERIES,48.2,16.37,B24,4.0,18.0,150.0,36.0,,,36.0,F.F.F.
26726,188776.0,1945-03-12,15,AUSTRIA,OIL REFINERY,OIL REFINERIES,48.2,16.37,B24,4.0,36.0,256.0,62.0,,,62.0,F.F.F.
26748,188777.0,1945-03-12,15,AUSTRIA,OIL REFINERY,OIL REFINERIES,48.2,16.37,B24,4.0,18.0,230.0,36.0,,,36.0,F.F.F.
26736,188778.0,1945-03-12,15,AUSTRIA,OIL REFINERY,OIL REFINERIES,48.2,16.37,B24,4.0,18.0,240.0,36.0,,,36.0,F.F.F.
26765,188780.0,1945-03-12,12,AUSTRIA,MARSHALLING YARDS,"""RR INSTALLATIONS,  TRACKS,  MARSHALLING YARDS,  AND STATIONS""",48.2,16.37,B17,4.0,38.0,250.0,107.0,,,107.0,VISUAL
26763,188781.0,1945-03-12,12,AUSTRIA,MARSHALLING YARDS,"""RR INSTALLATIONS,  TRACKS,  MARSHALLING YARDS,  AND STATIONS""",48.2,16.37,B17,4.0,28.0,261.0,83.0,,,83.0,F.F.F.
26764,188782.0,1945-03-12,12,AUSTRIA,MARSHALLING YARDS,"""RR INSTALLATIONS,  TRACKS,  MARSHALLING YARDS,  AND STATIONS""",48.2,16.37,B24,4.0,37.0,256.0,76.0,,,76.0,F.F.F.
26766,188783.0,1945-03-12,12,AUSTRIA,MARSHALLING YARDS,"""RR INSTALLATIONS,  TRACKS,  MARSHALLING YARDS,  AND STATIONS""",48.2,16.37,B24,3.0,38.0,230.0,74.0,,,74.0,F.F.F.
26761,188787.0,1945-03-12,15,AUSTRIA,RR,"""RR INSTALLATIONS,  TRACKS,  MARSHALLING YARDS,  AND STATIONS""",47.33,14.33,B24,2.0,1.0,,2.0,,,2.0,NOT INDICATED
26762,188788.0,1945-03-12,15,AUSTRIA,BRIDGE,BRIDGES,47.33,14.67,B17,2.0,1.0,,3.0,,,3.0,VISUAL
27022,188790.0,1945-03-12,8,GERMANY,MARSHALLING YARD,"""RR INSTALLATIONS,  TRACKS,  MARSHALLING YARDS,  AND STATIONS""",50.8,7.88,B17,4.0,,,20.0,,,20.0,NOT INDICATED
26772,188791.0,1945-03-12,8,GERMANY,MARSHALLING YARD,"""RR INSTALLATIONS,  TRACKS,  MARSHALLING YARDS,  AND STATIONS""",50.8,7.88,B17,4.0,13.0,240.0,2.0,7.0,,9.0,GEE
26776,188792.0,1945-03-12,8,GERMANY,MARSHALLING YARD,"""RR INSTALLATIONS,  TRACKS,  MARSHALLING YARDS,  AND STATIONS""",50.8,7.88,B17,4.0,12.0,237.0,27.0,6.0,,33.0,GEE
26769,188793.0,1945-03-12,8,GERMANY,MARSHALLING YARD,"""RR INSTALLATIONS,  TRACKS,  MARSHALLING YARDS,  AND STATIONS""",50.8,7.88,B17,4.0,13.0,253.0,22.0,7.0,,29.0,GEE
26773,188794.0,1945-03-12,8,GERMANY,MARSHALLING YARD,"""RR INSTALLATIONS,  TRACKS,  MARSHALLING YARDS,  AND STATIONS""",50.8,7.88,B17,4.0,13.0,240.0,22.0,6.0,,28.0,GEE
26777,188795.0,1945-03-12,8,GERMANY,MARSHALLING YARD,"""RR INSTALLATIONS,  TRACKS,  MARSHALLING YARDS,  AND STATIONS""",50.8,7.88,B17,4.0,13.0,233.0,22.0,7.0,,29.0,GEE
26770,188796.0,1945-03-12,8,GERMANY,MARSHALLING YARD,"""RR INSTALLATIONS,  TRACKS,  MARSHALLING YARDS,  AND STATIONS""",50.8,7.88,B17,4.0,13.0,247.0,23.0,7.0,,30.0,GEE
26774,188797.0,1945-03-12,8,GERMANY,MARSHALLING YARD,"""RR INSTALLATIONS,  TRACKS,  MARSHALLING YARDS,  AND STATIONS""",50.8,7.88,B17,4.0,12.0,240.0,20.0,6.0,,26.0,GEE
26775,188798.0,1945-03-12,8,GERMANY,MARSHALLING YARD,"""RR INSTALLATIONS,  TRACKS,  MARSHALLING YARDS,  AND STATIONS""",50.8,7.88,B17,4.0,13.0,238.0,21.0,6.0,,27.0,GEE
26771,188799.0,1945-03-12,8,GERMANY,MARSHALLING YARD,"""RR INSTALLATIONS,  TRACKS,  MARSHALLING YARDS,  AND STATIONS""",50.8,7.88,B17,4.0,13.0,247.0,22.0,7.0,,29.0,GEE
26782,188800.0,1945-03-12,8,GERMANY,MARSHALLING YARD,"""RR INSTALLATIONS,  TRACKS,  MARSHALLING YARDS,  AND STATIONS""",50.73,8.28,B17,4.0,12.0,223.0,20.0,6.0,,26.0,GEE
26787,188801.0,1945-03-12,8,GERMANY,MARSHALLING YARD,"""RR INSTALLATIONS,  TRACKS,  MARSHALLING YARDS,  AND STATIONS""",50.73,8.28,B17,4.0,12.0,211.0,20.0,6.0,,26.0,GEE
26779,188802.0,1945-03-12,8,GERMANY,MARSHALLING YARD,"""RR INSTALLATIONS,  TRACKS,  MARSHALLING YARDS,  AND STATIONS""",50.73,8.28,B17,4.0,12.0,225.0,20.0,6.0,,26.0,GEE
26784,188803.0,1945-03-12,8,GERMANY,MARSHALLING YARD,"""RR INSTALLATIONS,  TRACKS,  MARSHALLING YARDS,  AND STATIONS""",50.73,8.28,B17,4.0,11.0,220.0,19.0,6.0,,25.0,GEE
26786,188804.0,1945-03-12,8,GERMANY,MARSHALLING YARD,"""RR INSTALLATIONS,  TRACKS,  MARSHALLING YARDS,  AND STATIONS""",50.73,8.28,B17,4.0,12.0,213.0,20.0,6.0,,26.0,GEE
26780,188805.0,1945-03-12,8,GERMANY,MARSHALLING YARD,"""RR INSTALLATIONS,  TRACKS,  MARSHALLING YARDS,  AND STATIONS""",50.73,8.28,B17,4.0,13.0,225.0,22.0,7.0,,29.0,GEE
26781,188806.0,1945-03-12,8,GERMANY,MARSHALLING YARD,"""RR INSTALLATIONS,  TRACKS,  MARSHALLING YARDS,  AND STATIONS""",50.73,8.28,B17,4.0,12.0,224.0,20.0,6.0,,26.0,GEE
26785,188807.0,1945-03-12,8,GERMANY,MARSHALLING YARD,"""RR INSTALLATIONS,  TRACKS,  MARSHALLING YARDS,  AND STATIONS""",50.73,8.28,B17,4.0,13.0,215.0,22.0,7.0,,29.0,GEE
26783,188808.0,1945-03-12,8,GERMANY,MARSHALLING YARD,"""RR INSTALLATIONS,  TRACKS,  MARSHALLING YARDS,  AND STATIONS""",50.73,8.28,B17,4.0,12.0,223.0,20.0,6.0,,26.0,GEE
26778,188809.0,1945-03-12,8,GERMANY,MARSHALLING YARD,"""RR INSTALLATIONS,  TRACKS,  MARSHALLING YARDS,  AND STATIONS""",50.1,8.67,B17,3.0,24.0,233.0,41.0,11.0,,52.0,H2X
26788,188810.0,1945-03-12,8,GERMANY,MARSHALLING YARD,"""RR INSTALLATIONS,  TRACKS,  MARSHALLING YARDS,  AND STATIONS""",50.33,8.75,B24,4.0,28.0,206.0,55.0,12.0,,67.0,GEE
27023,188811.0,1945-03-12,8,GERMANY,MARSHALLING YARD,"""RR INSTALLATIONS,  TRACKS,  MARSHALLING YARDS,  AND STATIONS""",50.33,8.75,B24,4.0,,,,,,,NOT INDICATED
26789,188812.0,1945-03-12,8,GERMANY,MARSHALLING YARD,"""RR INSTALLATIONS,  TRACKS,  MARSHALLING YARDS,  AND STATIONS""",50.33,8.75,B24,4.0,17.0,190.0,35.0,9.0,,44.0,GEE
27002,217894.0,1945-03-12,8,GERMANY,MARSHALLING YARD,"""RR INSTALLATIONS,  TRACKS,  MARSHALLING YARDS,  AND STATIONS""",51.4,8.05,B26,,,130.0,2.0,,,2.0,VISUAL
27003,217895.0,1945-03-12,8,GERMANY,MARSHALLING YARD,"""RR INSTALLATIONS,  TRACKS,  MARSHALLING YARDS,  AND STATIONS""",51.4,8.05,B26,,,130.0,1.0,,,1.0,VISUAL
27004,217896.0,1945-03-12,8,GERMANY,MARSHALLING YARD,"""RR INSTALLATIONS,  TRACKS,  MARSHALLING YARDS,  AND STATIONS""",51.4,8.05,B26,,,130.0,1.0,,,1.0,VISUAL
27005,217897.0,1945-03-12,8,GERMANY,MARSHALLING YARD,"""RR INSTALLATIONS,  TRACKS,  MARSHALLING YARDS,  AND STATIONS""",51.4,8.05,B26,,,130.0,59.0,,,59.0,VISUAL
27015,217898.0,1945-03-12,8,GERMANY,MARSHALLING YARD,"""RR INSTALLATIONS,  TRACKS,  MARSHALLING YARDS,  AND STATIONS""",51.4,8.05,B26,,,120.0,60.0,,,60.0,VISUAL
26796,217899.0,1945-03-12,8,GERMANY,MARSHALLING YARD,"""RR INSTALLATIONS,  TRACKS,  MARSHALLING YARDS,  AND STATIONS""",51.4,8.05,A26,,,135.0,42.0,,,42.0,VISUAL
26797,217900.0,1945-03-12,8,GERMANY,MARSHALLING YARD,"""RR INSTALLATIONS,  TRACKS,  MARSHALLING YARDS,  AND STATIONS""",51.4,8.05,A20,,,135.0,9.0,,,9.0,VISUAL
27017,217901.0,1945-03-12,8,GERMANY,MARSHALLING YARD,"""RR INSTALLATIONS,  TRACKS,  MARSHALLING YARDS,  AND STATIONS""",49.27,10.47,A26,,,120.0,76.0,,,76.0,VISUAL
26791,217902.0,1945-03-12,8,GERMANY,MARSHALLING YARD,"""RR INSTALLATIONS,  TRACKS,  MARSHALLING YARDS,  AND STATIONS""",51.06,8.8,B26,,,170.0,2.0,,,2.0,VISUAL
27009,217903.0,1945-03-12,8,GERMANY,MARSHALLING YARD,"""RR INSTALLATIONS,  TRACKS,  MARSHALLING YARDS,  AND STATIONS""",51.06,8.8,B26,,,130.0,66.0,,,66.0,VISUAL
26793,217904.0,1945-03-12,8,GERMANY,MARSHALLING YARD,"""RR INSTALLATIONS,  TRACKS,  MARSHALLING YARDS,  AND STATIONS""",51.06,8.8,B26,,,136.0,,,48.0,48.0,VISUAL
27012,217908.0,1945-03-12,8,GERMANY,MARSHALLING YARD,"""RR INSTALLATIONS,  TRACKS,  MARSHALLING YARDS,  AND STATIONS""",51.63,8.5,B26,,,130.0,2.0,,,2.0,VISUAL
27019,217909.0,1945-03-12,8,GERMANY,MARSHALLING YARD,"""RR INSTALLATIONS,  TRACKS,  MARSHALLING YARDS,  AND STATIONS""",51.63,8.5,A26,,,15.0,45.0,,,45.0,VISUAL
27013,217910.0,1945-03-12,8,GERMANY,MARSHALLING YARD,"""RR INSTALLATIONS,  TRACKS,  MARSHALLING YARDS,  AND STATIONS""",51.63,8.5,A20,,,130.0,8.0,,,8.0,VISUAL
27942,118591.0,1945-03-13,8,GERMANY,MARSHALLING YARD,"""RR INSTALLATIONS,  TRACKS,  MARSHALLING YARDS,  AND STATIONS""",50.6,8.97,B26,,,130.0,2.0,,,2.0,VISUAL
27943,118592.0,1945-03-13,8,GERMANY,MARSHALLING YARD,"""RR INSTALLATIONS,  TRACKS,  MARSHALLING YARDS,  AND STATIONS""",50.6,8.97,B26,,,130.0,2.0,,,2.0,VISUAL
27953,118593.0,1945-03-13,8,GERMANY,MARSHALLING YARD,"""RR INSTALLATIONS,  TRACKS,  MARSHALLING YARDS,  AND STATIONS""",50.6,8.97,B26,,,110.0,58.0,,,58.0,VISUAL
27946,118594.0,1945-03-13,8,GERMANY,MARSHALLING YARD,"""RR INSTALLATIONS,  TRACKS,  MARSHALLING YARDS,  AND STATIONS""",50.6,8.97,A20,,,128.0,57.0,,,57.0,VISUAL
27949,118612.0,1945-03-13,8,GERMANY,AIR DROME,AIR FIELDS AND AIRDROMES,50.1,8.67,B26,,,125.0,42.0,,,42.0,VISUAL
27955,118613.0,1945-03-13,8,GERMANY,AIR DROME,AIR FIELDS AND AIRDROMES,50.1,8.67,B26,,,,18.0,,,18.0,VISUAL
27951,118614.0,1945-03-13,8,GERMANY,AIR DROME,AIR FIELDS AND AIRDROMES,50.1,8.67,A20,,,118.0,55.0,,,55.0,VISUAL
27938,188847.0,1945-03-13,12,AUSTRIA,RR,"""RR INSTALLATIONS,  TRACKS,  MARSHALLING YARDS,  AND STATIONS""",46.63,14.3,B17,2.0,1.0,250.0,3.0,,,3.0,VISUAL
27939,188848.0,1945-03-13,12,AUSTRIA,RR,"""RR INSTALLATIONS,  TRACKS,  MARSHALLING YARDS,  AND STATIONS""",46.63,14.3,B24,2.0,1.0,,2.0,,,2.0,F.F.F.
27937,188849.0,1945-03-13,15,AUSTRIA,MARSHALLING YARD,"""RR INSTALLATIONS,  TRACKS,  MARSHALLING YARDS,  AND STATIONS""",46.8,13.5,B24,2.0,1.0,,2.0,,,2.0,F.F.F.
27940,188850.0,1945-03-13,8,GERMANY,LOCOMOTIVE,"""RR INSTALLATIONS,  TRACKS,  MARSHALLING YARDS,  AND STATIONS""",48.45,12.17,B17,2.0,1.0,249.0,3.0,,,3.0,VISUAL
27944,218015.0,1945-03-13,8,GERMANY,MARSHALLING YARD,"""RR INSTALLATIONS,  TRACKS,  MARSHALLING YARDS,  AND STATIONS""",50.6,8.97,B26,,,130.0,2.0,,,2.0,VISUAL
27945,218016.0,1945-03-13,8,GERMANY,MARSHALLING YARD,"""RR INSTALLATIONS,  TRACKS,  MARSHALLING YARDS,  AND STATIONS""",50.6,8.97,B26,,,130.0,2.0,,,2.0,VISUAL
27954,218017.0,1945-03-13,8,GERMANY,MARSHALLING YARD,"""RR INSTALLATIONS,  TRACKS,  MARSHALLING YARDS,  AND STATIONS""",50.6,8.97,B26,,,110.0,58.0,,,58.0,VISUAL
27947,218018.0,1945-03-13,8,GERMANY,MARSHALLING YARD,"""RR INSTALLATIONS,  TRACKS,  MARSHALLING YARDS,  AND STATIONS""",50.6,8.97,A20,,,128.0,57.0,,,57.0,VISUAL
27950,218041.0,1945-03-13,8,GERMANY,AIR DROME,AIR FIELDS AND AIRDROMES,50.1,8.67,B26,,,125.0,42.0,,,42.0,VISUAL
27956,218042.0,1945-03-13,8,GERMANY,AIR DROME,AIR FIELDS AND AIRDROMES,50.1,8.67,B26,,,,18.0,,,18.0,VISUAL
27952,218043.0,1945-03-13,8,GERMANY,AIR DROME,AIR FIELDS AND AIRDROMES,50.1,8.67,A20,,,118.0,55.0,,,55.0,VISUAL
28978,118638.0,1945-03-14,8,GERMANY,RR BRIDGE,BRIDGES,50.83,8.78,A26,,,100.0,48.0,,,48.0,VISUAL
28972,118671.0,1945-03-14,8,GERMANY,AIRDROME,AIR FIELDS AND AIRDROMES,49.97,8.95,B26,,,100.0,2.0,,,2.0,VISUAL
28973,118672.0,1945-03-14,8,GERMANY,AIRDROME,AIR FIELDS AND AIRDROMES,49.97,8.95,B26,,,100.0,50.0,,,50.0,VISUAL
28983,118698.0,1945-03-14,8,GERMANY,AREA,CITIES TOWNS AND URBAN AREAS,49.97,8.95,A20,,,10.0,27.0,,,27.0,VISUAL
28974,118701.0,1945-03-14,8,GERMANY,AREA,CITIES TOWNS AND URBAN AREAS,49.97,8.95,A20,,,100.0,27.0,,,27.0,VISUAL
28984,188879.0,1945-03-14,8,GERMANY,AREA,CITIES TOWNS AND URBAN AREAS,49.97,8.95,A20,,,10.0,27.0,,,27.0,VISUAL
28975,188880.0,1945-03-14,8,GERMANY,AREA,CITIES TOWNS AND URBAN AREAS,49.97,8.95,A20,,,100.0,27.0,,,27.0,VISUAL
28947,188916.0,1945-03-14,15,AUSTRIA,MARSHALLING YARDS,"""RR INSTALLATIONS,  TRACKS,  MARSHALLING YARDS,  AND STATIONS""",47.22,14.82,B24,3.0,1.0,,3.0,,,3.0,NOT INDICATED
28941,188926.0,1945-03-14,15,CZECHOSLOVAKIA,MARSHALLING YARDS,"""RR INSTALLATIONS,  TRACKS,  MARSHALLING YARDS,  AND STATIONS""",48.0,18.17,B24,4.0,19.0,215.0,48.0,,,48.0,VISUAL
28945,188927.0,1945-03-14,15,CZECHOSLOVAKIA,MARSHALLING YARDS,"""RR INSTALLATIONS,  TRACKS,  MARSHALLING YARDS,  AND STATIONS""",48.0,18.17,B24,4.0,17.0,200.0,40.0,,,40.0,VISUAL
28946,188928.0,1945-03-14,15,CZECHOSLOVAKIA,MARSHALLING YARDS,"""RR INSTALLATIONS,  TRACKS,  MARSHALLING YARDS,  AND STATIONS""",48.0,18.17,B24,4.0,21.0,200.0,52.0,,,52.0,VISUAL
28943,188929.0,1945-03-14,15,CZECHOSLOVAKIA,MARSHALLING YARDS,"""RR INSTALLATIONS,  TRACKS,  MARSHALLING YARDS,  AND STATIONS""",48.0,18.17,B24,4.0,11.0,210.0,27.0,,,27.0,VISUAL
28944,188930.0,1945-03-14,15,CZECHOSLOVAKIA,MARSHALLING YARDS,"""RR INSTALLATIONS,  TRACKS,  MARSHALLING YARDS,  AND STATIONS""",48.0,18.17,B24,4.0,19.0,210.0,46.0,,,46.0,F.F.F.
28940,188931.0,1945-03-14,15,CZECHOSLOVAKIA,MARSHALLING YARDS,"""RR INSTALLATIONS,  TRACKS,  MARSHALLING YARDS,  AND STATIONS""",48.0,18.17,B24,4.0,11.0,216.0,28.0,,,28.0,VISUAL
28942,188932.0,1945-03-14,15,CZECHOSLOVAKIA,MARSHALLING YARDS,"""RR INSTALLATIONS,  TRACKS,  MARSHALLING YARDS,  AND STATIONS""",48.0,18.17,B24,4.0,17.0,213.0,42.0,,,42.0,VISUAL
28961,188933.0,1945-03-14,8,GERMANY,RR BRIDGE,BRIDGES,52.22,8.8,B17,4.0,13.0,230.0,39.0,,,39.0,VISUAL
28967,188934.0,1945-03-14,8,GERMANY,RR BRIDGE,BRIDGES,52.22,8.8,B17,4.0,12.0,224.0,36.0,,,36.0,VISUAL
28959,188935.0,1945-03-14,8,GERMANY,RR BRIDGE,BRIDGES,52.22,8.8,B17,4.0,13.0,232.0,39.0,,,39.0,VISUAL
28962,188936.0,1945-03-14,8,GERMANY,RR BRIDGE,BRIDGES,52.22,8.8,B17,4.0,12.0,230.0,36.0,,,36.0,VISUAL
28968,188937.0,1945-03-14,8,GERMANY,RR BRIDGE,BRIDGES,52.22,8.8,B17,4.0,13.0,223.0,39.0,,,39.0,VISUAL
28958,188938.0,1945-03-14,8,GERMANY,RR BRIDGE,BRIDGES,52.22,8.8,B17,4.0,13.0,236.0,39.0,,,39.0,VISUAL
28963,188939.0,1945-03-14,8,GERMANY,RR BRIDGE,BRIDGES,52.22,8.8,B17,4.0,12.0,230.0,36.0,,,36.0,VISUAL
28964,188940.0,1945-03-14,8,GERMANY,RR BRIDGE,BRIDGES,52.22,8.8,B17,4.0,12.0,229.0,36.0,,,36.0,VISUAL
28957,188941.0,1945-03-14,8,GERMANY,RR BRIDGE,BRIDGES,52.22,8.8,B17,4.0,13.0,238.0,39.0,,,39.0,VISUAL
28985,188942.0,1945-03-14,8,GERMANY,MARSHALLING YARD,"""RR INSTALLATIONS,  TRACKS,  MARSHALLING YARDS,  AND STATIONS""",50.6,8.68,B24,3.0,,,,,,,NOT INDICATED
28966,188943.0,1945-03-14,8,GERMANY,MARSHALLING YARD,"""RR INSTALLATIONS,  TRACKS,  MARSHALLING YARDS,  AND STATIONS""",50.6,8.68,B24,3.0,31.0,225.0,61.0,16.0,,77.0,VISUAL
28986,188944.0,1945-03-14,8,GERMANY,MARSHALLING YARD,"""RR INSTALLATIONS,  TRACKS,  MARSHALLING YARDS,  AND STATIONS""",50.6,8.68,B24,3.0,,,1.0,,,1.0,NOT INDICATED
28965,188945.0,1945-03-14,8,GERMANY,MARSHALLING YARD,"""RR INSTALLATIONS,  TRACKS,  MARSHALLING YARDS,  AND STATIONS""",50.6,8.68,B24,3.0,33.0,229.0,61.0,13.0,,74.0,VISUAL
28969,188946.0,1945-03-14,8,GERMANY,MARSHALLING YARD,"""RR INSTALLATIONS,  TRACKS,  MARSHALLING YARDS,  AND STATIONS""",50.6,8.68,B24,3.0,18.0,220.0,34.0,8.0,,42.0,H2X
28960,188947.0,1945-03-14,8,GERMANY,MARSHALLING YARD,"""RR INSTALLATIONS,  TRACKS,  MARSHALLING YARDS,  AND STATIONS""",50.6,8.68,B24,3.0,27.0,232.0,55.0,12.0,,67.0,VISUAL
28970,188948.0,1945-03-14,8,GERMANY,MARSHALLING YARD,"""RR INSTALLATIONS,  TRACKS,  MARSHALLING YARDS,  AND STATIONS""",52.1,9.37,B17,2.0,11.0,135.0,27.0,11.0,,38.0,VISUAL
28979,218072.0,1945-03-14,8,GERMANY,RR BRIDGE,BRIDGES,50.83,8.78,A26,,,100.0,48.0,,,48.0,VISUAL
28976,218099.0,1945-03-14,8,GERMANY,AIRDROME,AIR FIELDS AND AIRDROMES,49.97,8.95,B26,,,100.0,2.0,,,2.0,VISUAL
28977,218100.0,1945-03-14,8,GERMANY,AIRDROME,AIR FIELDS AND AIRDROMES,49.97,8.95,B26,,,100.0,50.0,,,50.0,VISUAL
30167,118702.0,1945-03-15,15,AUSTRIA,FACTORY,MANUFACTURING INSTALLATIONS (NOT SPECIFICALLY IDENTIFIED BELOW FROM CLASS 11 THROUGH 59),48.33,15.33,B24,2.0,1.0,,2.0,,,2.0,NOT INDICATED
30157,118703.0,1945-03-15,15,AUSTRIA,SYN OIL REFINERY,OIL REFINERIES,48.32,15.92,B24,4.0,,,38.0,,,38.0,NOT INDICATED
30143,118704.0,1945-03-15,15,AUSTRIA,SYN OIL REFINERY,OIL REFINERIES,48.32,15.92,B24,4.0,38.0,234.0,38.0,,,38.0,F.F.F.
30134,118705.0,1945-03-15,15,AUSTRIA,SYN OIL REFINERY,OIL REFINERIES,48.32,15.92,B24,4.0,38.0,235.0,74.0,,,74.0,F.F.F.
30158,118706.0,1945-03-15,15,AUSTRIA,SYN OIL REFINERY,OIL REFINERIES,48.32,15.92,B24,4.0,6.0,,17.0,,,17.0,NOT INDICATED
30135,118707.0,1945-03-15,15,AUSTRIA,SYN OIL REFINERY,OIL REFINERIES,48.32,15.92,B24,4.0,12.0,235.0,17.0,,,17.0,F.F.F.
30159,118708.0,1945-03-15,15,AUSTRIA,SYN OIL REFINERY,OIL REFINERIES,48.32,15.92,B24,4.0,14.0,,26.0,,,26.0,NOT INDICATED
30128,118709.0,1945-03-15,15,AUSTRIA,SYN OIL REFINERY,OIL REFINERIES,48.32,15.92,B24,4.0,6.0,240.0,12.0,,,12.0,F.F.F.
30116,118710.0,1945-03-15,15,AUSTRIA,SYN OIL REFINERY,OIL REFINERIES,48.32,15.92,B24,4.0,12.0,251.0,24.0,,,24.0,VISUAL
30124,118711.0,1945-03-15,15,AUSTRIA,SYN OIL REFINERY,OIL REFINERIES,48.32,15.92,B24,4.0,17.0,245.0,42.0,,,42.0,VISUAL
30114,118712.0,1945-03-15,15,AUSTRIA,SYN OIL REFINERY,OIL REFINERIES,48.32,15.92,B24,2.0,4.0,252.0,10.0,,,10.0,VISUAL
30145,118713.0,1945-03-15,15,AUSTRIA,NOVA OIL REFINERY,OIL REFINERIES,48.12,16.53,B24,4.0,32.0,232.0,61.0,,,61.0,F.F.F.
30139,118714.0,1945-03-15,15,AUSTRIA,OIL REFINERY,OIL REFINERIES,48.2,16.37,B24,4.0,28.0,235.0,54.0,,,54.0,F.F.F.
30148,118715.0,1945-03-15,15,AUSTRIA,OIL REFINERY,OIL REFINERIES,48.2,16.37,B24,4.0,1.0,230.0,2.0,,,2.0,VISUAL
30110,118716.0,1945-03-15,15,AUSTRIA,OIL REFINERY,OIL REFINERIES,48.2,16.37,B24,4.0,20.0,255.0,37.0,,,37.0,F.F.F.
30130,118717.0,1945-03-15,15,AUSTRIA,OIL REFINERY,OIL REFINERIES,48.2,16.37,B24,4.0,21.0,240.0,40.0,,,40.0,F.F.F.
30150,118720.0,1945-03-15,15,CZECHOSLOVAKIA,OIL REFINERY,OIL REFINERIES,50.03,15.18,B17,4.0,18.0,200.0,50.0,,,50.0,F.F.F.
30151,118721.0,1945-03-15,15,CZECHOSLOVAKIA,OIL REFINERY,OIL REFINERIES,50.03,15.18,B17,4.0,19.0,200.0,53.0,,,53.0,F.F.F.
30126,118722.0,1945-03-15,15,CZECHOSLOVAKIA,OIL REFINERY,OIL REFINERIES,50.03,15.18,B17,4.0,19.0,240.0,55.0,,,55.0,VISUAL
30106,118723.0,1945-03-15,15,CZECHOSLOVAKIA,OIL REFINERY,OIL REFINERIES,50.03,15.18,B17,4.0,19.0,260.0,57.0,,,57.0,F.F.F.
30141,118724.0,1945-03-15,15,CZECHOSLOVAKIA,OIL REFINERY,OIL REFINERIES,50.03,15.18,B17,3.0,10.0,234.0,29.0,,,29.0,VISUAL
30112,118725.0,1945-03-15,15,CZECHOSLOVAKIA,OIL REFINERY,OIL REFINERIES,50.03,15.18,B17,3.0,14.0,252.0,42.0,,,42.0,VISUAL
30155,118726.0,1945-03-15,15,CZECHOSLOVAKIA,OIL REFINERY,OIL REFINERIES,50.03,15.18,B17,3.0,2.0,,6.0,,,6.0,VISUAL
30186,118727.0,1945-03-15,8,GERMANY,MARSHALLING YARD,"""RR INSTALLATIONS,  TRACKS,  MARSHALLING YARDS,  AND STATIONS""",50.41,8.04,B26,,,125.0,1.0,,,1.0,VISUAL
30187,118728.0,1945-03-15,8,GERMANY,MARSHALLING YARD,"""RR INSTALLATIONS,  TRACKS,  MARSHALLING YARDS,  AND STATIONS""",50.41,8.04,B26,,,125.0,1.0,,,1.0,VISUAL
30188,118729.0,1945-03-15,8,GERMANY,MARSHALLING YARD,"""RR INSTALLATIONS,  TRACKS,  MARSHALLING YARDS,  AND STATIONS""",50.41,8.04,B26,,,125.0,12.0,,,12.0,VISUAL
30192,118730.0,1945-03-15,8,GERMANY,MARSHALLING YARD,"""RR INSTALLATIONS,  TRACKS,  MARSHALLING YARDS,  AND STATIONS""",50.41,8.04,B26,,,123.0,12.0,,,12.0,VISUAL
30132,118748.0,1945-03-15,15,GERMANY,SCWARTZHEIDE SYN OIL,SYNTHETIC OIL REFINERIES,51.48,13.88,B17,4.0,29.0,237.0,86.0,,,86.0,VISUAL
30108,118749.0,1945-03-15,15,GERMANY,SCWARTZHEIDE SYN OIL,SYNTHETIC OIL REFINERIES,51.48,13.88,B17,4.0,20.0,259.0,60.0,,,60.0,F.F.F.
30122,118750.0,1945-03-15,15,GERMANY,SCWARTZHEIDE SYN OIL,SYNTHETIC OIL REFINERIES,51.48,13.88,B17,4.0,21.0,246.0,60.0,,,60.0,F.F.F.
30119,118809.0,1945-03-15,15,GERMANY,CITY AREA,CITIES TOWNS AND URBAN AREAS,51.48,13.88,B17,4.0,21.0,250.0,61.0,,,61.0,F.F.F.
30194,118811.0,1945-03-15,8,GERMANY,CITY AREA,CITIES TOWNS AND URBAN AREAS,47.97,7.93,B26,,,,,,12.0,12.0,VISUAL
30195,118812.0,1945-03-15,8,GERMANY,CITY AREA,CITIES TOWNS AND URBAN AREAS,47.97,7.93,B26,,,,,,,,VISUAL
30164,118814.0,1945-03-15,15,AUSTRIA,UNIDENTIFIED TARGETS,UNIDENTIFIED TARGETS,47.0,14.67,B24,4.0,1.0,,2.0,,,2.0,VISUAL
30196,118827.0,1945-03-15,8,GERMANY,CITY AREA,CITIES TOWNS AND URBAN AREAS,47.97,7.93,B26,,,,,,12.0,12.0,VISUAL
30197,118828.0,1945-03-15,8,GERMANY,CITY AREA,CITIES TOWNS AND URBAN AREAS,47.97,7.93,B26,,,,,,,,VISUAL
30165,189006.0,1945-03-15,15,AUSTRIA,UNIDENTIFIED TARGETS,UNIDENTIFIED TARGETS,47.0,14.67,B24,4.0,1.0,,2.0,,,2.0,VISUAL
30404,189014.0,1945-03-15,8,GERMANY,UNIDENTIFIED TARGET,UNIDENTIFIED TARGETS,49.08,9.67,B17,2.0,,,20.0,,,20.0,NOT INDICATED
30173,189015.0,1945-03-15,8,GERMANY,UNIDENTIFIED TARGET,UNIDENTIFIED TARGETS,49.08,9.67,B17,2.0,10.0,217.0,10.0,,,10.0,VISUAL
30181,189016.0,1945-03-15,8,GERMANY,UNIDENTIFIED TARGET,UNIDENTIFIED TARGETS,49.08,9.67,B17,2.0,12.0,200.0,34.0,,,34.0,VISUAL
30405,189017.0,1945-03-15,8,GERMANY,UNIDENTIFIED TARGET,UNIDENTIFIED TARGETS,49.08,9.67,B17,2.0,7.0,,21.0,,,21.0,NOT INDICATED
30120,189023.0,1945-03-15,15,GERMANY,CITY AREA,CITIES TOWNS AND URBAN AREAS,51.48,13.88,B17,4.0,21.0,250.0,61.0,,,61.0,F.F.F.
30198,189025.0,1945-03-15,8,GERMANY,CITY AREA,CITIES TOWNS AND URBAN AREAS,47.97,7.93,B26,,,,,,12.0,12.0,VISUAL
30199,189026.0,1945-03-15,8,GERMANY,CITY AREA,CITIES TOWNS AND URBAN AREAS,47.97,7.93,B26,,,,,,,,VISUAL
30200,189032.0,1945-03-15,8,GERMANY,CITY AREA,CITIES TOWNS AND URBAN AREAS,47.97,7.93,B26,,,,,,12.0,12.0,VISUAL
30401,189033.0,1945-03-15,8,GERMANY,CITY AREA,CITIES TOWNS AND URBAN AREAS,47.97,7.93,B26,,,,,,,,VISUAL
30168,189037.0,1945-03-15,15,AUSTRIA,FACTORY,MANUFACTURING INSTALLATIONS (NOT SPECIFICALLY IDENTIFIED BELOW FROM CLASS 11 THROUGH 59),48.33,15.33,B24,2.0,1.0,,2.0,,,2.0,NOT INDICATED
30169,189038.0,1945-03-15,15,AUSTRIA,FACTORY,MANUFACTURING INSTALLATIONS (NOT SPECIFICALLY IDENTIFIED BELOW FROM CLASS 11 THROUGH 59),48.33,15.33,B24,2.0,1.0,,2.0,,,2.0,NOT INDICATED
30166,189040.0,1945-03-15,15,AUSTRIA,UNIDENTIFIED TARGETS,UNIDENTIFIED TARGETS,47.0,14.67,B24,4.0,1.0,,2.0,,,2.0,VISUAL
30406,189048.0,1945-03-15,8,GERMANY,UNIDENTIFIED TARGET,UNIDENTIFIED TARGETS,49.08,9.67,B17,2.0,,,20.0,,,20.0,NOT INDICATED
30174,189049.0,1945-03-15,8,GERMANY,UNIDENTIFIED TARGET,UNIDENTIFIED TARGETS,49.08,9.67,B17,2.0,10.0,217.0,10.0,,,10.0,VISUAL
30182,189050.0,1945-03-15,8,GERMANY,UNIDENTIFIED TARGET,UNIDENTIFIED TARGETS,49.08,9.67,B17,2.0,12.0,200.0,34.0,,,34.0,VISUAL
30407,189051.0,1945-03-15,8,GERMANY,UNIDENTIFIED TARGET,UNIDENTIFIED TARGETS,49.08,9.67,B17,2.0,7.0,,21.0,,,21.0,NOT INDICATED
30121,189056.0,1945-03-15,15,GERMANY,CITY AREA,CITIES TOWNS AND URBAN AREAS,51.48,13.88,B17,4.0,21.0,250.0,61.0,,,61.0,F.F.F.
30160,189057.0,1945-03-15,15,AUSTRIA,SYN OIL REFINERY,OIL REFINERIES,48.32,15.92,B24,4.0,,,38.0,,,38.0,NOT INDICATED
30144,189058.0,1945-03-15,15,AUSTRIA,SYN OIL REFINERY,OIL REFINERIES,48.32,15.92,B24,4.0,38.0,234.0,38.0,,,38.0,F.F.F.
30136,189059.0,1945-03-15,15,AUSTRIA,SYN OIL REFINERY,OIL REFINERIES,48.32,15.92,B24,4.0,38.0,235.0,74.0,,,74.0,F.F.F.
30161,189060.0,1945-03-15,15,AUSTRIA,SYN OIL REFINERY,OIL REFINERIES,48.32,15.92,B24,4.0,6.0,,17.0,,,17.0,NOT INDICATED
30137,189061.0,1945-03-15,15,AUSTRIA,SYN OIL REFINERY,OIL REFINERIES,48.32,15.92,B24,4.0,12.0,235.0,17.0,,,17.0,F.F.F.
30162,189062.0,1945-03-15,15,AUSTRIA,SYN OIL REFINERY,OIL REFINERIES,48.32,15.92,B24,4.0,14.0,,26.0,,,26.0,NOT INDICATED
30129,189063.0,1945-03-15,15,AUSTRIA,SYN OIL REFINERY,OIL REFINERIES,48.32,15.92,B24,4.0,6.0,240.0,12.0,,,12.0,F.F.F.
30117,189064.0,1945-03-15,15,AUSTRIA,SYN OIL REFINERY,OIL REFINERIES,48.32,15.92,B24,4.0,12.0,251.0,24.0,,,24.0,VISUAL
30125,189065.0,1945-03-15,15,AUSTRIA,SYN OIL REFINERY,OIL REFINERIES,48.32,15.92,B24,4.0,17.0,245.0,42.0,,,42.0,VISUAL
30115,189066.0,1945-03-15,15,AUSTRIA,SYN OIL REFINERY,OIL REFINERIES,48.32,15.92,B24,2.0,4.0,252.0,10.0,,,10.0,VISUAL
30146,189067.0,1945-03-15,15,AUSTRIA,NOVA OIL REFINERY,OIL REFINERIES,48.12,16.53,B24,4.0,32.0,232.0,61.0,,,61.0,F.F.F.
30140,189068.0,1945-03-15,15,AUSTRIA,OIL REFINERY,OIL REFINERIES,48.2,16.37,B24,4.0,28.0,235.0,54.0,,,54.0,F.F.F.
30149,189069.0,1945-03-15,15,AUSTRIA,OIL REFINERY,OIL REFINERIES,48.2,16.37,B24,4.0,1.0,230.0,2.0,,,2.0,VISUAL
30111,189070.0,1945-03-15,15,AUSTRIA,OIL REFINERY,OIL REFINERIES,48.2,16.37,B24,4.0,20.0,255.0,37.0,,,37.0,F.F.F.
30131,189071.0,1945-03-15,15,AUSTRIA,OIL REFINERY,OIL REFINERIES,48.2,16.37,B24,4.0,21.0,240.0,40.0,,,40.0,F.F.F.
30152,189072.0,1945-03-15,15,CZECHOSLOVAKIA,OIL REFINERY,OIL REFINERIES,50.03,15.18,B17,4.0,18.0,200.0,50.0,,,50.0,F.F.F.
30153,189073.0,1945-03-15,15,CZECHOSLOVAKIA,OIL REFINERY,OIL REFINERIES,50.03,15.18,B17,4.0,19.0,200.0,53.0,,,53.0,F.F.F.
30127,189074.0,1945-03-15,15,CZECHOSLOVAKIA,OIL REFINERY,OIL REFINERIES,50.03,15.18,B17,4.0,19.0,240.0,55.0,,,55.0,VISUAL
30107,189075.0,1945-03-15,15,CZECHOSLOVAKIA,OIL REFINERY,OIL REFINERIES,50.03,15.18,B17,4.0,19.0,260.0,57.0,,,57.0,F.F.F.
30142,189076.0,1945-03-15,15,CZECHOSLOVAKIA,OIL REFINERY,OIL REFINERIES,50.03,15.18,B17,3.0,10.0,234.0,29.0,,,29.0,VISUAL
30113,189077.0,1945-03-15,15,CZECHOSLOVAKIA,OIL REFINERY,OIL REFINERIES,50.03,15.18,B17,3.0,14.0,252.0,42.0,,,42.0,VISUAL
30156,189078.0,1945-03-15,15,CZECHOSLOVAKIA,OIL REFINERY,OIL REFINERIES,50.03,15.18,B17,3.0,2.0,,6.0,,,6.0,VISUAL
30133,189079.0,1945-03-15,15,GERMANY,SCWARTZHEIDE SYN OIL,SYNTHETIC OIL REFINERIES,51.48,13.88,B17,4.0,29.0,237.0,86.0,,,86.0,VISUAL
30109,189080.0,1945-03-15,15,GERMANY,SCWARTZHEIDE SYN OIL,SYNTHETIC OIL REFINERIES,51.48,13.88,B17,4.0,20.0,259.0,60.0,,,60.0,F.F.F.
30123,189081.0,1945-03-15,15,GERMANY,SCWARTZHEIDE SYN OIL,SYNTHETIC OIL REFINERIES,51.48,13.88,B17,4.0,21.0,246.0,60.0,,,60.0,F.F.F.
30118,189082.0,1945-03-15,15,AUSTRIA,MARSHALLING YARD,"""RR INSTALLATIONS,  TRACKS,  MARSHALLING YARDS,  AND STATIONS""",47.35,16.17,B24,4.0,13.0,250.0,25.0,,,25.0,VISUAL
30154,189083.0,1945-03-15,15,AUSTRIA,MARSHALLING YARDS,"""RR INSTALLATIONS,  TRACKS,  MARSHALLING YARDS,  AND STATIONS""",47.68,15.93,B24,2.0,5.0,,10.0,,,10.0,VISUAL
30147,189088.0,1945-03-15,15,AUSTRIA,RR BRIDGE,BRIDGES,46.63,14.3,B17,2.0,5.0,230.0,15.0,,,15.0,VISUAL
30171,189089.0,1945-03-15,12,AUSTRIA,RR,"""RR INSTALLATIONS,  TRACKS,  MARSHALLING YARDS,  AND STATIONS""",46.63,14.3,B24,2.0,38.0,190.0,74.0,,,74.0,F.F.F.
30163,189090.0,1945-03-15,15,AUSTRIA,MARSHALLING YARDS,"""RR INSTALLATIONS,  TRACKS,  MARSHALLING YARDS,  AND STATIONS""",47.6,15.68,B24,2.0,13.0,,25.0,,,25.0,VISUAL
30138,189091.0,1945-03-15,15,AUSTRIA,MARSHALLING YARDS,"""RR INSTALLATIONS,  TRACKS,  MARSHALLING YARDS,  AND STATIONS""",48.22,15.63,B24,2.0,18.0,235.0,43.0,,,43.0,VISUAL
30172,189097.0,1945-03-15,8,GERMANY,MARSHALLING YARD,"""RR INSTALLATIONS,  TRACKS,  MARSHALLING YARDS,  AND STATIONS""",52.62,10.08,B17,1.0,1.0,245.0,3.0,,,3.0,VISUAL
30183,189103.0,1945-03-15,8,GERMANY,R R,"""RR INSTALLATIONS,  TRACKS,  MARSHALLING YARDS,  AND STATIONS""",50.13,8.46,B24,4.0,14.0,180.0,20.0,17.0,,37.0,H2X
30170,189140.0,1945-03-15,15,GERMANY,RR,"""RR INSTALLATIONS,  TRACKS,  MARSHALLING YARDS,  AND STATIONS""",42.67,12.67,B17,1.0,1.0,,1.0,2.0,,3.0,NOT INDICATED
30189,218114.0,1945-03-15,8,GERMANY,MARSHALLING YARD,"""RR INSTALLATIONS,  TRACKS,  MARSHALLING YARDS,  AND STATIONS""",50.41,8.04,B26,,,125.0,1.0,,,1.0,VISUAL
30190,218115.0,1945-03-15,8,GERMANY,MARSHALLING YARD,"""RR INSTALLATIONS,  TRACKS,  MARSHALLING YARDS,  AND STATIONS""",50.41,8.04,B26,,,125.0,1.0,,,1.0,VISUAL
30191,218116.0,1945-03-15,8,GERMANY,MARSHALLING YARD,"""RR INSTALLATIONS,  TRACKS,  MARSHALLING YARDS,  AND STATIONS""",50.41,8.04,B26,,,125.0,12.0,,,12.0,VISUAL
30193,218117.0,1945-03-15,8,GERMANY,MARSHALLING YARD,"""RR INSTALLATIONS,  TRACKS,  MARSHALLING YARDS,  AND STATIONS""",50.41,8.04,B26,,,123.0,12.0,,,12.0,VISUAL
31680,118829.0,1945-03-16,12,AUSTRIA,UNIDENTIFIED TARGET,UNIDENTIFIED TARGETS,47.43,11.88,B25,4.0,,,2.0,,,2.0,NOT INDICATED
31678,118830.0,1945-03-16,12,AUSTRIA,UNIDENTIFIED TARGET,UNIDENTIFIED TARGETS,47.43,11.88,B25,4.0,16.0,115.0,31.0,,,31.0,NOT INDICATED
31683,118831.0,1945-03-16,12,AUSTRIA,UNIDENTIFIED TARGET,UNIDENTIFIED TARGETS,46.75,14.37,B17,2.0,,,8.0,,,8.0,NOT INDICATED
31675,118832.0,1945-03-16,12,AUSTRIA,UNIDENTIFIED TARGET,UNIDENTIFIED TARGETS,46.75,14.37,B17,2.0,5.0,218.0,8.0,,,8.0,VISUAL
31665,118833.0,1945-03-16,15,AUSTRIA,IND AREA,MANUFACTURING INSTALLATIONS (NOT SPECIFICALLY IDENTIFIED BELOW FROM CLASS 11 THROUGH 59),47.17,14.67,B24,4.0,1.0,,2.0,,,2.0,VISUAL
31655,118835.0,1945-03-16,15,AUSTRIA,SYN OIL REFINERY,OIL REFINERIES,48.32,15.92,B24,4.0,39.0,240.0,76.0,,,76.0,VISUAL
31656,118836.0,1945-03-16,15,AUSTRIA,SYN OIL REFINERY,OIL REFINERIES,48.32,15.92,B24,4.0,34.0,240.0,62.0,,,62.0,VISUAL
31653,118837.0,1945-03-16,15,AUSTRIA,SYN OIL REFINERY,OIL REFINERIES,48.32,15.92,B24,4.0,15.0,249.0,26.0,,,26.0,VISUAL
31633,118838.0,1945-03-16,15,AUSTRIA,NOVA OIL REFINERY,OIL REFINERIES,48.12,16.53,B17,4.0,12.0,280.0,30.0,,,30.0,VISUAL
31634,118839.0,1945-03-16,15,AUSTRIA,NOVA OIL REFINERY,OIL REFINERIES,48.12,16.53,B17,4.0,16.0,280.0,45.0,,,45.0,VISUAL
31641,118840.0,1945-03-16,15,AUSTRIA,NOVA OIL REFINERY,OIL REFINERIES,48.12,16.53,B17,4.0,9.0,271.0,27.0,,,27.0,VISUAL
31649,118841.0,1945-03-16,15,AUSTRIA,NOVA OIL REFINERY,OIL REFINERIES,48.12,16.53,B17,4.0,21.0,254.0,58.0,,,58.0,VISUAL
31671,118842.0,1945-03-16,15,AUSTRIA,OIL REFINERY,OIL REFINERIES,48.2,16.37,B17,4.0,,,28.0,,,28.0,NOT INDICATED
31672,118843.0,1945-03-16,15,AUSTRIA,OIL REFINERY,OIL REFINERIES,48.2,16.37,B17,4.0,,,9.0,,,9.0,NOT INDICATED
31647,118844.0,1945-03-16,15,AUSTRIA,OIL REFINERY,OIL REFINERIES,48.2,16.37,B17,4.0,6.0,258.0,9.0,,,9.0,NOT INDICATED
31643,118845.0,1945-03-16,15,AUSTRIA,OIL REFINERY,OIL REFINERIES,48.2,16.37,B17,4.0,19.0,260.0,28.0,,,28.0,VISUAL
31644,118846.0,1945-03-16,15,AUSTRIA,OIL REFINERY,OIL REFINERIES,48.2,16.37,B17,4.0,19.0,260.0,56.0,,,56.0,F.F.F.
31651,118847.0,1945-03-16,15,AUSTRIA,OIL REFINERY,OIL REFINERIES,48.2,16.37,B17,4.0,20.0,250.0,59.0,,,59.0,F.F.F.
31639,118848.0,1945-03-16,15,AUSTRIA,OIL REFINERY,OIL REFINERIES,48.2,16.37,B17,4.0,15.0,273.0,41.0,,,41.0,NOT INDICATED
31637,118849.0,1945-03-16,15,AUSTRIA,OIL REFINERY,OIL REFINERIES,48.2,16.37,B17,4.0,16.0,276.0,46.0,,,46.0,NOT INDICATED
31692,118850.0,1945-03-16,8,GERMANY,RRBRIDGE,BRIDGES,50.73,8.17,B26,,,120.0,8.0,,,8.0,GEE
31902,118863.0,1945-03-16,8,GERMANY,BARRACKS AREA,TROOP CONCENTRATIONS,48.68,12.68,B26,,,112.0,,48.0,,48.0,VISUAL
31694,118864.0,1945-03-16,8,GERMANY,BARRACKS AREA,TROOP CONCENTRATIONS,48.68,12.68,B26,,,120.0,,,7.0,7.0,VISUAL
31689,118865.0,1945-03-16,8,GERMANY,BARRACKS AREA,TROOP CONCENTRATIONS,48.68,12.68,A26,,,125.0,,45.0,,45.0,VISUAL
31916,118866.0,1945-03-16,8,GERMANY,CITY AREA,CITIES TOWNS AND URBAN AREAS,48.68,12.68,B26,,,11.0,22.0,,,22.0,VISUAL
31917,118867.0,1945-03-16,8,GERMANY,CITY AREA,CITIES TOWNS AND URBAN AREAS,48.68,12.68,B26,,,11.0,46.0,,,46.0,VISUAL
31909,118868.0,1945-03-16,8,GERMANY,CITY AREA,CITIES TOWNS AND URBAN AREAS,48.68,12.68,B26,,,12.0,12.0,,,12.0,VISUAL
31910,118869.0,1945-03-16,8,GERMANY,CITY AREA,CITIES TOWNS AND URBAN AREAS,48.68,12.68,B26,,,12.0,48.0,,,48.0,VISUAL
31911,118870.0,1945-03-16,8,GERMANY,CITY AREA,CITIES TOWNS AND URBAN AREAS,48.68,12.68,B26,,,12.0,64.0,,,64.0,VISUAL
31695,118874.0,1945-03-16,8,GERMANY,CITY AREA,CITIES TOWNS AND URBAN AREAS,48.68,12.68,B26,,,120.0,48.0,,,48.0,VISUAL
31905,118875.0,1945-03-16,8,GERMANY,CITY AREA,CITIES TOWNS AND URBAN AREAS,48.68,12.68,B26,,,110.0,22.0,,,22.0,VISUAL
31906,118876.0,1945-03-16,8,GERMANY,CITY AREA,CITIES TOWNS AND URBAN AREAS,48.68,12.68,B26,,,110.0,46.0,,,46.0,VISUAL
31696,118877.0,1945-03-16,8,GERMANY,CITY AREA,CITIES TOWNS AND URBAN AREAS,48.68,12.68,B26,,,120.0,12.0,,,12.0,VISUAL
31697,118878.0,1945-03-16,8,GERMANY,CITY AREA,CITIES TOWNS AND URBAN AREAS,48.68,12.68,B26,,,120.0,64.0,,,64.0,VISUAL
31684,189141.0,1945-03-16,12,AUSTRIA,UNIDENTIFIED TARGET,UNIDENTIFIED TARGETS,46.75,14.37,B17,2.0,,,8.0,,,8.0,NOT INDICATED
31676,189142.0,1945-03-16,12,AUSTRIA,UNIDENTIFIED TARGET,UNIDENTIFIED TARGETS,46.75,14.37,B17,2.0,5.0,218.0,8.0,,,8.0,VISUAL
31681,189143.0,1945-03-16,12,AUSTRIA,UNIDENTIFIED TARGET,UNIDENTIFIED TARGETS,47.43,11.88,B25,4.0,,,2.0,,,2.0,NOT INDICATED
31679,189144.0,1945-03-16,12,AUSTRIA,UNIDENTIFIED TARGET,UNIDENTIFIED TARGETS,47.43,11.88,B25,4.0,16.0,115.0,31.0,,,31.0,NOT INDICATED
31918,189146.0,1945-03-16,8,GERMANY,CITY AREA,CITIES TOWNS AND URBAN AREAS,48.68,12.68,B26,,,11.0,22.0,,,22.0,VISUAL
31919,189147.0,1945-03-16,8,GERMANY,CITY AREA,CITIES TOWNS AND URBAN AREAS,48.68,12.68,B26,,,11.0,46.0,,,46.0,VISUAL
31912,189148.0,1945-03-16,8,GERMANY,CITY AREA,CITIES TOWNS AND URBAN AREAS,48.68,12.68,B26,,,12.0,12.0,,,12.0,VISUAL
31913,189149.0,1945-03-16,8,GERMANY,CITY AREA,CITIES TOWNS AND URBAN AREAS,48.68,12.68,B26,,,12.0,48.0,,,48.0,VISUAL
31914,189150.0,1945-03-16,8,GERMANY,CITY AREA,CITIES TOWNS AND URBAN AREAS,48.68,12.68,B26,,,12.0,64.0,,,64.0,VISUAL
31698,189153.0,1945-03-16,8,GERMANY,CITY AREA,CITIES TOWNS AND URBAN AREAS,48.68,12.68,B26,,,120.0,48.0,,,48.0,VISUAL
31907,189154.0,1945-03-16,8,GERMANY,CITY AREA,CITIES TOWNS AND URBAN AREAS,48.68,12.68,B26,,,110.0,22.0,,,22.0,VISUAL
31908,189155.0,1945-03-16,8,GERMANY,CITY AREA,CITIES TOWNS AND URBAN AREAS,48.68,12.68,B26,,,110.0,46.0,,,46.0,VISUAL
31699,189156.0,1945-03-16,8,GERMANY,CITY AREA,CITIES TOWNS AND URBAN AREAS,48.68,12.68,B26,,,120.0,12.0,,,12.0,VISUAL
31700,189157.0,1945-03-16,8,GERMANY,CITY AREA,CITIES TOWNS AND URBAN AREAS,48.68,12.68,B26,,,120.0,64.0,,,64.0,VISUAL
31664,189161.0,1945-03-16,15,AUSTRIA,IND AREA,MANUFACTURING INSTALLATIONS (NOT SPECIFICALLY IDENTIFIED BELOW FROM CLASS 11 THROUGH 59),47.17,14.67,B24,4.0,1.0,,2.0,,,2.0,VISUAL
31666,189162.0,1945-03-16,15,AUSTRIA,IND AREA,MANUFACTURING INSTALLATIONS (NOT SPECIFICALLY IDENTIFIED BELOW FROM CLASS 11 THROUGH 59),47.17,14.67,B24,4.0,1.0,,2.0,,,2.0,VISUAL
31685,189163.0,1945-03-16,12,AUSTRIA,UNIDENTIFIED TARGET,UNIDENTIFIED TARGETS,46.75,14.37,B17,2.0,,,8.0,,,8.0,NOT INDICATED
31677,189164.0,1945-03-16,12,AUSTRIA,UNIDENTIFIED TARGET,UNIDENTIFIED TARGETS,46.75,14.37,B17,2.0,5.0,218.0,8.0,,,8.0,VISUAL
31657,189166.0,1945-03-16,15,AUSTRIA,SYN OIL REFINERY,OIL REFINERIES,48.32,15.92,B24,4.0,39.0,240.0,76.0,,,76.0,VISUAL
31658,189167.0,1945-03-16,15,AUSTRIA,SYN OIL REFINERY,OIL REFINERIES,48.32,15.92,B24,4.0,34.0,240.0,62.0,,,62.0,VISUAL
31654,189168.0,1945-03-16,15,AUSTRIA,SYN OIL REFINERY,OIL REFINERIES,48.32,15.92,B24,4.0,15.0,249.0,26.0,,,26.0,VISUAL
31635,189169.0,1945-03-16,15,AUSTRIA,NOVA OIL REFINERY,OIL REFINERIES,48.12,16.53,B17,4.0,12.0,280.0,30.0,,,30.0,VISUAL
31636,189170.0,1945-03-16,15,AUSTRIA,NOVA OIL REFINERY,OIL REFINERIES,48.12,16.53,B17,4.0,16.0,280.0,45.0,,,45.0,VISUAL
31642,189171.0,1945-03-16,15,AUSTRIA,NOVA OIL REFINERY,OIL REFINERIES,48.12,16.53,B17,4.0,9.0,271.0,27.0,,,27.0,VISUAL
31650,189172.0,1945-03-16,15,AUSTRIA,NOVA OIL REFINERY,OIL REFINERIES,48.12,16.53,B17,4.0,21.0,254.0,58.0,,,58.0,VISUAL
31673,189173.0,1945-03-16,15,AUSTRIA,OIL REFINERY,OIL REFINERIES,48.2,16.37,B17,4.0,,,28.0,,,28.0,NOT INDICATED
31674,189174.0,1945-03-16,15,AUSTRIA,OIL REFINERY,OIL REFINERIES,48.2,16.37,B17,4.0,,,9.0,,,9.0,NOT INDICATED
31648,189175.0,1945-03-16,15,AUSTRIA,OIL REFINERY,OIL REFINERIES,48.2,16.37,B17,4.0,6.0,258.0,9.0,,,9.0,NOT INDICATED
31645,189176.0,1945-03-16,15,AUSTRIA,OIL REFINERY,OIL REFINERIES,48.2,16.37,B17,4.0,19.0,260.0,28.0,,,28.0,VISUAL
31646,189177.0,1945-03-16,15,AUSTRIA,OIL REFINERY,OIL REFINERIES,48.2,16.37,B17,4.0,19.0,260.0,56.0,,,56.0,F.F.F.
31652,189178.0,1945-03-16,15,AUSTRIA,OIL REFINERY,OIL REFINERIES,48.2,16.37,B17,4.0,20.0,250.0,59.0,,,59.0,F.F.F.
31640,189179.0,1945-03-16,15,AUSTRIA,OIL REFINERY,OIL REFINERIES,48.2,16.37,B17,4.0,15.0,273.0,41.0,,,41.0,NOT INDICATED
31638,189180.0,1945-03-16,15,AUSTRIA,OIL REFINERY,OIL REFINERIES,48.2,16.37,B17,4.0,16.0,276.0,46.0,,,46.0,NOT INDICATED
31663,189185.0,1945-03-16,15,AUSTRIA,MARSHALLING YARDS,"""RR INSTALLATIONS,  TRACKS,  MARSHALLING YARDS,  AND STATIONS""",47.43,15.32,B24,3.0,1.0,230.0,1.0,,,1.0,VISUAL
31682,189186.0,1945-03-16,12,AUSTRIA,RR,"""RR INSTALLATIONS,  TRACKS,  MARSHALLING YARDS,  AND STATIONS""",46.63,14.3,B17,2.0,1.0,,3.0,,,3.0,NOT INDICATED
31667,189187.0,1945-03-16,15,AUSTRIA,MARSHALLING YARDS,"""RR INSTALLATIONS,  TRACKS,  MARSHALLING YARDS,  AND STATIONS""",47.22,14.82,B24,2.0,1.0,,2.0,,,2.0,VISUAL
31668,189188.0,1945-03-16,15,AUSTRIA,MARSHALLING YARDS,"""RR INSTALLATIONS,  TRACKS,  MARSHALLING YARDS,  AND STATIONS""",47.22,14.82,B24,2.0,1.0,,3.0,,,3.0,VISUAL
31670,189189.0,1945-03-16,15,AUSTRIA,MARSHALLING YARDS,"""RR INSTALLATIONS,  TRACKS,  MARSHALLING YARDS,  AND STATIONS""",46.8,14.88,B24,4.0,1.0,,2.0,,,2.0,VISUAL
31693,218253.0,1945-03-16,8,GERMANY,RRBRIDGE,BRIDGES,50.73,8.17,B26,,,120.0,8.0,,,8.0,GEE
31903,218263.0,1945-03-16,8,GERMANY,BARRACKS AREA,TROOP CONCENTRATIONS,48.68,12.68,B26,,,112.0,,48.0,,48.0,VISUAL
31915,218264.0,1945-03-16,8,GERMANY,BARRACKS AREA,TROOP CONCENTRATIONS,48.68,12.68,B26,,,12.0,,,7.0,7.0,VISUAL
31690,218265.0,1945-03-16,8,GERMANY,BARRACKS AREA,TROOP CONCENTRATIONS,48.68,12.68,A26,,,125.0,,45.0,,45.0,VISUAL
31904,218266.0,1945-03-16,8,GERMANY,BARRACKS AREA,TROOP CONCENTRATIONS,48.68,12.68,B26,,,112.0,,48.0,,48.0,VISUAL
31901,218267.0,1945-03-16,8,GERMANY,BARRACKS AREA,TROOP CONCENTRATIONS,48.68,12.68,B26,,,120.0,,,7.0,7.0,VISUAL
31691,218268.0,1945-03-16,8,GERMANY,BARRACKS AREA,TROOP CONCENTRATIONS,48.68,12.68,A26,,,125.0,,45.0,,45.0,VISUAL
32926,118905.0,1945-03-17,8,GERMANY,SUPPLY AND COMM CENTER,TRANSPORTATION FACILITIES (NOT SPECIFICALLY IDENTIFIED BELOW),50.53,7.1,B26,,,,,,5.0,5.0,VISUAL
32595,118908.0,1945-03-17,8,GERMANY,ROAD,HIGHWAYS AND VEHICLES,51.82,12.2,A26,,,120.0,,56.0,,56.0,VISUAL
32928,118909.0,1945-03-17,8,GERMANY,MARSHALLING YARD,"""RR INSTALLATIONS,  TRACKS,  MARSHALLING YARDS,  AND STATIONS""",50.68,7.65,B26,,,,59.0,,,59.0,VISUAL
32903,118910.0,1945-03-17,8,GERMANY,MARSHALLING YARD,"""RR INSTALLATIONS,  TRACKS,  MARSHALLING YARDS,  AND STATIONS""",50.73,8.28,B26,,,120.0,59.0,,,59.0,VISUAL
32911,118911.0,1945-03-17,8,GERMANY,MARSHALLING YARD,"""RR INSTALLATIONS,  TRACKS,  MARSHALLING YARDS,  AND STATIONS""",50.73,8.28,A26,,,110.0,54.0,,,54.0,VISUAL
32912,118912.0,1945-03-17,8,GERMANY,MARSHALLING YARD,"""RR INSTALLATIONS,  TRACKS,  MARSHALLING YARDS,  AND STATIONS""",50.73,8.28,A20,,,110.0,8.0,,,8.0,VISUAL
32905,118914.0,1945-03-17,8,GERMANY,MARSHALLING YARD,"""RR INSTALLATIONS,  TRACKS,  MARSHALLING YARDS,  AND STATIONS""",51.06,8.8,B26,,,120.0,1.0,,,1.0,VISUAL
32934,118915.0,1945-03-17,8,GERMANY,MARSHALLING YARD,"""RR INSTALLATIONS,  TRACKS,  MARSHALLING YARDS,  AND STATIONS""",51.06,8.8,B26,,,,63.0,,,63.0,VISUAL
32915,118916.0,1945-03-17,8,GERMANY,MARSHALLING YARD,"""RR INSTALLATIONS,  TRACKS,  MARSHALLING YARDS,  AND STATIONS""",51.06,8.8,B26,,,110.0,66.0,,,66.0,VISUAL
32577,118946.0,1945-03-17,15,GERMANY,SCWARTZHEIDE SYN OIL,SYNTHETIC OIL REFINERIES,51.48,13.88,B17,3.0,1.0,,3.0,,,3.0,NOT INDICATED
32551,118947.0,1945-03-17,15,GERMANY,SCWARTZHEIDE SYN OIL,SYNTHETIC OIL REFINERIES,51.48,13.88,B17,3.0,12.0,260.0,35.0,,,35.0,H2X
32561,118948.0,1945-03-17,15,GERMANY,SCWARTZHEIDE SYN OIL,SYNTHETIC OIL REFINERIES,51.48,13.88,B17,3.0,3.0,249.0,9.0,,,9.0,H2X
32559,118949.0,1945-03-17,15,GERMANY,SCWARTZHEIDE SYN OIL,SYNTHETIC OIL REFINERIES,51.48,13.88,B17,3.0,37.0,250.0,89.0,,,89.0,H2X
32569,118950.0,1945-03-17,15,GERMANY,SCWARTZHEIDE SYN OIL,SYNTHETIC OIL REFINERIES,51.48,13.88,B17,3.0,37.0,245.0,110.0,,,110.0,H2X
32570,118951.0,1945-03-17,15,GERMANY,SCWARTZHEIDE SYN OIL,SYNTHETIC OIL REFINERIES,51.48,13.88,B17,3.0,12.0,245.0,,,30.0,30.0,H2X
32545,118952.0,1945-03-17,15,GERMANY,SCWARTZHEIDE SYN OIL,SYNTHETIC OIL REFINERIES,51.48,13.88,B17,3.0,36.0,264.0,105.0,,,105.0,H2X
32562,118953.0,1945-03-17,15,GERMANY,SCWARTZHEIDE SYN OIL,SYNTHETIC OIL REFINERIES,51.48,13.88,B17,3.0,31.0,249.0,92.0,,,92.0,H2X
32552,118954.0,1945-03-17,15,GERMANY,SCWARTZHEIDE SYN OIL,SYNTHETIC OIL REFINERIES,51.48,13.88,B17,3.0,13.0,260.0,39.0,,,39.0,H2X
32543,118955.0,1945-03-17,15,GERMANY,SCWARTZHEIDE SYN OIL,SYNTHETIC OIL REFINERIES,51.48,13.88,B17,3.0,37.0,265.0,111.0,,,111.0,H2X
32592,118956.0,1945-03-17,8,GERMANY,ORD DEPOT,SUPPLY DUMPS AND WAREHOUSES,50.6,8.68,B26,,,125.0,1.0,,,1.0,VISUAL
32909,118957.0,1945-03-17,8,GERMANY,ORD DEPOT,SUPPLY DUMPS AND WAREHOUSES,50.6,8.68,B26,,,120.0,54.0,,,54.0,VISUAL
32531,118974.0,1945-03-17,15,GERMANY,VOMAG TANK PLANT,TANK FACTORIES,50.48,12.13,B17,3.0,10.0,265.0,28.0,,,28.0,H2X
32532,118975.0,1945-03-17,15,GERMANY,VOMAG TANK PLANT,TANK FACTORIES,50.48,12.13,B17,3.0,11.0,265.0,32.0,,,32.0,H2X
32533,118976.0,1945-03-17,15,GERMANY,VOMAG TANK PLANT,TANK FACTORIES,50.48,12.13,B17,3.0,38.0,265.0,111.0,,,111.0,H2X
32573,118977.0,1945-03-17,15,GERMANY,VOMAG TANK PLANT,TANK FACTORIES,50.48,12.13,B17,3.0,25.0,237.0,,,63.0,63.0,H2X
32565,118978.0,1945-03-17,15,GERMANY,VOMAG TANK PLANT,TANK FACTORIES,50.48,12.13,B17,3.0,11.0,248.0,33.0,,,33.0,H2X
32547,118979.0,1945-03-17,15,GERMANY,VOMAG TANK PLANT,TANK FACTORIES,50.48,12.13,B17,3.0,13.0,260.0,39.0,,,39.0,H2X
32555,118980.0,1945-03-17,15,GERMANY,VOMAG TANK PLANT,TANK FACTORIES,50.48,12.13,B17,3.0,18.0,250.0,43.0,,,43.0,H2X
32534,118981.0,1945-03-17,15,GERMANY,VOMAG TANK PLANT,TANK FACTORIES,50.48,12.13,B17,3.0,10.0,265.0,28.0,,,28.0,VISUAL
32535,118982.0,1945-03-17,15,GERMANY,VOMAG TANK PLANT,TANK FACTORIES,50.48,12.13,B17,3.0,11.0,265.0,32.0,,,32.0,H2X
32536,118983.0,1945-03-17,15,GERMANY,VOMAG TANK PLANT,TANK FACTORIES,50.48,12.13,B17,3.0,38.0,265.0,111.0,,,111.0,H2X
32574,118984.0,1945-03-17,15,GERMANY,VOMAG TANK PLANT,TANK FACTORIES,50.48,12.13,B17,3.0,25.0,237.0,,,63.0,63.0,H2X
32566,118985.0,1945-03-17,15,GERMANY,VOMAG TANK PLANT,TANK FACTORIES,50.48,12.13,B17,3.0,14.0,248.0,33.0,,,33.0,H2X
32548,118986.0,1945-03-17,15,GERMANY,VOMAG TANK PLANT,TANK FACTORIES,50.48,12.13,B17,3.0,13.0,260.0,39.0,,,39.0,H2X
32556,118987.0,1945-03-17,15,GERMANY,VOMAG TANK PLANT,TANK FACTORIES,50.48,12.13,B17,3.0,18.0,250.0,43.0,,,43.0,H2X
32917,118995.0,1945-03-17,8,GERMANY,CITY AREA,CITIES TOWNS AND URBAN AREAS,50.68,7.65,B26,,,12.0,60.0,,,60.0,VISUAL
32918,118996.0,1945-03-17,8,GERMANY,CITY AREA,CITIES TOWNS AND URBAN AREAS,50.68,7.65,B26,,,12.0,2.0,,,2.0,VISUAL
32929,118997.0,1945-03-17,8,GERMANY,CITY AREA,CITIES TOWNS AND URBAN AREAS,50.68,7.65,B26,,,,2.0,,,2.0,VISUAL
32919,118998.0,1945-03-17,8,GERMANY,CITY AREA,CITIES TOWNS AND URBAN AREAS,50.68,7.65,B26,,,12.0,1.0,,,1.0,VISUAL
32923,119000.0,1945-03-17,8,GERMANY,AREA,CITIES TOWNS AND URBAN AREAS,51.06,8.8,B26,,,12.0,1.0,,,1.0,VISUAL
32936,119004.0,1945-03-17,8,GERMANY,CITY AREA,CITIES TOWNS AND URBAN AREAS,48.68,12.68,B26,,,,6.0,,,6.0,VISUAL
32583,119011.0,1945-03-17,8,GERMANY,UNIDENTIFIED TARGET,UNIDENTIFIED TARGETS,50.55,9.67,B17,2.0,19.0,240.0,47.0,,,47.0,H2X
32697,119013.0,1945-03-17,8,GERMANY,CITY AREA,CITIES TOWNS AND URBAN AREAS,50.68,7.65,B26,,,120.0,60.0,,,60.0,VISUAL
32698,119014.0,1945-03-17,8,GERMANY,CITY AREA,CITIES TOWNS AND URBAN AREAS,50.68,7.65,B26,,,120.0,2.0,,,2.0,VISUAL
32930,119015.0,1945-03-17,8,GERMANY,CITY AREA,CITIES TOWNS AND URBAN AREAS,50.68,7.65,B26,,,,2.0,,,2.0,VISUAL
32699,119016.0,1945-03-17,8,GERMANY,CITY AREA,CITIES TOWNS AND URBAN AREAS,50.68,7.65,B26,,,120.0,1.0,,,1.0,VISUAL
32906,119018.0,1945-03-17,8,GERMANY,AREA,CITIES TOWNS AND URBAN AREAS,51.06,8.8,B26,,,120.0,1.0,,,1.0,VISUAL
32937,119022.0,1945-03-17,8,GERMANY,CITY AREA,CITIES TOWNS AND URBAN AREAS,48.68,12.68,B26,,,,6.0,,,6.0,VISUAL
32584,189200.0,1945-03-17,8,GERMANY,UNIDENTIFIED TARGET,UNIDENTIFIED TARGETS,50.55,9.67,B17,2.0,19.0,240.0,47.0,,,47.0,H2X
32920,189204.0,1945-03-17,8,GERMANY,CITY AREA,CITIES TOWNS AND URBAN AREAS,50.68,7.65,B26,,,12.0,60.0,,,60.0,VISUAL
32921,189205.0,1945-03-17,8,GERMANY,CITY AREA,CITIES TOWNS AND URBAN AREAS,50.68,7.65,B26,,,12.0,2.0,,,2.0,VISUAL
32931,189206.0,1945-03-17,8,GERMANY,CITY AREA,CITIES TOWNS AND URBAN AREAS,50.68,7.65,B26,,,,2.0,,,2.0,VISUAL
32922,189207.0,1945-03-17,8,GERMANY,CITY AREA,CITIES TOWNS AND URBAN AREAS,50.68,7.65,B26,,,12.0,1.0,,,1.0,VISUAL
32924,189209.0,1945-03-17,8,GERMANY,AREA,CITIES TOWNS AND URBAN AREAS,51.06,8.8,B26,,,12.0,1.0,,,1.0,VISUAL
32938,189213.0,1945-03-17,8,GERMANY,CITY AREA,CITIES TOWNS AND URBAN AREAS,48.68,12.68,B26,,,,6.0,,,6.0,VISUAL
32700,189219.0,1945-03-17,8,GERMANY,CITY AREA,CITIES TOWNS AND URBAN AREAS,50.68,7.65,B26,,,120.0,60.0,,,60.0,VISUAL
32901,189220.0,1945-03-17,8,GERMANY,CITY AREA,CITIES TOWNS AND URBAN AREAS,50.68,7.65,B26,,,120.0,2.0,,,2.0,VISUAL
32932,189221.0,1945-03-17,8,GERMANY,CITY AREA,CITIES TOWNS AND URBAN AREAS,50.68,7.65,B26,,,,2.0,,,2.0,VISUAL
32902,189222.0,1945-03-17,8,GERMANY,CITY AREA,CITIES TOWNS AND URBAN AREAS,50.68,7.65,B26,,,120.0,1.0,,,1.0,VISUAL
32907,189224.0,1945-03-17,8,GERMANY,AREA,CITIES TOWNS AND URBAN AREAS,51.06,8.8,B26,,,120.0,1.0,,,1.0,VISUAL
32939,189228.0,1945-03-17,8,GERMANY,CITY AREA,CITIES TOWNS AND URBAN AREAS,48.68,12.68,B26,,,,6.0,,,6.0,VISUAL
32585,189242.0,1945-03-17,8,GERMANY,UNIDENTIFIED TARGET,UNIDENTIFIED TARGETS,50.55,9.67,B17,2.0,19.0,240.0,47.0,,,47.0,H2X
32537,189246.0,1945-03-17,15,GERMANY,VOMAG TANK PLANT,TANK FACTORIES,50.48,12.13,B17,3.0,10.0,265.0,28.0,,,28.0,H2X
32538,189247.0,1945-03-17,15,GERMANY,VOMAG TANK PLANT,TANK FACTORIES,50.48,12.13,B17,3.0,11.0,265.0,32.0,,,32.0,H2X
32539,189248.0,1945-03-17,15,GERMANY,VOMAG TANK PLANT,TANK FACTORIES,50.48,12.13,B17,3.0,38.0,265.0,111.0,,,111.0,H2X
32575,189249.0,1945-03-17,15,GERMANY,VOMAG TANK PLANT,TANK FACTORIES,50.48,12.13,B17,3.0,25.0,237.0,,,63.0,63.0,H2X
32567,189250.0,1945-03-17,15,GERMANY,VOMAG TANK PLANT,TANK FACTORIES,50.48,12.13,B17,3.0,11.0,248.0,33.0,,,33.0,H2X
32549,189251.0,1945-03-17,15,GERMANY,VOMAG TANK PLANT,TANK FACTORIES,50.48,12.13,B17,3.0,13.0,260.0,39.0,,,39.0,H2X
32557,189252.0,1945-03-17,15,GERMANY,VOMAG TANK PLANT,TANK FACTORIES,50.48,12.13,B17,3.0,18.0,250.0,43.0,,,43.0,H2X
32540,189268.0,1945-03-17,15,GERMANY,VOMAG TANK PLANT,TANK FACTORIES,50.48,12.13,B17,3.0,10.0,265.0,28.0,,,28.0,VISUAL
32541,189269.0,1945-03-17,15,GERMANY,VOMAG TANK PLANT,TANK FACTORIES,50.48,12.13,B17,3.0,11.0,265.0,32.0,,,32.0,H2X
32542,189270.0,1945-03-17,15,GERMANY,VOMAG TANK PLANT,TANK FACTORIES,50.48,12.13,B17,3.0,38.0,265.0,111.0,,,111.0,H2X
32576,189271.0,1945-03-17,15,GERMANY,VOMAG TANK PLANT,TANK FACTORIES,50.48,12.13,B17,3.0,25.0,237.0,,,63.0,63.0,H2X
32568,189272.0,1945-03-17,15,GERMANY,VOMAG TANK PLANT,TANK FACTORIES,50.48,12.13,B17,3.0,14.0,248.0,33.0,,,33.0,H2X
32550,189273.0,1945-03-17,15,GERMANY,VOMAG TANK PLANT,TANK FACTORIES,50.48,12.13,B17,3.0,13.0,260.0,39.0,,,39.0,H2X
32558,189274.0,1945-03-17,15,GERMANY,VOMAG TANK PLANT,TANK FACTORIES,50.48,12.13,B17,3.0,18.0,250.0,43.0,,,43.0,H2X
32578,189305.0,1945-03-17,15,GERMANY,SCWARTZHEIDE SYN OIL,SYNTHETIC OIL REFINERIES,51.48,13.88,B17,3.0,1.0,,3.0,,,3.0,NOT INDICATED
32553,189306.0,1945-03-17,15,GERMANY,SCWARTZHEIDE SYN OIL,SYNTHETIC OIL REFINERIES,51.48,13.88,B17,3.0,12.0,260.0,35.0,,,35.0,H2X
32563,189307.0,1945-03-17,15,GERMANY,SCWARTZHEIDE SYN OIL,SYNTHETIC OIL REFINERIES,51.48,13.88,B17,3.0,3.0,249.0,9.0,,,9.0,H2X
32560,189308.0,1945-03-17,15,GERMANY,SCWARTZHEIDE SYN OIL,SYNTHETIC OIL REFINERIES,51.48,13.88,B17,3.0,37.0,250.0,89.0,,,89.0,H2X
32571,189309.0,1945-03-17,15,GERMANY,SCWARTZHEIDE SYN OIL,SYNTHETIC OIL REFINERIES,51.48,13.88,B17,3.0,37.0,245.0,110.0,,,110.0,H2X
32572,189310.0,1945-03-17,15,GERMANY,SCWARTZHEIDE SYN OIL,SYNTHETIC OIL REFINERIES,51.48,13.88,B17,3.0,12.0,245.0,,,30.0,30.0,H2X
32546,189311.0,1945-03-17,15,GERMANY,SCWARTZHEIDE SYN OIL,SYNTHETIC OIL REFINERIES,51.48,13.88,B17,3.0,36.0,264.0,105.0,,,105.0,H2X
32564,189312.0,1945-03-17,15,GERMANY,SCWARTZHEIDE SYN OIL,SYNTHETIC OIL REFINERIES,51.48,13.88,B17,3.0,31.0,249.0,92.0,,,92.0,H2X
32554,189313.0,1945-03-17,15,GERMANY,SCWARTZHEIDE SYN OIL,SYNTHETIC OIL REFINERIES,51.48,13.88,B17,3.0,13.0,260.0,39.0,,,39.0,H2X
32544,189314.0,1945-03-17,15,GERMANY,SCWARTZHEIDE SYN OIL,SYNTHETIC OIL REFINERIES,51.48,13.88,B17,3.0,37.0,265.0,111.0,,,111.0,H2X
32580,189315.0,1945-03-17,8,GERMANY,MARSHALLING YARD,"""RR INSTALLATIONS,  TRACKS,  MARSHALLING YARDS,  AND STATIONS""",50.97,11.03,B17,1.0,13.0,270.0,30.0,1.0,,31.0,H2X
32581,189316.0,1945-03-17,8,GERMANY,MARSHALLING YARD,"""RR INSTALLATIONS,  TRACKS,  MARSHALLING YARDS,  AND STATIONS""",50.97,11.03,B17,1.0,12.0,269.0,36.0,1.0,,37.0,H2X
32582,189317.0,1945-03-17,8,GERMANY,MARSHALLING YARD,"""RR INSTALLATIONS,  TRACKS,  MARSHALLING YARDS,  AND STATIONS""",50.97,11.03,B17,1.0,13.0,267.0,39.0,1.0,,40.0,H2X
32579,189318.0,1945-03-17,8,GERMANY,MARSHALLING YARD,"""RR INSTALLATIONS,  TRACKS,  MARSHALLING YARDS,  AND STATIONS""",50.97,11.03,B17,1.0,13.0,275.0,39.0,1.0,,40.0,H2X
32589,189319.0,1945-03-17,8,GERMANY,R R,"""RR INSTALLATIONS,  TRACKS,  MARSHALLING YARDS,  AND STATIONS""",50.13,8.46,B24,4.0,25.0,235.0,56.0,10.0,,66.0,GEE
32590,189320.0,1945-03-17,8,GERMANY,R R,"""RR INSTALLATIONS,  TRACKS,  MARSHALLING YARDS,  AND STATIONS""",50.13,8.46,B24,4.0,24.0,230.0,46.0,9.0,,55.0,GEE
32940,189321.0,1945-03-17,8,GERMANY,R R,"""RR INSTALLATIONS,  TRACKS,  MARSHALLING YARDS,  AND STATIONS""",50.13,8.46,B24,4.0,,,,,,,NOT INDICATED
32588,189322.0,1945-03-17,8,GERMANY,R R,"""RR INSTALLATIONS,  TRACKS,  MARSHALLING YARDS,  AND STATIONS""",50.13,8.46,B24,4.0,30.0,236.0,59.0,13.0,,72.0,GEE
32941,189323.0,1945-03-17,8,GERMANY,R R,"""RR INSTALLATIONS,  TRACKS,  MARSHALLING YARDS,  AND STATIONS""",50.13,8.46,B24,4.0,1.0,,1.0,,,1.0,NOT INDICATED
32586,189324.0,1945-03-17,8,GERMANY,R R,"""RR INSTALLATIONS,  TRACKS,  MARSHALLING YARDS,  AND STATIONS""",50.13,8.46,B24,4.0,29.0,240.0,63.0,14.0,,77.0,GEE
32942,189325.0,1945-03-17,8,GERMANY,R R,"""RR INSTALLATIONS,  TRACKS,  MARSHALLING YARDS,  AND STATIONS""",50.13,8.46,B24,4.0,,,,,,,NOT INDICATED
32587,189326.0,1945-03-17,8,GERMANY,R R,"""RR INSTALLATIONS,  TRACKS,  MARSHALLING YARDS,  AND STATIONS""",50.13,8.46,B24,4.0,32.0,240.0,66.0,14.0,,80.0,GEE
32943,189327.0,1945-03-17,8,GERMANY,R R,"""RR INSTALLATIONS,  TRACKS,  MARSHALLING YARDS,  AND STATIONS""",50.13,8.46,B24,4.0,,,,,,,NOT INDICATED
32591,189328.0,1945-03-17,8,GERMANY,R R,"""RR INSTALLATIONS,  TRACKS,  MARSHALLING YARDS,  AND STATIONS""",50.13,8.46,B24,4.0,28.0,230.0,56.0,14.0,,70.0,GEE
32944,189329.0,1945-03-17,8,GERMANY,R R,"""RR INSTALLATIONS,  TRACKS,  MARSHALLING YARDS,  AND STATIONS""",50.13,8.46,B24,1.0,1.0,,,3.0,,3.0,NOT INDICATED
32945,189330.0,1945-03-17,8,GERMANY,MARSHALLING YARD,"""RR INSTALLATIONS,  TRACKS,  MARSHALLING YARDS,  AND STATIONS""",50.48,12.13,B17,2.0,1.0,,3.0,,,3.0,NOT INDICATED
32927,218277.0,1945-03-17,8,GERMANY,SUPPLY AND COMM CENTER,TRANSPORTATION FACILITIES (NOT SPECIFICALLY IDENTIFIED BELOW),50.53,7.1,B26,,,,,,5.0,5.0,VISUAL
32596,218278.0,1945-03-17,8,GERMANY,ROAD,HIGHWAYS AND VEHICLES,51.82,12.2,A26,,,120.0,,56.0,,56.0,VISUAL
32933,218279.0,1945-03-17,8,GERMANY,MARSHALLING YARD,"""RR INSTALLATIONS,  TRACKS,  MARSHALLING YARDS,  AND STATIONS""",50.68,7.65,B26,,,,59.0,,,59.0,VISUAL
32904,218280.0,1945-03-17,8,GERMANY,MARSHALLING YARD,"""RR INSTALLATIONS,  TRACKS,  MARSHALLING YARDS,  AND STATIONS""",50.73,8.28,B26,,,120.0,59.0,,,59.0,VISUAL
32913,218281.0,1945-03-17,8,GERMANY,MARSHALLING YARD,"""RR INSTALLATIONS,  TRACKS,  MARSHALLING YARDS,  AND STATIONS""",50.73,8.28,A26,,,110.0,54.0,,,54.0,VISUAL
32914,218282.0,1945-03-17,8,GERMANY,MARSHALLING YARD,"""RR INSTALLATIONS,  TRACKS,  MARSHALLING YARDS,  AND STATIONS""",50.73,8.28,A20,,,110.0,8.0,,,8.0,VISUAL
32908,218284.0,1945-03-17,8,GERMANY,MARSHALLING YARD,"""RR INSTALLATIONS,  TRACKS,  MARSHALLING YARDS,  AND STATIONS""",51.06,8.8,B26,,,120.0,1.0,,,1.0,VISUAL
32935,218285.0,1945-03-17,8,GERMANY,MARSHALLING YARD,"""RR INSTALLATIONS,  TRACKS,  MARSHALLING YARDS,  AND STATIONS""",51.06,8.8,B26,,,,63.0,,,63.0,VISUAL
32916,218286.0,1945-03-17,8,GERMANY,MARSHALLING YARD,"""RR INSTALLATIONS,  TRACKS,  MARSHALLING YARDS,  AND STATIONS""",51.06,8.8,B26,,,110.0,66.0,,,66.0,VISUAL
32593,218307.0,1945-03-17,8,GERMANY,ORD DEPOT,SUPPLY DUMPS AND WAREHOUSES,50.6,8.68,B26,,,125.0,1.0,,,1.0,VISUAL
32925,218308.0,1945-03-17,8,GERMANY,ORD DEPOT,SUPPLY DUMPS AND WAREHOUSES,50.6,8.68,B26,,,12.0,54.0,,,54.0,VISUAL
32594,218309.0,1945-03-17,8,GERMANY,ORD DEPOT,SUPPLY DUMPS AND WAREHOUSES,50.6,8.68,B26,,,125.0,1.0,,,1.0,VISUAL
32910,218310.0,1945-03-17,8,GERMANY,ORD DEPOT,SUPPLY DUMPS AND WAREHOUSES,50.6,8.68,B26,,,120.0,54.0,,,54.0,VISUAL
34425,119026.0,1945-03-18,8,GERMANY,MARSHALLING YARD,"""RR INSTALLATIONS,  TRACKS,  MARSHALLING YARDS,  AND STATIONS""",49.47,8.17,B26,,,,2.0,,,2.0,VISUAL
34426,119027.0,1945-03-18,8,GERMANY,MARSHALLING YARD,"""RR INSTALLATIONS,  TRACKS,  MARSHALLING YARDS,  AND STATIONS""",49.47,8.17,B26,,,,1.0,,,1.0,VISUAL
34405,119028.0,1945-03-18,8,GERMANY,MARSHALLING YARD,"""RR INSTALLATIONS,  TRACKS,  MARSHALLING YARDS,  AND STATIONS""",49.47,8.17,B26,,,130.0,1.0,,,1.0,VISUAL
34411,119029.0,1945-03-18,8,GERMANY,MARSHALLING YARD,"""RR INSTALLATIONS,  TRACKS,  MARSHALLING YARDS,  AND STATIONS""",49.47,8.17,A20,,,120.0,53.0,,,53.0,VISUAL
34412,119030.0,1945-03-18,8,GERMANY,RD JCT,HIGHWAYS AND VEHICLES,49.47,8.17,B26,,,120.0,2.0,,,2.0,VISUAL
34409,119031.0,1945-03-18,8,GERMANY,RD JCT,HIGHWAYS AND VEHICLES,49.47,8.17,B26,,,125.0,1.0,,,1.0,VISUAL
34427,119032.0,1945-03-18,8,GERMANY,RD JCT,HIGHWAYS AND VEHICLES,49.47,8.17,B26,,,,43.0,,,43.0,VISUAL
34407,119033.0,1945-03-18,8,GERMANY,RD JCT,HIGHWAYS AND VEHICLES,49.47,8.17,B26,,,128.0,38.0,,,38.0,VISUAL
34413,119034.0,1945-03-18,8,GERMANY,RD JCT,HIGHWAYS AND VEHICLES,49.47,8.17,B26,,,120.0,45.0,,,45.0,VISUAL
34145,119061.0,1945-03-18,15,GERMANY,DAIMLER BENZ ENGINE,ARMAMENT AND ORDNANCE PLANTS,52.53,13.42,B24,4.0,10.0,215.0,22.0,,,22.0,VISUAL
34169,119062.0,1945-03-18,15,GERMANY,DAIMLER BENZ ENGINE,ARMAMENT AND ORDNANCE PLANTS,52.53,13.42,B24,4.0,10.0,211.0,,17.0,,17.0,VISUAL
34131,119063.0,1945-03-18,15,GERMANY,DAIMLER BENZ ENGINE,ARMAMENT AND ORDNANCE PLANTS,52.53,13.42,B24,4.0,29.0,228.0,60.0,,,60.0,VISUAL
34146,119064.0,1945-03-18,15,GERMANY,DAIMLER BENZ ENGINE,ARMAMENT AND ORDNANCE PLANTS,52.53,13.42,B24,4.0,10.0,215.0,22.0,,,22.0,VISUAL
34170,119065.0,1945-03-18,15,GERMANY,DAIMLER BENZ ENGINE,ARMAMENT AND ORDNANCE PLANTS,52.53,13.42,B24,4.0,10.0,211.0,,17.0,,17.0,VISUAL
34132,119066.0,1945-03-18,15,GERMANY,DAIMLER BENZ ENGINE,ARMAMENT AND ORDNANCE PLANTS,52.53,13.42,B24,4.0,29.0,228.0,60.0,,,60.0,VISUAL
34127,119067.0,1945-03-18,15,GERMANY,TEGEL TANK PLANT,TANK FACTORIES,52.53,13.42,B24,4.0,32.0,231.0,22.0,38.0,,60.0,VISUAL
34147,119068.0,1945-03-18,15,GERMANY,TEGEL TANK PLANT,TANK FACTORIES,52.53,13.42,B24,4.0,5.0,215.0,11.0,,,11.0,VISUAL
34189,119069.0,1945-03-18,15,GERMANY,TEGEL TANK PLANT,TANK FACTORIES,52.53,13.42,B24,4.0,31.0,200.0,72.0,,,72.0,VISUAL
34171,119070.0,1945-03-18,15,GERMANY,TEGEL TANK PLANT,TANK FACTORIES,52.53,13.42,B24,4.0,10.0,211.0,,17.0,,17.0,VISUAL
34141,119071.0,1945-03-18,15,GERMANY,TEGEL TANK PLANT,TANK FACTORIES,52.53,13.42,B24,4.0,29.0,218.0,,45.0,,45.0,VISUAL
34193,119072.0,1945-03-18,15,GERMANY,TEGEL TANK PLANT,TANK FACTORIES,52.53,13.42,B24,4.0,,,1.0,,,1.0,NOT INDICATED
34185,119073.0,1945-03-18,15,GERMANY,TEGEL TANK PLANT,TANK FACTORIES,52.53,13.42,B24,4.0,28.0,206.0,62.0,,,62.0,VISUAL
34194,119074.0,1945-03-18,15,GERMANY,TEGEL TANK PLANT,TANK FACTORIES,52.53,13.42,B24,4.0,,,1.0,13.0,,14.0,NOT INDICATED
34159,119075.0,1945-03-18,15,GERMANY,TEGEL TANK PLANT,TANK FACTORIES,52.53,13.42,B24,4.0,19.0,215.0,21.0,3.0,,24.0,VISUAL
34160,119076.0,1945-03-18,15,GERMANY,TEGEL TANK PLANT,TANK FACTORIES,52.53,13.42,B24,3.0,11.0,215.0,26.0,,,26.0,VISUAL
34177,119077.0,1945-03-18,15,GERMANY,TEGEL TANK PLANT,TANK FACTORIES,52.53,13.42,B24,3.0,11.0,211.0,1.0,16.0,,17.0,VISUAL
34137,119078.0,1945-03-18,15,GERMANY,TEGEL TANK PLANT,TANK FACTORIES,52.53,13.42,B24,3.0,21.0,225.0,27.0,15.0,,42.0,H2X
34183,119079.0,1945-03-18,15,GERMANY,TEGEL TANK PLANT,TANK FACTORIES,52.53,13.42,B24,3.0,21.0,210.0,26.0,16.0,,42.0,VISUAL
34161,119080.0,1945-03-18,15,GERMANY,TEGEL TANK PLANT,TANK FACTORIES,52.53,13.42,B24,4.0,11.0,215.0,,18.0,,18.0,VISUAL
34162,119081.0,1945-03-18,15,GERMANY,TEGEL TANK PLANT,TANK FACTORIES,52.53,13.42,B24,3.0,22.0,215.0,,37.0,,37.0,VISUAL
34128,119082.0,1945-03-18,15,GERMANY,TEGEL TANK PLANT,TANK FACTORIES,52.53,13.42,B24,4.0,32.0,231.0,22.0,38.0,,60.0,VISUAL
34148,119083.0,1945-03-18,15,GERMANY,TEGEL TANK PLANT,TANK FACTORIES,52.53,13.42,B24,4.0,5.0,215.0,11.0,,,11.0,VISUAL
34190,119084.0,1945-03-18,15,GERMANY,TEGEL TANK PLANT,TANK FACTORIES,52.53,13.42,B24,4.0,31.0,200.0,72.0,,,72.0,VISUAL
34172,119085.0,1945-03-18,15,GERMANY,TEGEL TANK PLANT,TANK FACTORIES,52.53,13.42,B24,4.0,10.0,211.0,,17.0,,17.0,VISUAL
34142,119086.0,1945-03-18,15,GERMANY,TEGEL TANK PLANT,TANK FACTORIES,52.53,13.42,B24,4.0,29.0,218.0,,45.0,,45.0,VISUAL
34195,119087.0,1945-03-18,15,GERMANY,TEGEL TANK PLANT,TANK FACTORIES,52.53,13.42,B24,4.0,,,1.0,,,1.0,NOT INDICATED
34186,119088.0,1945-03-18,15,GERMANY,TEGEL TANK PLANT,TANK FACTORIES,52.53,13.42,B24,4.0,28.0,206.0,62.0,,,62.0,VISUAL
34196,119089.0,1945-03-18,15,GERMANY,TEGEL TANK PLANT,TANK FACTORIES,52.53,13.42,B24,4.0,,,1.0,13.0,,14.0,NOT INDICATED
34149,119090.0,1945-03-18,15,GERMANY,TEGEL TANK PLANT,TANK FACTORIES,52.53,13.42,B24,4.0,19.0,215.0,21.0,3.0,,24.0,VISUAL
34150,119091.0,1945-03-18,15,GERMANY,TEGEL TANK PLANT,TANK FACTORIES,52.53,13.42,B24,3.0,11.0,215.0,26.0,,,26.0,VISUAL
34173,119092.0,1945-03-18,15,GERMANY,TEGEL TANK PLANT,TANK FACTORIES,52.53,13.42,B24,3.0,11.0,211.0,1.0,16.0,,17.0,VISUAL
34135,119093.0,1945-03-18,15,GERMANY,TEGEL TANK PLANT,TANK FACTORIES,52.53,13.42,B24,3.0,21.0,225.0,27.0,15.0,,42.0,H2X
34181,119094.0,1945-03-18,15,GERMANY,TEGEL TANK PLANT,TANK FACTORIES,52.53,13.42,B24,3.0,21.0,210.0,26.0,16.0,,42.0,VISUAL
34151,119095.0,1945-03-18,15,GERMANY,TEGEL TANK PLANT,TANK FACTORIES,52.53,13.42,B24,4.0,11.0,215.0,,18.0,,18.0,VISUAL
34152,119096.0,1945-03-18,15,GERMANY,TEGEL TANK PLANT,TANK FACTORIES,52.53,13.42,B24,3.0,22.0,215.0,,37.0,,37.0,VISUAL
34419,119097.0,1945-03-18,8,GERMANY,TOWN,CITIES TOWNS AND URBAN AREAS,49.47,8.17,B26,,,115.0,46.0,,,46.0,NOT INDICATED
34423,119098.0,1945-03-18,8,GERMANY,TOWN,CITIES TOWNS AND URBAN AREAS,50.53,8.3,A26,,,12.0,23.0,,,23.0,VISUAL
34420,119107.0,1945-03-18,8,GERMANY,TOWN,CITIES TOWNS AND URBAN AREAS,49.47,8.17,B26,,,115.0,46.0,,,46.0,NOT INDICATED
34417,119108.0,1945-03-18,8,GERMANY,TOWN,CITIES TOWNS AND URBAN AREAS,50.53,8.3,A26,,,120.0,23.0,,,23.0,VISUAL
34421,189336.0,1945-03-18,8,GERMANY,TOWN,CITIES TOWNS AND URBAN AREAS,49.47,8.17,B26,,,115.0,46.0,,,46.0,NOT INDICATED
34424,189337.0,1945-03-18,8,GERMANY,TOWN,CITIES TOWNS AND URBAN AREAS,50.53,8.3,A26,,,12.0,23.0,,,23.0,VISUAL
34422,189345.0,1945-03-18,8,GERMANY,TOWN,CITIES TOWNS AND URBAN AREAS,49.47,8.17,B26,,,115.0,46.0,,,46.0,NOT INDICATED
34418,189346.0,1945-03-18,8,GERMANY,TOWN,CITIES TOWNS AND URBAN AREAS,50.53,8.3,A26,,,120.0,23.0,,,23.0,VISUAL
34153,189359.0,1945-03-18,15,GERMANY,DAIMLER BENZ ENGINE,ARMAMENT AND ORDNANCE PLANTS,52.53,13.42,B24,4.0,10.0,215.0,22.0,,,22.0,VISUAL
34174,189360.0,1945-03-18,15,GERMANY,DAIMLER BENZ ENGINE,ARMAMENT AND ORDNANCE PLANTS,52.53,13.42,B24,4.0,10.0,211.0,,17.0,,17.0,VISUAL
34133,189361.0,1945-03-18,15,GERMANY,DAIMLER BENZ ENGINE,ARMAMENT AND ORDNANCE PLANTS,52.53,13.42,B24,4.0,29.0,228.0,60.0,,,60.0,VISUAL
34129,189362.0,1945-03-18,15,GERMANY,TEGEL TANK PLANT,TANK FACTORIES,52.53,13.42,B24,4.0,32.0,231.0,22.0,38.0,,60.0,VISUAL
34154,189363.0,1945-03-18,15,GERMANY,TEGEL TANK PLANT,TANK FACTORIES,52.53,13.42,B24,4.0,5.0,215.0,11.0,,,11.0,VISUAL
34191,189364.0,1945-03-18,15,GERMANY,TEGEL TANK PLANT,TANK FACTORIES,52.53,13.42,B24,4.0,31.0,200.0,72.0,,,72.0,VISUAL
34175,189365.0,1945-03-18,15,GERMANY,TEGEL TANK PLANT,TANK FACTORIES,52.53,13.42,B24,4.0,10.0,211.0,,17.0,,17.0,VISUAL
34143,189366.0,1945-03-18,15,GERMANY,TEGEL TANK PLANT,TANK FACTORIES,52.53,13.42,B24,4.0,29.0,218.0,,45.0,,45.0,VISUAL
34197,189367.0,1945-03-18,15,GERMANY,TEGEL TANK PLANT,TANK FACTORIES,52.53,13.42,B24,4.0,,,1.0,,,1.0,NOT INDICATED
34187,189368.0,1945-03-18,15,GERMANY,TEGEL TANK PLANT,TANK FACTORIES,52.53,13.42,B24,4.0,28.0,206.0,62.0,,,62.0,VISUAL
34198,189369.0,1945-03-18,15,GERMANY,TEGEL TANK PLANT,TANK FACTORIES,52.53,13.42,B24,4.0,,,1.0,13.0,,14.0,NOT INDICATED
34155,189370.0,1945-03-18,15,GERMANY,TEGEL TANK PLANT,TANK FACTORIES,52.53,13.42,B24,4.0,19.0,215.0,21.0,3.0,,24.0,VISUAL
34156,189371.0,1945-03-18,15,GERMANY,TEGEL TANK PLANT,TANK FACTORIES,52.53,13.42,B24,3.0,11.0,215.0,26.0,,,26.0,VISUAL
34176,189372.0,1945-03-18,15,GERMANY,TEGEL TANK PLANT,TANK FACTORIES,52.53,13.42,B24,3.0,11.0,211.0,1.0,16.0,,17.0,VISUAL
34136,189373.0,1945-03-18,15,GERMANY,TEGEL TANK PLANT,TANK FACTORIES,52.53,13.42,B24,3.0,21.0,225.0,27.0,15.0,,42.0,H2X
34182,189374.0,1945-03-18,15,GERMANY,TEGEL TANK PLANT,TANK FACTORIES,52.53,13.42,B24,3.0,21.0,210.0,26.0,16.0,,42.0,VISUAL
34157,189375.0,1945-03-18,15,GERMANY,TEGEL TANK PLANT,TANK FACTORIES,52.53,13.42,B24,4.0,11.0,215.0,,18.0,,18.0,VISUAL
34158,189376.0,1945-03-18,15,GERMANY,TEGEL TANK PLANT,TANK FACTORIES,52.53,13.42,B24,3.0,22.0,215.0,,37.0,,37.0,VISUAL
34163,189377.0,1945-03-18,15,GERMANY,DAIMLER BENZ ENGINE,ARMAMENT AND ORDNANCE PLANTS,52.53,13.42,B24,4.0,10.0,215.0,22.0,,,22.0,VISUAL
34178,189378.0,1945-03-18,15,GERMANY,DAIMLER BENZ ENGINE,ARMAMENT AND ORDNANCE PLANTS,52.53,13.42,B24,4.0,10.0,211.0,,17.0,,17.0,VISUAL
34134,189379.0,1945-03-18,15,GERMANY,DAIMLER BENZ ENGINE,ARMAMENT AND ORDNANCE PLANTS,52.53,13.42,B24,4.0,29.0,228.0,60.0,,,60.0,VISUAL
34130,189380.0,1945-03-18,15,GERMANY,TEGEL TANK PLANT,TANK FACTORIES,52.53,13.42,B24,4.0,32.0,231.0,22.0,38.0,,60.0,VISUAL
34164,189381.0,1945-03-18,15,GERMANY,TEGEL TANK PLANT,TANK FACTORIES,52.53,13.42,B24,4.0,5.0,215.0,11.0,,,11.0,VISUAL
34192,189382.0,1945-03-18,15,GERMANY,TEGEL TANK PLANT,TANK FACTORIES,52.53,13.42,B24,4.0,31.0,200.0,72.0,,,72.0,VISUAL
34179,189383.0,1945-03-18,15,GERMANY,TEGEL TANK PLANT,TANK FACTORIES,52.53,13.42,B24,4.0,10.0,211.0,,17.0,,17.0,VISUAL
34144,189384.0,1945-03-18,15,GERMANY,TEGEL TANK PLANT,TANK FACTORIES,52.53,13.42,B24,4.0,29.0,218.0,,45.0,,45.0,VISUAL
34199,189385.0,1945-03-18,15,GERMANY,TEGEL TANK PLANT,TANK FACTORIES,52.53,13.42,B24,4.0,,,1.0,,,1.0,NOT INDICATED
34188,189386.0,1945-03-18,15,GERMANY,TEGEL TANK PLANT,TANK FACTORIES,52.53,13.42,B24,4.0,28.0,206.0,62.0,,,62.0,VISUAL
34200,189387.0,1945-03-18,15,GERMANY,TEGEL TANK PLANT,TANK FACTORIES,52.53,13.42,B24,4.0,,,1.0,13.0,,14.0,NOT INDICATED
34165,189388.0,1945-03-18,15,GERMANY,TEGEL TANK PLANT,TANK FACTORIES,52.53,13.42,B24,4.0,19.0,215.0,21.0,3.0,,24.0,VISUAL
34166,189389.0,1945-03-18,15,GERMANY,TEGEL TANK PLANT,TANK FACTORIES,52.53,13.42,B24,3.0,11.0,215.0,26.0,,,26.0,VISUAL
34180,189390.0,1945-03-18,15,GERMANY,TEGEL TANK PLANT,TANK FACTORIES,52.53,13.42,B24,3.0,11.0,211.0,1.0,16.0,,17.0,VISUAL
34138,189391.0,1945-03-18,15,GERMANY,TEGEL TANK PLANT,TANK FACTORIES,52.53,13.42,B24,3.0,21.0,225.0,27.0,15.0,,42.0,H2X
34184,189392.0,1945-03-18,15,GERMANY,TEGEL TANK PLANT,TANK FACTORIES,52.53,13.42,B24,3.0,21.0,210.0,26.0,16.0,,42.0,VISUAL
34167,189393.0,1945-03-18,15,GERMANY,TEGEL TANK PLANT,TANK FACTORIES,52.53,13.42,B24,4.0,11.0,215.0,,18.0,,18.0,VISUAL
34168,189394.0,1945-03-18,15,GERMANY,TEGEL TANK PLANT,TANK FACTORIES,52.53,13.42,B24,3.0,22.0,215.0,,37.0,,37.0,VISUAL
34428,218337.0,1945-03-18,8,GERMANY,MARSHALLING YARD,"""RR INSTALLATIONS,  TRACKS,  MARSHALLING YARDS,  AND STATIONS""",49.47,8.17,B26,,,,2.0,,,2.0,VISUAL
34429,218338.0,1945-03-18,8,GERMANY,MARSHALLING YARD,"""RR INSTALLATIONS,  TRACKS,  MARSHALLING YARDS,  AND STATIONS""",49.47,8.17,B26,,,,1.0,,,1.0,VISUAL
34406,218339.0,1945-03-18,8,GERMANY,MARSHALLING YARD,"""RR INSTALLATIONS,  TRACKS,  MARSHALLING YARDS,  AND STATIONS""",49.47,8.17,B26,,,130.0,1.0,,,1.0,VISUAL
34414,218340.0,1945-03-18,8,GERMANY,MARSHALLING YARD,"""RR INSTALLATIONS,  TRACKS,  MARSHALLING YARDS,  AND STATIONS""",49.47,8.17,A20,,,120.0,53.0,,,53.0,VISUAL
34415,218341.0,1945-03-18,8,GERMANY,RD JCT,HIGHWAYS AND VEHICLES,49.47,8.17,B26,,,120.0,2.0,,,2.0,VISUAL
34410,218342.0,1945-03-18,8,GERMANY,RD JCT,HIGHWAYS AND VEHICLES,49.47,8.17,B26,,,125.0,1.0,,,1.0,VISUAL
34430,218343.0,1945-03-18,8,GERMANY,RD JCT,HIGHWAYS AND VEHICLES,49.47,8.17,B26,,,,43.0,,,43.0,VISUAL
34408,218344.0,1945-03-18,8,GERMANY,RD JCT,HIGHWAYS AND VEHICLES,49.47,8.17,B26,,,128.0,38.0,,,38.0,VISUAL
34416,218345.0,1945-03-18,8,GERMANY,RD JCT,HIGHWAYS AND VEHICLES,49.47,8.17,B26,,,120.0,45.0,,,45.0,VISUAL
35385,119112.0,1945-03-19,12,AUSTRIA,UNIDENTIFIED TARGET,UNIDENTIFIED TARGETS,48.25,12.49,B25,4.0,,,2.0,,,2.0,NOT INDICATED
35381,119113.0,1945-03-19,12,AUSTRIA,UNIDENTIFIED TARGET,UNIDENTIFIED TARGETS,48.25,12.49,B25,4.0,18.0,114.0,35.0,,,35.0,NOT INDICATED
35609,119167.0,1945-03-19,8,GERMANY,RR BRIDGE,BRIDGES,52.22,8.8,B26,,,110.0,48.0,,,48.0,VISUAL
35610,119168.0,1945-03-19,8,GERMANY,RR BRIDGE,BRIDGES,52.22,8.8,B26,,,110.0,10.0,,,10.0,VISUAL
35605,119169.0,1945-03-19,8,GERMANY,MARSHALLING YARD,"""RR INSTALLATIONS,  TRACKS,  MARSHALLING YARDS,  AND STATIONS""",51.25,7.23,B26,,,112.0,32.0,,,32.0,VISUAL
35607,119190.0,1945-03-19,8,GERMANY,RR BRIDGE,BRIDGES,52.78,15.67,A26,,,112.0,48.0,,,48.0,VISUAL
35369,119206.0,1945-03-19,15,GERMANY,RR,"""RR INSTALLATIONS,  TRACKS,  MARSHALLING YARDS,  AND STATIONS""",46.0,16.0,B26,,,111.0,12.0,,,12.0,VISUAL
35338,119207.0,1945-03-19,15,AUSTRIA,AIR DROME,AIR FIELDS AND AIRDROMES,47.65,15.58,B24,4.0,33.0,180.0,76.0,,,76.0,VISUAL
35336,119208.0,1945-03-19,15,AUSTRIA,AIR DROME,AIR FIELDS AND AIRDROMES,47.65,15.58,B24,4.0,21.0,185.0,48.0,,,48.0,VISUAL
35373,119209.0,1945-03-19,15,AUSTRIA,AIR DROME,AIR FIELDS AND AIRDROMES,47.65,15.58,B24,4.0,,,,,,,NOT INDICATED
35346,119210.0,1945-03-19,15,AUSTRIA,AIR DROME,AIR FIELDS AND AIRDROMES,47.65,15.58,B24,4.0,21.0,170.0,1.0,46.0,,47.0,VISUAL
35355,119211.0,1945-03-19,15,AUSTRIA,AIR DROME,AIR FIELDS AND AIRDROMES,47.65,15.58,B24,4.0,22.0,160.0,51.0,,,51.0,VISUAL
35374,119212.0,1945-03-19,15,AUSTRIA,AIR DROME,AIR FIELDS AND AIRDROMES,47.65,15.58,B24,4.0,,,,42.0,,42.0,NOT INDICATED
35339,119213.0,1945-03-19,15,AUSTRIA,AIR DROME,AIR FIELDS AND AIRDROMES,47.65,15.58,B24,4.0,28.0,180.0,21.0,,,21.0,VISUAL
35613,119237.0,1945-03-19,8,GERMANY,CITY AREA,CITIES TOWNS AND URBAN AREAS,50.18,8.72,B26,,,104.0,,,62.0,62.0,NOT INDICATED
35614,119257.0,1945-03-19,8,GERMANY,CITY AREA,CITIES TOWNS AND URBAN AREAS,50.18,8.72,B26,,,104.0,,,62.0,62.0,NOT INDICATED
35386,189463.0,1945-03-19,12,AUSTRIA,UNIDENTIFIED TARGET,UNIDENTIFIED TARGETS,48.25,12.49,B25,4.0,,,2.0,,,2.0,NOT INDICATED
35382,189464.0,1945-03-19,12,AUSTRIA,UNIDENTIFIED TARGET,UNIDENTIFIED TARGETS,48.25,12.49,B25,4.0,18.0,114.0,35.0,,,35.0,NOT INDICATED
35615,189467.0,1945-03-19,8,GERMANY,CITY AREA,CITIES TOWNS AND URBAN AREAS,50.18,8.72,B26,,,104.0,,,62.0,62.0,NOT INDICATED
35616,189473.0,1945-03-19,8,GERMANY,CITY AREA,CITIES TOWNS AND URBAN AREAS,50.18,8.72,B26,,,104.0,,,62.0,62.0,NOT INDICATED
35383,189590.0,1945-03-19,12,AUSTRIA,RR,"""RR INSTALLATIONS,  TRACKS,  MARSHALLING YARDS,  AND STATIONS""",46.63,14.3,B24,2.0,1.0,,2.0,,,2.0,VISUAL
35384,189591.0,1945-03-19,12,AUSTRIA,RR,"""RR INSTALLATIONS,  TRACKS,  MARSHALLING YARDS,  AND STATIONS""",46.63,14.3,B24,2.0,1.0,,3.0,,,3.0,NOT INDICATED
35349,189592.0,1945-03-19,15,AUSTRIA,MARSHALLING YARDS,"""RR INSTALLATIONS,  TRACKS,  MARSHALLING YARDS,  AND STATIONS""",48.1,13.87,B24,2.0,9.0,167.0,18.0,,,18.0,VISUAL
35380,189593.0,1945-03-19,15,AUSTRIA,MARSHALLING YARDS,"""RR INSTALLATIONS,  TRACKS,  MARSHALLING YARDS,  AND STATIONS""",46.75,14.37,B17,2.0,4.0,,10.0,,,10.0,VISUAL
35372,189595.0,1945-03-19,15,GERMANY,MARSHALLING YARDS,"""RR INSTALLATIONS,  TRACKS,  MARSHALLING YARDS,  AND STATIONS""",48.02,12.55,B24,2.0,7.0,,20.0,,,20.0,VISUAL
35389,189596.0,1945-03-19,8,GERMANY,MARSHALLING YARD,"""RR INSTALLATIONS,  TRACKS,  MARSHALLING YARDS,  AND STATIONS""",50.55,9.67,B17,2.0,12.0,246.0,35.0,,,35.0,NOT INDICATED
35617,189597.0,1945-03-19,8,GERMANY,MARSHALLING YARD,"""RR INSTALLATIONS,  TRACKS,  MARSHALLING YARDS,  AND STATIONS""",50.55,9.67,B17,2.0,1.0,,3.0,,,3.0,NOT INDICATED
35388,189598.0,1945-03-19,8,GERMANY,MARSHALLING YARD,"""RR INSTALLATIONS,  TRACKS,  MARSHALLING YARDS,  AND STATIONS""",50.55,9.67,B17,2.0,12.0,249.0,33.0,,,33.0,H2X
35618,189599.0,1945-03-19,8,GERMANY,MARSHALLING YARD,"""RR INSTALLATIONS,  TRACKS,  MARSHALLING YARDS,  AND STATIONS""",50.55,9.67,B17,2.0,7.0,,21.0,,,21.0,NOT INDICATED
35387,189600.0,1945-03-19,8,GERMANY,MARSHALLING YARD,"""RR INSTALLATIONS,  TRACKS,  MARSHALLING YARDS,  AND STATIONS""",50.55,9.67,B17,2.0,12.0,250.0,30.0,,,30.0,VISUAL
35391,189601.0,1945-03-19,8,GERMANY,MARSHALLING YARD,"""RR INSTALLATIONS,  TRACKS,  MARSHALLING YARDS,  AND STATIONS""",50.55,9.67,B17,2.0,11.0,234.0,29.0,,,29.0,VISUAL
35390,189602.0,1945-03-19,8,GERMANY,MARSHALLING YARD,"""RR INSTALLATIONS,  TRACKS,  MARSHALLING YARDS,  AND STATIONS""",50.55,9.67,B17,2.0,11.0,243.0,33.0,,,33.0,NOT INDICATED
35400,189603.0,1945-03-19,8,GERMANY,LOCOMOTIVE,"""RR INSTALLATIONS,  TRACKS,  MARSHALLING YARDS,  AND STATIONS""",48.45,12.17,B17,4.0,34.0,150.0,79.0,,,79.0,VISUAL
35396,189604.0,1945-03-19,8,GERMANY,LOCOMOTIVE,"""RR INSTALLATIONS,  TRACKS,  MARSHALLING YARDS,  AND STATIONS""",48.45,12.17,B17,4.0,40.0,160.0,100.0,,,100.0,VISUAL
35398,189605.0,1945-03-19,8,GERMANY,LOCOMOTIVE,"""RR INSTALLATIONS,  TRACKS,  MARSHALLING YARDS,  AND STATIONS""",48.45,12.17,B17,4.0,27.0,155.0,67.0,,,67.0,VISUAL
35601,189606.0,1945-03-19,8,GERMANY,LOCOMOTIVE,"""RR INSTALLATIONS,  TRACKS,  MARSHALLING YARDS,  AND STATIONS""",48.45,12.17,B17,4.0,42.0,150.0,126.0,,,126.0,VISUAL
35394,189607.0,1945-03-19,8,GERMANY,LOCOMOTIVE,"""RR INSTALLATIONS,  TRACKS,  MARSHALLING YARDS,  AND STATIONS""",48.45,12.17,B17,4.0,42.0,170.0,103.0,,,103.0,VISUAL
35399,189608.0,1945-03-19,8,GERMANY,LOCOMOTIVE,"""RR INSTALLATIONS,  TRACKS,  MARSHALLING YARDS,  AND STATIONS""",48.45,12.17,B24,4.0,40.0,154.0,72.0,,,72.0,VISUAL
35397,189609.0,1945-03-19,8,GERMANY,LOCOMOTIVE,"""RR INSTALLATIONS,  TRACKS,  MARSHALLING YARDS,  AND STATIONS""",48.45,12.17,B24,4.0,37.0,158.0,68.0,,,68.0,VISUAL
35395,189610.0,1945-03-19,8,GERMANY,LOCOMOTIVE,"""RR INSTALLATIONS,  TRACKS,  MARSHALLING YARDS,  AND STATIONS""",48.45,12.17,B24,4.0,30.0,161.0,60.0,,,60.0,VISUAL
35393,189611.0,1945-03-19,8,GERMANY,LOCOMOTIVE,"""RR INSTALLATIONS,  TRACKS,  MARSHALLING YARDS,  AND STATIONS""",48.45,12.17,B24,4.0,39.0,170.0,66.0,,,66.0,VISUAL
35602,189612.0,1945-03-19,8,GERMANY,LOCOMOTIVE,"""RR INSTALLATIONS,  TRACKS,  MARSHALLING YARDS,  AND STATIONS""",48.45,12.17,B17,4.0,42.0,136.0,125.0,,,125.0,NOT INDICATED
35365,189613.0,1945-03-19,15,GERMANY,MARSHALLING YARD,"""RR INSTALLATIONS,  TRACKS,  MARSHALLING YARDS,  AND STATIONS""",48.23,12.53,B24,4.0,37.0,145.0,70.0,,,70.0,VISUAL
35358,189614.0,1945-03-19,15,GERMANY,MARSHALLING YARD,"""RR INSTALLATIONS,  TRACKS,  MARSHALLING YARDS,  AND STATIONS""",48.23,12.53,B24,4.0,19.0,157.0,53.0,,,53.0,VISUAL
35359,189615.0,1945-03-19,15,GERMANY,MARSHALLING YARD,"""RR INSTALLATIONS,  TRACKS,  MARSHALLING YARDS,  AND STATIONS""",48.23,12.53,B24,4.0,20.0,157.0,55.0,,,55.0,VISUAL
35352,189616.0,1945-03-19,15,GERMANY,MARSHALLING YARD,"""RR INSTALLATIONS,  TRACKS,  MARSHALLING YARDS,  AND STATIONS""",48.23,12.53,B24,4.0,14.0,160.0,39.0,,,39.0,VISUAL
35353,189617.0,1945-03-19,15,GERMANY,MARSHALLING YARD,"""RR INSTALLATIONS,  TRACKS,  MARSHALLING YARDS,  AND STATIONS""",48.23,12.53,B24,4.0,20.0,160.0,57.0,,,57.0,VISUAL
35360,189618.0,1945-03-19,15,GERMANY,MARSHALLING YARD,"""RR INSTALLATIONS,  TRACKS,  MARSHALLING YARDS,  AND STATIONS""",48.23,12.53,B24,4.0,15.0,155.0,40.0,,,40.0,VISUAL
35361,189619.0,1945-03-19,15,GERMANY,MARSHALLING YARD,"""RR INSTALLATIONS,  TRACKS,  MARSHALLING YARDS,  AND STATIONS""",48.23,12.53,B24,4.0,19.0,155.0,57.0,,,57.0,VISUAL
35363,189620.0,1945-03-19,15,GERMANY,MARSHALLING YARD,"""RR INSTALLATIONS,  TRACKS,  MARSHALLING YARDS,  AND STATIONS""",48.23,12.53,B24,4.0,14.0,149.0,40.0,,,40.0,VISUAL
35364,189621.0,1945-03-19,15,GERMANY,MARSHALLING YARD,"""RR INSTALLATIONS,  TRACKS,  MARSHALLING YARDS,  AND STATIONS""",48.23,12.53,B24,4.0,14.0,149.0,40.0,,,40.0,VISUAL
35354,189622.0,1945-03-19,15,GERMANY,MARSHALLING YARD,"""RR INSTALLATIONS,  TRACKS,  MARSHALLING YARDS,  AND STATIONS""",48.23,12.53,B24,4.0,39.0,160.0,96.0,,,96.0,VISUAL
35350,189623.0,1945-03-19,15,GERMANY,MARSHALLING YARD,"""RR INSTALLATIONS,  TRACKS,  MARSHALLING YARDS,  AND STATIONS""",48.23,12.53,B24,4.0,35.0,165.0,59.0,,,59.0,VISUAL
35351,189624.0,1945-03-19,15,GERMANY,MARSHALLING YARD,"""RR INSTALLATIONS,  TRACKS,  MARSHALLING YARDS,  AND STATIONS""",48.23,12.53,B24,4.0,20.0,163.0,50.0,,,50.0,VISUAL
35362,189625.0,1945-03-19,15,GERMANY,MARSHALLING YARD,"""RR INSTALLATIONS,  TRACKS,  MARSHALLING YARDS,  AND STATIONS""",48.23,12.53,B24,4.0,21.0,155.0,53.0,,,53.0,VISUAL
35371,189626.0,1945-03-19,15,GERMANY,MARSHALLING YARD,"""RR INSTALLATIONS,  TRACKS,  MARSHALLING YARDS,  AND STATIONS""",48.23,12.53,B24,4.0,17.0,20.0,41.0,,,41.0,VISUAL
35334,189627.0,1945-03-19,15,GERMANY,MARSHALLING YARD,"""RR INSTALLATIONS,  TRACKS,  MARSHALLING YARDS,  AND STATIONS""",48.23,12.53,B24,4.0,19.0,200.0,47.0,,,47.0,VISUAL
35345,189628.0,1945-03-19,15,GERMANY,MARSHALLING YARD,"""RR INSTALLATIONS,  TRACKS,  MARSHALLING YARDS,  AND STATIONS""",48.23,12.53,B24,4.0,39.0,170.0,76.0,,,76.0,VISUAL
35335,189629.0,1945-03-19,15,GERMANY,MARSHALLING YARD,"""RR INSTALLATIONS,  TRACKS,  MARSHALLING YARDS,  AND STATIONS""",48.23,12.53,B24,4.0,19.0,200.0,46.0,,,46.0,VISUAL
35344,189630.0,1945-03-19,15,GERMANY,MARSHALLING YARD,"""RR INSTALLATIONS,  TRACKS,  MARSHALLING YARDS,  AND STATIONS""",48.23,12.53,B24,4.0,21.0,179.0,53.0,,,53.0,VISUAL
35366,189631.0,1945-03-19,15,GERMANY,MARSHALLING YARD,"""RR INSTALLATIONS,  TRACKS,  MARSHALLING YARDS,  AND STATIONS""",48.57,13.45,B17,3.0,1.0,145.0,1.0,,,1.0,NOT INDICATED
35367,189632.0,1945-03-19,15,GERMANY,MARSHALLING YARD,"""RR INSTALLATIONS,  TRACKS,  MARSHALLING YARDS,  AND STATIONS""",48.57,13.45,B17,3.0,7.0,140.0,18.0,,,18.0,VISUAL
35379,189633.0,1945-03-19,15,GERMANY,MARSHALLING YARD,"""RR INSTALLATIONS,  TRACKS,  MARSHALLING YARDS,  AND STATIONS""",48.78,12.88,B24,3.0,2.0,,5.0,,,5.0,VISUAL
35392,189634.0,1945-03-19,8,GERMANY,MARSHALLING YARD,"""RR INSTALLATIONS,  TRACKS,  MARSHALLING YARDS,  AND STATIONS""",50.48,12.13,B17,2.0,29.0,220.0,86.0,,,86.0,H2X
35611,218419.0,1945-03-19,8,GERMANY,RR BRIDGE,BRIDGES,52.22,8.8,B26,,,110.0,48.0,,,48.0,VISUAL
35612,218420.0,1945-03-19,8,GERMANY,RR BRIDGE,BRIDGES,52.22,8.8,B26,,,110.0,10.0,,,10.0,VISUAL
35606,218421.0,1945-03-19,8,GERMANY,MARSHALLING YARD,"""RR INSTALLATIONS,  TRACKS,  MARSHALLING YARDS,  AND STATIONS""",51.25,7.23,B26,,,112.0,32.0,,,32.0,VISUAL
35608,218434.0,1945-03-19,8,GERMANY,RR BRIDGE,BRIDGES,52.78,15.67,A26,,,112.0,48.0,,,48.0,VISUAL
35370,218445.0,1945-03-19,15,GERMANY,RR,"""RR INSTALLATIONS,  TRACKS,  MARSHALLING YARDS,  AND STATIONS""",46.0,16.0,B26,,,111.0,12.0,,,12.0,VISUAL
35340,218463.0,1945-03-19,15,AUSTRIA,AIR DROME,AIR FIELDS AND AIRDROMES,47.65,15.58,B24,4.0,33.0,180.0,76.0,,,76.0,VISUAL
35337,218464.0,1945-03-19,15,AUSTRIA,AIR DROME,AIR FIELDS AND AIRDROMES,47.65,15.58,B24,4.0,21.0,185.0,48.0,,,48.0,VISUAL
35375,218465.0,1945-03-19,15,AUSTRIA,AIR DROME,AIR FIELDS AND AIRDROMES,47.65,15.58,B24,4.0,,,,,,,NOT INDICATED
35347,218466.0,1945-03-19,15,AUSTRIA,AIR DROME,AIR FIELDS AND AIRDROMES,47.65,15.58,B24,4.0,21.0,170.0,1.0,46.0,,47.0,VISUAL
35356,218467.0,1945-03-19,15,AUSTRIA,AIR DROME,AIR FIELDS AND AIRDROMES,47.65,15.58,B24,4.0,22.0,160.0,51.0,,,51.0,VISUAL
35376,218468.0,1945-03-19,15,AUSTRIA,AIR DROME,AIR FIELDS AND AIRDROMES,47.65,15.58,B24,4.0,,,,42.0,,42.0,NOT INDICATED
35341,218469.0,1945-03-19,15,AUSTRIA,AIR DROME,AIR FIELDS AND AIRDROMES,47.65,15.58,B24,4.0,28.0,180.0,21.0,,,21.0,VISUAL
35342,218473.0,1945-03-19,15,AUSTRIA,AIR DROME,AIR FIELDS AND AIRDROMES,47.65,15.58,B24,4.0,33.0,180.0,76.0,,,76.0,VISUAL
35368,218474.0,1945-03-19,15,AUSTRIA,AIR DROME,AIR FIELDS AND AIRDROMES,47.65,15.58,B24,4.0,21.0,135.0,48.0,,,48.0,VISUAL
35377,218475.0,1945-03-19,15,AUSTRIA,AIR DROME,AIR FIELDS AND AIRDROMES,47.65,15.58,B24,4.0,,,,,,,NOT INDICATED
35348,218476.0,1945-03-19,15,AUSTRIA,AIR DROME,AIR FIELDS AND AIRDROMES,47.65,15.58,B24,4.0,21.0,170.0,1.0,46.0,,47.0,VISUAL
35357,218477.0,1945-03-19,15,AUSTRIA,AIR DROME,AIR FIELDS AND AIRDROMES,47.65,15.58,B24,4.0,22.0,160.0,51.0,,,51.0,VISUAL
35378,218478.0,1945-03-19,15,AUSTRIA,AIR DROME,AIR FIELDS AND AIRDROMES,47.65,15.58,B24,4.0,,,,42.0,,42.0,NOT INDICATED
35343,218479.0,1945-03-19,15,AUSTRIA,AIR DROME,AIR FIELDS AND AIRDROMES,47.65,15.58,B24,4.0,28.0,180.0,21.0,,,21.0,VISUAL
37213,119258.0,1945-03-20,15,AUSTRIA,IND AREA,MANUFACTURING INSTALLATIONS (NOT SPECIFICALLY IDENTIFIED BELOW FROM CLASS 11 THROUGH 59),47.17,14.67,B24,,1.0,,2.0,,,2.0,VISUAL
36998,119259.0,1945-03-20,15,AUSTRIA,IRON WORKS,"""IRON AND STEEL PRODUCTION FACILITIES,  BLAST FURNACES,  BOILER SHOPS,  FORGES,  FOUNDRIES, STEEL WORKS,  ROLLING-MILLS """,47.22,14.82,B17,2.0,1.0,230.0,2.0,,,2.0,VISUAL
37216,119264.0,1945-03-20,15,AUSTRIA,OIL REFINERY,OIL REFINERIES,48.2,16.37,B17,4.0,,,27.0,,,27.0,NOT INDICATED
36995,119265.0,1945-03-20,15,AUSTRIA,OIL REFINERY,OIL REFINERIES,48.2,16.37,B17,4.0,18.0,280.0,26.0,,,26.0,VISUAL
37217,119267.0,1945-03-20,15,AUSTRIA,OIL REFINERY,OIL REFINERIES,48.2,16.37,B17,4.0,,,22.0,,,22.0,NOT INDICATED
36993,119268.0,1945-03-20,15,AUSTRIA,OIL REFINERY,OIL REFINERIES,48.2,16.37,B17,4.0,18.0,290.0,22.0,,,22.0,F.F.F.
37235,119271.0,1945-03-20,8,GERMANY,MARSHALLING YARD,"""RR INSTALLATIONS,  TRACKS,  MARSHALLING YARDS,  AND STATIONS""",51.63,8.5,B26,,,120.0,2.0,,,2.0,VISUAL
37242,119272.0,1945-03-20,8,GERMANY,MARSHALLING YARD,"""RR INSTALLATIONS,  TRACKS,  MARSHALLING YARDS,  AND STATIONS""",51.63,8.5,B26,,,115.0,2.0,,,2.0,VISUAL
37236,119273.0,1945-03-20,8,GERMANY,MARSHALLING YARD,"""RR INSTALLATIONS,  TRACKS,  MARSHALLING YARDS,  AND STATIONS""",51.63,8.5,B26,,,120.0,2.0,,,2.0,VISUAL
37227,119274.0,1945-03-20,8,GERMANY,MARSHALLING YARD,"""RR INSTALLATIONS,  TRACKS,  MARSHALLING YARDS,  AND STATIONS""",51.63,8.5,B26,,,125.0,1.0,,,1.0,VISUAL
37228,119275.0,1945-03-20,8,GERMANY,MARSHALLING YARD,"""RR INSTALLATIONS,  TRACKS,  MARSHALLING YARDS,  AND STATIONS""",51.63,8.5,B26,,,125.0,1.0,,,1.0,VISUAL
37244,119276.0,1945-03-20,8,GERMANY,MARSHALLING YARD,"""RR INSTALLATIONS,  TRACKS,  MARSHALLING YARDS,  AND STATIONS""",51.63,8.5,B26,,,113.0,60.0,,,60.0,VISUAL
37229,119277.0,1945-03-20,8,GERMANY,MARSHALLING YARD,"""RR INSTALLATIONS,  TRACKS,  MARSHALLING YARDS,  AND STATIONS""",51.63,8.5,B26,,,125.0,60.0,,,60.0,VISUAL
37246,119278.0,1945-03-20,8,GERMANY,MARSHALLING YARD,"""RR INSTALLATIONS,  TRACKS,  MARSHALLING YARDS,  AND STATIONS""",51.63,8.5,B26,,,110.0,58.0,,,58.0,VISUAL
37233,119279.0,1945-03-20,8,GERMANY,MARSHALLING YARD,"""RR INSTALLATIONS,  TRACKS,  MARSHALLING YARDS,  AND STATIONS""",51.63,8.5,A26,,,123.0,60.0,,,60.0,VISUAL
37248,119280.0,1945-03-20,8,GERMANY,MARSHALLING YARD,"""RR INSTALLATIONS,  TRACKS,  MARSHALLING YARDS,  AND STATIONS""",51.63,8.5,A26,,,105.0,72.0,,,72.0,VISUAL
37250,119281.0,1945-03-20,8,GERMANY,MARSHALLING YARD,"""RR INSTALLATIONS,  TRACKS,  MARSHALLING YARDS,  AND STATIONS""",51.63,8.5,A20,,,,8.0,,,8.0,VISUAL
37251,119282.0,1945-03-20,8,GERMANY,MARSHALLING YARD,"""RR INSTALLATIONS,  TRACKS,  MARSHALLING YARDS,  AND STATIONS""",51.63,8.5,A20,,,,53.0,,,53.0,VISUAL
37239,119295.0,1945-03-20,8,FRANCE,TACTICAL TARGETS,TACTICAL TARGETS: (UNIDENTIFIED OR NOT LISTED BELOW),43.07,-1.42,B26,,,117.0,8.0,,,8.0,GEE
37204,119303.0,1945-03-20,15,AUSTRIA,H GOERING TANK WORKS,TANK FACTORIES,48.4,14.42,B24,4.0,9.0,199.0,18.0,,,18.0,VISUAL
37202,119304.0,1945-03-20,15,AUSTRIA,H GOERING TANK WORKS,TANK FACTORIES,48.4,14.42,B24,4.0,9.0,199.0,18.0,,,18.0,VISUAL
37209,119305.0,1945-03-20,15,AUSTRIA,CITY AREA,CITIES TOWNS AND URBAN AREAS,46.95,14.53,B24,2.0,1.0,,3.0,,,3.0,VISUAL
37210,189639.0,1945-03-20,15,AUSTRIA,CITY AREA,CITIES TOWNS AND URBAN AREAS,46.95,14.53,B24,2.0,1.0,,3.0,,,3.0,VISUAL
37211,189651.0,1945-03-20,15,AUSTRIA,CITY AREA,CITIES TOWNS AND URBAN AREAS,46.95,14.53,B24,2.0,1.0,,3.0,,,3.0,VISUAL
37212,189652.0,1945-03-20,15,AUSTRIA,IND AREA,MANUFACTURING INSTALLATIONS (NOT SPECIFICALLY IDENTIFIED BELOW FROM CLASS 11 THROUGH 59),47.17,14.67,B24,2.0,1.0,,2.0,,,2.0,VISUAL
37214,189653.0,1945-03-20,15,AUSTRIA,IND AREA,MANUFACTURING INSTALLATIONS (NOT SPECIFICALLY IDENTIFIED BELOW FROM CLASS 11 THROUGH 59),47.17,14.67,B24,,1.0,,2.0,,,2.0,VISUAL
37205,189655.0,1945-03-20,15,AUSTRIA,H GOERING TANK WORKS,TANK FACTORIES,48.4,14.42,B24,4.0,9.0,199.0,18.0,,,18.0,VISUAL
36999,189656.0,1945-03-20,15,AUSTRIA,IRON WORKS,"""IRON AND STEEL PRODUCTION FACILITIES,  BLAST FURNACES,  BOILER SHOPS,  FORGES,  FOUNDRIES, STEEL WORKS,  ROLLING-MILLS """,47.22,14.82,B17,2.0,1.0,230.0,2.0,,,2.0,VISUAL
37218,189661.0,1945-03-20,15,AUSTRIA,OIL REFINERY,OIL REFINERIES,48.2,16.37,B17,4.0,,,27.0,,,27.0,NOT INDICATED
36996,189662.0,1945-03-20,15,AUSTRIA,OIL REFINERY,OIL REFINERIES,48.2,16.37,B17,4.0,18.0,280.0,26.0,,,26.0,VISUAL
37219,189663.0,1945-03-20,15,AUSTRIA,OIL REFINERY,OIL REFINERIES,48.2,16.37,B17,4.0,,,22.0,,,22.0,NOT INDICATED
36994,189664.0,1945-03-20,15,AUSTRIA,OIL REFINERY,OIL REFINERIES,48.2,16.37,B17,4.0,18.0,290.0,22.0,,,22.0,F.F.F.
37206,189676.0,1945-03-20,15,AUSTRIA,MARSHALLING YARDS,"""RR INSTALLATIONS,  TRACKS,  MARSHALLING YARDS,  AND STATIONS""",47.17,14.67,B17,3.0,1.0,190.0,3.0,,,3.0,VISUAL
37220,189677.0,1945-03-20,12,AUSTRIA,RR,"""RR INSTALLATIONS,  TRACKS,  MARSHALLING YARDS,  AND STATIONS""",46.63,14.3,B17,3.0,6.0,230.0,15.0,,,15.0,VISUAL
37221,189678.0,1945-03-20,12,AUSTRIA,RR,"""RR INSTALLATIONS,  TRACKS,  MARSHALLING YARDS,  AND STATIONS""",46.63,14.3,B17,2.0,1.0,220.0,2.0,,,2.0,VISUAL
37222,189679.0,1945-03-20,12,AUSTRIA,RR,"""RR INSTALLATIONS,  TRACKS,  MARSHALLING YARDS,  AND STATIONS""",46.63,14.3,B24,2.0,1.0,,3.0,,,3.0,VISUAL
37201,189680.0,1945-03-20,15,AUSTRIA,MARSHALLING YARDS,"""RR INSTALLATIONS,  TRACKS,  MARSHALLING YARDS,  AND STATIONS""",47.22,14.82,B17,2.0,1.0,204.0,3.0,,,3.0,VISUAL
37207,189681.0,1945-03-20,15,AUSTRIA,MARSHALLING YARDS,"""RR INSTALLATIONS,  TRACKS,  MARSHALLING YARDS,  AND STATIONS""",47.6,15.68,B24,3.0,4.0,183.0,8.0,,,8.0,VISUAL
36997,189682.0,1945-03-20,15,AUSTRIA,MARSHALLING YARDS,"""RR INSTALLATIONS,  TRACKS,  MARSHALLING YARDS,  AND STATIONS""",48.22,15.63,B17,3.0,11.0,269.0,25.0,,,25.0,VISUAL
37215,189683.0,1945-03-20,15,AUSTRIA,MARSHALLING YARDS,"""RR INSTALLATIONS,  TRACKS,  MARSHALLING YARDS,  AND STATIONS""",48.22,15.63,B24,3.0,19.0,,38.0,,,38.0,VISUAL
37208,189684.0,1945-03-20,15,AUSTRIA,MARSHALLING YARDS,"""RR INSTALLATIONS,  TRACKS,  MARSHALLING YARDS,  AND STATIONS""",48.22,15.63,B24,2.0,9.0,169.0,18.0,,,18.0,VISUAL
37000,189685.0,1945-03-20,15,AUSTRIA,MARSHALLING YARDS,"""RR INSTALLATIONS,  TRACKS,  MARSHALLING YARDS,  AND STATIONS""",46.75,14.37,B17,2.0,1.0,227.0,3.0,,,3.0,VISUAL
37223,189699.0,1945-03-20,12,AUSTRIA,RR CUTS,"""RR INSTALLATIONS,  TRACKS,  MARSHALLING YARDS,  AND STATIONS""",43.33,5.0,B17,4.0,1.0,,3.0,,,3.0,VISUAL
37203,189701.0,1945-03-20,15,AUSTRIA,H GOERING TANK WORKS,TANK FACTORIES,48.4,14.42,B24,4.0,9.0,199.0,18.0,,,18.0,VISUAL
37237,218516.0,1945-03-20,8,GERMANY,MARSHALLING YARD,"""RR INSTALLATIONS,  TRACKS,  MARSHALLING YARDS,  AND STATIONS""",51.63,8.5,B26,,,120.0,2.0,,,2.0,VISUAL
37243,218517.0,1945-03-20,8,GERMANY,MARSHALLING YARD,"""RR INSTALLATIONS,  TRACKS,  MARSHALLING YARDS,  AND STATIONS""",51.63,8.5,B26,,,115.0,2.0,,,2.0,VISUAL
37238,218518.0,1945-03-20,8,GERMANY,MARSHALLING YARD,"""RR INSTALLATIONS,  TRACKS,  MARSHALLING YARDS,  AND STATIONS""",51.63,8.5,B26,,,120.0,2.0,,,2.0,VISUAL
37230,218519.0,1945-03-20,8,GERMANY,MARSHALLING YARD,"""RR INSTALLATIONS,  TRACKS,  MARSHALLING YARDS,  AND STATIONS""",51.63,8.5,B26,,,125.0,1.0,,,1.0,VISUAL
37231,218520.0,1945-03-20,8,GERMANY,MARSHALLING YARD,"""RR INSTALLATIONS,  TRACKS,  MARSHALLING YARDS,  AND STATIONS""",51.63,8.5,B26,,,125.0,1.0,,,1.0,VISUAL
37245,218521.0,1945-03-20,8,GERMANY,MARSHALLING YARD,"""RR INSTALLATIONS,  TRACKS,  MARSHALLING YARDS,  AND STATIONS""",51.63,8.5,B26,,,113.0,60.0,,,60.0,VISUAL
37232,218522.0,1945-03-20,8,GERMANY,MARSHALLING YARD,"""RR INSTALLATIONS,  TRACKS,  MARSHALLING YARDS,  AND STATIONS""",51.63,8.5,B26,,,125.0,60.0,,,60.0,VISUAL
37247,218523.0,1945-03-20,8,GERMANY,MARSHALLING YARD,"""RR INSTALLATIONS,  TRACKS,  MARSHALLING YARDS,  AND STATIONS""",51.63,8.5,B26,,,110.0,58.0,,,58.0,VISUAL
37234,218524.0,1945-03-20,8,GERMANY,MARSHALLING YARD,"""RR INSTALLATIONS,  TRACKS,  MARSHALLING YARDS,  AND STATIONS""",51.63,8.5,A26,,,123.0,60.0,,,60.0,VISUAL
37249,218525.0,1945-03-20,8,GERMANY,MARSHALLING YARD,"""RR INSTALLATIONS,  TRACKS,  MARSHALLING YARDS,  AND STATIONS""",51.63,8.5,A26,,,105.0,72.0,,,72.0,VISUAL
37252,218526.0,1945-03-20,8,GERMANY,MARSHALLING YARD,"""RR INSTALLATIONS,  TRACKS,  MARSHALLING YARDS,  AND STATIONS""",51.63,8.5,A20,,,,8.0,,,8.0,VISUAL
37253,218527.0,1945-03-20,8,GERMANY,MARSHALLING YARD,"""RR INSTALLATIONS,  TRACKS,  MARSHALLING YARDS,  AND STATIONS""",51.63,8.5,A20,,,,53.0,,,53.0,VISUAL
37240,218570.0,1945-03-20,8,FRANCE,TACTICAL TARGETS,TACTICAL TARGETS: (UNIDENTIFIED OR NOT LISTED BELOW),43.07,-1.42,B26,,,117.0,8.0,,,8.0,GEE
37241,218573.0,1945-03-20,8,FRANCE,TACTICAL TARGETS,TACTICAL TARGETS: (UNIDENTIFIED OR NOT LISTED BELOW),43.07,-1.42,B26,,,117.0,8.0,,,8.0,GEE
38141,119313.0,1945-03-21,15,AUSTRIA,STEEL WORKS,"""IRON AND STEEL PRODUCTION FACILITIES,  BLAST FURNACES,  BOILER SHOPS,  FORGES,  FOUNDRIES, STEEL WORKS,  ROLLING-MILLS """,47.43,15.32,B17,2.0,1.0,260.0,1.0,,,1.0,F.F.F.
38127,119314.0,1945-03-21,15,AUSTRIA,OIL REFINERY,OIL REFINERIES,48.2,16.37,B17,4.0,12.0,296.0,24.0,,,24.0,F.F.F.
38137,119315.0,1945-03-21,15,AUSTRIA,OIL REFINERY,OIL REFINERIES,48.2,16.37,B17,4.0,19.0,280.0,38.0,,,38.0,F.F.F.
38129,119316.0,1945-03-21,15,AUSTRIA,OIL REFINERY,OIL REFINERIES,48.2,16.37,B17,4.0,21.0,290.0,42.0,,,42.0,F.F.F.
38138,119317.0,1945-03-21,15,AUSTRIA,OIL REFINERY,OIL REFINERIES,48.2,16.37,B17,4.0,15.0,280.0,30.0,,,30.0,F.F.F.
38131,119318.0,1945-03-21,15,AUSTRIA,FANTO OIL REFINERY,OIL REFINERIES,48.12,16.3,B17,4.0,17.0,290.0,33.0,,,33.0,VISUAL
38132,119319.0,1945-03-21,15,AUSTRIA,FANTO OIL REFINERY,OIL REFINERIES,48.12,16.3,B17,4.0,19.0,290.0,37.0,,,37.0,VISUAL
38133,119320.0,1945-03-21,15,AUSTRIA,FANTO OIL REFINERY,OIL REFINERIES,48.12,16.3,B17,4.0,18.0,290.0,35.0,,,35.0,F.F.F.
38420,119324.0,1945-03-21,8,GERMANY,MARSHALLING YARD,"""RR INSTALLATIONS,  TRACKS,  MARSHALLING YARDS,  AND STATIONS""",50.53,8.3,B26,,,126.0,1.0,,,1.0,VISUAL
38422,119325.0,1945-03-21,8,GERMANY,MARSHALLING YARD,"""RR INSTALLATIONS,  TRACKS,  MARSHALLING YARDS,  AND STATIONS""",50.53,8.3,B26,,,123.0,12.0,,,12.0,VISUAL
38172,119350.0,1945-03-21,15,AUSTRIA,AIR DROME,AIR FIELDS AND AIRDROMES,47.65,15.58,B24,4.0,22.0,205.0,,,49.0,49.0,VISUAL
38179,119351.0,1945-03-21,15,AUSTRIA,AIR DROME,AIR FIELDS AND AIRDROMES,47.65,15.58,B24,4.0,30.0,200.0,,,63.0,63.0,VISUAL
38173,119352.0,1945-03-21,15,AUSTRIA,AIR DROME,AIR FIELDS AND AIRDROMES,47.65,15.58,B24,4.0,31.0,205.0,,,66.0,66.0,VISUAL
38180,119353.0,1945-03-21,15,AUSTRIA,AIR DROME,AIR FIELDS AND AIRDROMES,47.65,15.58,B24,4.0,31.0,200.0,,,64.0,64.0,VISUAL
38200,119354.0,1945-03-21,15,AUSTRIA,AIR DROME,AIR FIELDS AND AIRDROMES,47.65,15.58,B24,4.0,19.0,190.0,42.0,,,42.0,VISUAL
38406,119355.0,1945-03-21,15,AUSTRIA,AIR DROME,AIR FIELDS AND AIRDROMES,47.65,15.58,B24,4.0,20.0,180.0,45.0,,,45.0,VISUAL
38403,119356.0,1945-03-21,15,AUSTRIA,AIR DROME,AIR FIELDS AND AIRDROMES,47.65,15.58,B24,4.0,19.0,188.0,45.0,,,45.0,VISUAL
38407,119357.0,1945-03-21,15,AUSTRIA,AIR DROME,AIR FIELDS AND AIRDROMES,47.65,15.58,B24,4.0,21.0,180.0,48.0,,,48.0,VISUAL
38181,119358.0,1945-03-21,15,AUSTRIA,AIR DROME,AIR FIELDS AND AIRDROMES,47.65,15.58,B24,4.0,20.0,200.0,46.0,,,46.0,VISUAL
38163,119359.0,1945-03-21,15,AUSTRIA,AIR DROME,AIR FIELDS AND AIRDROMES,47.65,15.58,B24,4.0,20.0,210.0,46.0,,,46.0,VISUAL
38194,119360.0,1945-03-21,15,AUSTRIA,AIR DROME,AIR FIELDS AND AIRDROMES,47.65,15.58,B24,4.0,20.0,198.0,47.0,,,47.0,VISUAL
38195,119361.0,1945-03-21,15,AUSTRIA,AIR DROME,AIR FIELDS AND AIRDROMES,47.65,15.58,B24,4.0,21.0,198.0,49.0,,,49.0,VISUAL
38182,119362.0,1945-03-21,15,AUSTRIA,AIR DROME,AIR FIELDS AND AIRDROMES,47.65,15.58,B24,4.0,29.0,200.0,,,60.0,60.0,VISUAL
38164,119363.0,1945-03-21,15,AUSTRIA,AIR DROME,AIR FIELDS AND AIRDROMES,47.65,15.58,B24,4.0,29.0,210.0,,,61.0,61.0,VISUAL
38183,119364.0,1945-03-21,15,AUSTRIA,AIR DROME,AIR FIELDS AND AIRDROMES,47.65,15.58,B24,4.0,26.0,200.0,,,56.0,56.0,VISUAL
38155,119365.0,1945-03-21,15,AUSTRIA,AIR DROME,AIR FIELDS AND AIRDROMES,47.65,15.58,B24,4.0,6.0,217.0,,,13.0,13.0,VISUAL
38428,119368.0,1945-03-21,8,GERMANY,AIRFIELD,AIR FIELDS AND AIRDROMES,48.3,11.88,B24,2.0,1.0,,,,2.0,2.0,VISUAL
38169,119369.0,1945-03-21,15,GERMANY,AIRDROME,AIR FIELDS AND AIRDROMES,48.45,10.87,B24,2.0,7.0,207.0,,,17.0,17.0,VISUAL
38417,119432.0,1945-03-21,8,GERMANY,DUMP,SUPPLY DUMPS AND WAREHOUSES,49.67,8.33,B26,,,128.0,59.0,,,59.0,NOT INDICATED
38158,119454.0,1945-03-21,15,GERMANY,VOMAG TANK PLANT,TANK FACTORIES,50.48,12.13,B17,3.0,36.0,212.0,107.0,,,107.0,VISUAL
38145,119455.0,1945-03-21,15,GERMANY,VOMAG TANK PLANT,TANK FACTORIES,50.48,12.13,B17,1.0,37.0,235.0,107.0,,,107.0,H2X
38150,119456.0,1945-03-21,15,GERMANY,VOMAG TANK PLANT,TANK FACTORIES,50.48,12.13,B17,1.0,33.0,229.0,99.0,,,99.0,H2X
38159,119457.0,1945-03-21,15,GERMANY,VOMAG TANK PLANT,TANK FACTORIES,50.48,12.13,B17,3.0,36.0,212.0,107.0,,,107.0,VISUAL
38146,119458.0,1945-03-21,15,GERMANY,VOMAG TANK PLANT,TANK FACTORIES,50.48,12.13,B17,1.0,37.0,235.0,107.0,,,107.0,H2X
38151,119459.0,1945-03-21,15,GERMANY,VOMAG TANK PLANT,TANK FACTORIES,50.48,12.13,B17,1.0,33.0,229.0,99.0,,,99.0,H2X
38424,119460.0,1945-03-21,8,GERMANY,CITY AREA,CITIES TOWNS AND URBAN AREAS,52.1,7.02,B26,,,,62.0,,,62.0,VISUAL
38425,119473.0,1945-03-21,8,GERMANY,CITY AREA,CITIES TOWNS AND URBAN AREAS,52.1,7.02,B26,,,,62.0,,,62.0,VISUAL
38426,189704.0,1945-03-21,8,GERMANY,CITY AREA,CITIES TOWNS AND URBAN AREAS,52.1,7.02,B26,,,,62.0,,,62.0,VISUAL
38427,189715.0,1945-03-21,8,GERMANY,CITY AREA,CITIES TOWNS AND URBAN AREAS,52.1,7.02,B26,,,,62.0,,,62.0,VISUAL
38160,189728.0,1945-03-21,15,GERMANY,VOMAG TANK PLANT,TANK FACTORIES,50.48,12.13,B17,3.0,36.0,212.0,107.0,,,107.0,VISUAL
38147,189729.0,1945-03-21,15,GERMANY,VOMAG TANK PLANT,TANK FACTORIES,50.48,12.13,B17,1.0,37.0,235.0,107.0,,,107.0,H2X
38152,189730.0,1945-03-21,15,GERMANY,VOMAG TANK PLANT,TANK FACTORIES,50.48,12.13,B17,1.0,33.0,229.0,99.0,,,99.0,H2X
38161,189731.0,1945-03-21,15,GERMANY,VOMAG TANK PLANT,TANK FACTORIES,50.48,12.13,B17,3.0,36.0,212.0,107.0,,,107.0,VISUAL
38148,189732.0,1945-03-21,15,GERMANY,VOMAG TANK PLANT,TANK FACTORIES,50.48,12.13,B17,1.0,37.0,235.0,107.0,,,107.0,H2X
38153,189733.0,1945-03-21,15,GERMANY,VOMAG TANK PLANT,TANK FACTORIES,50.48,12.13,B17,1.0,33.0,229.0,99.0,,,99.0,H2X
38142,189734.0,1945-03-21,15,AUSTRIA,STEEL WORKS,"""IRON AND STEEL PRODUCTION FACILITIES,  BLAST FURNACES,  BOILER SHOPS,  FORGES,  FOUNDRIES, STEEL WORKS,  ROLLING-MILLS """,47.43,15.32,B17,2.0,1.0,260.0,1.0,,,1.0,F.F.F.
38128,189735.0,1945-03-21,15,AUSTRIA,OIL REFINERY,OIL REFINERIES,48.2,16.37,B17,4.0,12.0,296.0,24.0,,,24.0,F.F.F.
38139,189736.0,1945-03-21,15,AUSTRIA,OIL REFINERY,OIL REFINERIES,48.2,16.37,B17,4.0,19.0,280.0,38.0,,,38.0,F.F.F.
38130,189737.0,1945-03-21,15,AUSTRIA,OIL REFINERY,OIL REFINERIES,48.2,16.37,B17,4.0,21.0,290.0,42.0,,,42.0,F.F.F.
38140,189738.0,1945-03-21,15,AUSTRIA,OIL REFINERY,OIL REFINERIES,48.2,16.37,B17,4.0,15.0,280.0,30.0,,,30.0,F.F.F.
38134,189739.0,1945-03-21,15,AUSTRIA,FANTO OIL REFINERY,OIL REFINERIES,48.12,16.3,B17,4.0,17.0,290.0,33.0,,,33.0,VISUAL
38135,189740.0,1945-03-21,15,AUSTRIA,FANTO OIL REFINERY,OIL REFINERIES,48.12,16.3,B17,4.0,19.0,290.0,37.0,,,37.0,VISUAL
38136,189741.0,1945-03-21,15,AUSTRIA,FANTO OIL REFINERY,OIL REFINERIES,48.12,16.3,B17,4.0,18.0,290.0,35.0,,,35.0,F.F.F.
38162,189742.0,1945-03-21,15,AUSTRIA,MARSHALLING YARD,"""RR INSTALLATIONS,  TRACKS,  MARSHALLING YARDS,  AND STATIONS""",47.35,16.17,B24,4.0,38.0,210.0,73.0,,,73.0,VISUAL
38149,189743.0,1945-03-21,15,AUSTRIA,MARSHALLING YARD,"""RR INSTALLATIONS,  TRACKS,  MARSHALLING YARDS,  AND STATIONS""",47.35,16.17,B24,4.0,10.0,233.0,25.0,,,25.0,VISUAL
38178,189744.0,1945-03-21,15,AUSTRIA,MARSHALLING YARD,"""RR INSTALLATIONS,  TRACKS,  MARSHALLING YARDS,  AND STATIONS""",47.35,16.17,B17,2.0,1.0,200.0,1.0,,,1.0,F.F.F.
38413,189746.0,1945-03-21,12,AUSTRIA,RR,"""RR INSTALLATIONS,  TRACKS,  MARSHALLING YARDS,  AND STATIONS""",46.63,14.3,B17,3.0,6.0,250.0,12.0,,,12.0,VISUAL
38154,189748.0,1945-03-21,15,AUSTRIA,MARSHALLING YARDS,"""RR INSTALLATIONS,  TRACKS,  MARSHALLING YARDS,  AND STATIONS""",48.22,15.63,B17,2.0,1.0,220.0,2.0,,,2.0,VISUAL
38412,189749.0,1945-03-21,12,AUSTRIA,MARSHALLING YARDS,"""RR INSTALLATIONS,  TRACKS,  MARSHALLING YARDS,  AND STATIONS""",48.2,16.37,B17,4.0,17.0,282.0,34.0,,,34.0,F.F.F.
38143,189754.0,1945-03-21,15,AUSTRIA,MARSHALLING YARDS,"""RR INSTALLATIONS,  TRACKS,  MARSHALLING YARDS,  AND STATIONS""",46.33,14.33,B17,2.0,1.0,260.0,2.0,,,2.0,VISUAL
38144,189755.0,1945-03-21,15,AUSTRIA,RR BRIDGE,BRIDGES,48.0,15.0,B17,2.0,1.0,250.0,2.0,,,2.0,VISUAL
38421,218632.0,1945-03-21,8,GERMANY,MARSHALLING YARD,"""RR INSTALLATIONS,  TRACKS,  MARSHALLING YARDS,  AND STATIONS""",50.53,8.3,B26,,,126.0,1.0,,,1.0,VISUAL
38423,218633.0,1945-03-21,8,GERMANY,MARSHALLING YARD,"""RR INSTALLATIONS,  TRACKS,  MARSHALLING YARDS,  AND STATIONS""",50.53,8.3,B26,,,123.0,12.0,,,12.0,VISUAL
38174,218669.0,1945-03-21,15,AUSTRIA,AIR DROME,AIR FIELDS AND AIRDROMES,47.65,15.58,B24,4.0,22.0,205.0,,,49.0,49.0,VISUAL
38184,218670.0,1945-03-21,15,AUSTRIA,AIR DROME,AIR FIELDS AND AIRDROMES,47.65,15.58,B24,4.0,30.0,200.0,,,63.0,63.0,VISUAL
38175,218671.0,1945-03-21,15,AUSTRIA,AIR DROME,AIR FIELDS AND AIRDROMES,47.65,15.58,B24,4.0,31.0,205.0,,,66.0,66.0,VISUAL
38185,218672.0,1945-03-21,15,AUSTRIA,AIR DROME,AIR FIELDS AND AIRDROMES,47.65,15.58,B24,4.0,31.0,200.0,,,64.0,64.0,VISUAL
38401,218673.0,1945-03-21,15,AUSTRIA,AIR DROME,AIR FIELDS AND AIRDROMES,47.65,15.58,B24,4.0,19.0,190.0,42.0,,,42.0,VISUAL
38408,218674.0,1945-03-21,15,AUSTRIA,AIR DROME,AIR FIELDS AND AIRDROMES,47.65,15.58,B24,4.0,20.0,180.0,45.0,,,45.0,VISUAL
38404,218675.0,1945-03-21,15,AUSTRIA,AIR DROME,AIR FIELDS AND AIRDROMES,47.65,15.58,B24,4.0,19.0,188.0,45.0,,,45.0,VISUAL
38409,218676.0,1945-03-21,15,AUSTRIA,AIR DROME,AIR FIELDS AND AIRDROMES,47.65,15.58,B24,4.0,21.0,180.0,48.0,,,48.0,VISUAL
38186,218677.0,1945-03-21,15,AUSTRIA,AIR DROME,AIR FIELDS AND AIRDROMES,47.65,15.58,B24,4.0,20.0,200.0,46.0,,,46.0,VISUAL
38165,218678.0,1945-03-21,15,AUSTRIA,AIR DROME,AIR FIELDS AND AIRDROMES,47.65,15.58,B24,4.0,20.0,210.0,46.0,,,46.0,VISUAL
38196,218679.0,1945-03-21,15,AUSTRIA,AIR DROME,AIR FIELDS AND AIRDROMES,47.65,15.58,B24,4.0,20.0,198.0,47.0,,,47.0,VISUAL
38197,218680.0,1945-03-21,15,AUSTRIA,AIR DROME,AIR FIELDS AND AIRDROMES,47.65,15.58,B24,4.0,21.0,198.0,49.0,,,49.0,VISUAL
38187,218681.0,1945-03-21,15,AUSTRIA,AIR DROME,AIR FIELDS AND AIRDROMES,47.65,15.58,B24,4.0,29.0,200.0,,,60.0,60.0,VISUAL
38166,218682.0,1945-03-21,15,AUSTRIA,AIR DROME,AIR FIELDS AND AIRDROMES,47.65,15.58,B24,4.0,29.0,210.0,,,61.0,61.0,VISUAL
38188,218683.0,1945-03-21,15,AUSTRIA,AIR DROME,AIR FIELDS AND AIRDROMES,47.65,15.58,B24,4.0,26.0,200.0,,,56.0,56.0,VISUAL
38156,218684.0,1945-03-21,15,AUSTRIA,AIR DROME,AIR FIELDS AND AIRDROMES,47.65,15.58,B24,4.0,6.0,217.0,,,13.0,13.0,VISUAL
38429,218685.0,1945-03-21,8,GERMANY,AIRFIELD,AIR FIELDS AND AIRDROMES,48.3,11.88,B24,2.0,1.0,,,,2.0,2.0,VISUAL
38170,218686.0,1945-03-21,15,GERMANY,AIRDROME,AIR FIELDS AND AIRDROMES,48.45,10.87,B24,2.0,7.0,207.0,,,17.0,17.0,VISUAL
38418,218770.0,1945-03-21,8,GERMANY,DUMP,SUPPLY DUMPS AND WAREHOUSES,49.67,8.33,B26,,,128.0,59.0,,,59.0,NOT INDICATED
38419,218771.0,1945-03-21,8,GERMANY,DUMP,SUPPLY DUMPS AND WAREHOUSES,49.67,8.33,B26,,,128.0,59.0,,,59.0,NOT INDICATED
38176,218774.0,1945-03-21,15,AUSTRIA,AIR DROME,AIR FIELDS AND AIRDROMES,47.65,15.58,B24,4.0,22.0,205.0,,,49.0,49.0,VISUAL
38189,218775.0,1945-03-21,15,AUSTRIA,AIR DROME,AIR FIELDS AND AIRDROMES,47.65,15.58,B24,4.0,30.0,200.0,,,63.0,63.0,VISUAL
38177,218776.0,1945-03-21,15,AUSTRIA,AIR DROME,AIR FIELDS AND AIRDROMES,47.65,15.58,B24,4.0,31.0,205.0,,,66.0,66.0,VISUAL
38190,218777.0,1945-03-21,15,AUSTRIA,AIR DROME,AIR FIELDS AND AIRDROMES,47.65,15.58,B24,4.0,31.0,200.0,,,64.0,64.0,VISUAL
38402,218778.0,1945-03-21,15,AUSTRIA,AIR DROME,AIR FIELDS AND AIRDROMES,47.65,15.58,B24,4.0,19.0,190.0,42.0,,,42.0,VISUAL
38410,218779.0,1945-03-21,15,AUSTRIA,AIR DROME,AIR FIELDS AND AIRDROMES,47.65,15.58,B24,4.0,20.0,180.0,45.0,,,45.0,VISUAL
38405,218780.0,1945-03-21,15,AUSTRIA,AIR DROME,AIR FIELDS AND AIRDROMES,47.65,15.58,B24,4.0,19.0,188.0,45.0,,,45.0,VISUAL
38411,218781.0,1945-03-21,15,AUSTRIA,AIR DROME,AIR FIELDS AND AIRDROMES,47.65,15.58,B24,4.0,21.0,180.0,48.0,,,48.0,VISUAL
38191,218782.0,1945-03-21,15,AUSTRIA,AIR DROME,AIR FIELDS AND AIRDROMES,47.65,15.58,B24,4.0,20.0,200.0,46.0,,,46.0,VISUAL
38167,218783.0,1945-03-21,15,AUSTRIA,AIR DROME,AIR FIELDS AND AIRDROMES,47.65,15.58,B24,4.0,20.0,210.0,46.0,,,46.0,VISUAL
38198,218784.0,1945-03-21,15,AUSTRIA,AIR DROME,AIR FIELDS AND AIRDROMES,47.65,15.58,B24,4.0,20.0,198.0,47.0,,,47.0,VISUAL
38199,218785.0,1945-03-21,15,AUSTRIA,AIR DROME,AIR FIELDS AND AIRDROMES,47.65,15.58,B24,4.0,21.0,198.0,49.0,,,49.0,VISUAL
38192,218786.0,1945-03-21,15,AUSTRIA,AIR DROME,AIR FIELDS AND AIRDROMES,47.65,15.58,B24,4.0,29.0,200.0,,,60.0,60.0,VISUAL
38168,218787.0,1945-03-21,15,AUSTRIA,AIR DROME,AIR FIELDS AND AIRDROMES,47.65,15.58,B24,4.0,29.0,210.0,,,61.0,61.0,VISUAL
38193,218788.0,1945-03-21,15,AUSTRIA,AIR DROME,AIR FIELDS AND AIRDROMES,47.65,15.58,B24,4.0,26.0,200.0,,,56.0,56.0,VISUAL
38157,218789.0,1945-03-21,15,AUSTRIA,AIR DROME,AIR FIELDS AND AIRDROMES,47.65,15.58,B24,4.0,6.0,217.0,,,13.0,13.0,VISUAL
38430,218800.0,1945-03-21,8,GERMANY,AIRFIELD,AIR FIELDS AND AIRDROMES,48.3,11.88,B24,2.0,1.0,,,,2.0,2.0,VISUAL
38171,218810.0,1945-03-21,15,GERMANY,AIRDROME,AIR FIELDS AND AIRDROMES,48.45,10.87,B24,2.0,7.0,207.0,,,17.0,17.0,VISUAL
40220,119481.0,1945-03-22,12,AUSTRIA,UNIDENTIFIED TARGET,UNIDENTIFIED TARGETS,47.43,11.88,B25,4.0,,,2.0,,,2.0,NOT INDICATED
40214,119482.0,1945-03-22,12,AUSTRIA,UNIDENTIFIED TARGET,UNIDENTIFIED TARGETS,47.43,11.88,B25,4.0,18.0,115.0,35.0,,,35.0,NOT INDICATED
40218,119483.0,1945-03-22,12,AUSTRIA,UNIDENTIFIED TARGET,UNIDENTIFIED TARGETS,47.13,11.45,B25,4.0,,13.0,3.0,,,3.0,NOT INDICATED
40222,119484.0,1945-03-22,12,AUSTRIA,UNIDENTIFIED TARGET,UNIDENTIFIED TARGETS,47.13,11.45,B25,4.0,18.0,,33.0,,,33.0,NOT INDICATED
40216,119485.0,1945-03-22,12,AUSTRIA,UNIDENTIFIED TARGET,UNIDENTIFIED TARGETS,48.2,16.2,B25,4.0,24.0,115.0,44.0,,,44.0,NOT INDICATED
40224,119486.0,1945-03-22,12,AUSTRIA,UNIDENTIFIED TARGET,UNIDENTIFIED TARGETS,48.2,16.2,B25,4.0,,,5.0,,,5.0,NOT INDICATED
40202,119487.0,1945-03-22,15,AUSTRIA,INDUSTRIAL AREA,MANUFACTURING INSTALLATIONS (NOT SPECIFICALLY IDENTIFIED BELOW FROM CLASS 11 THROUGH 59),46.75,14.37,B24,2.0,1.0,,1.0,,,1.0,VISUAL
39957,119488.0,1945-03-22,15,AUSTRIA,OIL REFINERY,OIL REFINERIES,48.2,16.37,B24,4.0,15.0,240.0,29.0,,,29.0,VISUAL
39958,119489.0,1945-03-22,15,AUSTRIA,OIL REFINERY,OIL REFINERIES,48.2,16.37,B24,4.0,26.0,240.0,62.0,,,62.0,VISUAL
39983,119490.0,1945-03-22,15,CZECHOSLOVAKIA,OIL REFINERY,OIL REFINERIES,50.43,13.32,B24,4.0,14.0,184.0,31.0,,,31.0,VISUAL
39979,119491.0,1945-03-22,15,CZECHOSLOVAKIA,OIL REFINERY,OIL REFINERIES,50.43,13.32,B24,4.0,19.0,185.0,41.0,,,41.0,NOT INDICATED
39973,119492.0,1945-03-22,15,CZECHOSLOVAKIA,OIL REFINERY,OIL REFINERIES,50.43,13.32,B24,4.0,13.0,190.0,31.0,,,31.0,VISUAL
39980,119493.0,1945-03-22,15,CZECHOSLOVAKIA,OIL REFINERY,OIL REFINERIES,50.43,13.32,B24,4.0,20.0,185.0,47.0,,,47.0,VISUAL
39976,119494.0,1945-03-22,15,CZECHOSLOVAKIA,OIL REFINERY,OIL REFINERIES,50.43,13.32,B24,4.0,6.0,186.0,15.0,,,15.0,F.F.F.
39966,119495.0,1945-03-22,15,CZECHOSLOVAKIA,OIL REFINERY,OIL REFINERIES,50.43,13.32,B24,4.0,12.0,200.0,27.0,,,27.0,F.F.F.
39969,119496.0,1945-03-22,15,CZECHOSLOVAKIA,OIL REFINERY,OIL REFINERIES,50.43,13.32,B24,4.0,20.0,193.0,47.0,,,47.0,VISUAL
39970,119497.0,1945-03-22,15,CZECHOSLOVAKIA,OIL REFINERY,OIL REFINERIES,50.43,13.32,B24,4.0,21.0,193.0,49.0,,,49.0,VISUAL
39989,119498.0,1945-03-22,15,CZECHOSLOVAKIA,OIL REFINERY,OIL REFINERIES,50.43,13.32,B17,3.0,,,13.0,,,13.0,NOT INDICATED
39961,119499.0,1945-03-22,15,CZECHOSLOVAKIA,OIL REFINERY,OIL REFINERIES,50.43,13.32,B17,3.0,13.0,235.0,17.0,,,17.0,NOT INDICATED
40293,119512.0,1945-03-22,8,GERMANY,RD JCT,HIGHWAYS AND VEHICLES,51.83,6.87,B26,,,114.0,,,34.0,34.0,VISUAL
40509,119513.0,1945-03-22,8,GERMANY,RD JCT,HIGHWAYS AND VEHICLES,51.83,6.87,B26,,,,,,4.0,4.0,GEE
39955,119529.0,1945-03-22,15,GERMANY,SCWARTZHEIDE SYN OIL,SYNTHETIC OIL REFINERIES,51.48,13.88,B17,4.0,15.0,247.0,37.0,,,37.0,NOT INDICATED
39991,119530.0,1945-03-22,15,GERMANY,SCWARTZHEIDE SYN OIL,SYNTHETIC OIL REFINERIES,51.48,13.88,B17,4.0,,,14.0,,,14.0,NOT INDICATED
39951,119531.0,1945-03-22,15,GERMANY,SCWARTZHEIDE SYN OIL,SYNTHETIC OIL REFINERIES,51.48,13.88,B17,4.0,14.0,250.0,20.0,,,20.0,NOT INDICATED
39992,119532.0,1945-03-22,15,GERMANY,SCWARTZHEIDE SYN OIL,SYNTHETIC OIL REFINERIES,51.48,13.88,B17,4.0,,,33.0,,,33.0,NOT INDICATED
39947,119533.0,1945-03-22,15,GERMANY,SCWARTZHEIDE SYN OIL,SYNTHETIC OIL REFINERIES,51.48,13.88,B17,4.0,27.0,278.0,33.0,,,33.0,VISUAL
39993,119534.0,1945-03-22,15,GERMANY,SCWARTZHEIDE SYN OIL,SYNTHETIC OIL REFINERIES,51.48,13.88,B17,4.0,1.0,,31.0,,,31.0,NOT INDICATED
39985,119535.0,1945-03-22,15,GERMANY,SCWARTZHEIDE SYN OIL,SYNTHETIC OIL REFINERIES,51.48,13.88,B17,4.0,27.0,140.0,35.0,,,35.0,F.F.F.
39994,119536.0,1945-03-22,15,GERMANY,SCWARTZHEIDE SYN OIL,SYNTHETIC OIL REFINERIES,51.48,13.88,B17,4.0,,,31.0,,,31.0,NOT INDICATED
39949,119537.0,1945-03-22,15,GERMANY,SCWARTZHEIDE SYN OIL,SYNTHETIC OIL REFINERIES,51.48,13.88,B17,4.0,25.0,270.0,30.0,,,30.0,VISUAL
39952,119538.0,1945-03-22,15,GERMANY,SCWARTZHEIDE SYN OIL,SYNTHETIC OIL REFINERIES,51.48,13.88,B17,4.0,,250.0,35.0,,,35.0,F.F.F.
39995,119539.0,1945-03-22,15,GERMANY,SCWARTZHEIDE SYN OIL,SYNTHETIC OIL REFINERIES,51.48,13.88,B17,4.0,28.0,,35.0,,,35.0,NOT INDICATED
40279,119543.0,1945-03-22,8,GERMANY,RR BRIDGE,BRIDGES,49.33,8.33,B26,,,120.0,54.0,,,54.0,NOT INDICATED
40277,119544.0,1945-03-22,8,GERMANY,RR BRIDGE,BRIDGES,49.33,8.33,B26,,,123.0,53.0,,,53.0,NOT INDICATED
40297,119545.0,1945-03-22,8,GERMANY,MARSHALLING YARD,"""RR INSTALLATIONS,  TRACKS,  MARSHALLING YARDS,  AND STATIONS""",49.33,8.33,B26,,,105.0,6.0,,,6.0,NOT INDICATED
40539,119548.0,1945-03-22,8,GERMANY,TRAIN,MOVING TRAINS & ROLLING STOCK,50.67,8.33,A26,,,,2.0,,,2.0,NOT INDICATED
40544,119578.0,1945-03-22,8,GERMANY,GP,GUN EMPLACEMENTS,51.67,6.67,A26,,,,,,5.0,5.0,VISUAL
40547,119579.0,1945-03-22,8,GERMANY,GUN EMPL,GUN EMPLACEMENTS,51.67,7.0,B26,,,,,,6.0,6.0,VISUAL
40248,119597.0,1945-03-22,8,GERMANY,HUTTED CAMP,TACTICAL TARGETS: (UNIDENTIFIED OR NOT LISTED BELOW),53.55,7.95,B17,4.0,1.0,250.0,2.0,2.0,,4.0,VISUAL
40523,119598.0,1945-03-22,8,GERMANY,HUTTED CAMP,TACTICAL TARGETS: (UNIDENTIFIED OR NOT LISTED BELOW),53.55,7.95,B17,4.0,1.0,,2.0,,,2.0,NOT INDICATED
40249,119599.0,1945-03-22,8,GERMANY,HUTTED CAMP,TACTICAL TARGETS: (UNIDENTIFIED OR NOT LISTED BELOW),53.55,7.95,B17,4.0,9.0,250.0,14.0,14.0,,28.0,VISUAL
40260,119600.0,1945-03-22,8,GERMANY,HUTTED CAMP,TACTICAL TARGETS: (UNIDENTIFIED OR NOT LISTED BELOW),53.55,7.95,B17,4.0,11.0,245.0,19.0,,,19.0,VISUAL
40242,119601.0,1945-03-22,8,GERMANY,HUTTED CAMP,TACTICAL TARGETS: (UNIDENTIFIED OR NOT LISTED BELOW),53.55,7.95,B17,4.0,13.0,256.0,22.0,,,22.0,VISUAL
40524,119602.0,1945-03-22,8,GERMANY,HUTTED CAMP,TACTICAL TARGETS: (UNIDENTIFIED OR NOT LISTED BELOW),53.55,7.95,B17,4.0,,,2.0,,,2.0,NOT INDICATED
40245,119603.0,1945-03-22,8,GERMANY,HUTTED CAMP,TACTICAL TARGETS: (UNIDENTIFIED OR NOT LISTED BELOW),53.55,7.95,B17,4.0,12.0,253.0,16.0,16.0,,32.0,VISUAL
40266,119604.0,1945-03-22,8,GERMANY,HUTTED CAMP,TACTICAL TARGETS: (UNIDENTIFIED OR NOT LISTED BELOW),53.55,7.95,B17,4.0,13.0,240.0,22.0,,,22.0,VISUAL
40236,119605.0,1945-03-22,8,GERMANY,HUTTED CAMP,TACTICAL TARGETS: (UNIDENTIFIED OR NOT LISTED BELOW),53.55,7.95,B17,4.0,11.0,258.0,19.0,,,19.0,VISUAL
40267,119606.0,1945-03-22,8,GERMANY,HUTTED CAMP,TACTICAL TARGETS: (UNIDENTIFIED OR NOT LISTED BELOW),53.55,7.95,B17,4.0,12.0,240.0,17.0,17.0,,34.0,VISUAL
40263,119607.0,1945-03-22,8,GERMANY,HUTTED CAMP,TACTICAL TARGETS: (UNIDENTIFIED OR NOT LISTED BELOW),53.55,7.95,B17,4.0,12.0,244.0,17.0,18.0,,35.0,VISUAL
40237,119608.0,1945-03-22,8,GERMANY,HUTTED CAMP,TACTICAL TARGETS: (UNIDENTIFIED OR NOT LISTED BELOW),53.55,7.95,B17,4.0,13.0,258.0,20.0,19.0,,39.0,VISUAL
40250,119609.0,1945-03-22,8,GERMANY,HUTTED CAMP,TACTICAL TARGETS: (UNIDENTIFIED OR NOT LISTED BELOW),53.55,7.95,B17,4.0,1.0,250.0,2.0,2.0,,4.0,VISUAL
40251,119610.0,1945-03-22,8,GERMANY,HUTTED CAMP,TACTICAL TARGETS: (UNIDENTIFIED OR NOT LISTED BELOW),53.55,7.95,B17,4.0,1.0,250.0,2.0,2.0,,4.0,VISUAL
40529,119632.0,1945-03-22,8,GERMANY,AIR DROME,AIR FIELDS AND AIRDROMES,50.1,8.67,B17,4.0,,,46.0,,,46.0,NOT INDICATED
40227,119633.0,1945-03-22,8,GERMANY,AIR DROME,AIR FIELDS AND AIRDROMES,50.1,8.67,B17,4.0,36.0,261.0,26.0,,,26.0,VISUAL
40228,119634.0,1945-03-22,8,GERMANY,AIR DROME,AIR FIELDS AND AIRDROMES,50.1,8.67,B17,4.0,35.0,261.0,82.0,,,82.0,VISUAL
40229,119635.0,1945-03-22,8,GERMANY,AIR DROME,AIR FIELDS AND AIRDROMES,50.1,8.67,B17,4.0,38.0,261.0,90.0,,,90.0,VISUAL
40505,119652.0,1945-03-22,8,GERMANY,CITY AREA,CITIES TOWNS AND URBAN AREAS,52.1,7.02,B26,,,,9.0,,,9.0,VISUAL
40285,119653.0,1945-03-22,8,GERMANY,CITY AREA,CITIES TOWNS AND URBAN AREAS,52.1,7.02,B26,,,115.0,32.0,,,32.0,VISUAL
40501,119654.0,1945-03-22,8,GERMANY,CITY AREA,CITIES TOWNS AND URBAN AREAS,52.1,7.02,B26,,,11.0,43.0,,,43.0,VISUAL
40281,119655.0,1945-03-22,8,GERMANY,CITY AREA,CITIES TOWNS AND URBAN AREAS,52.1,7.02,A26,,,119.0,5.0,,,5.0,VISUAL
40510,119656.0,1945-03-22,8,GERMANY,CITY AREA,CITIES TOWNS AND URBAN AREAS,51.83,6.87,B26,,,,,30.0,,30.0,GEE
40503,119657.0,1945-03-22,8,GERMANY,CITY AREA,CITIES TOWNS AND URBAN AREAS,51.83,6.87,A26,,,10.0,32.0,,,32.0,VISUAL
40511,119658.0,1945-03-22,8,GERMANY,CITY AREA,CITIES TOWNS AND URBAN AREAS,51.83,6.87,A26,,,,,,5.0,5.0,VISUAL
40289,119659.0,1945-03-22,8,GERMANY,CITY AREA,CITIES TOWNS AND URBAN AREAS,51.83,6.87,A26,,,115.0,,63.0,,63.0,VISUAL
40519,119660.0,1945-03-22,8,GERMANY,CITY AREA,CITIES TOWNS AND URBAN AREAS,52.17,7.35,B26,,,,,16.0,,16.0,VISUAL
40532,119668.0,1945-03-22,8,GERMANY,TOWN,CITIES TOWNS AND URBAN AREAS,52.1,9.78,B26,,,,,,7.0,7.0,VISUAL
40205,119671.0,1945-03-22,15,AUSTRIA,UNIDENTIFIED TARGET,UNIDENTIFIED TARGETS,48.33,16.07,B24,2.0,1.0,,2.0,,,2.0,VISUAL
40536,119674.0,1945-03-22,8,GERMANY,CITY AREA,CITIES TOWNS AND URBAN AREAS,50.13,8.46,B26,,,,,12.0,,12.0,VISUAL
40540,119689.0,1945-03-22,8,GERMANY,TOWN,CITIES TOWNS AND URBAN AREAS,50.67,8.33,A26,,,,2.0,,,2.0,NOT INDICATED
40506,119700.0,1945-03-22,8,GERMANY,CITY AREA,CITIES TOWNS AND URBAN AREAS,52.1,7.02,B26,,,,9.0,,,9.0,VISUAL
40286,119701.0,1945-03-22,8,GERMANY,CITY AREA,CITIES TOWNS AND URBAN AREAS,52.1,7.02,B26,,,115.0,32.0,,,32.0,VISUAL
40295,119702.0,1945-03-22,8,GERMANY,CITY AREA,CITIES TOWNS AND URBAN AREAS,52.1,7.02,B26,,,110.0,43.0,,,43.0,VISUAL
40282,119703.0,1945-03-22,8,GERMANY,CITY AREA,CITIES TOWNS AND URBAN AREAS,52.1,7.02,A26,,,119.0,5.0,,,5.0,VISUAL
40512,119704.0,1945-03-22,8,GERMANY,CITY AREA,CITIES TOWNS AND URBAN AREAS,51.83,6.87,B26,,,,,30.0,,30.0,GEE
40299,119705.0,1945-03-22,8,GERMANY,CITY AREA,CITIES TOWNS AND URBAN AREAS,51.83,6.87,A26,,,100.0,32.0,,,32.0,VISUAL
40513,119706.0,1945-03-22,8,GERMANY,CITY AREA,CITIES TOWNS AND URBAN AREAS,51.83,6.87,A26,,,,,,5.0,5.0,VISUAL
40290,119707.0,1945-03-22,8,GERMANY,CITY AREA,CITIES TOWNS AND URBAN AREAS,51.83,6.87,A26,,,115.0,,63.0,,63.0,VISUAL
40520,119708.0,1945-03-22,8,GERMANY,CITY AREA,CITIES TOWNS AND URBAN AREAS,52.17,7.35,B26,,,,,16.0,,16.0,VISUAL
40533,119716.0,1945-03-22,8,GERMANY,TOWN,CITIES TOWNS AND URBAN AREAS,52.1,9.78,B26,,,,,,7.0,7.0,VISUAL
40206,189757.0,1945-03-22,15,AUSTRIA,UNIDENTIFIED TARGET,UNIDENTIFIED TARGETS,48.33,16.07,B24,2.0,1.0,,2.0,,,2.0,VISUAL
40221,189759.0,1945-03-22,12,AUSTRIA,UNIDENTIFIED TARGET,UNIDENTIFIED TARGETS,47.43,11.88,B25,4.0,,,2.0,,,2.0,NOT INDICATED
40215,189760.0,1945-03-22,12,AUSTRIA,UNIDENTIFIED TARGET,UNIDENTIFIED TARGETS,47.43,11.88,B25,4.0,18.0,115.0,35.0,,,35.0,NOT INDICATED
40219,189761.0,1945-03-22,12,AUSTRIA,UNIDENTIFIED TARGET,UNIDENTIFIED TARGETS,47.13,11.45,B25,4.0,,13.0,3.0,,,3.0,NOT INDICATED
40223,189762.0,1945-03-22,12,AUSTRIA,UNIDENTIFIED TARGET,UNIDENTIFIED TARGETS,47.13,11.45,B25,4.0,18.0,,33.0,,,33.0,NOT INDICATED
40217,189763.0,1945-03-22,12,AUSTRIA,UNIDENTIFIED TARGET,UNIDENTIFIED TARGETS,48.2,16.2,B25,4.0,24.0,115.0,44.0,,,44.0,NOT INDICATED
40225,189764.0,1945-03-22,12,AUSTRIA,UNIDENTIFIED TARGET,UNIDENTIFIED TARGETS,48.2,16.2,B25,4.0,,,5.0,,,5.0,NOT INDICATED
40507,189765.0,1945-03-22,8,GERMANY,CITY AREA,CITIES TOWNS AND URBAN AREAS,52.1,7.02,B26,,,,9.0,,,9.0,VISUAL
40287,189766.0,1945-03-22,8,GERMANY,CITY AREA,CITIES TOWNS AND URBAN AREAS,52.1,7.02,B26,,,115.0,32.0,,,32.0,VISUAL
40502,189767.0,1945-03-22,8,GERMANY,CITY AREA,CITIES TOWNS AND URBAN AREAS,52.1,7.02,B26,,,11.0,43.0,,,43.0,VISUAL
40283,189768.0,1945-03-22,8,GERMANY,CITY AREA,CITIES TOWNS AND URBAN AREAS,52.1,7.02,A26,,,119.0,5.0,,,5.0,VISUAL
40514,189769.0,1945-03-22,8,GERMANY,CITY AREA,CITIES TOWNS AND URBAN AREAS,51.83,6.87,B26,,,,,30.0,,30.0,GEE
40504,189770.0,1945-03-22,8,GERMANY,CITY AREA,CITIES TOWNS AND URBAN AREAS,51.83,6.87,A26,,,10.0,32.0,,,32.0,VISUAL
40515,189771.0,1945-03-22,8,GERMANY,CITY AREA,CITIES TOWNS AND URBAN AREAS,51.83,6.87,A26,,,,,,5.0,5.0,VISUAL
40291,189772.0,1945-03-22,8,GERMANY,CITY AREA,CITIES TOWNS AND URBAN AREAS,51.83,6.87,A26,,,115.0,,63.0,,63.0,VISUAL
40521,189773.0,1945-03-22,8,GERMANY,CITY AREA,CITIES TOWNS AND URBAN AREAS,52.17,7.35,B26,,,,,16.0,,16.0,VISUAL
40534,189781.0,1945-03-22,8,GERMANY,TOWN,CITIES TOWNS AND URBAN AREAS,52.1,9.78,B26,,,,,,7.0,7.0,VISUAL
40537,189786.0,1945-03-22,8,GERMANY,CITY AREA,CITIES TOWNS AND URBAN AREAS,50.13,8.46,B26,,,,,12.0,,12.0,VISUAL
40541,189801.0,1945-03-22,8,GERMANY,TOWN,CITIES TOWNS AND URBAN AREAS,50.67,8.33,A26,,,,2.0,,,2.0,NOT INDICATED
40508,189811.0,1945-03-22,8,GERMANY,CITY AREA,CITIES TOWNS AND URBAN AREAS,52.1,7.02,B26,,,,9.0,,,9.0,VISUAL
40288,189812.0,1945-03-22,8,GERMANY,CITY AREA,CITIES TOWNS AND URBAN AREAS,52.1,7.02,B26,,,115.0,32.0,,,32.0,VISUAL
40296,189813.0,1945-03-22,8,GERMANY,CITY AREA,CITIES TOWNS AND URBAN AREAS,52.1,7.02,B26,,,110.0,43.0,,,43.0,VISUAL
40284,189814.0,1945-03-22,8,GERMANY,CITY AREA,CITIES TOWNS AND URBAN AREAS,52.1,7.02,A26,,,119.0,5.0,,,5.0,VISUAL
40516,189815.0,1945-03-22,8,GERMANY,CITY AREA,CITIES TOWNS AND URBAN AREAS,51.83,6.87,B26,,,,,30.0,,30.0,GEE
40300,189816.0,1945-03-22,8,GERMANY,CITY AREA,CITIES TOWNS AND URBAN AREAS,51.83,6.87,A26,,,100.0,32.0,,,32.0,VISUAL
40517,189817.0,1945-03-22,8,GERMANY,CITY AREA,CITIES TOWNS AND URBAN AREAS,51.83,6.87,A26,,,,,,5.0,5.0,VISUAL
40292,189818.0,1945-03-22,8,GERMANY,CITY AREA,CITIES TOWNS AND URBAN AREAS,51.83,6.87,A26,,,115.0,,63.0,,63.0,VISUAL
40522,189819.0,1945-03-22,8,GERMANY,CITY AREA,CITIES TOWNS AND URBAN AREAS,52.17,7.35,B26,,,,,16.0,,16.0,VISUAL
40535,189827.0,1945-03-22,8,GERMANY,TOWN,CITIES TOWNS AND URBAN AREAS,52.1,9.78,B26,,,,,,7.0,7.0,VISUAL
40538,189832.0,1945-03-22,8,GERMANY,CITY AREA,CITIES TOWNS AND URBAN AREAS,50.13,8.46,B26,,,,,12.0,,12.0,VISUAL
40542,189847.0,1945-03-22,8,GERMANY,TOWN,CITIES TOWNS AND URBAN AREAS,50.67,8.33,A26,,,,2.0,,,2.0,NOT INDICATED
40201,189858.0,1945-03-22,15,AUSTRIA,INDUSTRIAL AREA,MANUFACTURING INSTALLATIONS (NOT SPECIFICALLY IDENTIFIED BELOW FROM CLASS 11 THROUGH 59),46.75,14.37,B24,2.0,1.0,,1.0,,,1.0,VISUAL
40203,189859.0,1945-03-22,15,AUSTRIA,INDUSTRIAL AREA,MANUFACTURING INSTALLATIONS (NOT SPECIFICALLY IDENTIFIED BELOW FROM CLASS 11 THROUGH 59),46.75,14.37,B24,2.0,1.0,,1.0,,,1.0,VISUAL
40204,189860.0,1945-03-22,15,AUSTRIA,UNIDENTIFIED TARGET,UNIDENTIFIED TARGETS,48.33,16.07,B24,2.0,1.0,,2.0,,,2.0,VISUAL
39959,189862.0,1945-03-22,15,AUSTRIA,OIL REFINERY,OIL REFINERIES,48.2,16.37,B24,4.0,15.0,240.0,29.0,,,29.0,VISUAL
39960,189863.0,1945-03-22,15,AUSTRIA,OIL REFINERY,OIL REFINERIES,48.2,16.37,B24,4.0,26.0,240.0,62.0,,,62.0,VISUAL
39984,189864.0,1945-03-22,15,CZECHOSLOVAKIA,OIL REFINERY,OIL REFINERIES,50.43,13.32,B24,4.0,14.0,184.0,31.0,,,31.0,VISUAL
39981,189865.0,1945-03-22,15,CZECHOSLOVAKIA,OIL REFINERY,OIL REFINERIES,50.43,13.32,B24,4.0,19.0,185.0,41.0,,,41.0,NOT INDICATED
39974,189866.0,1945-03-22,15,CZECHOSLOVAKIA,OIL REFINERY,OIL REFINERIES,50.43,13.32,B24,4.0,13.0,190.0,31.0,,,31.0,VISUAL
39982,189867.0,1945-03-22,15,CZECHOSLOVAKIA,OIL REFINERY,OIL REFINERIES,50.43,13.32,B24,4.0,20.0,185.0,47.0,,,47.0,VISUAL
39977,189868.0,1945-03-22,15,CZECHOSLOVAKIA,OIL REFINERY,OIL REFINERIES,50.43,13.32,B24,4.0,6.0,186.0,15.0,,,15.0,F.F.F.
39967,189869.0,1945-03-22,15,CZECHOSLOVAKIA,OIL REFINERY,OIL REFINERIES,50.43,13.32,B24,4.0,12.0,200.0,27.0,,,27.0,F.F.F.
39971,189870.0,1945-03-22,15,CZECHOSLOVAKIA,OIL REFINERY,OIL REFINERIES,50.43,13.32,B24,4.0,20.0,193.0,47.0,,,47.0,VISUAL
39972,189871.0,1945-03-22,15,CZECHOSLOVAKIA,OIL REFINERY,OIL REFINERIES,50.43,13.32,B24,4.0,21.0,193.0,49.0,,,49.0,VISUAL
39990,189872.0,1945-03-22,15,CZECHOSLOVAKIA,OIL REFINERY,OIL REFINERIES,50.43,13.32,B17,3.0,,,13.0,,,13.0,NOT INDICATED
39962,189873.0,1945-03-22,15,CZECHOSLOVAKIA,OIL REFINERY,OIL REFINERIES,50.43,13.32,B17,3.0,13.0,235.0,17.0,,,17.0,NOT INDICATED
39956,189874.0,1945-03-22,15,GERMANY,SCWARTZHEIDE SYN OIL,SYNTHETIC OIL REFINERIES,51.48,13.88,B17,4.0,15.0,247.0,37.0,,,37.0,NOT INDICATED
39996,189875.0,1945-03-22,15,GERMANY,SCWARTZHEIDE SYN OIL,SYNTHETIC OIL REFINERIES,51.48,13.88,B17,4.0,,,14.0,,,14.0,NOT INDICATED
39953,189876.0,1945-03-22,15,GERMANY,SCWARTZHEIDE SYN OIL,SYNTHETIC OIL REFINERIES,51.48,13.88,B17,4.0,14.0,250.0,20.0,,,20.0,NOT INDICATED
39997,189877.0,1945-03-22,15,GERMANY,SCWARTZHEIDE SYN OIL,SYNTHETIC OIL REFINERIES,51.48,13.88,B17,4.0,,,33.0,,,33.0,NOT INDICATED
39948,189878.0,1945-03-22,15,GERMANY,SCWARTZHEIDE SYN OIL,SYNTHETIC OIL REFINERIES,51.48,13.88,B17,4.0,27.0,278.0,33.0,,,33.0,VISUAL
39998,189879.0,1945-03-22,15,GERMANY,SCWARTZHEIDE SYN OIL,SYNTHETIC OIL REFINERIES,51.48,13.88,B17,4.0,1.0,,31.0,,,31.0,NOT INDICATED
39986,189880.0,1945-03-22,15,GERMANY,SCWARTZHEIDE SYN OIL,SYNTHETIC OIL REFINERIES,51.48,13.88,B17,4.0,27.0,140.0,35.0,,,35.0,F.F.F.
39999,189881.0,1945-03-22,15,GERMANY,SCWARTZHEIDE SYN OIL,SYNTHETIC OIL REFINERIES,51.48,13.88,B17,4.0,,,31.0,,,31.0,NOT INDICATED
39950,189882.0,1945-03-22,15,GERMANY,SCWARTZHEIDE SYN OIL,SYNTHETIC OIL REFINERIES,51.48,13.88,B17,4.0,25.0,270.0,30.0,,,30.0,VISUAL
39954,189883.0,1945-03-22,15,GERMANY,SCWARTZHEIDE SYN OIL,SYNTHETIC OIL REFINERIES,51.48,13.88,B17,4.0,,250.0,35.0,,,35.0,F.F.F.
40000,189884.0,1945-03-22,15,GERMANY,SCWARTZHEIDE SYN OIL,SYNTHETIC OIL REFINERIES,51.48,13.88,B17,4.0,28.0,,35.0,,,35.0,NOT INDICATED
39963,189886.0,1945-03-22,15,AUSTRIA,MARSHALLING YARDS,"""RR INSTALLATIONS,  TRACKS,  MARSHALLING YARDS,  AND STATIONS""",48.3,14.3,B24,4.0,36.0,230.0,70.0,,,70.0,NOT INDICATED
39987,189887.0,1945-03-22,15,AUSTRIA,MARSHALLING YARDS,"""RR INSTALLATIONS,  TRACKS,  MARSHALLING YARDS,  AND STATIONS""",47.17,14.67,B24,2.0,1.0,,2.0,,,2.0,VISUAL
40213,189888.0,1945-03-22,12,AUSTRIA,RR,"""RR INSTALLATIONS,  TRACKS,  MARSHALLING YARDS,  AND STATIONS""",46.63,14.3,B17,3.0,6.0,196.0,15.0,,,15.0,NOT INDICATED
39988,189889.0,1945-03-22,15,AUSTRIA,MARSHALLING YARDS,"""RR INSTALLATIONS,  TRACKS,  MARSHALLING YARDS,  AND STATIONS""",47.22,14.82,B24,2.0,1.0,,2.0,,,2.0,VISUAL
39965,189890.0,1945-03-22,15,AUSTRIA,MARSHALLING YARDS,"""RR INSTALLATIONS,  TRACKS,  MARSHALLING YARDS,  AND STATIONS""",47.22,14.82,B17,2.0,,200.0,2.0,,,2.0,F.F.F.
39964,189891.0,1945-03-22,15,AUSTRIA,COMM CENTER,TRANSPORTATION FACILITIES (NOT SPECIFICALLY IDENTIFIED BELOW),48.2,16.37,B24,4.0,31.0,223.0,61.0,,,61.0,VISUAL
40226,189892.0,1945-03-22,12,AUSTRIA,MARSHALLING YARDS,"""RR INSTALLATIONS,  TRACKS,  MARSHALLING YARDS,  AND STATIONS""",48.2,16.37,B24,4.0,,,36.0,,,36.0,NOT INDICATED
40211,189893.0,1945-03-22,12,AUSTRIA,MARSHALLING YARDS,"""RR INSTALLATIONS,  TRACKS,  MARSHALLING YARDS,  AND STATIONS""",48.2,16.37,B24,4.0,36.0,230.0,36.0,,,36.0,VISUAL
40210,189894.0,1945-03-22,12,AUSTRIA,MARSHALLING YARDS,"""RR INSTALLATIONS,  TRACKS,  MARSHALLING YARDS,  AND STATIONS""",48.2,16.37,B24,4.0,37.0,235.0,66.0,,,66.0,VISUAL
40212,189895.0,1945-03-22,12,AUSTRIA,MARSHALLING YARDS,"""RR INSTALLATIONS,  TRACKS,  MARSHALLING YARDS,  AND STATIONS""",48.2,16.37,B24,4.0,36.0,214.0,70.0,,,70.0,VISUAL
40208,189896.0,1945-03-22,12,AUSTRIA,MARSHALLING YARDS,"""RR INSTALLATIONS,  TRACKS,  MARSHALLING YARDS,  AND STATIONS""",48.2,16.37,B24,4.0,36.0,250.0,69.0,,,69.0,VISUAL
40209,189897.0,1945-03-22,12,AUSTRIA,MARSHALLING YARDS,"""RR INSTALLATIONS,  TRACKS,  MARSHALLING YARDS,  AND STATIONS""",48.2,16.37,B24,3.0,27.0,250.0,50.0,,,50.0,F.F.F.
39978,189901.0,1945-03-22,15,CZECHOSLOVAKIA,MARSHALLING YARDS,"""RR INSTALLATIONS,  TRACKS,  MARSHALLING YARDS,  AND STATIONS""",50.3,14.5,B24,3.0,7.0,186.0,17.0,,,17.0,VISUAL
39968,189902.0,1945-03-22,15,CZECHOSLOVAKIA,MARSHALLING YARDS,"""RR INSTALLATIONS,  TRACKS,  MARSHALLING YARDS,  AND STATIONS""",50.3,14.5,B24,2.0,14.0,194.0,31.0,,,31.0,VISUAL
40207,189903.0,1945-03-22,15,CZECHOSLOVAKIA,MY,"""RR INSTALLATIONS,  TRACKS,  MARSHALLING YARDS,  AND STATIONS""",51.0,14.67,B17,4.0,1.0,,3.0,,,3.0,VISUAL
39975,189904.0,1945-03-22,15,GERMANY,MARSHALLING YARDS,"""RR INSTALLATIONS,  TRACKS,  MARSHALLING YARDS,  AND STATIONS""",48.02,12.55,B24,3.0,7.0,188.0,17.0,,,17.0,VISUAL
40294,218888.0,1945-03-22,8,GERMANY,RD JCT,HIGHWAYS AND VEHICLES,51.83,6.87,B26,,,114.0,,,34.0,34.0,VISUAL
40518,218889.0,1945-03-22,8,GERMANY,RD JCT,HIGHWAYS AND VEHICLES,51.83,6.87,B26,,,,,,4.0,4.0,GEE
40280,218903.0,1945-03-22,8,GERMANY,RR BRIDGE,BRIDGES,49.33,8.33,B26,,,120.0,54.0,,,54.0,NOT INDICATED
40278,218904.0,1945-03-22,8,GERMANY,RR BRIDGE,BRIDGES,49.33,8.33,B26,,,123.0,53.0,,,53.0,NOT INDICATED
40298,218905.0,1945-03-22,8,GERMANY,MARSHALLING YARD,"""RR INSTALLATIONS,  TRACKS,  MARSHALLING YARDS,  AND STATIONS""",49.33,8.33,B26,,,105.0,6.0,,,6.0,NOT INDICATED
40543,218906.0,1945-03-22,8,GERMANY,TRAIN,MOVING TRAINS & ROLLING STOCK,50.67,8.33,A26,,,,2.0,,,2.0,NOT INDICATED
40530,218947.0,1945-03-22,8,GERMANY,AIR DROME,AIR FIELDS AND AIRDROMES,50.1,8.67,B17,4.0,,,46.0,,,46.0,NOT INDICATED
40230,218948.0,1945-03-22,8,GERMANY,AIR DROME,AIR FIELDS AND AIRDROMES,50.1,8.67,B17,4.0,36.0,261.0,26.0,,,26.0,VISUAL
40231,218949.0,1945-03-22,8,GERMANY,AIR DROME,AIR FIELDS AND AIRDROMES,50.1,8.67,B17,4.0,35.0,261.0,82.0,,,82.0,VISUAL
40232,218950.0,1945-03-22,8,GERMANY,AIR DROME,AIR FIELDS AND AIRDROMES,50.1,8.67,B17,4.0,38.0,261.0,90.0,,,90.0,VISUAL
40252,218956.0,1945-03-22,8,GERMANY,HUTTED CAMP,TACTICAL TARGETS: (UNIDENTIFIED OR NOT LISTED BELOW),53.55,7.95,B17,4.0,1.0,250.0,2.0,2.0,,4.0,VISUAL
40525,218957.0,1945-03-22,8,GERMANY,HUTTED CAMP,TACTICAL TARGETS: (UNIDENTIFIED OR NOT LISTED BELOW),53.55,7.95,B17,4.0,1.0,,2.0,,,2.0,NOT INDICATED
40253,218958.0,1945-03-22,8,GERMANY,HUTTED CAMP,TACTICAL TARGETS: (UNIDENTIFIED OR NOT LISTED BELOW),53.55,7.95,B17,4.0,9.0,250.0,14.0,14.0,,28.0,VISUAL
40261,218959.0,1945-03-22,8,GERMANY,HUTTED CAMP,TACTICAL TARGETS: (UNIDENTIFIED OR NOT LISTED BELOW),53.55,7.95,B17,4.0,11.0,245.0,19.0,,,19.0,VISUAL
40243,218960.0,1945-03-22,8,GERMANY,HUTTED CAMP,TACTICAL TARGETS: (UNIDENTIFIED OR NOT LISTED BELOW),53.55,7.95,B17,4.0,13.0,256.0,22.0,,,22.0,VISUAL
40526,218961.0,1945-03-22,8,GERMANY,HUTTED CAMP,TACTICAL TARGETS: (UNIDENTIFIED OR NOT LISTED BELOW),53.55,7.95,B17,4.0,,,2.0,,,2.0,NOT INDICATED
40246,218962.0,1945-03-22,8,GERMANY,HUTTED CAMP,TACTICAL TARGETS: (UNIDENTIFIED OR NOT LISTED BELOW),53.55,7.95,B17,4.0,12.0,253.0,16.0,16.0,,32.0,VISUAL
40268,218963.0,1945-03-22,8,GERMANY,HUTTED CAMP,TACTICAL TARGETS: (UNIDENTIFIED OR NOT LISTED BELOW),53.55,7.95,B17,4.0,13.0,240.0,22.0,,,22.0,VISUAL
40238,218964.0,1945-03-22,8,GERMANY,HUTTED CAMP,TACTICAL TARGETS: (UNIDENTIFIED OR NOT LISTED BELOW),53.55,7.95,B17,4.0,11.0,258.0,19.0,,,19.0,VISUAL
40269,218965.0,1945-03-22,8,GERMANY,HUTTED CAMP,TACTICAL TARGETS: (UNIDENTIFIED OR NOT LISTED BELOW),53.55,7.95,B17,4.0,12.0,240.0,17.0,17.0,,34.0,VISUAL
40264,218966.0,1945-03-22,8,GERMANY,HUTTED CAMP,TACTICAL TARGETS: (UNIDENTIFIED OR NOT LISTED BELOW),53.55,7.95,B17,4.0,12.0,244.0,17.0,18.0,,35.0,VISUAL
40239,218967.0,1945-03-22,8,GERMANY,HUTTED CAMP,TACTICAL TARGETS: (UNIDENTIFIED OR NOT LISTED BELOW),53.55,7.95,B17,4.0,13.0,258.0,20.0,19.0,,39.0,VISUAL
40254,218968.0,1945-03-22,8,GERMANY,HUTTED CAMP,TACTICAL TARGETS: (UNIDENTIFIED OR NOT LISTED BELOW),53.55,7.95,B17,4.0,1.0,250.0,2.0,2.0,,4.0,VISUAL
40255,218969.0,1945-03-22,8,GERMANY,HUTTED CAMP,TACTICAL TARGETS: (UNIDENTIFIED OR NOT LISTED BELOW),53.55,7.95,B17,4.0,1.0,250.0,2.0,2.0,,4.0,VISUAL
40545,219026.0,1945-03-22,8,GERMANY,GP,GUN EMPLACEMENTS,51.67,6.67,A26,,,,,,5.0,5.0,VISUAL
40548,219027.0,1945-03-22,8,GERMANY,GUN EMPL,GUN EMPLACEMENTS,51.67,7.0,B26,,,,,,6.0,6.0,VISUAL
40546,219039.0,1945-03-22,8,GERMANY,GP,GUN EMPLACEMENTS,51.67,6.67,A26,,,,,,5.0,5.0,VISUAL
40549,219040.0,1945-03-22,8,GERMANY,GUN EMPL,GUN EMPLACEMENTS,51.67,7.0,B26,,,,,,6.0,6.0,VISUAL
40256,219058.0,1945-03-22,8,GERMANY,HUTTED CAMP,TACTICAL TARGETS: (UNIDENTIFIED OR NOT LISTED BELOW),53.55,7.95,B17,4.0,1.0,250.0,2.0,2.0,,4.0,VISUAL
40527,219059.0,1945-03-22,8,GERMANY,HUTTED CAMP,TACTICAL TARGETS: (UNIDENTIFIED OR NOT LISTED BELOW),53.55,7.95,B17,4.0,1.0,,2.0,,,2.0,NOT INDICATED
40257,219060.0,1945-03-22,8,GERMANY,HUTTED CAMP,TACTICAL TARGETS: (UNIDENTIFIED OR NOT LISTED BELOW),53.55,7.95,B17,4.0,9.0,250.0,14.0,14.0,,28.0,VISUAL
40262,219061.0,1945-03-22,8,GERMANY,HUTTED CAMP,TACTICAL TARGETS: (UNIDENTIFIED OR NOT LISTED BELOW),53.55,7.95,B17,4.0,11.0,245.0,19.0,,,19.0,VISUAL
40244,219062.0,1945-03-22,8,GERMANY,HUTTED CAMP,TACTICAL TARGETS: (UNIDENTIFIED OR NOT LISTED BELOW),53.55,7.95,B17,4.0,13.0,256.0,22.0,,,22.0,VISUAL
40528,219063.0,1945-03-22,8,GERMANY,HUTTED CAMP,TACTICAL TARGETS: (UNIDENTIFIED OR NOT LISTED BELOW),53.55,7.95,B17,4.0,,,2.0,,,2.0,NOT INDICATED
40247,219064.0,1945-03-22,8,GERMANY,HUTTED CAMP,TACTICAL TARGETS: (UNIDENTIFIED OR NOT LISTED BELOW),53.55,7.95,B17,4.0,12.0,253.0,16.0,16.0,,32.0,VISUAL
40270,219065.0,1945-03-22,8,GERMANY,HUTTED CAMP,TACTICAL TARGETS: (UNIDENTIFIED OR NOT LISTED BELOW),53.55,7.95,B17,4.0,13.0,240.0,22.0,,,22.0,VISUAL
40240,219066.0,1945-03-22,8,GERMANY,HUTTED CAMP,TACTICAL TARGETS: (UNIDENTIFIED OR NOT LISTED BELOW),53.55,7.95,B17,4.0,11.0,258.0,19.0,,,19.0,VISUAL
40271,219067.0,1945-03-22,8,GERMANY,HUTTED CAMP,TACTICAL TARGETS: (UNIDENTIFIED OR NOT LISTED BELOW),53.55,7.95,B17,4.0,12.0,240.0,17.0,17.0,,34.0,VISUAL
40265,219068.0,1945-03-22,8,GERMANY,HUTTED CAMP,TACTICAL TARGETS: (UNIDENTIFIED OR NOT LISTED BELOW),53.55,7.95,B17,4.0,12.0,244.0,17.0,18.0,,35.0,VISUAL
40241,219069.0,1945-03-22,8,GERMANY,HUTTED CAMP,TACTICAL TARGETS: (UNIDENTIFIED OR NOT LISTED BELOW),53.55,7.95,B17,4.0,13.0,258.0,20.0,19.0,,39.0,VISUAL
40258,219070.0,1945-03-22,8,GERMANY,HUTTED CAMP,TACTICAL TARGETS: (UNIDENTIFIED OR NOT LISTED BELOW),53.55,7.95,B17,4.0,1.0,250.0,2.0,2.0,,4.0,VISUAL
40259,219071.0,1945-03-22,8,GERMANY,HUTTED CAMP,TACTICAL TARGETS: (UNIDENTIFIED OR NOT LISTED BELOW),53.55,7.95,B17,4.0,1.0,250.0,2.0,2.0,,4.0,VISUAL
40531,219110.0,1945-03-22,8,GERMANY,AIR DROME,AIR FIELDS AND AIRDROMES,50.1,8.67,B17,4.0,,,46.0,,,46.0,NOT INDICATED
40233,219111.0,1945-03-22,8,GERMANY,AIR DROME,AIR FIELDS AND AIRDROMES,50.1,8.67,B17,4.0,36.0,261.0,26.0,,,26.0,VISUAL
40234,219112.0,1945-03-22,8,GERMANY,AIR DROME,AIR FIELDS AND AIRDROMES,50.1,8.67,B17,4.0,35.0,261.0,82.0,,,82.0,VISUAL
40235,219113.0,1945-03-22,8,GERMANY,AIR DROME,AIR FIELDS AND AIRDROMES,50.1,8.67,B17,4.0,38.0,261.0,90.0,,,90.0,VISUAL
42629,119720.0,1945-03-23,12,AUSTRIA,UNIDENTIFIED TARGET,UNIDENTIFIED TARGETS,47.13,11.45,B25,4.0,12.0,120.0,22.0,,,22.0,NOT INDICATED
42633,119721.0,1945-03-23,12,AUSTRIA,UNIDENTIFIED TARGET,UNIDENTIFIED TARGETS,47.13,11.45,B25,4.0,,,3.0,,,3.0,NOT INDICATED
42399,119722.0,1945-03-23,15,AUSTRIA,OIL REFINERY,OIL REFINERIES,48.2,16.37,B24,4.0,25.0,230.0,48.0,,,48.0,VISUAL
42366,119723.0,1945-03-23,15,AUSTRIA,OIL REFINERY,OIL REFINERIES,48.2,16.37,B24,4.0,30.0,260.0,48.0,,,48.0,VISUAL
42368,119724.0,1945-03-23,15,AUSTRIA,OIL REFINERY,OIL REFINERIES,48.2,16.37,B24,4.0,28.0,250.0,61.0,,,61.0,VISUAL
42679,119733.0,1945-03-23,8,GERMANY,MARSHALLING YARD,"""RR INSTALLATIONS,  TRACKS,  MARSHALLING YARDS,  AND STATIONS""",51.83,6.87,B26,,,100.0,,,7.0,7.0,VISUAL
42675,119734.0,1945-03-23,8,GERMANY,MARSHALLING YARDS,"""RR INSTALLATIONS,  TRACKS,  MARSHALLING YARDS,  AND STATIONS""",49.88,8.87,A20,,,105.0,,1.0,,1.0,GEE
42677,119737.0,1945-03-23,8,GERMANY,MARSHALLING YARD,"""RR INSTALLATIONS,  TRACKS,  MARSHALLING YARDS,  AND STATIONS""",50.33,8.75,A20,,,105.0,,1.0,,1.0,GEE
42693,119751.0,1945-03-23,8,GERMANY,ROAD,HIGHWAYS AND VEHICLES,49.17,13.1,B26,,,,,,8.0,8.0,VISUAL
42694,119752.0,1945-03-23,8,GERMANY,ROAD,HIGHWAYS AND VEHICLES,49.17,13.1,B26,,,,15.0,,,15.0,VISUAL
42362,119753.0,1945-03-23,15,GERMANY,SCWARTZHEIDE SYN OIL,SYNTHETIC OIL REFINERIES,51.48,13.88,B17,4.0,27.0,264.0,63.0,,,63.0,VISUAL
42620,119754.0,1945-03-23,15,GERMANY,SCWARTZHEIDE SYN OIL,SYNTHETIC OIL REFINERIES,51.48,13.88,B17,4.0,,,28.0,,,28.0,NOT INDICATED
42375,119755.0,1945-03-23,15,GERMANY,SCWARTZHEIDE SYN OIL,SYNTHETIC OIL REFINERIES,51.48,13.88,B17,4.0,21.0,240.0,30.0,,,30.0,VISUAL
42621,119756.0,1945-03-23,15,GERMANY,SCWARTZHEIDE SYN OIL,SYNTHETIC OIL REFINERIES,51.48,13.88,B17,4.0,,,41.0,,,41.0,NOT INDICATED
42360,119757.0,1945-03-23,15,GERMANY,SCWARTZHEIDE SYN OIL,SYNTHETIC OIL REFINERIES,51.48,13.88,B17,4.0,28.0,265.0,41.0,,,41.0,VISUAL
42622,119758.0,1945-03-23,15,GERMANY,SCWARTZHEIDE SYN OIL,SYNTHETIC OIL REFINERIES,51.48,13.88,B17,4.0,,,34.0,,,34.0,NOT INDICATED
42376,119759.0,1945-03-23,15,GERMANY,SCWARTZHEIDE SYN OIL,SYNTHETIC OIL REFINERIES,51.48,13.88,B17,4.0,28.0,240.0,35.0,,,35.0,F.F.F.
42358,119760.0,1945-03-23,15,GERMANY,SCWARTZHEIDE SYN OIL,SYNTHETIC OIL REFINERIES,51.48,13.88,B17,4.0,27.0,280.0,81.0,,,81.0,VISUAL
42623,119761.0,1945-03-23,15,GERMANY,SCWARTZHEIDE SYN OIL,SYNTHETIC OIL REFINERIES,51.48,13.88,B17,4.0,,,39.0,,,39.0,NOT INDICATED
42364,119762.0,1945-03-23,15,GERMANY,SCWARTZHEIDE SYN OIL,SYNTHETIC OIL REFINERIES,51.48,13.88,B17,4.0,27.0,263.0,39.0,,,39.0,VISUAL
42635,119763.0,1945-03-23,12,GERMANY,RR TRACKS,"""RR INSTALLATIONS,  TRACKS,  MARSHALLING YARDS,  AND STATIONS""",40.67,14.67,A26,,,,2.0,,,2.0,NOT INDICATED
42698,119764.0,1945-03-23,8,GERMANY,MARSHALLING YARD,"""RR INSTALLATIONS,  TRACKS,  MARSHALLING YARDS,  AND STATIONS""",50.0,9.0,A26,,,,2.0,,,2.0,NOT INDICATED
42642,119768.0,1945-03-23,8,GERMANY,AIRDROME,AIR FIELDS AND AIRDROMES,50.55,8.92,B17,4.0,1.0,250.0,2.0,,,2.0,F.F.F.
42391,119782.0,1945-03-23,15,AUSTRIA,H GOERING TANK WORKS,TANK FACTORIES,48.4,14.42,B24,4.0,18.0,230.0,48.0,,,48.0,VISUAL
42392,119783.0,1945-03-23,15,AUSTRIA,H GOERING TANK WORKS,TANK FACTORIES,48.4,14.42,B24,4.0,20.0,230.0,53.0,,,53.0,VISUAL
42370,119784.0,1945-03-23,15,AUSTRIA,H GOERING TANK WORKS,TANK FACTORIES,48.4,14.42,B24,4.0,20.0,246.0,56.0,,,56.0,VISUAL
42379,119785.0,1945-03-23,15,AUSTRIA,H GOERING TANK WORKS,TANK FACTORIES,48.4,14.42,B24,4.0,21.0,237.0,60.0,,,60.0,VISUAL
42383,119786.0,1945-03-23,15,AUSTRIA,H GOERING TANK WORKS,TANK FACTORIES,48.4,14.42,B24,4.0,19.0,235.0,52.0,,,52.0,VISUAL
42384,119787.0,1945-03-23,15,AUSTRIA,H GOERING TANK WORKS,TANK FACTORIES,48.4,14.42,B24,4.0,20.0,235.0,60.0,,,60.0,VISUAL
42608,119788.0,1945-03-23,15,AUSTRIA,H GOERING TANK WORKS,TANK FACTORIES,48.4,14.42,B24,4.0,19.0,209.0,53.0,,,53.0,VISUAL
42609,119789.0,1945-03-23,15,AUSTRIA,H GOERING TANK WORKS,TANK FACTORIES,48.4,14.42,B24,4.0,20.0,209.0,56.0,,,56.0,VISUAL
42393,119790.0,1945-03-23,15,AUSTRIA,H GOERING TANK WORKS,TANK FACTORIES,48.4,14.42,B24,4.0,18.0,230.0,48.0,,,48.0,VISUAL
42394,119791.0,1945-03-23,15,AUSTRIA,H GOERING TANK WORKS,TANK FACTORIES,48.4,14.42,B24,4.0,20.0,230.0,53.0,,,53.0,VISUAL
42371,119792.0,1945-03-23,15,AUSTRIA,H GOERING TANK WORKS,TANK FACTORIES,48.4,14.42,B24,4.0,20.0,246.0,56.0,,,56.0,VISUAL
42380,119793.0,1945-03-23,15,AUSTRIA,H GOERING TANK WORKS,TANK FACTORIES,48.4,14.42,B24,4.0,21.0,237.0,60.0,,,60.0,VISUAL
42385,119794.0,1945-03-23,15,AUSTRIA,H GOERING TANK WORKS,TANK FACTORIES,48.4,14.42,B24,4.0,19.0,235.0,52.0,,,52.0,VISUAL
42386,119795.0,1945-03-23,15,AUSTRIA,H GOERING TANK WORKS,TANK FACTORIES,48.4,14.42,B24,4.0,20.0,235.0,60.0,,,60.0,VISUAL
42606,119796.0,1945-03-23,15,AUSTRIA,H GOERING TANK WORKS,TANK FACTORIES,48.4,14.42,B24,4.0,19.0,209.0,53.0,,,53.0,VISUAL
42607,119797.0,1945-03-23,15,AUSTRIA,H GOERING TANK WORKS,TANK FACTORIES,48.4,14.42,B24,4.0,20.0,209.0,56.0,,,56.0,VISUAL
42685,119799.0,1945-03-23,8,GERMANY,CITY AREA,CITIES TOWNS AND URBAN AREAS,52.1,7.02,B26,,,,6.0,,,6.0,VISUAL
42686,119800.0,1945-03-23,8,GERMANY,CITY AREA,CITIES TOWNS AND URBAN AREAS,52.1,7.02,B26,,,,34.0,,,34.0,VISUAL
42665,119801.0,1945-03-23,8,GERMANY,CITY AREA,CITIES TOWNS AND URBAN AREAS,51.83,6.87,A20,,,115.0,,8.0,,8.0,VISUAL
42681,119802.0,1945-03-23,8,GERMANY,CITY AREA,CITIES TOWNS AND URBAN AREAS,51.83,6.87,A20,,,12.0,55.0,,,55.0,VISUAL
42683,119803.0,1945-03-23,8,GERMANY,CITY AREA,CITIES TOWNS AND URBAN AREAS,51.83,6.87,B26,,,11.0,20.0,,,20.0,VISUAL
42666,119804.0,1945-03-23,8,GERMANY,CITY AREA,CITIES TOWNS AND URBAN AREAS,51.83,6.87,A26,,,115.0,,45.0,,45.0,VISUAL
42602,119820.0,1945-03-23,15,CZECHOSLOVAKIA,CITY AREA,CITIES TOWNS AND URBAN AREAS,48.97,14.47,B17,3.0,6.0,213.0,18.0,,,18.0,VISUAL
42687,119833.0,1945-03-23,8,GERMANY,CITY AREA,CITIES TOWNS AND URBAN AREAS,52.1,7.02,B26,,,,6.0,,,6.0,VISUAL
42688,119834.0,1945-03-23,8,GERMANY,CITY AREA,CITIES TOWNS AND URBAN AREAS,52.1,7.02,B26,,,,34.0,,,34.0,VISUAL
42667,119835.0,1945-03-23,8,GERMANY,CITY AREA,CITIES TOWNS AND URBAN AREAS,51.83,6.87,A20,,,115.0,,8.0,,8.0,VISUAL
42663,119836.0,1945-03-23,8,GERMANY,CITY AREA,CITIES TOWNS AND URBAN AREAS,51.83,6.87,A20,,,120.0,55.0,,,55.0,VISUAL
42673,119837.0,1945-03-23,8,GERMANY,CITY AREA,CITIES TOWNS AND URBAN AREAS,51.83,6.87,B26,,,110.0,20.0,,,20.0,VISUAL
42668,119838.0,1945-03-23,8,GERMANY,CITY AREA,CITIES TOWNS AND URBAN AREAS,51.83,6.87,A26,,,115.0,,45.0,,45.0,VISUAL
42630,189907.0,1945-03-23,12,AUSTRIA,UNIDENTIFIED TARGET,UNIDENTIFIED TARGETS,47.13,11.45,B25,4.0,12.0,120.0,22.0,,,22.0,NOT INDICATED
42634,189908.0,1945-03-23,12,AUSTRIA,UNIDENTIFIED TARGET,UNIDENTIFIED TARGETS,47.13,11.45,B25,4.0,,,3.0,,,3.0,NOT INDICATED
42603,189909.0,1945-03-23,15,CZECHOSLOVAKIA,CITY AREA,CITIES TOWNS AND URBAN AREAS,48.97,14.47,B17,3.0,6.0,213.0,18.0,,,18.0,VISUAL
42689,189911.0,1945-03-23,8,GERMANY,CITY AREA,CITIES TOWNS AND URBAN AREAS,52.1,7.02,B26,,,,6.0,,,6.0,VISUAL
42690,189912.0,1945-03-23,8,GERMANY,CITY AREA,CITIES TOWNS AND URBAN AREAS,52.1,7.02,B26,,,,34.0,,,34.0,VISUAL
42669,189913.0,1945-03-23,8,GERMANY,CITY AREA,CITIES TOWNS AND URBAN AREAS,51.83,6.87,A20,,,115.0,,8.0,,8.0,VISUAL
42682,189914.0,1945-03-23,8,GERMANY,CITY AREA,CITIES TOWNS AND URBAN AREAS,51.83,6.87,A20,,,12.0,55.0,,,55.0,VISUAL
42684,189915.0,1945-03-23,8,GERMANY,CITY AREA,CITIES TOWNS AND URBAN AREAS,51.83,6.87,B26,,,11.0,20.0,,,20.0,VISUAL
42670,189916.0,1945-03-23,8,GERMANY,CITY AREA,CITIES TOWNS AND URBAN AREAS,51.83,6.87,A26,,,115.0,,45.0,,45.0,VISUAL
42691,189944.0,1945-03-23,8,GERMANY,CITY AREA,CITIES TOWNS AND URBAN AREAS,52.1,7.02,B26,,,,6.0,,,6.0,VISUAL
42692,189945.0,1945-03-23,8,GERMANY,CITY AREA,CITIES TOWNS AND URBAN AREAS,52.1,7.02,B26,,,,34.0,,,34.0,VISUAL
42671,189946.0,1945-03-23,8,GERMANY,CITY AREA,CITIES TOWNS AND URBAN AREAS,51.83,6.87,A20,,,115.0,,8.0,,8.0,VISUAL
42664,189947.0,1945-03-23,8,GERMANY,CITY AREA,CITIES TOWNS AND URBAN AREAS,51.83,6.87,A20,,,120.0,55.0,,,55.0,VISUAL
42674,189948.0,1945-03-23,8,GERMANY,CITY AREA,CITIES TOWNS AND URBAN AREAS,51.83,6.87,B26,,,110.0,20.0,,,20.0,VISUAL
42672,189949.0,1945-03-23,8,GERMANY,CITY AREA,CITIES TOWNS AND URBAN AREAS,51.83,6.87,A26,,,115.0,,45.0,,45.0,VISUAL
42604,189974.0,1945-03-23,15,CZECHOSLOVAKIA,CITY AREA,CITIES TOWNS AND URBAN AREAS,48.97,14.47,B17,3.0,6.0,213.0,18.0,,,18.0,VISUAL
42395,189977.0,1945-03-23,15,AUSTRIA,H GOERING TANK WORKS,TANK FACTORIES,48.4,14.42,B24,4.0,18.0,230.0,48.0,,,48.0,VISUAL
42396,189978.0,1945-03-23,15,AUSTRIA,H GOERING TANK WORKS,TANK FACTORIES,48.4,14.42,B24,4.0,20.0,230.0,53.0,,,53.0,VISUAL
42372,189979.0,1945-03-23,15,AUSTRIA,H GOERING TANK WORKS,TANK FACTORIES,48.4,14.42,B24,4.0,20.0,246.0,56.0,,,56.0,VISUAL
42381,189980.0,1945-03-23,15,AUSTRIA,H GOERING TANK WORKS,TANK FACTORIES,48.4,14.42,B24,4.0,21.0,237.0,60.0,,,60.0,VISUAL
42387,189981.0,1945-03-23,15,AUSTRIA,H GOERING TANK WORKS,TANK FACTORIES,48.4,14.42,B24,4.0,19.0,235.0,52.0,,,52.0,VISUAL
42388,189982.0,1945-03-23,15,AUSTRIA,H GOERING TANK WORKS,TANK FACTORIES,48.4,14.42,B24,4.0,20.0,235.0,60.0,,,60.0,VISUAL
42610,189983.0,1945-03-23,15,AUSTRIA,H GOERING TANK WORKS,TANK FACTORIES,48.4,14.42,B24,4.0,19.0,209.0,53.0,,,53.0,VISUAL
42611,189984.0,1945-03-23,15,AUSTRIA,H GOERING TANK WORKS,TANK FACTORIES,48.4,14.42,B24,4.0,20.0,209.0,56.0,,,56.0,VISUAL
42400,189985.0,1945-03-23,15,AUSTRIA,OIL REFINERY,OIL REFINERIES,48.2,16.37,B24,4.0,25.0,230.0,48.0,,,48.0,VISUAL
42367,189986.0,1945-03-23,15,AUSTRIA,OIL REFINERY,OIL REFINERIES,48.2,16.37,B24,4.0,30.0,260.0,48.0,,,48.0,VISUAL
42369,189987.0,1945-03-23,15,AUSTRIA,OIL REFINERY,OIL REFINERIES,48.2,16.37,B24,4.0,28.0,250.0,61.0,,,61.0,VISUAL
42363,189988.0,1945-03-23,15,GERMANY,SCWARTZHEIDE SYN OIL,SYNTHETIC OIL REFINERIES,51.48,13.88,B17,4.0,27.0,264.0,63.0,,,63.0,VISUAL
42624,189989.0,1945-03-23,15,GERMANY,SCWARTZHEIDE SYN OIL,SYNTHETIC OIL REFINERIES,51.48,13.88,B17,4.0,,,28.0,,,28.0,NOT INDICATED
42377,189990.0,1945-03-23,15,GERMANY,SCWARTZHEIDE SYN OIL,SYNTHETIC OIL REFINERIES,51.48,13.88,B17,4.0,21.0,240.0,30.0,,,30.0,VISUAL
42625,189991.0,1945-03-23,15,GERMANY,SCWARTZHEIDE SYN OIL,SYNTHETIC OIL REFINERIES,51.48,13.88,B17,4.0,,,41.0,,,41.0,NOT INDICATED
42361,189992.0,1945-03-23,15,GERMANY,SCWARTZHEIDE SYN OIL,SYNTHETIC OIL REFINERIES,51.48,13.88,B17,4.0,28.0,265.0,41.0,,,41.0,VISUAL
42626,189993.0,1945-03-23,15,GERMANY,SCWARTZHEIDE SYN OIL,SYNTHETIC OIL REFINERIES,51.48,13.88,B17,4.0,,,34.0,,,34.0,NOT INDICATED
42378,189994.0,1945-03-23,15,GERMANY,SCWARTZHEIDE SYN OIL,SYNTHETIC OIL REFINERIES,51.48,13.88,B17,4.0,28.0,240.0,35.0,,,35.0,F.F.F.
42359,189995.0,1945-03-23,15,GERMANY,SCWARTZHEIDE SYN OIL,SYNTHETIC OIL REFINERIES,51.48,13.88,B17,4.0,27.0,280.0,81.0,,,81.0,VISUAL
42627,189996.0,1945-03-23,15,GERMANY,SCWARTZHEIDE SYN OIL,SYNTHETIC OIL REFINERIES,51.48,13.88,B17,4.0,,,39.0,,,39.0,NOT INDICATED
42365,189997.0,1945-03-23,15,GERMANY,SCWARTZHEIDE SYN OIL,SYNTHETIC OIL REFINERIES,51.48,13.88,B17,4.0,27.0,263.0,39.0,,,39.0,VISUAL
42618,189998.0,1945-03-23,15,AUSTRIA,MARSHALLING YARD,"""RR INSTALLATIONS,  TRACKS,  MARSHALLING YARDS,  AND STATIONS""",46.93,13.55,B24,4.0,39.0,178.0,72.0,,,72.0,VISUAL
42614,189999.0,1945-03-23,15,AUSTRIA,MARSHALLING YARD,"""RR INSTALLATIONS,  TRACKS,  MARSHALLING YARDS,  AND STATIONS""",46.93,13.55,B24,4.0,41.0,206.0,79.0,,,79.0,VISUAL
42605,190000.0,1945-03-23,15,AUSTRIA,MARSHALLING YARD,"""RR INSTALLATIONS,  TRACKS,  MARSHALLING YARDS,  AND STATIONS""",46.93,13.55,B24,4.0,30.0,212.0,54.0,,,54.0,VISUAL
42619,190001.0,1945-03-23,15,AUSTRIA,MARSHALLING YARD,"""RR INSTALLATIONS,  TRACKS,  MARSHALLING YARDS,  AND STATIONS""",46.93,13.55,B24,4.0,,,36.0,,,36.0,NOT INDICATED
42615,190002.0,1945-03-23,15,AUSTRIA,MARSHALLING YARD,"""RR INSTALLATIONS,  TRACKS,  MARSHALLING YARDS,  AND STATIONS""",46.93,13.55,B24,4.0,36.0,200.0,36.0,,,36.0,VISUAL
42631,190003.0,1945-03-23,12,AUSTRIA,RR,"""RR INSTALLATIONS,  TRACKS,  MARSHALLING YARDS,  AND STATIONS""",46.63,14.3,B24,3.0,1.0,,2.0,,,2.0,VISUAL
42632,190004.0,1945-03-23,12,AUSTRIA,RR,"""RR INSTALLATIONS,  TRACKS,  MARSHALLING YARDS,  AND STATIONS""",46.63,14.3,B24,2.0,2.0,,5.0,,,5.0,VISUAL
42617,190005.0,1945-03-23,15,AUSTRIA,MARSHALLING YARDS,"""RR INSTALLATIONS,  TRACKS,  MARSHALLING YARDS,  AND STATIONS""",48.22,15.63,B24,4.0,30.0,187.0,52.0,,,52.0,VISUAL
42616,190006.0,1945-03-23,15,AUSTRIA,MARSHALLING YARDS,"""RR INSTALLATIONS,  TRACKS,  MARSHALLING YARDS,  AND STATIONS""",48.22,15.63,B24,4.0,37.0,200.0,67.0,,,67.0,VISUAL
42374,190007.0,1945-03-23,15,AUSTRIA,MARSHALLING YARDS,"""RR INSTALLATIONS,  TRACKS,  MARSHALLING YARDS,  AND STATIONS""",48.4,14.42,B24,4.0,24.0,242.0,45.0,,,45.0,VISUAL
42601,190008.0,1945-03-23,15,AUSTRIA,MARSHALLING YARDS,"""RR INSTALLATIONS,  TRACKS,  MARSHALLING YARDS,  AND STATIONS""",48.4,14.42,B24,4.0,32.0,220.0,56.0,,,56.0,VISUAL
42628,190010.0,1945-03-23,15,AUSTRIA,RR BRIDGE,BRIDGES,46.67,14.0,B24,2.0,1.0,,2.0,,,2.0,VISUAL
42645,190026.0,1945-03-23,8,GERMANY,RR JUNCTION,"""RR INSTALLATIONS,  TRACKS,  MARSHALLING YARDS,  AND STATIONS""",50.77,6.63,B17,4.0,13.0,250.0,29.0,,,29.0,VISUAL
42654,190027.0,1945-03-23,8,GERMANY,RR JUNCTION,"""RR INSTALLATIONS,  TRACKS,  MARSHALLING YARDS,  AND STATIONS""",50.77,6.63,B17,4.0,12.0,239.0,29.0,,,29.0,VISUAL
42637,190028.0,1945-03-23,8,GERMANY,RR JUNCTION,"""RR INSTALLATIONS,  TRACKS,  MARSHALLING YARDS,  AND STATIONS""",50.77,6.63,B17,4.0,13.0,260.0,29.0,,,29.0,VISUAL
42646,190029.0,1945-03-23,8,GERMANY,RR JUNCTION,"""RR INSTALLATIONS,  TRACKS,  MARSHALLING YARDS,  AND STATIONS""",50.77,6.63,B17,4.0,12.0,250.0,25.0,6.0,,31.0,VISUAL
42650,190030.0,1945-03-23,8,GERMANY,RR JUNCTION,"""RR INSTALLATIONS,  TRACKS,  MARSHALLING YARDS,  AND STATIONS""",50.77,6.63,B17,4.0,12.0,245.0,26.0,6.0,,32.0,VISUAL
42641,190031.0,1945-03-23,8,GERMANY,RR JUNCTION,"""RR INSTALLATIONS,  TRACKS,  MARSHALLING YARDS,  AND STATIONS""",50.77,6.63,B17,4.0,11.0,256.0,23.0,6.0,,29.0,VISUAL
42647,190032.0,1945-03-23,8,GERMANY,RR JUNCTION,"""RR INSTALLATIONS,  TRACKS,  MARSHALLING YARDS,  AND STATIONS""",50.77,6.63,B17,4.0,13.0,250.0,28.0,7.0,,35.0,VISUAL
42651,190033.0,1945-03-23,8,GERMANY,RR JUNCTION,"""RR INSTALLATIONS,  TRACKS,  MARSHALLING YARDS,  AND STATIONS""",50.77,6.63,B17,4.0,13.0,243.0,28.0,7.0,,35.0,VISUAL
42639,190034.0,1945-03-23,8,GERMANY,RR JUNCTION,"""RR INSTALLATIONS,  TRACKS,  MARSHALLING YARDS,  AND STATIONS""",50.77,6.63,B17,4.0,13.0,257.0,28.0,7.0,,35.0,VISUAL
42648,190035.0,1945-03-23,8,GERMANY,RR JUNCTION,"""RR INSTALLATIONS,  TRACKS,  MARSHALLING YARDS,  AND STATIONS""",50.77,6.63,B17,4.0,11.0,250.0,23.0,6.0,,29.0,VISUAL
42652,190036.0,1945-03-23,8,GERMANY,RR JUNCTION,"""RR INSTALLATIONS,  TRACKS,  MARSHALLING YARDS,  AND STATIONS""",50.77,6.63,B17,4.0,13.0,243.0,28.0,7.0,,35.0,VISUAL
42640,190037.0,1945-03-23,8,GERMANY,RR JUNCTION,"""RR INSTALLATIONS,  TRACKS,  MARSHALLING YARDS,  AND STATIONS""",50.77,6.63,B17,4.0,13.0,257.0,28.0,7.0,,35.0,VISUAL
42649,190038.0,1945-03-23,8,GERMANY,RR JUNCTION,"""RR INSTALLATIONS,  TRACKS,  MARSHALLING YARDS,  AND STATIONS""",50.77,6.63,B17,4.0,12.0,250.0,28.0,,,28.0,VISUAL
42653,190039.0,1945-03-23,8,GERMANY,RR JUNCTION,"""RR INSTALLATIONS,  TRACKS,  MARSHALLING YARDS,  AND STATIONS""",50.77,6.63,B17,4.0,12.0,240.0,29.0,,,29.0,VISUAL
42638,190040.0,1945-03-23,8,GERMANY,RR JUNCTION,"""RR INSTALLATIONS,  TRACKS,  MARSHALLING YARDS,  AND STATIONS""",50.77,6.63,B17,4.0,11.0,260.0,26.0,,,26.0,VISUAL
42656,190049.0,1945-03-23,8,GERMANY,R R,"""RR INSTALLATIONS,  TRACKS,  MARSHALLING YARDS,  AND STATIONS""",50.13,8.46,B24,4.0,32.0,234.0,101.0,,,101.0,VISUAL
42661,190050.0,1945-03-23,8,GERMANY,R R,"""RR INSTALLATIONS,  TRACKS,  MARSHALLING YARDS,  AND STATIONS""",50.13,8.46,B24,4.0,27.0,220.0,98.0,,,98.0,VISUAL
42657,190051.0,1945-03-23,8,GERMANY,R R,"""RR INSTALLATIONS,  TRACKS,  MARSHALLING YARDS,  AND STATIONS""",50.13,8.46,B24,4.0,21.0,230.0,63.0,,,63.0,VISUAL
42659,190052.0,1945-03-23,8,GERMANY,R R,"""RR INSTALLATIONS,  TRACKS,  MARSHALLING YARDS,  AND STATIONS""",50.13,8.46,B24,4.0,10.0,221.0,,26.0,,26.0,VISUAL
42697,190053.0,1945-03-23,8,GERMANY,R R,"""RR INSTALLATIONS,  TRACKS,  MARSHALLING YARDS,  AND STATIONS""",50.13,8.46,B24,4.0,,,29.0,,,29.0,NOT INDICATED
42660,190054.0,1945-03-23,8,GERMANY,R R,"""RR INSTALLATIONS,  TRACKS,  MARSHALLING YARDS,  AND STATIONS""",50.13,8.46,B24,4.0,10.0,221.0,1.0,,,1.0,VISUAL
42655,190055.0,1945-03-23,8,GERMANY,R R,"""RR INSTALLATIONS,  TRACKS,  MARSHALLING YARDS,  AND STATIONS""",50.13,8.46,B24,4.0,20.0,235.0,65.0,,,65.0,VISUAL
42658,190056.0,1945-03-23,8,GERMANY,R R,"""RR INSTALLATIONS,  TRACKS,  MARSHALLING YARDS,  AND STATIONS""",50.13,8.46,B24,4.0,22.0,230.0,70.0,,,70.0,VISUAL
42397,190085.0,1945-03-23,15,AUSTRIA,H GOERING TANK WORKS,TANK FACTORIES,48.4,14.42,B24,4.0,18.0,230.0,48.0,,,48.0,VISUAL
42398,190086.0,1945-03-23,15,AUSTRIA,H GOERING TANK WORKS,TANK FACTORIES,48.4,14.42,B24,4.0,20.0,230.0,53.0,,,53.0,VISUAL
42373,190087.0,1945-03-23,15,AUSTRIA,H GOERING TANK WORKS,TANK FACTORIES,48.4,14.42,B24,4.0,20.0,246.0,56.0,,,56.0,VISUAL
42382,190088.0,1945-03-23,15,AUSTRIA,H GOERING TANK WORKS,TANK FACTORIES,48.4,14.42,B24,4.0,21.0,237.0,60.0,,,60.0,VISUAL
42389,190089.0,1945-03-23,15,AUSTRIA,H GOERING TANK WORKS,TANK FACTORIES,48.4,14.42,B24,4.0,19.0,235.0,52.0,,,52.0,VISUAL
42390,190090.0,1945-03-23,15,AUSTRIA,H GOERING TANK WORKS,TANK FACTORIES,48.4,14.42,B24,4.0,20.0,235.0,60.0,,,60.0,VISUAL
42612,190091.0,1945-03-23,15,AUSTRIA,H GOERING TANK WORKS,TANK FACTORIES,48.4,14.42,B24,4.0,19.0,209.0,53.0,,,53.0,VISUAL
42613,190092.0,1945-03-23,15,AUSTRIA,H GOERING TANK WORKS,TANK FACTORIES,48.4,14.42,B24,4.0,20.0,209.0,56.0,,,56.0,VISUAL
42680,219142.0,1945-03-23,8,GERMANY,MARSHALLING YARD,"""RR INSTALLATIONS,  TRACKS,  MARSHALLING YARDS,  AND STATIONS""",51.83,6.87,B26,,,100.0,,,7.0,7.0,VISUAL
42676,219143.0,1945-03-23,8,GERMANY,MARSHALLING YARDS,"""RR INSTALLATIONS,  TRACKS,  MARSHALLING YARDS,  AND STATIONS""",49.88,8.87,A20,,,105.0,,1.0,,1.0,GEE
42678,219146.0,1945-03-23,8,GERMANY,MARSHALLING YARD,"""RR INSTALLATIONS,  TRACKS,  MARSHALLING YARDS,  AND STATIONS""",50.33,8.75,A20,,,105.0,,1.0,,1.0,GEE
42695,219152.0,1945-03-23,8,GERMANY,ROAD,HIGHWAYS AND VEHICLES,49.17,13.1,B26,,,,,,8.0,8.0,VISUAL
42696,219153.0,1945-03-23,8,GERMANY,ROAD,HIGHWAYS AND VEHICLES,49.17,13.1,B26,,,,15.0,,,15.0,VISUAL
42636,219154.0,1945-03-23,12,GERMANY,RR TRACKS,"""RR INSTALLATIONS,  TRACKS,  MARSHALLING YARDS,  AND STATIONS""",40.67,14.67,A26,,,,2.0,,,2.0,NOT INDICATED
42699,219155.0,1945-03-23,8,GERMANY,MARSHALLING YARD,"""RR INSTALLATIONS,  TRACKS,  MARSHALLING YARDS,  AND STATIONS""",50.0,9.0,A26,,,,2.0,,,2.0,NOT INDICATED
42643,219175.0,1945-03-23,8,GERMANY,AIRDROME,AIR FIELDS AND AIRDROMES,50.55,8.92,B17,4.0,1.0,250.0,2.0,,,2.0,F.F.F.
42644,219200.0,1945-03-23,8,GERMANY,AIRDROME,AIR FIELDS AND AIRDROMES,50.55,8.92,B17,4.0,1.0,250.0,2.0,,,2.0,F.F.F.
44283,119854.0,1945-03-24,12,AUSTRIA,UNIDENTIFIED TARGET,UNIDENTIFIED TARGETS,48.2,16.2,B25,4.0,9.0,125.0,2.0,,,2.0,NOT INDICATED
44285,119855.0,1945-03-24,12,AUSTRIA,UNIDENTIFIED TARGET,UNIDENTIFIED TARGETS,48.2,16.2,B25,4.0,,,17.0,,,17.0,NOT INDICATED
44297,119872.0,1945-03-24,8,GERMANY,ROAD,HIGHWAYS AND VEHICLES,51.82,12.2,B26,,,130.0,20.0,,,20.0,VISUAL
44541,119873.0,1945-03-24,8,GERMANY,RR BRIDGE,BRIDGES,50.83,8.78,A20,,,110.0,6.0,,,6.0,VISUAL
44520,119874.0,1945-03-24,8,GERMANY,RR BRIDGE,BRIDGES,50.83,8.78,A26,,,120.0,38.0,,,38.0,VISUAL
44577,119875.0,1945-03-24,8,GERMANY,RR BRIDGE,BRIDGES,50.83,8.78,A26,,,,50.0,,,50.0,VISUAL
44542,119876.0,1945-03-24,8,GERMANY,RR BRIDGE,BRIDGES,50.83,8.78,B26,,,110.0,48.0,,,48.0,VISUAL
44522,119877.0,1945-03-24,8,GERMANY,MARSHALLING YARDS,"""RR INSTALLATIONS,  TRACKS,  MARSHALLING YARDS,  AND STATIONS""",51.93,8.87,B26,,,120.0,6.0,,,6.0,VISUAL
44256,119912.0,1945-03-24,15,AUSTRIA,AIR DROME,AIR FIELDS AND AIRDROMES,47.65,15.58,B24,4.0,27.0,203.0,,,57.0,57.0,VISUAL
44268,119913.0,1945-03-24,15,AUSTRIA,AIR DROME,AIR FIELDS AND AIRDROMES,47.65,15.58,B24,4.0,29.0,189.0,,,58.0,58.0,VISUAL
44273,119914.0,1945-03-24,15,AUSTRIA,AIR DROME,AIR FIELDS AND AIRDROMES,47.65,15.58,B24,4.0,33.0,179.0,,,69.0,69.0,VISUAL
44265,119915.0,1945-03-24,15,AUSTRIA,AIR DROME,AIR FIELDS AND AIRDROMES,47.65,15.58,B24,4.0,40.0,190.0,,,82.0,82.0,VISUAL
44262,119916.0,1945-03-24,15,AUSTRIA,AIR DROME,AIR FIELDS AND AIRDROMES,47.65,15.58,B24,4.0,39.0,200.0,,,82.0,82.0,VISUAL
44279,119917.0,1945-03-24,15,AUSTRIA,AIR DROME,AIR FIELDS AND AIRDROMES,47.65,15.58,B24,4.0,38.0,,,,82.0,82.0,NOT INDICATED
44259,119918.0,1945-03-24,15,AUSTRIA,AIR DROME,AIR FIELDS AND AIRDROMES,47.65,15.58,B24,4.0,28.0,201.0,,,60.0,60.0,VISUAL
44245,119919.0,1945-03-24,15,AUSTRIA,AIR DROME,AIR FIELDS AND AIRDROMES,47.65,15.58,B24,4.0,35.0,220.0,,,73.0,73.0,VISUAL
44291,119948.0,1945-03-24,8,GERMANY,AIRFIELD,AIR FIELDS AND AIRDROMES,48.3,11.88,B24,3.0,1.0,192.0,,,1.0,1.0,VISUAL
44549,120038.0,1945-03-24,8,GERMANY,GP,GUN EMPLACEMENTS,49.33,7.33,A26,,,110.0,,,7.0,7.0,VISUAL
44550,120039.0,1945-03-24,8,GERMANY,GP,GUN EMPLACEMENTS,49.33,7.33,A26,,,110.0,,,7.0,7.0,VISUAL
44526,120040.0,1945-03-24,8,GERMANY,GP,GUN EMPLACEMENTS,49.33,7.33,A26,,,120.0,,,5.0,5.0,VISUAL
44528,120041.0,1945-03-24,8,GERMANY,GP,GUN EMPLACEMENTS,49.33,7.67,A20,,,120.0,,,1.0,1.0,VISUAL
44530,120042.0,1945-03-24,8,GERMANY,GP,GUN EMPLACEMENTS,51.67,6.33,B26,,,120.0,,,69.0,69.0,VISUAL
44553,120043.0,1945-03-24,8,GERMANY,GP,GUN EMPLACEMENTS,51.67,6.33,B26,,,110.0,,,74.0,74.0,VISUAL
44503,120044.0,1945-03-24,8,GERMANY,GP,GUN EMPLACEMENTS,51.67,6.33,B26,,,125.0,2.0,,,2.0,VISUAL
44294,120045.0,1945-03-24,8,GERMANY,GP,GUN EMPLACEMENTS,51.67,6.33,B26,,,135.0,1.0,,,1.0,VISUAL
44504,120046.0,1945-03-24,8,GERMANY,GP,GUN EMPLACEMENTS,51.67,6.33,B26,,,125.0,1.0,,,1.0,VISUAL
44505,120047.0,1945-03-24,8,GERMANY,GP,GUN EMPLACEMENTS,51.67,6.33,B26,,,125.0,1.0,,,1.0,VISUAL
44506,120048.0,1945-03-24,8,GERMANY,GP,GUN EMPLACEMENTS,51.67,6.33,B26,,,125.0,1.0,,,1.0,VISUAL
44534,120049.0,1945-03-24,8,GERMANY,GP,GUN EMPLACEMENTS,51.67,6.33,B26,,,111.0,1.0,,,1.0,VISUAL
44501,120050.0,1945-03-24,8,GERMANY,GP,GUN EMPLACEMENTS,51.67,6.67,B26,,,130.0,1.0,,,1.0,VISUAL
44515,120051.0,1945-03-24,8,GERMANY,GP,GUN EMPLACEMENTS,51.67,6.67,B26,,,125.0,1.0,,,1.0,VISUAL
44532,120052.0,1945-03-24,8,GERMANY,GP,GUN EMPLACEMENTS,51.67,6.67,A26,,,120.0,,,5.0,5.0,VISUAL
44555,120053.0,1945-03-24,8,GERMANY,GP,GUN EMPLACEMENTS,52.0,7.67,B26,,,110.0,,,7.0,7.0,VISUAL
44547,120056.0,1945-03-24,8,HOLLAND OR NETHERLANDS,ANTI AIRCRAFT BTY,GUN EMPLACEMENTS,52.13,6.22,B26,,,110.0,,,12.0,12.0,VISUAL
44524,120057.0,1945-03-24,8,HOLLAND OR NETHERLANDS,GP,GUN EMPLACEMENTS,51.67,6.33,B26,,,120.0,,,4.0,4.0,VISUAL
44299,120058.0,1945-03-24,8,HOLLAND OR NETHERLANDS,GP,GUN EMPLACEMENTS,51.67,6.33,B26,,,130.0,,,11.0,11.0,VISUAL
44248,120082.0,1945-03-24,15,GERMANY,AIRDROME,AIR FIELDS AND AIRDROMES,48.13,11.58,B24,4.0,13.0,212.0,28.0,,,28.0,VISUAL
44249,120083.0,1945-03-24,15,GERMANY,AIRDROME,AIR FIELDS AND AIRDROMES,48.13,11.58,B24,4.0,18.0,212.0,42.0,,,42.0,VISUAL
44233,120084.0,1945-03-24,15,GERMANY,AIRDROME,AIR FIELDS AND AIRDROMES,48.13,11.58,B24,4.0,18.0,235.0,42.0,,,42.0,VISUAL
44234,120085.0,1945-03-24,15,GERMANY,AIRDROME,AIR FIELDS AND AIRDROMES,48.13,11.58,B24,4.0,19.0,235.0,43.0,,,43.0,VISUAL
44276,120086.0,1945-03-24,15,GERMANY,AIRDROME,AIR FIELDS AND AIRDROMES,48.13,11.58,B24,4.0,5.0,,13.0,,,13.0,F.F.F.
44211,120087.0,1945-03-24,15,GERMANY,AIRDROME,AIR FIELDS AND AIRDROMES,48.13,11.58,B24,4.0,12.0,270.0,26.0,,,26.0,VISUAL
44230,120088.0,1945-03-24,15,GERMANY,AIRDROME,AIR FIELDS AND AIRDROMES,48.13,11.58,B24,4.0,19.0,240.0,42.0,,,42.0,H2X
44239,120089.0,1945-03-24,15,GERMANY,AIRDROME,AIR FIELDS AND AIRDROMES,48.13,11.58,B24,4.0,7.0,230.0,17.0,,,17.0,VISUAL
44240,120090.0,1945-03-24,15,GERMANY,AIRDROME,AIR FIELDS AND AIRDROMES,48.13,11.58,B24,4.0,21.0,230.0,49.0,,,49.0,VISUAL
44214,120096.0,1945-03-24,15,GERMANY,DAIMLER BENZ ENGINE,ARMAMENT AND ORDNANCE PLANTS,52.53,13.42,B17,4.0,26.0,265.0,64.0,,,64.0,VISUAL
44203,120097.0,1945-03-24,15,GERMANY,DAIMLER BENZ ENGINE,ARMAMENT AND ORDNANCE PLANTS,52.53,13.42,B17,4.0,25.0,280.0,58.0,,,58.0,VISUAL
44222,120098.0,1945-03-24,15,GERMANY,DAIMLER BENZ ENGINE,ARMAMENT AND ORDNANCE PLANTS,52.53,13.42,B17,4.0,26.0,250.0,63.0,,,63.0,VISUAL
44207,120099.0,1945-03-24,15,GERMANY,DAIMLER BENZ ENGINE,ARMAMENT AND ORDNANCE PLANTS,52.53,13.42,B17,4.0,26.0,276.0,64.0,,,64.0,VISUAL
44218,120100.0,1945-03-24,15,GERMANY,DAIMLER BENZ ENGINE,ARMAMENT AND ORDNANCE PLANTS,52.53,13.42,B17,4.0,20.0,260.0,50.0,,,50.0,VISUAL
44226,120101.0,1945-03-24,15,GERMANY,DAIMLER BENZ ENGINE,ARMAMENT AND ORDNANCE PLANTS,52.53,13.42,B17,4.0,25.0,248.0,59.0,,,59.0,VISUAL
44215,120103.0,1945-03-24,15,GERMANY,DAIMLER BENZ ENGINE,ARMAMENT AND ORDNANCE PLANTS,52.53,13.42,B17,4.0,26.0,265.0,64.0,,,64.0,VISUAL
44204,120104.0,1945-03-24,15,GERMANY,DAIMLER BENZ ENGINE,ARMAMENT AND ORDNANCE PLANTS,52.53,13.42,B17,4.0,25.0,280.0,58.0,,,58.0,VISUAL
44223,120105.0,1945-03-24,15,GERMANY,DAIMLER BENZ ENGINE,ARMAMENT AND ORDNANCE PLANTS,52.53,13.42,B17,4.0,26.0,250.0,63.0,,,63.0,VISUAL
44208,120106.0,1945-03-24,15,GERMANY,DAIMLER BENZ ENGINE,ARMAMENT AND ORDNANCE PLANTS,52.53,13.42,B17,4.0,26.0,276.0,64.0,,,64.0,VISUAL
44219,120107.0,1945-03-24,15,GERMANY,DAIMLER BENZ ENGINE,ARMAMENT AND ORDNANCE PLANTS,52.53,13.42,B17,4.0,20.0,260.0,50.0,,,50.0,VISUAL
44227,120108.0,1945-03-24,15,GERMANY,DAIMLER BENZ ENGINE,ARMAMENT AND ORDNANCE PLANTS,52.53,13.42,B17,4.0,25.0,248.0,59.0,,,59.0,VISUAL
44566,120109.0,1945-03-24,8,GERMANY,CITY AREA,CITIES TOWNS AND URBAN AREAS,52.1,7.02,A26,,,11.0,,,40.0,40.0,VISUAL
44568,120110.0,1945-03-24,8,GERMANY,BUILDING,CITIES TOWNS AND URBAN AREAS,50.8,7.88,B26,,,11.0,6.0,,,6.0,VISUAL
44559,120113.0,1945-03-24,8,GERMANY,CITY AREA,CITIES TOWNS AND URBAN AREAS,51.4,8.57,B26,,,12.0,2.0,,,2.0,VISUAL
44570,120118.0,1945-03-24,8,GERMANY,TOWN,CITIES TOWNS AND URBAN AREAS,53.55,10.08,B26,,,11.0,6.0,,,6.0,VISUAL
44537,120130.0,1945-03-24,8,GERMANY,CITY AREA,CITIES TOWNS AND URBAN AREAS,52.1,7.02,A26,,,110.0,,,40.0,40.0,VISUAL
44539,120131.0,1945-03-24,8,GERMANY,BUILDING,CITIES TOWNS AND URBAN AREAS,50.8,7.88,B26,,,110.0,6.0,,,6.0,VISUAL
44518,120134.0,1945-03-24,8,GERMANY,CITY AREA,CITIES TOWNS AND URBAN AREAS,51.4,8.57,B26,,,120.0,2.0,,,2.0,VISUAL
44545,120139.0,1945-03-24,8,GERMANY,TOWN,CITIES TOWNS AND URBAN AREAS,53.55,10.08,B26,,,110.0,6.0,,,6.0,VISUAL
44216,190093.0,1945-03-24,15,GERMANY,DAIMLER BENZ ENGINE,ARMAMENT AND ORDNANCE PLANTS,52.53,13.42,B17,4.0,26.0,265.0,64.0,,,64.0,VISUAL
44205,190094.0,1945-03-24,15,GERMANY,DAIMLER BENZ ENGINE,ARMAMENT AND ORDNANCE PLANTS,52.53,13.42,B17,4.0,25.0,280.0,58.0,,,58.0,VISUAL
44224,190095.0,1945-03-24,15,GERMANY,DAIMLER BENZ ENGINE,ARMAMENT AND ORDNANCE PLANTS,52.53,13.42,B17,4.0,26.0,250.0,63.0,,,63.0,VISUAL
44209,190096.0,1945-03-24,15,GERMANY,DAIMLER BENZ ENGINE,ARMAMENT AND ORDNANCE PLANTS,52.53,13.42,B17,4.0,26.0,276.0,64.0,,,64.0,VISUAL
44220,190097.0,1945-03-24,15,GERMANY,DAIMLER BENZ ENGINE,ARMAMENT AND ORDNANCE PLANTS,52.53,13.42,B17,4.0,20.0,260.0,50.0,,,50.0,VISUAL
44228,190098.0,1945-03-24,15,GERMANY,DAIMLER BENZ ENGINE,ARMAMENT AND ORDNANCE PLANTS,52.53,13.42,B17,4.0,25.0,248.0,59.0,,,59.0,VISUAL
44284,190102.0,1945-03-24,12,AUSTRIA,UNIDENTIFIED TARGET,UNIDENTIFIED TARGETS,48.2,16.2,B25,4.0,9.0,125.0,2.0,,,2.0,NOT INDICATED
44286,190103.0,1945-03-24,12,AUSTRIA,UNIDENTIFIED TARGET,UNIDENTIFIED TARGETS,48.2,16.2,B25,4.0,,,17.0,,,17.0,NOT INDICATED
44567,190105.0,1945-03-24,8,GERMANY,CITY AREA,CITIES TOWNS AND URBAN AREAS,52.1,7.02,A26,,,11.0,,,40.0,40.0,VISUAL
44569,190106.0,1945-03-24,8,GERMANY,BUILDING,CITIES TOWNS AND URBAN AREAS,50.8,7.88,B26,,,11.0,6.0,,,6.0,VISUAL
44560,190109.0,1945-03-24,8,GERMANY,CITY AREA,CITIES TOWNS AND URBAN AREAS,51.4,8.57,B26,,,12.0,2.0,,,2.0,VISUAL
44571,190114.0,1945-03-24,8,GERMANY,TOWN,CITIES TOWNS AND URBAN AREAS,53.55,10.08,B26,,,11.0,6.0,,,6.0,VISUAL
44538,190123.0,1945-03-24,8,GERMANY,CITY AREA,CITIES TOWNS AND URBAN AREAS,52.1,7.02,A26,,,110.0,,,40.0,40.0,VISUAL
44540,190124.0,1945-03-24,8,GERMANY,BUILDING,CITIES TOWNS AND URBAN AREAS,50.8,7.88,B26,,,110.0,6.0,,,6.0,VISUAL
44519,190127.0,1945-03-24,8,GERMANY,CITY AREA,CITIES TOWNS AND URBAN AREAS,51.4,8.57,B26,,,120.0,2.0,,,2.0,VISUAL
44546,190132.0,1945-03-24,8,GERMANY,TOWN,CITIES TOWNS AND URBAN AREAS,53.55,10.08,B26,,,110.0,6.0,,,6.0,VISUAL
44217,190143.0,1945-03-24,15,GERMANY,DAIMLER BENZ ENGINE,ARMAMENT AND ORDNANCE PLANTS,52.53,13.42,B17,4.0,26.0,265.0,64.0,,,64.0,VISUAL
44206,190144.0,1945-03-24,15,GERMANY,DAIMLER BENZ ENGINE,ARMAMENT AND ORDNANCE PLANTS,52.53,13.42,B17,4.0,25.0,280.0,58.0,,,58.0,VISUAL
44225,190145.0,1945-03-24,15,GERMANY,DAIMLER BENZ ENGINE,ARMAMENT AND ORDNANCE PLANTS,52.53,13.42,B17,4.0,26.0,250.0,63.0,,,63.0,VISUAL
44210,190146.0,1945-03-24,15,GERMANY,DAIMLER BENZ ENGINE,ARMAMENT AND ORDNANCE PLANTS,52.53,13.42,B17,4.0,26.0,276.0,64.0,,,64.0,VISUAL
44221,190147.0,1945-03-24,15,GERMANY,DAIMLER BENZ ENGINE,ARMAMENT AND ORDNANCE PLANTS,52.53,13.42,B17,4.0,20.0,260.0,50.0,,,50.0,VISUAL
44229,190148.0,1945-03-24,15,GERMANY,DAIMLER BENZ ENGINE,ARMAMENT AND ORDNANCE PLANTS,52.53,13.42,B17,4.0,25.0,248.0,59.0,,,59.0,VISUAL
44282,190149.0,1945-03-24,12,AUSTRIA,RR,"""RR INSTALLATIONS,  TRACKS,  MARSHALLING YARDS,  AND STATIONS""",46.63,14.3,B17,3.0,1.0,182.0,3.0,,,3.0,VISUAL
44272,190152.0,1945-03-24,15,CZECHOSLOVAKIA,MARSHALLING YARDS,"""RR INSTALLATIONS,  TRACKS,  MARSHALLING YARDS,  AND STATIONS""",48.97,14.47,B24,4.0,29.0,181.0,52.0,,,52.0,VISUAL
44255,190153.0,1945-03-24,15,CZECHOSLOVAKIA,MARSHALLING YARDS,"""RR INSTALLATIONS,  TRACKS,  MARSHALLING YARDS,  AND STATIONS""",48.97,14.47,B24,4.0,34.0,210.0,57.0,,,57.0,VISUAL
44271,190154.0,1945-03-24,15,CZECHOSLOVAKIA,MARSHALLING YARDS,"""RR INSTALLATIONS,  TRACKS,  MARSHALLING YARDS,  AND STATIONS""",48.97,14.47,B24,4.0,27.0,183.0,53.0,,,53.0,VISUAL
44254,190155.0,1945-03-24,15,GERMANY,MARSHALLING YARDS,"""RR INSTALLATIONS,  TRACKS,  MARSHALLING YARDS,  AND STATIONS""",48.43,12.93,B24,3.0,14.0,211.0,32.0,,,32.0,VISUAL
44298,219221.0,1945-03-24,8,GERMANY,ROAD,HIGHWAYS AND VEHICLES,51.82,12.2,B26,,,130.0,20.0,,,20.0,VISUAL
44543,219222.0,1945-03-24,8,GERMANY,RR BRIDGE,BRIDGES,50.83,8.78,A20,,,110.0,6.0,,,6.0,VISUAL
44521,219223.0,1945-03-24,8,GERMANY,RR BRIDGE,BRIDGES,50.83,8.78,A26,,,120.0,38.0,,,38.0,VISUAL
44578,219224.0,1945-03-24,8,GERMANY,RR BRIDGE,BRIDGES,50.83,8.78,A26,,,,50.0,,,50.0,VISUAL
44544,219225.0,1945-03-24,8,GERMANY,RR BRIDGE,BRIDGES,50.83,8.78,B26,,,110.0,48.0,,,48.0,VISUAL
44523,219226.0,1945-03-24,8,GERMANY,MARSHALLING YARDS,"""RR INSTALLATIONS,  TRACKS,  MARSHALLING YARDS,  AND STATIONS""",51.93,8.87,B26,,,120.0,6.0,,,6.0,VISUAL
44257,219302.0,1945-03-24,15,AUSTRIA,AIR DROME,AIR FIELDS AND AIRDROMES,47.65,15.58,B24,4.0,27.0,203.0,,,57.0,57.0,VISUAL
44269,219303.0,1945-03-24,15,AUSTRIA,AIR DROME,AIR FIELDS AND AIRDROMES,47.65,15.58,B24,4.0,29.0,189.0,,,58.0,58.0,VISUAL
44274,219304.0,1945-03-24,15,AUSTRIA,AIR DROME,AIR FIELDS AND AIRDROMES,47.65,15.58,B24,4.0,33.0,179.0,,,69.0,69.0,VISUAL
44266,219305.0,1945-03-24,15,AUSTRIA,AIR DROME,AIR FIELDS AND AIRDROMES,47.65,15.58,B24,4.0,40.0,190.0,,,82.0,82.0,VISUAL
44263,219306.0,1945-03-24,15,AUSTRIA,AIR DROME,AIR FIELDS AND AIRDROMES,47.65,15.58,B24,4.0,39.0,200.0,,,82.0,82.0,VISUAL
44280,219307.0,1945-03-24,15,AUSTRIA,AIR DROME,AIR FIELDS AND AIRDROMES,47.65,15.58,B24,4.0,38.0,,,,82.0,82.0,NOT INDICATED
44260,219308.0,1945-03-24,15,AUSTRIA,AIR DROME,AIR FIELDS AND AIRDROMES,47.65,15.58,B24,4.0,28.0,201.0,,,60.0,60.0,VISUAL
44246,219309.0,1945-03-24,15,AUSTRIA,AIR DROME,AIR FIELDS AND AIRDROMES,47.65,15.58,B24,4.0,35.0,220.0,,,73.0,73.0,VISUAL
44292,219311.0,1945-03-24,8,GERMANY,AIRFIELD,AIR FIELDS AND AIRDROMES,48.3,11.88,B24,3.0,1.0,192.0,,,1.0,1.0,VISUAL
44250,219411.0,1945-03-24,15,GERMANY,AIRDROME,AIR FIELDS AND AIRDROMES,48.13,11.58,B24,4.0,13.0,212.0,28.0,,,28.0,VISUAL
44251,219412.0,1945-03-24,15,GERMANY,AIRDROME,AIR FIELDS AND AIRDROMES,48.13,11.58,B24,4.0,18.0,212.0,42.0,,,42.0,VISUAL
44235,219413.0,1945-03-24,15,GERMANY,AIRDROME,AIR FIELDS AND AIRDROMES,48.13,11.58,B24,4.0,18.0,235.0,42.0,,,42.0,VISUAL
44236,219414.0,1945-03-24,15,GERMANY,AIRDROME,AIR FIELDS AND AIRDROMES,48.13,11.58,B24,4.0,19.0,235.0,43.0,,,43.0,VISUAL
44277,219415.0,1945-03-24,15,GERMANY,AIRDROME,AIR FIELDS AND AIRDROMES,48.13,11.58,B24,4.0,5.0,,13.0,,,13.0,F.F.F.
44212,219416.0,1945-03-24,15,GERMANY,AIRDROME,AIR FIELDS AND AIRDROMES,48.13,11.58,B24,4.0,12.0,270.0,26.0,,,26.0,VISUAL
44231,219417.0,1945-03-24,15,GERMANY,AIRDROME,AIR FIELDS AND AIRDROMES,48.13,11.58,B24,4.0,19.0,240.0,42.0,,,42.0,H2X
44241,219418.0,1945-03-24,15,GERMANY,AIRDROME,AIR FIELDS AND AIRDROMES,48.13,11.58,B24,4.0,7.0,230.0,17.0,,,17.0,VISUAL
44242,219419.0,1945-03-24,15,GERMANY,AIRDROME,AIR FIELDS AND AIRDROMES,48.13,11.58,B24,4.0,21.0,230.0,49.0,,,49.0,VISUAL
44573,219433.0,1945-03-24,8,GERMANY,GP,GUN EMPLACEMENTS,49.33,7.33,A26,,,11.0,,,7.0,7.0,VISUAL
44574,219434.0,1945-03-24,8,GERMANY,GP,GUN EMPLACEMENTS,49.33,7.33,A26,,,11.0,,,7.0,7.0,VISUAL
44562,219435.0,1945-03-24,8,GERMANY,GP,GUN EMPLACEMENTS,49.33,7.33,A26,,,12.0,,,5.0,5.0,VISUAL
44563,219436.0,1945-03-24,8,GERMANY,GP,GUN EMPLACEMENTS,49.33,7.67,A20,,,12.0,,,1.0,1.0,VISUAL
44564,219437.0,1945-03-24,8,GERMANY,GP,GUN EMPLACEMENTS,51.67,6.33,B26,,,12.0,,,69.0,69.0,VISUAL
44575,219438.0,1945-03-24,8,GERMANY,GP,GUN EMPLACEMENTS,51.67,6.33,B26,,,11.0,,,74.0,74.0,VISUAL
44507,219439.0,1945-03-24,8,GERMANY,GP,GUN EMPLACEMENTS,51.67,6.33,B26,,,125.0,2.0,,,2.0,VISUAL
44295,219440.0,1945-03-24,8,GERMANY,GP,GUN EMPLACEMENTS,51.67,6.33,B26,,,135.0,1.0,,,1.0,VISUAL
44508,219441.0,1945-03-24,8,GERMANY,GP,GUN EMPLACEMENTS,51.67,6.33,B26,,,125.0,1.0,,,1.0,VISUAL
44509,219442.0,1945-03-24,8,GERMANY,GP,GUN EMPLACEMENTS,51.67,6.33,B26,,,125.0,1.0,,,1.0,VISUAL
44510,219443.0,1945-03-24,8,GERMANY,GP,GUN EMPLACEMENTS,51.67,6.33,B26,,,125.0,1.0,,,1.0,VISUAL
44535,219444.0,1945-03-24,8,GERMANY,GP,GUN EMPLACEMENTS,51.67,6.33,B26,,,111.0,1.0,,,1.0,VISUAL
44558,219445.0,1945-03-24,8,GERMANY,GP,GUN EMPLACEMENTS,51.67,6.67,B26,,,13.0,1.0,,,1.0,VISUAL
44516,219446.0,1945-03-24,8,GERMANY,GP,GUN EMPLACEMENTS,51.67,6.67,B26,,,125.0,1.0,,,1.0,VISUAL
44565,219447.0,1945-03-24,8,GERMANY,GP,GUN EMPLACEMENTS,51.67,6.67,A26,,,12.0,,,5.0,5.0,VISUAL
44576,219448.0,1945-03-24,8,GERMANY,GP,GUN EMPLACEMENTS,52.0,7.67,B26,,,11.0,,,7.0,7.0,VISUAL
44572,219450.0,1945-03-24,8,HOLLAND OR NETHERLANDS,ANTI AIRCRAFT BTY,GUN EMPLACEMENTS,52.13,6.22,B26,,,11.0,,,12.0,12.0,VISUAL
44561,219451.0,1945-03-24,8,HOLLAND OR NETHERLANDS,GP,GUN EMPLACEMENTS,51.67,6.33,B26,,,12.0,,,4.0,4.0,VISUAL
44557,219452.0,1945-03-24,8,HOLLAND OR NETHERLANDS,GP,GUN EMPLACEMENTS,51.67,6.33,B26,,,13.0,,,11.0,11.0,VISUAL
44551,219462.0,1945-03-24,8,GERMANY,GP,GUN EMPLACEMENTS,49.33,7.33,A26,,,110.0,,,7.0,7.0,VISUAL
44552,219463.0,1945-03-24,8,GERMANY,GP,GUN EMPLACEMENTS,49.33,7.33,A26,,,110.0,,,7.0,7.0,VISUAL
44527,219464.0,1945-03-24,8,GERMANY,GP,GUN EMPLACEMENTS,49.33,7.33,A26,,,120.0,,,5.0,5.0,VISUAL
44529,219465.0,1945-03-24,8,GERMANY,GP,GUN EMPLACEMENTS,49.33,7.67,A20,,,120.0,,,1.0,1.0,VISUAL
44531,219466.0,1945-03-24,8,GERMANY,GP,GUN EMPLACEMENTS,51.67,6.33,B26,,,120.0,,,69.0,69.0,VISUAL
44554,219467.0,1945-03-24,8,GERMANY,GP,GUN EMPLACEMENTS,51.67,6.33,B26,,,110.0,,,74.0,74.0,VISUAL
44511,219468.0,1945-03-24,8,GERMANY,GP,GUN EMPLACEMENTS,51.67,6.33,B26,,,125.0,2.0,,,2.0,VISUAL
44296,219469.0,1945-03-24,8,GERMANY,GP,GUN EMPLACEMENTS,51.67,6.33,B26,,,135.0,1.0,,,1.0,VISUAL
44512,219470.0,1945-03-24,8,GERMANY,GP,GUN EMPLACEMENTS,51.67,6.33,B26,,,125.0,1.0,,,1.0,VISUAL
44513,219471.0,1945-03-24,8,GERMANY,GP,GUN EMPLACEMENTS,51.67,6.33,B26,,,125.0,1.0,,,1.0,VISUAL
44514,219472.0,1945-03-24,8,GERMANY,GP,GUN EMPLACEMENTS,51.67,6.33,B26,,,125.0,1.0,,,1.0,VISUAL
44536,219473.0,1945-03-24,8,GERMANY,GP,GUN EMPLACEMENTS,51.67,6.33,B26,,,111.0,1.0,,,1.0,VISUAL
44502,219474.0,1945-03-24,8,GERMANY,GP,GUN EMPLACEMENTS,51.67,6.67,B26,,,130.0,1.0,,,1.0,VISUAL
44517,219475.0,1945-03-24,8,GERMANY,GP,GUN EMPLACEMENTS,51.67,6.67,B26,,,125.0,1.0,,,1.0,VISUAL
44533,219476.0,1945-03-24,8,GERMANY,GP,GUN EMPLACEMENTS,51.67,6.67,A26,,,120.0,,,5.0,5.0,VISUAL
44556,219477.0,1945-03-24,8,GERMANY,GP,GUN EMPLACEMENTS,52.0,7.67,B26,,,110.0,,,7.0,7.0,VISUAL
44548,219480.0,1945-03-24,8,HOLLAND OR NETHERLANDS,ANTI AIRCRAFT BTY,GUN EMPLACEMENTS,52.13,6.22,B26,,,110.0,,,12.0,12.0,VISUAL
44525,219481.0,1945-03-24,8,HOLLAND OR NETHERLANDS,GP,GUN EMPLACEMENTS,51.67,6.33,B26,,,120.0,,,4.0,4.0,VISUAL
44300,219482.0,1945-03-24,8,HOLLAND OR NETHERLANDS,GP,GUN EMPLACEMENTS,51.67,6.33,B26,,,130.0,,,11.0,11.0,VISUAL
44258,219486.0,1945-03-24,15,AUSTRIA,AIR DROME,AIR FIELDS AND AIRDROMES,47.65,15.58,B24,4.0,27.0,203.0,,,57.0,57.0,VISUAL
44270,219487.0,1945-03-24,15,AUSTRIA,AIR DROME,AIR FIELDS AND AIRDROMES,47.65,15.58,B24,4.0,29.0,189.0,,,58.0,58.0,VISUAL
44275,219488.0,1945-03-24,15,AUSTRIA,AIR DROME,AIR FIELDS AND AIRDROMES,47.65,15.58,B24,4.0,33.0,179.0,,,69.0,69.0,VISUAL
44267,219489.0,1945-03-24,15,AUSTRIA,AIR DROME,AIR FIELDS AND AIRDROMES,47.65,15.58,B24,4.0,40.0,190.0,,,82.0,82.0,VISUAL
44264,219490.0,1945-03-24,15,AUSTRIA,AIR DROME,AIR FIELDS AND AIRDROMES,47.65,15.58,B24,4.0,39.0,200.0,,,82.0,82.0,VISUAL
44281,219491.0,1945-03-24,15,AUSTRIA,AIR DROME,AIR FIELDS AND AIRDROMES,47.65,15.58,B24,4.0,38.0,,,,82.0,82.0,NOT INDICATED
44261,219492.0,1945-03-24,15,AUSTRIA,AIR DROME,AIR FIELDS AND AIRDROMES,47.65,15.58,B24,4.0,28.0,201.0,,,60.0,60.0,VISUAL
44247,219493.0,1945-03-24,15,AUSTRIA,AIR DROME,AIR FIELDS AND AIRDROMES,47.65,15.58,B24,4.0,35.0,220.0,,,73.0,73.0,VISUAL
44293,219502.0,1945-03-24,8,GERMANY,AIRFIELD,AIR FIELDS AND AIRDROMES,48.3,11.88,B24,3.0,1.0,192.0,,,1.0,1.0,VISUAL
44252,219525.0,1945-03-24,15,GERMANY,AIRDROME,AIR FIELDS AND AIRDROMES,48.13,11.58,B24,4.0,13.0,212.0,28.0,,,28.0,VISUAL
44253,219526.0,1945-03-24,15,GERMANY,AIRDROME,AIR FIELDS AND AIRDROMES,48.13,11.58,B24,4.0,18.0,212.0,42.0,,,42.0,VISUAL
44237,219527.0,1945-03-24,15,GERMANY,AIRDROME,AIR FIELDS AND AIRDROMES,48.13,11.58,B24,4.0,18.0,235.0,42.0,,,42.0,VISUAL
44238,219528.0,1945-03-24,15,GERMANY,AIRDROME,AIR FIELDS AND AIRDROMES,48.13,11.58,B24,4.0,19.0,235.0,43.0,,,43.0,VISUAL
44278,219529.0,1945-03-24,15,GERMANY,AIRDROME,AIR FIELDS AND AIRDROMES,48.13,11.58,B24,4.0,5.0,,13.0,,,13.0,F.F.F.
44213,219530.0,1945-03-24,15,GERMANY,AIRDROME,AIR FIELDS AND AIRDROMES,48.13,11.58,B24,4.0,12.0,270.0,26.0,,,26.0,VISUAL
44232,219531.0,1945-03-24,15,GERMANY,AIRDROME,AIR FIELDS AND AIRDROMES,48.13,11.58,B24,4.0,19.0,240.0,42.0,,,42.0,H2X
44243,219532.0,1945-03-24,15,GERMANY,AIRDROME,AIR FIELDS AND AIRDROMES,48.13,11.58,B24,4.0,7.0,230.0,17.0,,,17.0,VISUAL
44244,219533.0,1945-03-24,15,GERMANY,AIRDROME,AIR FIELDS AND AIRDROMES,48.13,11.58,B24,4.0,21.0,230.0,49.0,,,49.0,VISUAL
47437,120140.0,1945-03-25,12,AUSTRIA,UNIDENTIFIED TARGET,UNIDENTIFIED TARGETS,48.2,16.2,B25,4.0,24.0,120.0,43.0,,,43.0,NOT INDICATED
47442,120141.0,1945-03-25,12,AUSTRIA,UNIDENTIFIED TARGET,UNIDENTIFIED TARGETS,48.2,16.2,B25,4.0,,,5.0,,,5.0,NOT INDICATED
47439,120142.0,1945-03-25,12,AUSTRIA,UNIDENTIFIED TARGET,UNIDENTIFIED TARGETS,48.4,15.6,B25,4.0,,110.0,3.0,,,3.0,NOT INDICATED
47444,120143.0,1945-03-25,12,AUSTRIA,UNIDENTIFIED TARGET,UNIDENTIFIED TARGETS,48.4,15.6,B25,4.0,24.0,,45.0,,,45.0,NOT INDICATED
47483,120156.0,1945-03-25,8,GERMANY,ROAD,HIGHWAYS AND VEHICLES,50.68,7.65,A20,,,100.0,7.0,,,7.0,VISUAL
47457,120157.0,1945-03-25,8,GERMANY,ROAD,HIGHWAYS AND VEHICLES,50.68,7.65,A20,,,123.0,1.0,,,1.0,VISUAL
47484,120158.0,1945-03-25,8,GERMANY,ROAD,HIGHWAYS AND VEHICLES,50.68,7.65,A26,,,100.0,50.0,,,50.0,VISUAL
47458,120159.0,1945-03-25,8,GERMANY,ROAD,HIGHWAYS AND VEHICLES,50.68,7.65,A26,,,123.0,20.0,,,20.0,VISUAL
47459,120160.0,1945-03-25,8,GERMANY,ROAD,HIGHWAYS AND VEHICLES,50.68,7.65,A26,,,123.0,1.0,,,1.0,VISUAL
47475,120161.0,1945-03-25,8,GERMANY,ROAD,HIGHWAYS AND VEHICLES,50.68,7.65,A26,,,110.0,91.0,,,91.0,VISUAL
47805,120162.0,1945-03-25,8,GERMANY,MARSHALLING YARDS,"""RR INSTALLATIONS,  TRACKS,  MARSHALLING YARDS,  AND STATIONS""",49.88,8.87,A20,,,,,1.0,,1.0,INSTRUMENT-GENERAL
47809,120171.0,1945-03-25,8,GERMANY,MARSHALLING YARD,"""RR INSTALLATIONS,  TRACKS,  MARSHALLING YARDS,  AND STATIONS""",50.33,8.75,A20,,,,,1.0,,1.0,INSTRUMENT-GENERAL
47467,120172.0,1945-03-25,8,GERMANY,MARSHALLING YARD,"""RR INSTALLATIONS,  TRACKS,  MARSHALLING YARDS,  AND STATIONS""",50.33,8.75,B26,,,120.0,60.0,,,60.0,VISUAL
47455,120173.0,1945-03-25,8,GERMANY,MARSHALLING YARD,"""RR INSTALLATIONS,  TRACKS,  MARSHALLING YARDS,  AND STATIONS""",50.33,8.75,B26,,,125.0,69.0,,,69.0,VISUAL
47468,120174.0,1945-03-25,8,GERMANY,MARSHALLING YARD,"""RR INSTALLATIONS,  TRACKS,  MARSHALLING YARDS,  AND STATIONS""",50.33,8.75,B26,,,120.0,64.0,,,64.0,VISUAL
47479,120175.0,1945-03-25,8,GERMANY,MARSHALLING YARD,"""RR INSTALLATIONS,  TRACKS,  MARSHALLING YARDS,  AND STATIONS""",50.55,9.67,A20,,,110.0,53.0,,,53.0,VISUAL
47473,120176.0,1945-03-25,8,GERMANY,MARSHALLING YARD,"""RR INSTALLATIONS,  TRACKS,  MARSHALLING YARDS,  AND STATIONS""",50.55,9.67,A26,,,115.0,74.0,,,74.0,VISUAL
47480,120177.0,1945-03-25,8,GERMANY,MARSHALLING YARD,"""RR INSTALLATIONS,  TRACKS,  MARSHALLING YARDS,  AND STATIONS""",50.55,9.67,B26,,,110.0,64.0,,,64.0,VISUAL
47433,120193.0,1945-03-25,15,AUSTRIA,AIRDROME,AIR FIELDS AND AIRDROMES,46.63,14.3,B24,3.0,1.0,180.0,,,2.0,2.0,VISUAL
47068,120200.0,1945-03-25,15,CZECHOSLOVAKIA,AIR DROME,AIR FIELDS AND AIRDROMES,50.05,14.37,B24,4.0,28.0,250.0,,,53.0,53.0,VISUAL
47080,120203.0,1945-03-25,15,CZECHOSLOVAKIA,CDK AERO ENG LIBEN W,ENGINE PLANTS,50.05,14.37,B24,4.0,17.0,235.0,47.0,,,47.0,VISUAL
47081,120204.0,1945-03-25,15,CZECHOSLOVAKIA,CDK AERO ENG LIBEN W,ENGINE PLANTS,50.05,14.37,B24,4.0,19.0,235.0,49.0,,,49.0,VISUAL
47082,120205.0,1945-03-25,15,CZECHOSLOVAKIA,CDK AERO ENG LIBEN W,ENGINE PLANTS,50.05,14.37,B24,4.0,16.0,235.0,42.0,,,42.0,VISUAL
47083,120206.0,1945-03-25,15,CZECHOSLOVAKIA,CDK AERO ENG LIBEN W,ENGINE PLANTS,50.05,14.37,B24,4.0,17.0,235.0,44.0,,,44.0,VISUAL
47092,120207.0,1945-03-25,15,CZECHOSLOVAKIA,CDK AERO ENG LIBEN W,ENGINE PLANTS,50.05,14.37,B24,4.0,20.0,233.0,52.0,,,52.0,VISUAL
47093,120208.0,1945-03-25,15,CZECHOSLOVAKIA,CDK AERO ENG LIBEN W,ENGINE PLANTS,50.05,14.37,B24,4.0,21.0,233.0,57.0,,,57.0,VISUAL
47463,120209.0,1945-03-25,8,GERMANY,FLAK POS,GUN EMPLACEMENTS,50.68,7.65,B26,,,120.0,10.0,,,10.0,VISUAL
47465,120210.0,1945-03-25,8,GERMANY,FLAK POSITIONS,GUN EMPLACEMENTS,50.55,7.67,B26,,,120.0,6.0,,,6.0,VISUAL
47487,120216.0,1945-03-25,8,GERMANY,GP,GUN EMPLACEMENTS,50.33,7.67,A20,,,100.0,1.0,,,1.0,VISUAL
47488,120217.0,1945-03-25,8,GERMANY,GP,GUN EMPLACEMENTS,50.33,7.67,A26,,,100.0,,,3.0,3.0,VISUAL
47491,120218.0,1945-03-25,8,GERMANY,GP,GUN EMPLACEMENTS,50.67,7.67,A20,,,100.0,1.0,,,1.0,VISUAL
47492,120219.0,1945-03-25,8,GERMANY,GP,GUN EMPLACEMENTS,50.67,7.67,A26,,,100.0,,,3.0,3.0,VISUAL
47427,120221.0,1945-03-25,15,CZECHOSLOVAKIA,OBERSCHEM AD,AIR FIELDS AND AIRDROMES,50.08,12.37,B24,4.0,32.0,187.0,,,65.0,65.0,VISUAL
47424,120222.0,1945-03-25,15,CZECHOSLOVAKIA,OBERSCHEM AD,AIR FIELDS AND AIRDROMES,50.08,12.37,B24,4.0,28.0,200.0,54.0,,,54.0,VISUAL
47421,120223.0,1945-03-25,15,CZECHOSLOVAKIA,OBERSCHEM AD,AIR FIELDS AND AIRDROMES,50.08,12.37,B24,4.0,33.0,201.0,66.0,,,66.0,VISUAL
47430,120224.0,1945-03-25,15,CZECHOSLOVAKIA,OBERSCHEM AD,AIR FIELDS AND AIRDROMES,50.08,12.37,B24,4.0,40.0,185.0,79.0,,,79.0,VISUAL
47415,120225.0,1945-03-25,15,CZECHOSLOVAKIA,AIR DROME,AIR FIELDS AND AIRDROMES,50.05,14.37,B24,4.0,38.0,220.0,,,80.0,80.0,VISUAL
47416,120226.0,1945-03-25,15,CZECHOSLOVAKIA,AIR DROME,AIR FIELDS AND AIRDROMES,50.05,14.37,B24,4.0,30.0,220.0,,,63.0,63.0,VISUAL
47409,120227.0,1945-03-25,15,CZECHOSLOVAKIA,AIR DROME,AIR FIELDS AND AIRDROMES,50.05,14.37,B24,4.0,29.0,223.0,,,60.0,60.0,VISUAL
47412,120228.0,1945-03-25,15,CZECHOSLOVAKIA,AIR DROME,AIR FIELDS AND AIRDROMES,50.05,14.37,B17,4.0,27.0,222.0,,,60.0,60.0,VISUAL
47070,120229.0,1945-03-25,15,CZECHOSLOVAKIA,AIR DROME,AIR FIELDS AND AIRDROMES,50.05,14.37,B17,4.0,28.0,250.0,,,58.0,58.0,VISUAL
47065,120230.0,1945-03-25,15,CZECHOSLOVAKIA,AIR DROME,AIR FIELDS AND AIRDROMES,50.05,14.37,B17,4.0,28.0,270.0,,,56.0,56.0,VISUAL
47071,120231.0,1945-03-25,15,CZECHOSLOVAKIA,AIR DROME,AIR FIELDS AND AIRDROMES,50.05,14.37,B17,4.0,26.0,250.0,,,56.0,56.0,VISUAL
47077,120232.0,1945-03-25,15,CZECHOSLOVAKIA,AIR DROME,AIR FIELDS AND AIRDROMES,50.05,14.37,B17,4.0,27.0,240.0,,,60.0,60.0,VISUAL
47100,120233.0,1945-03-25,15,CZECHOSLOVAKIA,AIR DROME,AIR FIELDS AND AIRDROMES,50.05,14.37,B24,4.0,20.0,230.0,,,34.0,34.0,VISUAL
47098,120234.0,1945-03-25,15,CZECHOSLOVAKIA,CDK LIBEN TANK WORKS,TANK FACTORIES,50.05,14.37,B24,4.0,16.0,230.0,41.0,,,41.0,VISUAL
47099,120235.0,1945-03-25,15,CZECHOSLOVAKIA,CDK LIBEN TANK WORKS,TANK FACTORIES,50.05,14.37,B24,4.0,17.0,230.0,47.0,,,47.0,VISUAL
47401,120236.0,1945-03-25,15,CZECHOSLOVAKIA,CDK LIBEN TANK WORKS,TANK FACTORIES,50.05,14.37,B24,4.0,16.0,230.0,41.0,,,41.0,VISUAL
47402,120237.0,1945-03-25,15,CZECHOSLOVAKIA,CDK LIBEN TANK WORKS,TANK FACTORIES,50.05,14.37,B24,4.0,17.0,230.0,47.0,,,47.0,VISUAL
47806,120238.0,1945-03-25,8,GERMANY,TOWN,CITIES TOWNS AND URBAN AREAS,49.88,8.87,A20,,,,,1.0,,1.0,INSTRUMENT-GENERAL
47499,120239.0,1945-03-25,8,GERMANY,CITY AREA,CITIES TOWNS AND URBAN AREAS,50.55,7.67,A26,,,11.0,,,51.0,51.0,VISUAL
47497,120240.0,1945-03-25,8,GERMANY,BUILDINGS,CITIES TOWNS AND URBAN AREAS,50.33,8.75,B26,,,12.0,54.0,,,54.0,VISUAL
47477,120242.0,1945-03-25,8,GERMANY,CITY AREA,CITIES TOWNS AND URBAN AREAS,50.55,7.67,A26,,,110.0,,,51.0,51.0,VISUAL
47469,120243.0,1945-03-25,8,GERMANY,BUILDINGS,CITIES TOWNS AND URBAN AREAS,50.33,8.75,B26,,,120.0,54.0,,,54.0,VISUAL
47084,190163.0,1945-03-25,15,CZECHOSLOVAKIA,CDK AERO ENG LIBEN W,ENGINE PLANTS,50.05,14.37,B24,4.0,17.0,235.0,47.0,,,47.0,VISUAL
47085,190164.0,1945-03-25,15,CZECHOSLOVAKIA,CDK AERO ENG LIBEN W,ENGINE PLANTS,50.05,14.37,B24,4.0,19.0,235.0,49.0,,,49.0,VISUAL
47086,190165.0,1945-03-25,15,CZECHOSLOVAKIA,CDK AERO ENG LIBEN W,ENGINE PLANTS,50.05,14.37,B24,4.0,16.0,235.0,42.0,,,42.0,VISUAL
47087,190166.0,1945-03-25,15,CZECHOSLOVAKIA,CDK AERO ENG LIBEN W,ENGINE PLANTS,50.05,14.37,B24,4.0,17.0,235.0,44.0,,,44.0,VISUAL
47094,190167.0,1945-03-25,15,CZECHOSLOVAKIA,CDK AERO ENG LIBEN W,ENGINE PLANTS,50.05,14.37,B24,4.0,20.0,233.0,52.0,,,52.0,VISUAL
47095,190168.0,1945-03-25,15,CZECHOSLOVAKIA,CDK AERO ENG LIBEN W,ENGINE PLANTS,50.05,14.37,B24,4.0,21.0,233.0,57.0,,,57.0,VISUAL
47438,190169.0,1945-03-25,12,AUSTRIA,UNIDENTIFIED TARGET,UNIDENTIFIED TARGETS,48.2,16.2,B25,4.0,24.0,120.0,43.0,,,43.0,NOT INDICATED
47443,190170.0,1945-03-25,12,AUSTRIA,UNIDENTIFIED TARGET,UNIDENTIFIED TARGETS,48.2,16.2,B25,4.0,,,5.0,,,5.0,NOT INDICATED
47440,190171.0,1945-03-25,12,AUSTRIA,UNIDENTIFIED TARGET,UNIDENTIFIED TARGETS,48.4,15.6,B25,4.0,,110.0,3.0,,,3.0,NOT INDICATED
47445,190172.0,1945-03-25,12,AUSTRIA,UNIDENTIFIED TARGET,UNIDENTIFIED TARGETS,48.4,15.6,B25,4.0,24.0,,45.0,,,45.0,NOT INDICATED
47807,190173.0,1945-03-25,8,GERMANY,TOWN,CITIES TOWNS AND URBAN AREAS,49.88,8.87,A20,,,,,1.0,,1.0,INSTRUMENT-GENERAL
47500,190174.0,1945-03-25,8,GERMANY,CITY AREA,CITIES TOWNS AND URBAN AREAS,50.55,7.67,A26,,,11.0,,,51.0,51.0,VISUAL
47498,190175.0,1945-03-25,8,GERMANY,BUILDINGS,CITIES TOWNS AND URBAN AREAS,50.33,8.75,B26,,,12.0,54.0,,,54.0,VISUAL
47478,190177.0,1945-03-25,8,GERMANY,CITY AREA,CITIES TOWNS AND URBAN AREAS,50.55,7.67,A26,,,110.0,,,51.0,51.0,VISUAL
47470,190178.0,1945-03-25,8,GERMANY,BUILDINGS,CITIES TOWNS AND URBAN AREAS,50.33,8.75,B26,,,120.0,54.0,,,54.0,VISUAL
47088,190180.0,1945-03-25,15,CZECHOSLOVAKIA,CDK AERO ENG LIBEN W,ENGINE PLANTS,50.05,14.37,B24,4.0,17.0,235.0,47.0,,,47.0,VISUAL
47089,190181.0,1945-03-25,15,CZECHOSLOVAKIA,CDK AERO ENG LIBEN W,ENGINE PLANTS,50.05,14.37,B24,4.0,19.0,235.0,49.0,,,49.0,VISUAL
47090,190182.0,1945-03-25,15,CZECHOSLOVAKIA,CDK AERO ENG LIBEN W,ENGINE PLANTS,50.05,14.37,B24,4.0,16.0,235.0,42.0,,,42.0,VISUAL
47091,190183.0,1945-03-25,15,CZECHOSLOVAKIA,CDK AERO ENG LIBEN W,ENGINE PLANTS,50.05,14.37,B24,4.0,17.0,235.0,44.0,,,44.0,VISUAL
47096,190184.0,1945-03-25,15,CZECHOSLOVAKIA,CDK AERO ENG LIBEN W,ENGINE PLANTS,50.05,14.37,B24,4.0,20.0,233.0,52.0,,,52.0,VISUAL
47097,190185.0,1945-03-25,15,CZECHOSLOVAKIA,CDK AERO ENG LIBEN W,ENGINE PLANTS,50.05,14.37,B24,4.0,21.0,233.0,57.0,,,57.0,VISUAL
47405,190186.0,1945-03-25,15,CZECHOSLOVAKIA,CDK LIBEN TANK WORKS,TANK FACTORIES,50.05,14.37,B24,4.0,16.0,230.0,41.0,,,41.0,VISUAL
47406,190187.0,1945-03-25,15,CZECHOSLOVAKIA,CDK LIBEN TANK WORKS,TANK FACTORIES,50.05,14.37,B24,4.0,17.0,230.0,47.0,,,47.0,VISUAL
47441,190206.0,1945-03-25,12,AUSTRIA,RR,"""RR INSTALLATIONS,  TRACKS,  MARSHALLING YARDS,  AND STATIONS""",46.63,14.3,B24,2.0,1.0,,3.0,,,3.0,VISUAL
47436,190207.0,1945-03-25,15,CZECHOSLOVAKIA,MARSHALLING YARDS,"""RR INSTALLATIONS,  TRACKS,  MARSHALLING YARDS,  AND STATIONS""",50.3,14.5,B24,2.0,1.0,,,,2.0,2.0,VISUAL
47403,190208.0,1945-03-25,15,CZECHOSLOVAKIA,CDK LIBEN TANK WORKS,TANK FACTORIES,50.05,14.37,B24,4.0,16.0,230.0,41.0,,,41.0,VISUAL
47404,190209.0,1945-03-25,15,CZECHOSLOVAKIA,CDK LIBEN TANK WORKS,TANK FACTORIES,50.05,14.37,B24,4.0,17.0,230.0,47.0,,,47.0,VISUAL
47485,219630.0,1945-03-25,8,GERMANY,ROAD,HIGHWAYS AND VEHICLES,50.68,7.65,A20,,,100.0,7.0,,,7.0,VISUAL
47460,219631.0,1945-03-25,8,GERMANY,ROAD,HIGHWAYS AND VEHICLES,50.68,7.65,A20,,,123.0,1.0,,,1.0,VISUAL
47486,219632.0,1945-03-25,8,GERMANY,ROAD,HIGHWAYS AND VEHICLES,50.68,7.65,A26,,,100.0,50.0,,,50.0,VISUAL
47461,219633.0,1945-03-25,8,GERMANY,ROAD,HIGHWAYS AND VEHICLES,50.68,7.65,A26,,,123.0,20.0,,,20.0,VISUAL
47462,219634.0,1945-03-25,8,GERMANY,ROAD,HIGHWAYS AND VEHICLES,50.68,7.65,A26,,,123.0,1.0,,,1.0,VISUAL
47476,219635.0,1945-03-25,8,GERMANY,ROAD,HIGHWAYS AND VEHICLES,50.68,7.65,A26,,,110.0,91.0,,,91.0,VISUAL
47808,219636.0,1945-03-25,8,GERMANY,MARSHALLING YARDS,"""RR INSTALLATIONS,  TRACKS,  MARSHALLING YARDS,  AND STATIONS""",49.88,8.87,A20,,,,,1.0,,1.0,INSTRUMENT-GENERAL
47810,219638.0,1945-03-25,8,GERMANY,MARSHALLING YARD,"""RR INSTALLATIONS,  TRACKS,  MARSHALLING YARDS,  AND STATIONS""",50.33,8.75,A20,,,,,1.0,,1.0,INSTRUMENT-GENERAL
47471,219639.0,1945-03-25,8,GERMANY,MARSHALLING YARD,"""RR INSTALLATIONS,  TRACKS,  MARSHALLING YARDS,  AND STATIONS""",50.33,8.75,B26,,,120.0,60.0,,,60.0,VISUAL
47456,219640.0,1945-03-25,8,GERMANY,MARSHALLING YARD,"""RR INSTALLATIONS,  TRACKS,  MARSHALLING YARDS,  AND STATIONS""",50.33,8.75,B26,,,125.0,69.0,,,69.0,VISUAL
47472,219641.0,1945-03-25,8,GERMANY,MARSHALLING YARD,"""RR INSTALLATIONS,  TRACKS,  MARSHALLING YARDS,  AND STATIONS""",50.33,8.75,B26,,,120.0,64.0,,,64.0,VISUAL
47481,219642.0,1945-03-25,8,GERMANY,MARSHALLING YARD,"""RR INSTALLATIONS,  TRACKS,  MARSHALLING YARDS,  AND STATIONS""",50.55,9.67,A20,,,110.0,53.0,,,53.0,VISUAL
47474,219643.0,1945-03-25,8,GERMANY,MARSHALLING YARD,"""RR INSTALLATIONS,  TRACKS,  MARSHALLING YARDS,  AND STATIONS""",50.55,9.67,A26,,,115.0,74.0,,,74.0,VISUAL
47482,219644.0,1945-03-25,8,GERMANY,MARSHALLING YARD,"""RR INSTALLATIONS,  TRACKS,  MARSHALLING YARDS,  AND STATIONS""",50.55,9.67,B26,,,110.0,64.0,,,64.0,VISUAL
47434,219664.0,1945-03-25,15,AUSTRIA,AIRDROME,AIR FIELDS AND AIRDROMES,46.63,14.3,B24,3.0,1.0,180.0,,,2.0,2.0,VISUAL
47069,219670.0,1945-03-25,15,CZECHOSLOVAKIA,AIR DROME,AIR FIELDS AND AIRDROMES,50.05,14.37,B24,4.0,28.0,250.0,,,53.0,53.0,VISUAL
47428,219672.0,1945-03-25,15,CZECHOSLOVAKIA,OBERSCHEM AD,AIR FIELDS AND AIRDROMES,50.08,12.37,B24,4.0,32.0,187.0,,,65.0,65.0,VISUAL
47425,219673.0,1945-03-25,15,CZECHOSLOVAKIA,OBERSCHEM AD,AIR FIELDS AND AIRDROMES,50.08,12.37,B24,4.0,28.0,200.0,54.0,,,54.0,VISUAL
47422,219674.0,1945-03-25,15,CZECHOSLOVAKIA,OBERSCHEM AD,AIR FIELDS AND AIRDROMES,50.08,12.37,B24,4.0,33.0,201.0,66.0,,,66.0,VISUAL
47431,219675.0,1945-03-25,15,CZECHOSLOVAKIA,OBERSCHEM AD,AIR FIELDS AND AIRDROMES,50.08,12.37,B24,4.0,40.0,185.0,79.0,,,79.0,VISUAL
47417,219676.0,1945-03-25,15,CZECHOSLOVAKIA,AIR DROME,AIR FIELDS AND AIRDROMES,50.05,14.37,B24,4.0,38.0,220.0,,,80.0,80.0,VISUAL
47418,219677.0,1945-03-25,15,CZECHOSLOVAKIA,AIR DROME,AIR FIELDS AND AIRDROMES,50.05,14.37,B24,4.0,30.0,220.0,,,63.0,63.0,VISUAL
47410,219678.0,1945-03-25,15,CZECHOSLOVAKIA,AIR DROME,AIR FIELDS AND AIRDROMES,50.05,14.37,B24,4.0,29.0,223.0,,,60.0,60.0,VISUAL
47413,219679.0,1945-03-25,15,CZECHOSLOVAKIA,AIR DROME,AIR FIELDS AND AIRDROMES,50.05,14.37,B17,4.0,27.0,222.0,,,60.0,60.0,VISUAL
47073,219680.0,1945-03-25,15,CZECHOSLOVAKIA,AIR DROME,AIR FIELDS AND AIRDROMES,50.05,14.37,B17,4.0,28.0,250.0,,,58.0,58.0,VISUAL
47066,219681.0,1945-03-25,15,CZECHOSLOVAKIA,AIR DROME,AIR FIELDS AND AIRDROMES,50.05,14.37,B17,4.0,28.0,270.0,,,56.0,56.0,VISUAL
47074,219682.0,1945-03-25,15,CZECHOSLOVAKIA,AIR DROME,AIR FIELDS AND AIRDROMES,50.05,14.37,B17,4.0,26.0,250.0,,,56.0,56.0,VISUAL
47078,219683.0,1945-03-25,15,CZECHOSLOVAKIA,AIR DROME,AIR FIELDS AND AIRDROMES,50.05,14.37,B17,4.0,27.0,240.0,,,60.0,60.0,VISUAL
47407,219684.0,1945-03-25,15,CZECHOSLOVAKIA,AIR DROME,AIR FIELDS AND AIRDROMES,50.05,14.37,B24,4.0,20.0,230.0,,,34.0,34.0,VISUAL
47495,219686.0,1945-03-25,8,GERMANY,FLAK POS,GUN EMPLACEMENTS,50.68,7.65,B26,,,12.0,10.0,,,10.0,VISUAL
47496,219687.0,1945-03-25,8,GERMANY,FLAK POSITIONS,GUN EMPLACEMENTS,50.55,7.67,B26,,,12.0,6.0,,,6.0,VISUAL
47801,219691.0,1945-03-25,8,GERMANY,GP,GUN EMPLACEMENTS,50.33,7.67,A20,,,10.0,1.0,,,1.0,VISUAL
47802,219692.0,1945-03-25,8,GERMANY,GP,GUN EMPLACEMENTS,50.33,7.67,A26,,,10.0,,,3.0,3.0,VISUAL
47803,219693.0,1945-03-25,8,GERMANY,GP,GUN EMPLACEMENTS,50.67,7.67,A20,,,10.0,1.0,,,1.0,VISUAL
47804,219694.0,1945-03-25,8,GERMANY,GP,GUN EMPLACEMENTS,50.67,7.67,A26,,,10.0,,,3.0,3.0,VISUAL
47464,219696.0,1945-03-25,8,GERMANY,FLAK POS,GUN EMPLACEMENTS,50.68,7.65,B26,,,120.0,10.0,,,10.0,VISUAL
47466,219697.0,1945-03-25,8,GERMANY,FLAK POSITIONS,GUN EMPLACEMENTS,50.55,7.67,B26,,,120.0,6.0,,,6.0,VISUAL
47489,219703.0,1945-03-25,8,GERMANY,GP,GUN EMPLACEMENTS,50.33,7.67,A20,,,100.0,1.0,,,1.0,VISUAL
47490,219704.0,1945-03-25,8,GERMANY,GP,GUN EMPLACEMENTS,50.33,7.67,A26,,,100.0,,,3.0,3.0,VISUAL
47493,219705.0,1945-03-25,8,GERMANY,GP,GUN EMPLACEMENTS,50.67,7.67,A20,,,100.0,1.0,,,1.0,VISUAL
47494,219706.0,1945-03-25,8,GERMANY,GP,GUN EMPLACEMENTS,50.67,7.67,A26,,,100.0,,,3.0,3.0,VISUAL
47435,219707.0,1945-03-25,15,AUSTRIA,AIRDROME,AIR FIELDS AND AIRDROMES,46.63,14.3,B24,3.0,1.0,180.0,,,2.0,2.0,VISUAL
47429,219713.0,1945-03-25,15,CZECHOSLOVAKIA,OBERSCHEM AD,AIR FIELDS AND AIRDROMES,50.08,12.37,B24,4.0,32.0,187.0,,,65.0,65.0,VISUAL
47426,219714.0,1945-03-25,15,CZECHOSLOVAKIA,OBERSCHEM AD,AIR FIELDS AND AIRDROMES,50.08,12.37,B24,4.0,28.0,200.0,54.0,,,54.0,VISUAL
47423,219715.0,1945-03-25,15,CZECHOSLOVAKIA,OBERSCHEM AD,AIR FIELDS AND AIRDROMES,50.08,12.37,B24,4.0,33.0,201.0,66.0,,,66.0,VISUAL
47432,219716.0,1945-03-25,15,CZECHOSLOVAKIA,OBERSCHEM AD,AIR FIELDS AND AIRDROMES,50.08,12.37,B24,4.0,40.0,185.0,79.0,,,79.0,VISUAL
47072,219717.0,1945-03-25,15,CZECHOSLOVAKIA,AIR DROME,AIR FIELDS AND AIRDROMES,50.05,14.37,B24,4.0,28.0,250.0,,,53.0,53.0,VISUAL
47419,219718.0,1945-03-25,15,CZECHOSLOVAKIA,AIR DROME,AIR FIELDS AND AIRDROMES,50.05,14.37,B24,4.0,38.0,220.0,,,80.0,80.0,VISUAL
47420,219719.0,1945-03-25,15,CZECHOSLOVAKIA,AIR DROME,AIR FIELDS AND AIRDROMES,50.05,14.37,B24,4.0,30.0,220.0,,,63.0,63.0,VISUAL
47411,219720.0,1945-03-25,15,CZECHOSLOVAKIA,AIR DROME,AIR FIELDS AND AIRDROMES,50.05,14.37,B24,4.0,29.0,223.0,,,60.0,60.0,VISUAL
47414,219721.0,1945-03-25,15,CZECHOSLOVAKIA,AIR DROME,AIR FIELDS AND AIRDROMES,50.05,14.37,B17,4.0,27.0,222.0,,,60.0,60.0,VISUAL
47075,219722.0,1945-03-25,15,CZECHOSLOVAKIA,AIR DROME,AIR FIELDS AND AIRDROMES,50.05,14.37,B17,4.0,28.0,250.0,,,58.0,58.0,VISUAL
47067,219723.0,1945-03-25,15,CZECHOSLOVAKIA,AIR DROME,AIR FIELDS AND AIRDROMES,50.05,14.37,B17,4.0,28.0,270.0,,,56.0,56.0,VISUAL
47076,219724.0,1945-03-25,15,CZECHOSLOVAKIA,AIR DROME,AIR FIELDS AND AIRDROMES,50.05,14.37,B17,4.0,26.0,250.0,,,56.0,56.0,VISUAL
47079,219725.0,1945-03-25,15,CZECHOSLOVAKIA,AIR DROME,AIR FIELDS AND AIRDROMES,50.05,14.37,B17,4.0,27.0,240.0,,,60.0,60.0,VISUAL
47408,219726.0,1945-03-25,15,CZECHOSLOVAKIA,AIR DROME,AIR FIELDS AND AIRDROMES,50.05,14.37,B24,4.0,20.0,230.0,,,34.0,34.0,VISUAL
48888,120245.0,1945-03-26,8,GERMANY,MARSHALLING YARD,"""RR INSTALLATIONS,  TRACKS,  MARSHALLING YARDS,  AND STATIONS""",50.42,9.65,B26,,,131.0,2.0,,,2.0,VISUAL
48884,120246.0,1945-03-26,8,GERMANY,MARSHALLING YARD,"""RR INSTALLATIONS,  TRACKS,  MARSHALLING YARDS,  AND STATIONS""",50.42,9.65,B26,,,135.0,1.0,,,1.0,VISUAL
48890,120247.0,1945-03-26,8,GERMANY,MARSHALLING YARD,"""RR INSTALLATIONS,  TRACKS,  MARSHALLING YARDS,  AND STATIONS""",50.42,9.65,B26,,,130.0,64.0,,,64.0,VISUAL
48891,120248.0,1945-03-26,8,GERMANY,MARSHALLING YARD,"""RR INSTALLATIONS,  TRACKS,  MARSHALLING YARDS,  AND STATIONS""",50.42,9.65,B26,,,130.0,46.0,,,46.0,VISUAL
48892,120249.0,1945-03-26,8,GERMANY,MARSHALLING YARD,"""RR INSTALLATIONS,  TRACKS,  MARSHALLING YARDS,  AND STATIONS""",50.42,9.65,B26,,,130.0,39.0,,,39.0,VISUAL
48879,120250.0,1945-03-26,8,GERMANY,MARSHALLING YARD,"""RR INSTALLATIONS,  TRACKS,  MARSHALLING YARDS,  AND STATIONS""",50.56,8.02,A20,,,420.0,59.0,,,59.0,VISUAL
48898,120251.0,1945-03-26,8,GERMANY,MARSHALLING YARD,"""RR INSTALLATIONS,  TRACKS,  MARSHALLING YARDS,  AND STATIONS""",50.56,8.02,A26,,,110.0,24.0,,,24.0,VISUAL
48882,120252.0,1945-03-26,8,GERMANY,MARSHALLING YARD,"""RR INSTALLATIONS,  TRACKS,  MARSHALLING YARDS,  AND STATIONS""",50.56,8.02,A26,,,160.0,24.0,,,24.0,VISUAL
48896,120253.0,1945-03-26,8,GERMANY,MARSHALLING YARD,"""RR INSTALLATIONS,  TRACKS,  MARSHALLING YARDS,  AND STATIONS""",50.56,8.02,B26,,,125.0,1.0,,,1.0,VISUAL
48886,120254.0,1945-03-26,8,GERMANY,MARSHALLING YARD,"""RR INSTALLATIONS,  TRACKS,  MARSHALLING YARDS,  AND STATIONS""",50.56,8.02,B26,,,134.0,12.0,,,12.0,VISUAL
48825,120268.0,1945-03-26,15,CZECHOSLOVAKIA,AIR DROME,AIR FIELDS AND AIRDROMES,50.05,14.37,B17,4.0,24.0,257.0,,,50.0,50.0,VISUAL
48823,120271.0,1945-03-26,15,GERMANY,DAIMLER BENZ ENGINE,ARMAMENT AND ORDNANCE PLANTS,52.53,13.42,B17,3.0,11.0,267.0,22.0,11.0,,33.0,H2X
48865,120272.0,1945-03-26,15,GERMANY,VOMAG TANK PLANT,TANK FACTORIES,50.48,12.13,B17,4.0,38.0,191.0,,114.0,,114.0,VISUAL
48861,120273.0,1945-03-26,15,GERMANY,VOMAG TANK PLANT,TANK FACTORIES,50.48,12.13,B17,4.0,38.0,202.0,114.0,,,114.0,VISUAL
48874,120274.0,1945-03-26,15,GERMANY,VOMAG TANK PLANT,TANK FACTORIES,50.48,12.13,B17,4.0,38.0,187.0,114.0,,,114.0,VISUAL
48832,120275.0,1945-03-26,15,GERMANY,VOMAG TANK PLANT,TANK FACTORIES,50.48,12.13,B17,3.0,12.0,235.0,,,30.0,30.0,VISUAL
48854,120276.0,1945-03-26,15,GERMANY,VOMAG TANK PLANT,TANK FACTORIES,50.48,12.13,B17,3.0,12.0,213.0,,,28.0,28.0,VISUAL
48833,120277.0,1945-03-26,15,GERMANY,VOMAG TANK PLANT,TANK FACTORIES,50.48,12.13,B17,3.0,12.0,235.0,,,30.0,30.0,VISUAL
48834,120278.0,1945-03-26,15,GERMANY,VOMAG TANK PLANT,TANK FACTORIES,50.48,12.13,B17,3.0,11.0,235.0,28.0,,,28.0,VISUAL
48844,120279.0,1945-03-26,15,GERMANY,VOMAG TANK PLANT,TANK FACTORIES,50.48,12.13,B17,3.0,12.0,230.0,30.0,,,30.0,VISUAL
48828,120280.0,1945-03-26,15,GERMANY,VOMAG TANK PLANT,TANK FACTORIES,50.48,12.13,B17,3.0,13.0,243.0,33.0,,,33.0,VISUAL
48845,120281.0,1945-03-26,15,GERMANY,VOMAG TANK PLANT,TANK FACTORIES,50.48,12.13,B17,3.0,12.0,230.0,30.0,,,30.0,VISUAL
48866,120282.0,1945-03-26,15,GERMANY,VOMAG TANK PLANT,TANK FACTORIES,50.48,12.13,B17,4.0,38.0,191.0,,114.0,,114.0,VISUAL
48862,120283.0,1945-03-26,15,GERMANY,VOMAG TANK PLANT,TANK FACTORIES,50.48,12.13,B17,4.0,38.0,202.0,114.0,,,114.0,VISUAL
48875,120284.0,1945-03-26,15,GERMANY,VOMAG TANK PLANT,TANK FACTORIES,50.48,12.13,B17,4.0,38.0,187.0,114.0,,,114.0,VISUAL
48835,120285.0,1945-03-26,15,GERMANY,VOMAG TANK PLANT,TANK FACTORIES,50.48,12.13,B17,3.0,12.0,235.0,,,30.0,30.0,VISUAL
48855,120286.0,1945-03-26,15,GERMANY,VOMAG TANK PLANT,TANK FACTORIES,50.48,12.13,B17,3.0,12.0,213.0,,,28.0,28.0,VISUAL
48836,120287.0,1945-03-26,15,GERMANY,VOMAG TANK PLANT,TANK FACTORIES,50.48,12.13,B17,3.0,12.0,235.0,,,30.0,30.0,VISUAL
48837,120288.0,1945-03-26,15,GERMANY,VOMAG TANK PLANT,TANK FACTORIES,50.48,12.13,B17,3.0,11.0,235.0,28.0,,,28.0,VISUAL
48846,120289.0,1945-03-26,15,GERMANY,VOMAG TANK PLANT,TANK FACTORIES,50.48,12.13,B17,3.0,12.0,230.0,30.0,,,30.0,VISUAL
48829,120290.0,1945-03-26,15,GERMANY,VOMAG TANK PLANT,TANK FACTORIES,50.48,12.13,B17,3.0,13.0,243.0,33.0,,,33.0,VISUAL
48847,120291.0,1945-03-26,15,GERMANY,VOMAG TANK PLANT,TANK FACTORIES,50.48,12.13,B17,3.0,12.0,230.0,30.0,,,30.0,VISUAL
48870,120303.0,1945-03-26,15,AUSTRIA,CITY AREA,CITIES TOWNS AND URBAN AREAS,47.72,16.05,B17,4.0,7.0,190.0,13.0,,,13.0,NOT INDICATED
48871,190214.0,1945-03-26,15,AUSTRIA,CITY AREA,CITIES TOWNS AND URBAN AREAS,47.72,16.05,B17,4.0,7.0,190.0,13.0,,,13.0,NOT INDICATED
48872,190223.0,1945-03-26,15,AUSTRIA,CITY AREA,CITIES TOWNS AND URBAN AREAS,47.72,16.05,B17,4.0,7.0,190.0,13.0,,,13.0,NOT INDICATED
48824,190227.0,1945-03-26,15,GERMANY,DAIMLER BENZ ENGINE,ARMAMENT AND ORDNANCE PLANTS,52.53,13.42,B17,3.0,11.0,267.0,22.0,11.0,,33.0,H2X
48867,190228.0,1945-03-26,15,GERMANY,VOMAG TANK PLANT,TANK FACTORIES,50.48,12.13,B17,4.0,38.0,191.0,,114.0,,114.0,VISUAL
48863,190229.0,1945-03-26,15,GERMANY,VOMAG TANK PLANT,TANK FACTORIES,50.48,12.13,B17,4.0,38.0,202.0,114.0,,,114.0,VISUAL
48876,190230.0,1945-03-26,15,GERMANY,VOMAG TANK PLANT,TANK FACTORIES,50.48,12.13,B17,4.0,38.0,187.0,114.0,,,114.0,VISUAL
48838,190231.0,1945-03-26,15,GERMANY,VOMAG TANK PLANT,TANK FACTORIES,50.48,12.13,B17,3.0,12.0,235.0,,,30.0,30.0,VISUAL
48856,190232.0,1945-03-26,15,GERMANY,VOMAG TANK PLANT,TANK FACTORIES,50.48,12.13,B17,3.0,12.0,213.0,,,28.0,28.0,VISUAL
48839,190233.0,1945-03-26,15,GERMANY,VOMAG TANK PLANT,TANK FACTORIES,50.48,12.13,B17,3.0,12.0,235.0,,,30.0,30.0,VISUAL
48840,190234.0,1945-03-26,15,GERMANY,VOMAG TANK PLANT,TANK FACTORIES,50.48,12.13,B17,3.0,11.0,235.0,28.0,,,28.0,VISUAL
48848,190235.0,1945-03-26,15,GERMANY,VOMAG TANK PLANT,TANK FACTORIES,50.48,12.13,B17,3.0,12.0,230.0,30.0,,,30.0,VISUAL
48830,190236.0,1945-03-26,15,GERMANY,VOMAG TANK PLANT,TANK FACTORIES,50.48,12.13,B17,3.0,13.0,243.0,33.0,,,33.0,VISUAL
48849,190237.0,1945-03-26,15,GERMANY,VOMAG TANK PLANT,TANK FACTORIES,50.48,12.13,B17,3.0,12.0,230.0,30.0,,,30.0,VISUAL
48868,190242.0,1945-03-26,15,GERMANY,VOMAG TANK PLANT,TANK FACTORIES,50.48,12.13,B17,4.0,38.0,191.0,,114.0,,114.0,VISUAL
48864,190243.0,1945-03-26,15,GERMANY,VOMAG TANK PLANT,TANK FACTORIES,50.48,12.13,B17,4.0,38.0,202.0,114.0,,,114.0,VISUAL
48877,190244.0,1945-03-26,15,GERMANY,VOMAG TANK PLANT,TANK FACTORIES,50.48,12.13,B17,4.0,38.0,187.0,114.0,,,114.0,VISUAL
48841,190245.0,1945-03-26,15,GERMANY,VOMAG TANK PLANT,TANK FACTORIES,50.48,12.13,B17,3.0,12.0,235.0,,,30.0,30.0,VISUAL
48857,190246.0,1945-03-26,15,GERMANY,VOMAG TANK PLANT,TANK FACTORIES,50.48,12.13,B17,3.0,12.0,213.0,,,28.0,28.0,VISUAL
48842,190247.0,1945-03-26,15,GERMANY,VOMAG TANK PLANT,TANK FACTORIES,50.48,12.13,B17,3.0,12.0,235.0,,,30.0,30.0,VISUAL
48843,190248.0,1945-03-26,15,GERMANY,VOMAG TANK PLANT,TANK FACTORIES,50.48,12.13,B17,3.0,11.0,235.0,28.0,,,28.0,VISUAL
48850,190249.0,1945-03-26,15,GERMANY,VOMAG TANK PLANT,TANK FACTORIES,50.48,12.13,B17,3.0,12.0,230.0,30.0,,,30.0,VISUAL
48831,190250.0,1945-03-26,15,GERMANY,VOMAG TANK PLANT,TANK FACTORIES,50.48,12.13,B17,3.0,13.0,243.0,33.0,,,33.0,VISUAL
48851,190251.0,1945-03-26,15,GERMANY,VOMAG TANK PLANT,TANK FACTORIES,50.48,12.13,B17,3.0,12.0,230.0,30.0,,,30.0,VISUAL
48873,190258.0,1945-03-26,15,AUSTRIA,MARSHALLING YARD,"""RR INSTALLATIONS,  TRACKS,  MARSHALLING YARDS,  AND STATIONS""",48.02,16.23,B24,2.0,7.0,187.0,16.0,,,16.0,F.F.F.
48869,190259.0,1945-03-26,15,AUSTRIA,MARSHALLING YARD,"""RR INSTALLATIONS,  TRACKS,  MARSHALLING YARDS,  AND STATIONS""",47.35,16.17,B24,4.0,26.0,190.0,48.0,,,48.0,VISUAL
48878,190260.0,1945-03-26,15,AUSTRIA,MARSHALLING YARDS,"""RR INSTALLATIONS,  TRACKS,  MARSHALLING YARDS,  AND STATIONS""",47.55,14.32,B24,3.0,1.0,,2.0,,,2.0,VISUAL
48858,190261.0,1945-03-26,15,AUSTRIA,MARSHALLING YARDS,"""RR INSTALLATIONS,  TRACKS,  MARSHALLING YARDS,  AND STATIONS""",48.2,16.63,B24,4.0,29.0,210.0,50.0,,,50.0,VISUAL
48859,190262.0,1945-03-26,15,AUSTRIA,MARSHALLING YARDS,"""RR INSTALLATIONS,  TRACKS,  MARSHALLING YARDS,  AND STATIONS""",48.2,16.63,B24,4.0,25.0,210.0,46.0,,,46.0,VISUAL
48852,190263.0,1945-03-26,15,AUSTRIA,MARSHALLING YARDS,"""RR INSTALLATIONS,  TRACKS,  MARSHALLING YARDS,  AND STATIONS""",48.2,16.63,B24,4.0,26.0,225.0,51.0,,,51.0,VISUAL
48860,190273.0,1945-03-26,15,CZECHOSLOVAKIA,RANGIER MY,"""RR INSTALLATIONS,  TRACKS,  MARSHALLING YARDS,  AND STATIONS""",48.15,17.12,B24,4.0,31.0,204.0,70.0,,,70.0,VISUAL
48853,190274.0,1945-03-26,15,CZECHOSLOVAKIA,RANGIER MY,"""RR INSTALLATIONS,  TRACKS,  MARSHALLING YARDS,  AND STATIONS""",48.15,17.12,B24,4.0,28.0,220.0,62.0,,,62.0,VISUAL
48889,219730.0,1945-03-26,8,GERMANY,MARSHALLING YARD,"""RR INSTALLATIONS,  TRACKS,  MARSHALLING YARDS,  AND STATIONS""",50.42,9.65,B26,,,131.0,2.0,,,2.0,VISUAL
48885,219731.0,1945-03-26,8,GERMANY,MARSHALLING YARD,"""RR INSTALLATIONS,  TRACKS,  MARSHALLING YARDS,  AND STATIONS""",50.42,9.65,B26,,,135.0,1.0,,,1.0,VISUAL
48893,219732.0,1945-03-26,8,GERMANY,MARSHALLING YARD,"""RR INSTALLATIONS,  TRACKS,  MARSHALLING YARDS,  AND STATIONS""",50.42,9.65,B26,,,130.0,64.0,,,64.0,VISUAL
48894,219733.0,1945-03-26,8,GERMANY,MARSHALLING YARD,"""RR INSTALLATIONS,  TRACKS,  MARSHALLING YARDS,  AND STATIONS""",50.42,9.65,B26,,,130.0,46.0,,,46.0,VISUAL
48895,219734.0,1945-03-26,8,GERMANY,MARSHALLING YARD,"""RR INSTALLATIONS,  TRACKS,  MARSHALLING YARDS,  AND STATIONS""",50.42,9.65,B26,,,130.0,39.0,,,39.0,VISUAL
48880,219735.0,1945-03-26,8,GERMANY,MARSHALLING YARD,"""RR INSTALLATIONS,  TRACKS,  MARSHALLING YARDS,  AND STATIONS""",50.56,8.02,A20,,,420.0,59.0,,,59.0,VISUAL
48899,219736.0,1945-03-26,8,GERMANY,MARSHALLING YARD,"""RR INSTALLATIONS,  TRACKS,  MARSHALLING YARDS,  AND STATIONS""",50.56,8.02,A26,,,110.0,24.0,,,24.0,VISUAL
48883,219737.0,1945-03-26,8,GERMANY,MARSHALLING YARD,"""RR INSTALLATIONS,  TRACKS,  MARSHALLING YARDS,  AND STATIONS""",50.56,8.02,A26,,,160.0,24.0,,,24.0,VISUAL
48897,219738.0,1945-03-26,8,GERMANY,MARSHALLING YARD,"""RR INSTALLATIONS,  TRACKS,  MARSHALLING YARDS,  AND STATIONS""",50.56,8.02,B26,,,125.0,1.0,,,1.0,VISUAL
48887,219739.0,1945-03-26,8,GERMANY,MARSHALLING YARD,"""RR INSTALLATIONS,  TRACKS,  MARSHALLING YARDS,  AND STATIONS""",50.56,8.02,B26,,,134.0,12.0,,,12.0,VISUAL
48826,219752.0,1945-03-26,15,CZECHOSLOVAKIA,AIR DROME,AIR FIELDS AND AIRDROMES,50.05,14.37,B17,4.0,24.0,257.0,,,50.0,50.0,VISUAL
48827,219756.0,1945-03-26,15,CZECHOSLOVAKIA,AIR DROME,AIR FIELDS AND AIRDROMES,50.05,14.37,B17,4.0,24.0,257.0,,,50.0,50.0,VISUAL
50867,120367.0,1945-03-28,15,GERMANY,DAIMLER BENZ ENGINE,ARMAMENT AND ORDNANCE PLANTS,52.53,13.42,B17,3.0,12.0,250.0,18.0,12.0,,30.0,H2X
51203,120368.0,1945-03-28,15,GERMANY,DAIMLER BENZ ENGINE,ARMAMENT AND ORDNANCE PLANTS,52.53,13.42,B17,3.0,10.0,245.0,15.0,10.0,,25.0,H2X
51219,120369.0,1945-03-28,15,GERMANY,DAIMLER BENZ ENGINE,ARMAMENT AND ORDNANCE PLANTS,52.53,13.42,B17,3.0,5.0,,8.0,5.0,,13.0,NOT INDICATED
50868,120370.0,1945-03-28,15,GERMANY,DAIMLER BENZ ENGINE,ARMAMENT AND ORDNANCE PLANTS,52.53,13.42,B17,3.0,7.0,250.0,14.0,7.0,,21.0,H2X
51204,120371.0,1945-03-28,15,GERMANY,DAIMLER BENZ ENGINE,ARMAMENT AND ORDNANCE PLANTS,52.53,13.42,B17,3.0,9.0,245.0,18.0,9.0,,27.0,H2X
50855,120372.0,1945-03-28,15,GERMANY,DAIMLER BENZ ENGINE,ARMAMENT AND ORDNANCE PLANTS,52.53,13.42,B17,3.0,10.0,255.0,20.0,10.0,,30.0,H2X
50803,120373.0,1945-03-28,15,GERMANY,DAIMLER BENZ ENGINE,ARMAMENT AND ORDNANCE PLANTS,52.53,13.42,B17,3.0,12.0,265.0,18.0,115.0,,133.0,H2X
50856,120374.0,1945-03-28,15,GERMANY,DAIMLER BENZ ENGINE,ARMAMENT AND ORDNANCE PLANTS,52.53,13.42,B17,3.0,11.0,255.0,17.0,11.0,,28.0,H2X
50485,120375.0,1945-03-28,15,GERMANY,DAIMLER BENZ ENGINE,ARMAMENT AND ORDNANCE PLANTS,52.53,13.42,B17,3.0,13.0,273.0,19.0,13.0,,32.0,H2X
50804,120376.0,1945-03-28,15,GERMANY,DAIMLER BENZ ENGINE,ARMAMENT AND ORDNANCE PLANTS,52.53,13.42,B17,3.0,10.0,265.0,20.0,10.0,,30.0,H2X
50839,120377.0,1945-03-28,15,GERMANY,DAIMLER BENZ ENGINE,ARMAMENT AND ORDNANCE PLANTS,52.53,13.42,B17,3.0,11.0,258.0,22.0,11.0,,33.0,H2X
50493,120378.0,1945-03-28,15,GERMANY,DAIMLER BENZ ENGINE,ARMAMENT AND ORDNANCE PLANTS,52.53,13.42,B17,3.0,11.0,270.0,22.0,11.0,,33.0,H2X
50831,120379.0,1945-03-28,15,GERMANY,DAIMLER BENZ ENGINE,ARMAMENT AND ORDNANCE PLANTS,52.53,13.42,B17,3.0,11.0,260.0,22.0,11.0,,33.0,H2X
50481,120380.0,1945-03-28,15,GERMANY,DAIMLER BENZ ENGINE,ARMAMENT AND ORDNANCE PLANTS,52.53,13.42,B17,3.0,10.0,275.0,20.0,10.0,,30.0,H2X
50869,120381.0,1945-03-28,15,GERMANY,DAIMLER BENZ ENGINE,ARMAMENT AND ORDNANCE PLANTS,52.53,13.42,B17,3.0,12.0,250.0,18.0,12.0,,30.0,H2X
51205,120382.0,1945-03-28,15,GERMANY,DAIMLER BENZ ENGINE,ARMAMENT AND ORDNANCE PLANTS,52.53,13.42,B17,3.0,12.0,245.0,18.0,12.0,,30.0,H2X
50851,120383.0,1945-03-28,15,GERMANY,DAIMLER BENZ ENGINE,ARMAMENT AND ORDNANCE PLANTS,52.53,13.42,B17,3.0,12.0,256.0,18.0,12.0,,30.0,H2X
50870,120384.0,1945-03-28,15,GERMANY,DAIMLER BENZ ENGINE,ARMAMENT AND ORDNANCE PLANTS,52.53,13.42,B17,3.0,13.0,250.0,20.0,13.0,,33.0,H2X
50871,120385.0,1945-03-28,15,GERMANY,DAIMLER BENZ ENGINE,ARMAMENT AND ORDNANCE PLANTS,52.53,13.42,B17,3.0,11.0,250.0,17.0,11.0,,28.0,H2X
50847,120386.0,1945-03-28,15,GERMANY,DAIMLER BENZ ENGINE,ARMAMENT AND ORDNANCE PLANTS,52.53,13.42,B17,3.0,11.0,257.0,17.0,11.0,,28.0,H2X
50805,120387.0,1945-03-28,15,GERMANY,DAIMLER BENZ ENGINE,ARMAMENT AND ORDNANCE PLANTS,52.53,13.42,B17,3.0,12.0,265.0,24.0,5.0,,29.0,H2X
50840,120388.0,1945-03-28,15,GERMANY,DAIMLER BENZ ENGINE,ARMAMENT AND ORDNANCE PLANTS,52.53,13.42,B17,3.0,12.0,258.0,24.0,6.0,,30.0,H2X
50497,120389.0,1945-03-28,15,GERMANY,DAIMLER BENZ ENGINE,ARMAMENT AND ORDNANCE PLANTS,52.53,13.42,B17,3.0,13.0,268.0,26.0,6.0,,32.0,H2X
50872,120390.0,1945-03-28,15,GERMANY,DAIMLER BENZ ENGINE,ARMAMENT AND ORDNANCE PLANTS,52.53,13.42,B17,3.0,12.0,250.0,24.0,6.0,,30.0,H2X
50899,120391.0,1945-03-28,15,GERMANY,DAIMLER BENZ ENGINE,ARMAMENT AND ORDNANCE PLANTS,52.53,13.42,B17,3.0,13.0,248.0,26.0,7.0,,33.0,H2X
50832,120392.0,1945-03-28,15,GERMANY,DAIMLER BENZ ENGINE,ARMAMENT AND ORDNANCE PLANTS,52.53,13.42,B17,3.0,12.0,260.0,24.0,6.0,,30.0,H2X
50873,120393.0,1945-03-28,15,GERMANY,DAIMLER BENZ ENGINE,ARMAMENT AND ORDNANCE PLANTS,52.53,13.42,B17,3.0,11.0,250.0,17.0,11.0,,28.0,H2X
51215,120394.0,1945-03-28,15,GERMANY,DAIMLER BENZ ENGINE,ARMAMENT AND ORDNANCE PLANTS,52.53,13.42,B17,3.0,12.0,243.0,18.0,12.0,,30.0,H2X
50874,120395.0,1945-03-28,15,GERMANY,DAIMLER BENZ ENGINE,ARMAMENT AND ORDNANCE PLANTS,52.53,13.42,B17,3.0,13.0,250.0,20.0,13.0,,33.0,H2X
50806,120396.0,1945-03-28,15,GERMANY,DAIMLER BENZ ENGINE,ARMAMENT AND ORDNANCE PLANTS,52.53,13.42,B17,3.0,13.0,265.0,20.0,13.0,,33.0,H2X
50827,120397.0,1945-03-28,15,GERMANY,DAIMLER BENZ ENGINE,ARMAMENT AND ORDNANCE PLANTS,52.53,13.42,B17,3.0,11.0,264.0,17.0,11.0,,28.0,H2X
50807,120398.0,1945-03-28,15,GERMANY,DAIMLER BENZ ENGINE,ARMAMENT AND ORDNANCE PLANTS,52.53,13.42,B17,3.0,11.0,265.0,17.0,11.0,,28.0,H2X
50808,120399.0,1945-03-28,15,GERMANY,DAIMLER BENZ ENGINE,ARMAMENT AND ORDNANCE PLANTS,52.53,13.42,B17,3.0,10.0,265.0,20.0,5.0,,25.0,H2X
50857,120400.0,1945-03-28,15,GERMANY,DAIMLER BENZ ENGINE,ARMAMENT AND ORDNANCE PLANTS,52.53,13.42,B17,3.0,10.0,255.0,20.0,5.0,,25.0,H2X
50489,120401.0,1945-03-28,15,GERMANY,DAIMLER BENZ ENGINE,ARMAMENT AND ORDNANCE PLANTS,52.53,13.42,B17,3.0,10.0,271.0,20.0,5.0,,25.0,H2X
50875,120404.0,1945-03-28,15,GERMANY,DAIMLER BENZ ENGINE,ARMAMENT AND ORDNANCE PLANTS,52.53,13.42,B17,3.0,12.0,250.0,18.0,12.0,,30.0,H2X
51206,120405.0,1945-03-28,15,GERMANY,DAIMLER BENZ ENGINE,ARMAMENT AND ORDNANCE PLANTS,52.53,13.42,B17,3.0,10.0,245.0,15.0,10.0,,25.0,H2X
51220,120406.0,1945-03-28,15,GERMANY,DAIMLER BENZ ENGINE,ARMAMENT AND ORDNANCE PLANTS,52.53,13.42,B17,3.0,5.0,,8.0,5.0,,13.0,NOT INDICATED
50876,120407.0,1945-03-28,15,GERMANY,DAIMLER BENZ ENGINE,ARMAMENT AND ORDNANCE PLANTS,52.53,13.42,B17,3.0,7.0,250.0,14.0,7.0,,21.0,H2X
51207,120408.0,1945-03-28,15,GERMANY,DAIMLER BENZ ENGINE,ARMAMENT AND ORDNANCE PLANTS,52.53,13.42,B17,3.0,9.0,245.0,18.0,9.0,,27.0,H2X
50858,120409.0,1945-03-28,15,GERMANY,DAIMLER BENZ ENGINE,ARMAMENT AND ORDNANCE PLANTS,52.53,13.42,B17,3.0,10.0,255.0,20.0,10.0,,30.0,H2X
50809,120410.0,1945-03-28,15,GERMANY,DAIMLER BENZ ENGINE,ARMAMENT AND ORDNANCE PLANTS,52.53,13.42,B17,3.0,12.0,265.0,18.0,115.0,,133.0,H2X
50859,120411.0,1945-03-28,15,GERMANY,DAIMLER BENZ ENGINE,ARMAMENT AND ORDNANCE PLANTS,52.53,13.42,B17,3.0,11.0,255.0,17.0,11.0,,28.0,H2X
50486,120412.0,1945-03-28,15,GERMANY,DAIMLER BENZ ENGINE,ARMAMENT AND ORDNANCE PLANTS,52.53,13.42,B17,3.0,13.0,273.0,19.0,13.0,,32.0,H2X
50810,120413.0,1945-03-28,15,GERMANY,DAIMLER BENZ ENGINE,ARMAMENT AND ORDNANCE PLANTS,52.53,13.42,B17,3.0,10.0,265.0,20.0,10.0,,30.0,H2X
50841,120414.0,1945-03-28,15,GERMANY,DAIMLER BENZ ENGINE,ARMAMENT AND ORDNANCE PLANTS,52.53,13.42,B17,3.0,11.0,258.0,22.0,11.0,,33.0,H2X
50494,120415.0,1945-03-28,15,GERMANY,DAIMLER BENZ ENGINE,ARMAMENT AND ORDNANCE PLANTS,52.53,13.42,B17,3.0,11.0,270.0,22.0,11.0,,33.0,H2X
50801,120416.0,1945-03-28,15,GERMANY,DAIMLER BENZ ENGINE,ARMAMENT AND ORDNANCE PLANTS,52.53,13.42,B17,3.0,11.0,267.0,22.0,11.0,,33.0,H2X
50833,120417.0,1945-03-28,15,GERMANY,DAIMLER BENZ ENGINE,ARMAMENT AND ORDNANCE PLANTS,52.53,13.42,B17,3.0,11.0,260.0,22.0,11.0,,33.0,H2X
50482,120418.0,1945-03-28,15,GERMANY,DAIMLER BENZ ENGINE,ARMAMENT AND ORDNANCE PLANTS,52.53,13.42,B17,3.0,10.0,275.0,20.0,10.0,,30.0,H2X
50877,120419.0,1945-03-28,15,GERMANY,DAIMLER BENZ ENGINE,ARMAMENT AND ORDNANCE PLANTS,52.53,13.42,B17,3.0,12.0,250.0,18.0,12.0,,30.0,H2X
51208,120420.0,1945-03-28,15,GERMANY,DAIMLER BENZ ENGINE,ARMAMENT AND ORDNANCE PLANTS,52.53,13.42,B17,3.0,12.0,245.0,18.0,12.0,,30.0,H2X
50852,120421.0,1945-03-28,15,GERMANY,DAIMLER BENZ ENGINE,ARMAMENT AND ORDNANCE PLANTS,52.53,13.42,B17,3.0,12.0,256.0,18.0,12.0,,30.0,H2X
50878,120422.0,1945-03-28,15,GERMANY,DAIMLER BENZ ENGINE,ARMAMENT AND ORDNANCE PLANTS,52.53,13.42,B17,3.0,13.0,250.0,20.0,13.0,,33.0,H2X
50879,120423.0,1945-03-28,15,GERMANY,DAIMLER BENZ ENGINE,ARMAMENT AND ORDNANCE PLANTS,52.53,13.42,B17,3.0,11.0,250.0,17.0,11.0,,28.0,H2X
50848,120424.0,1945-03-28,15,GERMANY,DAIMLER BENZ ENGINE,ARMAMENT AND ORDNANCE PLANTS,52.53,13.42,B17,3.0,11.0,257.0,17.0,11.0,,28.0,H2X
50811,120425.0,1945-03-28,15,GERMANY,DAIMLER BENZ ENGINE,ARMAMENT AND ORDNANCE PLANTS,52.53,13.42,B17,3.0,12.0,265.0,24.0,5.0,,29.0,H2X
50842,120426.0,1945-03-28,15,GERMANY,DAIMLER BENZ ENGINE,ARMAMENT AND ORDNANCE PLANTS,52.53,13.42,B17,3.0,12.0,258.0,24.0,6.0,,30.0,H2X
50498,120427.0,1945-03-28,15,GERMANY,DAIMLER BENZ ENGINE,ARMAMENT AND ORDNANCE PLANTS,52.53,13.42,B17,3.0,13.0,268.0,26.0,6.0,,32.0,H2X
50880,120428.0,1945-03-28,15,GERMANY,DAIMLER BENZ ENGINE,ARMAMENT AND ORDNANCE PLANTS,52.53,13.42,B17,3.0,12.0,250.0,24.0,6.0,,30.0,H2X
50900,120429.0,1945-03-28,15,GERMANY,DAIMLER BENZ ENGINE,ARMAMENT AND ORDNANCE PLANTS,52.53,13.42,B17,3.0,13.0,248.0,26.0,7.0,,33.0,H2X
50834,120430.0,1945-03-28,15,GERMANY,DAIMLER BENZ ENGINE,ARMAMENT AND ORDNANCE PLANTS,52.53,13.42,B17,3.0,12.0,260.0,24.0,6.0,,30.0,H2X
50881,120431.0,1945-03-28,15,GERMANY,DAIMLER BENZ ENGINE,ARMAMENT AND ORDNANCE PLANTS,52.53,13.42,B17,3.0,11.0,250.0,17.0,11.0,,28.0,H2X
51216,120432.0,1945-03-28,15,GERMANY,DAIMLER BENZ ENGINE,ARMAMENT AND ORDNANCE PLANTS,52.53,13.42,B17,3.0,12.0,243.0,18.0,12.0,,30.0,H2X
50882,120433.0,1945-03-28,15,GERMANY,DAIMLER BENZ ENGINE,ARMAMENT AND ORDNANCE PLANTS,52.53,13.42,B17,3.0,13.0,250.0,20.0,13.0,,33.0,H2X
50812,120434.0,1945-03-28,15,GERMANY,DAIMLER BENZ ENGINE,ARMAMENT AND ORDNANCE PLANTS,52.53,13.42,B17,3.0,13.0,265.0,20.0,13.0,,33.0,H2X
50828,120435.0,1945-03-28,15,GERMANY,DAIMLER BENZ ENGINE,ARMAMENT AND ORDNANCE PLANTS,52.53,13.42,B17,3.0,11.0,264.0,17.0,11.0,,28.0,H2X
50813,120436.0,1945-03-28,15,GERMANY,DAIMLER BENZ ENGINE,ARMAMENT AND ORDNANCE PLANTS,52.53,13.42,B17,3.0,11.0,265.0,17.0,11.0,,28.0,H2X
50814,120437.0,1945-03-28,15,GERMANY,DAIMLER BENZ ENGINE,ARMAMENT AND ORDNANCE PLANTS,52.53,13.42,B17,3.0,10.0,265.0,20.0,5.0,,25.0,H2X
50860,120438.0,1945-03-28,15,GERMANY,DAIMLER BENZ ENGINE,ARMAMENT AND ORDNANCE PLANTS,52.53,13.42,B17,3.0,10.0,255.0,20.0,5.0,,25.0,H2X
50490,120439.0,1945-03-28,15,GERMANY,DAIMLER BENZ ENGINE,ARMAMENT AND ORDNANCE PLANTS,52.53,13.42,B17,3.0,10.0,271.0,20.0,5.0,,25.0,H2X
51235,120442.0,1945-03-28,8,GERMANY,TOWN,CITIES TOWNS AND URBAN AREAS,49.5,9.77,B26,,,12.0,6.0,,,6.0,VISUAL
51232,120457.0,1945-03-28,8,GERMANY,TOWN,CITIES TOWNS AND URBAN AREAS,49.5,9.77,B26,,,120.0,6.0,,,6.0,VISUAL
51238,190301.0,1945-03-28,8,GERMANY,UNIDENTIFIED TARGET,UNIDENTIFIED TARGETS,49.08,9.67,B17,2.0,1.0,,2.0,1.0,,3.0,NOT INDICATED
51236,190307.0,1945-03-28,8,GERMANY,TOWN,CITIES TOWNS AND URBAN AREAS,49.5,9.77,B26,,,12.0,6.0,,,6.0,VISUAL
51233,190314.0,1945-03-28,8,GERMANY,TOWN,CITIES TOWNS AND URBAN AREAS,49.5,9.77,B26,,,120.0,6.0,,,6.0,VISUAL
51239,190328.0,1945-03-28,8,GERMANY,UNIDENTIFIED TARGET,UNIDENTIFIED TARGETS,49.08,9.67,B17,2.0,1.0,,2.0,1.0,,3.0,NOT INDICATED
50883,190334.0,1945-03-28,15,GERMANY,DAIMLER BENZ ENGINE,ARMAMENT AND ORDNANCE PLANTS,52.53,13.42,B17,3.0,12.0,250.0,18.0,12.0,,30.0,H2X
51209,190335.0,1945-03-28,15,GERMANY,DAIMLER BENZ ENGINE,ARMAMENT AND ORDNANCE PLANTS,52.53,13.42,B17,3.0,10.0,245.0,15.0,10.0,,25.0,H2X
51221,190336.0,1945-03-28,15,GERMANY,DAIMLER BENZ ENGINE,ARMAMENT AND ORDNANCE PLANTS,52.53,13.42,B17,3.0,5.0,,8.0,5.0,,13.0,NOT INDICATED
50884,190337.0,1945-03-28,15,GERMANY,DAIMLER BENZ ENGINE,ARMAMENT AND ORDNANCE PLANTS,52.53,13.42,B17,3.0,7.0,250.0,14.0,7.0,,21.0,H2X
51210,190338.0,1945-03-28,15,GERMANY,DAIMLER BENZ ENGINE,ARMAMENT AND ORDNANCE PLANTS,52.53,13.42,B17,3.0,9.0,245.0,18.0,9.0,,27.0,H2X
50861,190339.0,1945-03-28,15,GERMANY,DAIMLER BENZ ENGINE,ARMAMENT AND ORDNANCE PLANTS,52.53,13.42,B17,3.0,10.0,255.0,20.0,10.0,,30.0,H2X
50815,190340.0,1945-03-28,15,GERMANY,DAIMLER BENZ ENGINE,ARMAMENT AND ORDNANCE PLANTS,52.53,13.42,B17,3.0,12.0,265.0,18.0,115.0,,133.0,H2X
50862,190341.0,1945-03-28,15,GERMANY,DAIMLER BENZ ENGINE,ARMAMENT AND ORDNANCE PLANTS,52.53,13.42,B17,3.0,11.0,255.0,17.0,11.0,,28.0,H2X
50487,190342.0,1945-03-28,15,GERMANY,DAIMLER BENZ ENGINE,ARMAMENT AND ORDNANCE PLANTS,52.53,13.42,B17,3.0,13.0,273.0,19.0,13.0,,32.0,H2X
50816,190343.0,1945-03-28,15,GERMANY,DAIMLER BENZ ENGINE,ARMAMENT AND ORDNANCE PLANTS,52.53,13.42,B17,3.0,10.0,265.0,20.0,10.0,,30.0,H2X
50843,190344.0,1945-03-28,15,GERMANY,DAIMLER BENZ ENGINE,ARMAMENT AND ORDNANCE PLANTS,52.53,13.42,B17,3.0,11.0,258.0,22.0,11.0,,33.0,H2X
50495,190345.0,1945-03-28,15,GERMANY,DAIMLER BENZ ENGINE,ARMAMENT AND ORDNANCE PLANTS,52.53,13.42,B17,3.0,11.0,270.0,22.0,11.0,,33.0,H2X
50835,190346.0,1945-03-28,15,GERMANY,DAIMLER BENZ ENGINE,ARMAMENT AND ORDNANCE PLANTS,52.53,13.42,B17,3.0,11.0,260.0,22.0,11.0,,33.0,H2X
50483,190347.0,1945-03-28,15,GERMANY,DAIMLER BENZ ENGINE,ARMAMENT AND ORDNANCE PLANTS,52.53,13.42,B17,3.0,10.0,275.0,20.0,10.0,,30.0,H2X
50885,190348.0,1945-03-28,15,GERMANY,DAIMLER BENZ ENGINE,ARMAMENT AND ORDNANCE PLANTS,52.53,13.42,B17,3.0,12.0,250.0,18.0,12.0,,30.0,H2X
51211,190349.0,1945-03-28,15,GERMANY,DAIMLER BENZ ENGINE,ARMAMENT AND ORDNANCE PLANTS,52.53,13.42,B17,3.0,12.0,245.0,18.0,12.0,,30.0,H2X
50853,190350.0,1945-03-28,15,GERMANY,DAIMLER BENZ ENGINE,ARMAMENT AND ORDNANCE PLANTS,52.53,13.42,B17,3.0,12.0,256.0,18.0,12.0,,30.0,H2X
50886,190351.0,1945-03-28,15,GERMANY,DAIMLER BENZ ENGINE,ARMAMENT AND ORDNANCE PLANTS,52.53,13.42,B17,3.0,13.0,250.0,20.0,13.0,,33.0,H2X
50887,190352.0,1945-03-28,15,GERMANY,DAIMLER BENZ ENGINE,ARMAMENT AND ORDNANCE PLANTS,52.53,13.42,B17,3.0,11.0,250.0,17.0,11.0,,28.0,H2X
50849,190353.0,1945-03-28,15,GERMANY,DAIMLER BENZ ENGINE,ARMAMENT AND ORDNANCE PLANTS,52.53,13.42,B17,3.0,11.0,257.0,17.0,11.0,,28.0,H2X
50817,190354.0,1945-03-28,15,GERMANY,DAIMLER BENZ ENGINE,ARMAMENT AND ORDNANCE PLANTS,52.53,13.42,B17,3.0,12.0,265.0,24.0,5.0,,29.0,H2X
50844,190355.0,1945-03-28,15,GERMANY,DAIMLER BENZ ENGINE,ARMAMENT AND ORDNANCE PLANTS,52.53,13.42,B17,3.0,12.0,258.0,24.0,6.0,,30.0,H2X
50499,190356.0,1945-03-28,15,GERMANY,DAIMLER BENZ ENGINE,ARMAMENT AND ORDNANCE PLANTS,52.53,13.42,B17,3.0,13.0,268.0,26.0,6.0,,32.0,H2X
50888,190357.0,1945-03-28,15,GERMANY,DAIMLER BENZ ENGINE,ARMAMENT AND ORDNANCE PLANTS,52.53,13.42,B17,3.0,12.0,250.0,24.0,6.0,,30.0,H2X
51201,190358.0,1945-03-28,15,GERMANY,DAIMLER BENZ ENGINE,ARMAMENT AND ORDNANCE PLANTS,52.53,13.42,B17,3.0,13.0,248.0,26.0,7.0,,33.0,H2X
50836,190359.0,1945-03-28,15,GERMANY,DAIMLER BENZ ENGINE,ARMAMENT AND ORDNANCE PLANTS,52.53,13.42,B17,3.0,12.0,260.0,24.0,6.0,,30.0,H2X
50889,190360.0,1945-03-28,15,GERMANY,DAIMLER BENZ ENGINE,ARMAMENT AND ORDNANCE PLANTS,52.53,13.42,B17,3.0,11.0,250.0,17.0,11.0,,28.0,H2X
51217,190361.0,1945-03-28,15,GERMANY,DAIMLER BENZ ENGINE,ARMAMENT AND ORDNANCE PLANTS,52.53,13.42,B17,3.0,12.0,243.0,18.0,12.0,,30.0,H2X
50890,190362.0,1945-03-28,15,GERMANY,DAIMLER BENZ ENGINE,ARMAMENT AND ORDNANCE PLANTS,52.53,13.42,B17,3.0,13.0,250.0,20.0,13.0,,33.0,H2X
50818,190363.0,1945-03-28,15,GERMANY,DAIMLER BENZ ENGINE,ARMAMENT AND ORDNANCE PLANTS,52.53,13.42,B17,3.0,13.0,265.0,20.0,13.0,,33.0,H2X
50829,190364.0,1945-03-28,15,GERMANY,DAIMLER BENZ ENGINE,ARMAMENT AND ORDNANCE PLANTS,52.53,13.42,B17,3.0,11.0,264.0,17.0,11.0,,28.0,H2X
50819,190365.0,1945-03-28,15,GERMANY,DAIMLER BENZ ENGINE,ARMAMENT AND ORDNANCE PLANTS,52.53,13.42,B17,3.0,11.0,265.0,17.0,11.0,,28.0,H2X
50820,190366.0,1945-03-28,15,GERMANY,DAIMLER BENZ ENGINE,ARMAMENT AND ORDNANCE PLANTS,52.53,13.42,B17,3.0,10.0,265.0,20.0,5.0,,25.0,H2X
50863,190367.0,1945-03-28,15,GERMANY,DAIMLER BENZ ENGINE,ARMAMENT AND ORDNANCE PLANTS,52.53,13.42,B17,3.0,10.0,255.0,20.0,5.0,,25.0,H2X
50491,190368.0,1945-03-28,15,GERMANY,DAIMLER BENZ ENGINE,ARMAMENT AND ORDNANCE PLANTS,52.53,13.42,B17,3.0,10.0,271.0,20.0,5.0,,25.0,H2X
50891,190371.0,1945-03-28,15,GERMANY,DAIMLER BENZ ENGINE,ARMAMENT AND ORDNANCE PLANTS,52.53,13.42,B17,3.0,12.0,250.0,18.0,12.0,,30.0,H2X
51212,190372.0,1945-03-28,15,GERMANY,DAIMLER BENZ ENGINE,ARMAMENT AND ORDNANCE PLANTS,52.53,13.42,B17,3.0,10.0,245.0,15.0,10.0,,25.0,H2X
51222,190373.0,1945-03-28,15,GERMANY,DAIMLER BENZ ENGINE,ARMAMENT AND ORDNANCE PLANTS,52.53,13.42,B17,3.0,5.0,,8.0,5.0,,13.0,NOT INDICATED
50892,190374.0,1945-03-28,15,GERMANY,DAIMLER BENZ ENGINE,ARMAMENT AND ORDNANCE PLANTS,52.53,13.42,B17,3.0,7.0,250.0,14.0,7.0,,21.0,H2X
51213,190375.0,1945-03-28,15,GERMANY,DAIMLER BENZ ENGINE,ARMAMENT AND ORDNANCE PLANTS,52.53,13.42,B17,3.0,9.0,245.0,18.0,9.0,,27.0,H2X
50864,190376.0,1945-03-28,15,GERMANY,DAIMLER BENZ ENGINE,ARMAMENT AND ORDNANCE PLANTS,52.53,13.42,B17,3.0,10.0,255.0,20.0,10.0,,30.0,H2X
50821,190377.0,1945-03-28,15,GERMANY,DAIMLER BENZ ENGINE,ARMAMENT AND ORDNANCE PLANTS,52.53,13.42,B17,3.0,12.0,265.0,18.0,115.0,,133.0,H2X
50865,190378.0,1945-03-28,15,GERMANY,DAIMLER BENZ ENGINE,ARMAMENT AND ORDNANCE PLANTS,52.53,13.42,B17,3.0,11.0,255.0,17.0,11.0,,28.0,H2X
50488,190379.0,1945-03-28,15,GERMANY,DAIMLER BENZ ENGINE,ARMAMENT AND ORDNANCE PLANTS,52.53,13.42,B17,3.0,13.0,273.0,19.0,13.0,,32.0,H2X
50822,190380.0,1945-03-28,15,GERMANY,DAIMLER BENZ ENGINE,ARMAMENT AND ORDNANCE PLANTS,52.53,13.42,B17,3.0,10.0,265.0,20.0,10.0,,30.0,H2X
50845,190381.0,1945-03-28,15,GERMANY,DAIMLER BENZ ENGINE,ARMAMENT AND ORDNANCE PLANTS,52.53,13.42,B17,3.0,11.0,258.0,22.0,11.0,,33.0,H2X
50496,190382.0,1945-03-28,15,GERMANY,DAIMLER BENZ ENGINE,ARMAMENT AND ORDNANCE PLANTS,52.53,13.42,B17,3.0,11.0,270.0,22.0,11.0,,33.0,H2X
50802,190383.0,1945-03-28,15,GERMANY,DAIMLER BENZ ENGINE,ARMAMENT AND ORDNANCE PLANTS,52.53,13.42,B17,3.0,11.0,267.0,22.0,11.0,,33.0,H2X
50837,190384.0,1945-03-28,15,GERMANY,DAIMLER BENZ ENGINE,ARMAMENT AND ORDNANCE PLANTS,52.53,13.42,B17,3.0,11.0,260.0,22.0,11.0,,33.0,H2X
50484,190385.0,1945-03-28,15,GERMANY,DAIMLER BENZ ENGINE,ARMAMENT AND ORDNANCE PLANTS,52.53,13.42,B17,3.0,10.0,275.0,20.0,10.0,,30.0,H2X
50893,190386.0,1945-03-28,15,GERMANY,DAIMLER BENZ ENGINE,ARMAMENT AND ORDNANCE PLANTS,52.53,13.42,B17,3.0,12.0,250.0,18.0,12.0,,30.0,H2X
51214,190387.0,1945-03-28,15,GERMANY,DAIMLER BENZ ENGINE,ARMAMENT AND ORDNANCE PLANTS,52.53,13.42,B17,3.0,12.0,245.0,18.0,12.0,,30.0,H2X
50854,190388.0,1945-03-28,15,GERMANY,DAIMLER BENZ ENGINE,ARMAMENT AND ORDNANCE PLANTS,52.53,13.42,B17,3.0,12.0,256.0,18.0,12.0,,30.0,H2X
50894,190389.0,1945-03-28,15,GERMANY,DAIMLER BENZ ENGINE,ARMAMENT AND ORDNANCE PLANTS,52.53,13.42,B17,3.0,13.0,250.0,20.0,13.0,,33.0,H2X
50895,190390.0,1945-03-28,15,GERMANY,DAIMLER BENZ ENGINE,ARMAMENT AND ORDNANCE PLANTS,52.53,13.42,B17,3.0,11.0,250.0,17.0,11.0,,28.0,H2X
50850,190391.0,1945-03-28,15,GERMANY,DAIMLER BENZ ENGINE,ARMAMENT AND ORDNANCE PLANTS,52.53,13.42,B17,3.0,11.0,257.0,17.0,11.0,,28.0,H2X
50823,190392.0,1945-03-28,15,GERMANY,DAIMLER BENZ ENGINE,ARMAMENT AND ORDNANCE PLANTS,52.53,13.42,B17,3.0,12.0,265.0,24.0,5.0,,29.0,H2X
50846,190393.0,1945-03-28,15,GERMANY,DAIMLER BENZ ENGINE,ARMAMENT AND ORDNANCE PLANTS,52.53,13.42,B17,3.0,12.0,258.0,24.0,6.0,,30.0,H2X
50500,190394.0,1945-03-28,15,GERMANY,DAIMLER BENZ ENGINE,ARMAMENT AND ORDNANCE PLANTS,52.53,13.42,B17,3.0,13.0,268.0,26.0,6.0,,32.0,H2X
50896,190395.0,1945-03-28,15,GERMANY,DAIMLER BENZ ENGINE,ARMAMENT AND ORDNANCE PLANTS,52.53,13.42,B17,3.0,12.0,250.0,24.0,6.0,,30.0,H2X
51202,190396.0,1945-03-28,15,GERMANY,DAIMLER BENZ ENGINE,ARMAMENT AND ORDNANCE PLANTS,52.53,13.42,B17,3.0,13.0,248.0,26.0,7.0,,33.0,H2X
50838,190397.0,1945-03-28,15,GERMANY,DAIMLER BENZ ENGINE,ARMAMENT AND ORDNANCE PLANTS,52.53,13.42,B17,3.0,12.0,260.0,24.0,6.0,,30.0,H2X
50897,190398.0,1945-03-28,15,GERMANY,DAIMLER BENZ ENGINE,ARMAMENT AND ORDNANCE PLANTS,52.53,13.42,B17,3.0,11.0,250.0,17.0,11.0,,28.0,H2X
51218,190399.0,1945-03-28,15,GERMANY,DAIMLER BENZ ENGINE,ARMAMENT AND ORDNANCE PLANTS,52.53,13.42,B17,3.0,12.0,243.0,18.0,12.0,,30.0,H2X
50898,190400.0,1945-03-28,15,GERMANY,DAIMLER BENZ ENGINE,ARMAMENT AND ORDNANCE PLANTS,52.53,13.42,B17,3.0,13.0,250.0,20.0,13.0,,33.0,H2X
50824,190401.0,1945-03-28,15,GERMANY,DAIMLER BENZ ENGINE,ARMAMENT AND ORDNANCE PLANTS,52.53,13.42,B17,3.0,13.0,265.0,20.0,13.0,,33.0,H2X
50830,190402.0,1945-03-28,15,GERMANY,DAIMLER BENZ ENGINE,ARMAMENT AND ORDNANCE PLANTS,52.53,13.42,B17,3.0,11.0,264.0,17.0,11.0,,28.0,H2X
50825,190403.0,1945-03-28,15,GERMANY,DAIMLER BENZ ENGINE,ARMAMENT AND ORDNANCE PLANTS,52.53,13.42,B17,3.0,11.0,265.0,17.0,11.0,,28.0,H2X
50826,190404.0,1945-03-28,15,GERMANY,DAIMLER BENZ ENGINE,ARMAMENT AND ORDNANCE PLANTS,52.53,13.42,B17,3.0,10.0,265.0,20.0,5.0,,25.0,H2X
50866,190405.0,1945-03-28,15,GERMANY,DAIMLER BENZ ENGINE,ARMAMENT AND ORDNANCE PLANTS,52.53,13.42,B17,3.0,10.0,255.0,20.0,5.0,,25.0,H2X
50492,190406.0,1945-03-28,15,GERMANY,DAIMLER BENZ ENGINE,ARMAMENT AND ORDNANCE PLANTS,52.53,13.42,B17,3.0,10.0,271.0,20.0,5.0,,25.0,H2X
51227,190409.0,1945-03-28,8,GERMANY,OIL STGE,OIL STORAGE FACILITIES AND OTHER OIL INSTALLATIONS,49.47,8.98,B26,,,150.0,1.0,,,1.0,VISUAL
51237,190410.0,1945-03-28,8,GERMANY,OIL STOR,OIL STORAGE FACILITIES AND OTHER OIL INSTALLATIONS,49.87,10.5,A26,,,,32.0,,,32.0,VISUAL
51228,190411.0,1945-03-28,8,GERMANY,OIL STOR,OIL STORAGE FACILITIES AND OTHER OIL INSTALLATIONS,49.87,10.5,B26,,,150.0,1.0,,,1.0,VISUAL
51230,190412.0,1945-03-28,8,GERMANY,OIL STOR,OIL STORAGE FACILITIES AND OTHER OIL INSTALLATIONS,49.87,10.5,B26,,,143.0,,,1.0,1.0,VISUAL
51225,190413.0,1945-03-28,8,GERMANY,OIL STOR,OIL STORAGE FACILITIES AND OTHER OIL INSTALLATIONS,49.87,10.5,B26,,,160.0,1.0,,,1.0,VISUAL
51231,190414.0,1945-03-28,8,GERMANY,OIL STOR,OIL STORAGE FACILITIES AND OTHER OIL INSTALLATIONS,49.87,10.5,B26,,,143.0,1.0,,,1.0,VISUAL
51226,190415.0,1945-03-28,8,GERMANY,OIL STOR,OIL STORAGE FACILITIES AND OTHER OIL INSTALLATIONS,49.87,10.5,B26,,,160.0,,,1.0,1.0,VISUAL
51229,190416.0,1945-03-28,8,GERMANY,OIL STOR,OIL STORAGE FACILITIES AND OTHER OIL INSTALLATIONS,49.87,10.5,B26,,,150.0,24.0,,,24.0,VISUAL
51234,190417.0,1945-03-28,8,GERMANY,OIL STOR,OIL STORAGE FACILITIES AND OTHER OIL INSTALLATIONS,49.87,10.5,B26,,,120.0,19.0,,,19.0,VISUAL
53808,120484.0,1945-03-30,8,GERMANY,M T,HIGHWAYS AND VEHICLES,52.22,8.8,B26,,,120.0,47.0,,,47.0,VISUAL
53827,120496.0,1945-03-30,8,GERMANY,DEPOT,SUPPLY DUMPS AND WAREHOUSES,52.22,8.8,B26,,,,2.0,,,2.0,VISUAL
53809,120497.0,1945-03-30,8,GERMANY,DEPOT,SUPPLY DUMPS AND WAREHOUSES,52.22,8.8,B26,,,120.0,,,1.0,1.0,VISUAL
53801,120498.0,1945-03-30,8,GERMANY,DEPOT,SUPPLY DUMPS AND WAREHOUSES,52.22,8.8,B26,,,128.0,1.0,,,1.0,VISUAL
53802,120499.0,1945-03-30,8,GERMANY,DEPOT,SUPPLY DUMPS AND WAREHOUSES,52.22,8.8,B26,,,128.0,,,1.0,1.0,VISUAL
53814,120500.0,1945-03-30,8,GERMANY,DEPOT,SUPPLY DUMPS AND WAREHOUSES,50.15,10.12,B26,,,120.0,,43.0,,43.0,VISUAL
53296,120501.0,1945-03-30,8,GERMANY,STGE DEPOT,SUPPLY DUMPS AND WAREHOUSES,51.43,9.68,B26,,,135.0,,,1.0,1.0,VISUAL
53399,120502.0,1945-03-30,8,GERMANY,STGE DEPOT,SUPPLY DUMPS AND WAREHOUSES,51.43,9.68,B26,,,130.0,1.0,,,1.0,VISUAL
53834,120503.0,1945-03-30,8,GERMANY,STGE DEPOT,SUPPLY DUMPS AND WAREHOUSES,51.43,9.68,B26,,,,,,1.0,1.0,VISUAL
53816,120504.0,1945-03-30,8,GERMANY,STGE DEPOT,SUPPLY DUMPS AND WAREHOUSES,51.43,9.68,B26,,,120.0,1.0,,,1.0,VISUAL
53273,120511.0,1945-03-30,15,AUSTRIA,TANK WORKS,TANK FACTORIES,47.43,15.32,B24,4.0,3.0,240.0,4.0,,,4.0,F.F.F.
53265,120512.0,1945-03-30,15,AUSTRIA,TANK WORKS,TANK FACTORIES,47.43,15.32,B24,3.0,1.0,250.0,2.0,,,2.0,NOT INDICATED
53269,120513.0,1945-03-30,15,AUSTRIA,TANK WORKS,TANK FACTORIES,47.43,15.32,B24,3.0,1.0,247.0,2.0,,,2.0,F.F.F.
53284,120514.0,1945-03-30,15,AUSTRIA,TANK WORKS,TANK FACTORIES,47.43,15.32,B24,3.0,,,1.0,,,1.0,NOT INDICATED
53274,120515.0,1945-03-30,15,AUSTRIA,TANK WORKS,TANK FACTORIES,47.43,15.32,B24,3.0,1.0,240.0,1.0,,,1.0,F.F.F.
53275,120516.0,1945-03-30,15,AUSTRIA,TANK WORKS,TANK FACTORIES,47.43,15.32,B24,4.0,3.0,240.0,4.0,,,4.0,F.F.F.
53266,120517.0,1945-03-30,15,AUSTRIA,TANK WORKS,TANK FACTORIES,47.43,15.32,B24,3.0,1.0,250.0,2.0,,,2.0,NOT INDICATED
53270,120518.0,1945-03-30,15,AUSTRIA,TANK WORKS,TANK FACTORIES,47.43,15.32,B24,3.0,1.0,247.0,2.0,,,2.0,F.F.F.
53285,120519.0,1945-03-30,15,AUSTRIA,TANK WORKS,TANK FACTORIES,47.43,15.32,B24,3.0,,,1.0,,,1.0,NOT INDICATED
53276,120520.0,1945-03-30,15,AUSTRIA,TANK WORKS,TANK FACTORIES,47.43,15.32,B24,3.0,1.0,240.0,1.0,,,1.0,F.F.F.
53822,120521.0,1945-03-30,8,GERMANY,CITY AREA,CITIES TOWNS AND URBAN AREAS,52.22,8.8,A20,,,12.0,40.0,,,40.0,VISUAL
53819,120522.0,1945-03-30,8,GERMANY,TOWN,CITIES TOWNS AND URBAN AREAS,50.88,8.77,A26,,,14.0,55.0,,,55.0,VISUAL
53830,120525.0,1945-03-30,8,GERMANY,AREA,CITIES TOWNS AND URBAN AREAS,50.12,9.88,B26,,,,12.0,,,12.0,GEE
53810,120531.0,1945-03-30,8,GERMANY,CITY AREA,CITIES TOWNS AND URBAN AREAS,52.22,8.8,A20,,,120.0,40.0,,,40.0,VISUAL
53294,120532.0,1945-03-30,8,GERMANY,TOWN,CITIES TOWNS AND URBAN AREAS,50.88,8.77,A26,,,140.0,55.0,,,55.0,VISUAL
53831,120535.0,1945-03-30,8,GERMANY,AREA,CITIES TOWNS AND URBAN AREAS,50.12,9.88,B26,,,,12.0,,,12.0,GEE
53823,190454.0,1945-03-30,8,GERMANY,CITY AREA,CITIES TOWNS AND URBAN AREAS,52.22,8.8,A20,,,12.0,40.0,,,40.0,VISUAL
53820,190455.0,1945-03-30,8,GERMANY,TOWN,CITIES TOWNS AND URBAN AREAS,50.88,8.77,A26,,,14.0,55.0,,,55.0,VISUAL
53832,190458.0,1945-03-30,8,GERMANY,AREA,CITIES TOWNS AND URBAN AREAS,50.12,9.88,B26,,,,12.0,,,12.0,GEE
53811,190464.0,1945-03-30,8,GERMANY,CITY AREA,CITIES TOWNS AND URBAN AREAS,52.22,8.8,A20,,,120.0,40.0,,,40.0,VISUAL
53295,190465.0,1945-03-30,8,GERMANY,TOWN,CITIES TOWNS AND URBAN AREAS,50.88,8.77,A26,,,140.0,55.0,,,55.0,VISUAL
53833,190468.0,1945-03-30,8,GERMANY,AREA,CITIES TOWNS AND URBAN AREAS,50.12,9.88,B26,,,,12.0,,,12.0,GEE
53277,190474.0,1945-03-30,15,AUSTRIA,TANK WORKS,TANK FACTORIES,47.43,15.32,B24,4.0,3.0,240.0,4.0,,,4.0,F.F.F.
53268,190475.0,1945-03-30,15,AUSTRIA,TANK WORKS,TANK FACTORIES,47.43,15.32,B24,3.0,1.0,250.0,2.0,,,2.0,NOT INDICATED
53272,190476.0,1945-03-30,15,AUSTRIA,TANK WORKS,TANK FACTORIES,47.43,15.32,B24,3.0,1.0,247.0,2.0,,,2.0,F.F.F.
53287,190477.0,1945-03-30,15,AUSTRIA,TANK WORKS,TANK FACTORIES,47.43,15.32,B24,3.0,,,1.0,,,1.0,NOT INDICATED
53280,190478.0,1945-03-30,15,AUSTRIA,TANK WORKS,TANK FACTORIES,47.43,15.32,B24,3.0,1.0,240.0,1.0,,,1.0,F.F.F.
53818,190479.0,1945-03-30,8,GERMANY,OIL STORAGE,OIL STORAGE FACILITIES AND OTHER OIL INSTALLATIONS,50.15,10.12,B26,,,117.0,2.0,,,2.0,VISUAL
53807,190480.0,1945-03-30,8,GERMANY,OIL STORAGE,OIL STORAGE FACILITIES AND OTHER OIL INSTALLATIONS,50.15,10.12,B26,,,124.0,2.0,,,2.0,VISUAL
53282,190484.0,1945-03-30,15,AUSTRIA,MARSHALLING YARDS,"""RR INSTALLATIONS,  TRACKS,  MARSHALLING YARDS,  AND STATIONS""",47.1,15.7,B24,3.0,,,3.0,,,3.0,NOT INDICATED
53283,190485.0,1945-03-30,15,AUSTRIA,MARSHALLING YARDS,"""RR INSTALLATIONS,  TRACKS,  MARSHALLING YARDS,  AND STATIONS""",47.1,15.7,B24,3.0,2.0,,3.0,,,3.0,F.F.F.
53289,190510.0,1945-03-30,12,AUSTRIA,RR,"""RR INSTALLATIONS,  TRACKS,  MARSHALLING YARDS,  AND STATIONS""",46.63,14.3,B24,3.0,1.0,249.0,2.0,,,2.0,NOT INDICATED
53291,190511.0,1945-03-30,12,AUSTRIA,RR,"""RR INSTALLATIONS,  TRACKS,  MARSHALLING YARDS,  AND STATIONS""",46.63,14.3,B24,2.0,,,2.0,,,2.0,NOT INDICATED
53290,190512.0,1945-03-30,12,AUSTRIA,RR,"""RR INSTALLATIONS,  TRACKS,  MARSHALLING YARDS,  AND STATIONS""",46.63,14.3,B24,2.0,3.0,220.0,3.0,,,3.0,F.F.F.
53288,190513.0,1945-03-30,15,AUSTRIA,MARSHALLING YARDS,"""RR INSTALLATIONS,  TRACKS,  MARSHALLING YARDS,  AND STATIONS""",46.75,14.37,B24,3.0,,,1.0,,,1.0,NOT INDICATED
53264,190514.0,1945-03-30,15,AUSTRIA,MARSHALLING YARDS,"""RR INSTALLATIONS,  TRACKS,  MARSHALLING YARDS,  AND STATIONS""",46.75,14.37,B24,3.0,1.0,255.0,1.0,,,1.0,VISUAL
53281,190515.0,1945-03-30,15,AUSTRIA,MARSHALLING YARDS,"""RR INSTALLATIONS,  TRACKS,  MARSHALLING YARDS,  AND STATIONS""",46.75,14.37,B24,2.0,1.0,145.0,2.0,,,2.0,F.F.F.
53278,190521.0,1945-03-30,15,AUSTRIA,TANK WORKS,TANK FACTORIES,47.43,15.32,B24,4.0,3.0,240.0,4.0,,,4.0,F.F.F.
53267,190522.0,1945-03-30,15,AUSTRIA,TANK WORKS,TANK FACTORIES,47.43,15.32,B24,3.0,1.0,250.0,2.0,,,2.0,NOT INDICATED
53271,190523.0,1945-03-30,15,AUSTRIA,TANK WORKS,TANK FACTORIES,47.43,15.32,B24,3.0,1.0,247.0,2.0,,,2.0,F.F.F.
53286,190524.0,1945-03-30,15,AUSTRIA,TANK WORKS,TANK FACTORIES,47.43,15.32,B24,3.0,,,1.0,,,1.0,NOT INDICATED
53279,190525.0,1945-03-30,15,AUSTRIA,TANK WORKS,TANK FACTORIES,47.43,15.32,B24,3.0,1.0,240.0,1.0,,,1.0,F.F.F.
53812,219854.0,1945-03-30,8,GERMANY,M T,HIGHWAYS AND VEHICLES,52.22,8.8,B26,,,120.0,47.0,,,47.0,VISUAL
53828,220036.0,1945-03-30,8,GERMANY,DEPOT,SUPPLY DUMPS AND WAREHOUSES,52.22,8.8,B26,,,,2.0,,,2.0,VISUAL
53824,220037.0,1945-03-30,8,GERMANY,DEPOT,SUPPLY DUMPS AND WAREHOUSES,52.22,8.8,B26,,,12.0,,,1.0,1.0,VISUAL
53803,220038.0,1945-03-30,8,GERMANY,DEPOT,SUPPLY DUMPS AND WAREHOUSES,52.22,8.8,B26,,,128.0,1.0,,,1.0,VISUAL
53804,220039.0,1945-03-30,8,GERMANY,DEPOT,SUPPLY DUMPS AND WAREHOUSES,52.22,8.8,B26,,,128.0,,,1.0,1.0,VISUAL
53825,220040.0,1945-03-30,8,GERMANY,DEPOT,SUPPLY DUMPS AND WAREHOUSES,50.15,10.12,B26,,,12.0,,43.0,,43.0,VISUAL
53297,220041.0,1945-03-30,8,GERMANY,STGE DEPOT,SUPPLY DUMPS AND WAREHOUSES,51.43,9.68,B26,,,135.0,,,1.0,1.0,VISUAL
53821,220042.0,1945-03-30,8,GERMANY,STGE DEPOT,SUPPLY DUMPS AND WAREHOUSES,51.43,9.68,B26,,,13.0,1.0,,,1.0,VISUAL
53835,220043.0,1945-03-30,8,GERMANY,STGE DEPOT,SUPPLY DUMPS AND WAREHOUSES,51.43,9.68,B26,,,,,,1.0,1.0,VISUAL
53826,220044.0,1945-03-30,8,GERMANY,STGE DEPOT,SUPPLY DUMPS AND WAREHOUSES,51.43,9.68,B26,,,12.0,1.0,,,1.0,VISUAL
53829,220051.0,1945-03-30,8,GERMANY,DEPOT,SUPPLY DUMPS AND WAREHOUSES,52.22,8.8,B26,,,,2.0,,,2.0,VISUAL
53813,220052.0,1945-03-30,8,GERMANY,DEPOT,SUPPLY DUMPS AND WAREHOUSES,52.22,8.8,B26,,,120.0,,,1.0,1.0,VISUAL
53805,220053.0,1945-03-30,8,GERMANY,DEPOT,SUPPLY DUMPS AND WAREHOUSES,52.22,8.8,B26,,,128.0,1.0,,,1.0,VISUAL
53806,220054.0,1945-03-30,8,GERMANY,DEPOT,SUPPLY DUMPS AND WAREHOUSES,52.22,8.8,B26,,,128.0,,,1.0,1.0,VISUAL
53815,220055.0,1945-03-30,8,GERMANY,DEPOT,SUPPLY DUMPS AND WAREHOUSES,50.15,10.12,B26,,,120.0,,43.0,,43.0,VISUAL
53298,220056.0,1945-03-30,8,GERMANY,STGE DEPOT,SUPPLY DUMPS AND WAREHOUSES,51.43,9.68,B26,,,135.0,,,1.0,1.0,VISUAL
53400,220057.0,1945-03-30,8,GERMANY,STGE DEPOT,SUPPLY DUMPS AND WAREHOUSES,51.43,9.68,B26,,,130.0,1.0,,,1.0,VISUAL
53836,220058.0,1945-03-30,8,GERMANY,STGE DEPOT,SUPPLY DUMPS AND WAREHOUSES,51.43,9.68,B26,,,,,,1.0,1.0,VISUAL
53817,220059.0,1945-03-30,8,GERMANY,STGE DEPOT,SUPPLY DUMPS AND WAREHOUSES,51.43,9.68,B26,,,120.0,1.0,,,1.0,VISUAL
55448,120536.0,1945-03-31,15,AUSTRIA,LOCOMOTIVE REPAIR SHOP,R.R. MANUFACTURING WORKS AND ROUNDHOUSES,48.3,14.3,B24,4.0,26.0,240.0,48.0,,,48.0,F.F.F.
55449,120545.0,1945-03-31,15,AUSTRIA,H GOERING BENZOL PLANT,OIL REFINERIES,48.3,14.3,B24,4.0,27.0,240.0,64.0,,,64.0,F.F.F.
55445,120546.0,1945-03-31,15,AUSTRIA,H GOERING BENZOL PLANT,OIL REFINERIES,48.3,14.3,B24,4.0,26.0,260.0,39.0,,,39.0,F.F.F.
55471,120584.0,1945-03-31,12,FRANCE,RR,"""RR INSTALLATIONS,  TRACKS,  MARSHALLING YARDS,  AND STATIONS""",44.67,6.33,A26,4.0,,120.0,,,1.0,1.0,NOT INDICATED
55472,120585.0,1945-03-31,12,FRANCE,RR,"""RR INSTALLATIONS,  TRACKS,  MARSHALLING YARDS,  AND STATIONS""",44.67,6.33,A26,4.0,1.0,120.0,,,,,NOT INDICATED
55467,120586.0,1945-03-31,12,FRANCE,RR,"""RR INSTALLATIONS,  TRACKS,  MARSHALLING YARDS,  AND STATIONS""",44.67,6.33,A26,4.0,1.0,130.0,,,2.0,2.0,NOT INDICATED
55477,120587.0,1945-03-31,12,FRANCE,RR,"""RR INSTALLATIONS,  TRACKS,  MARSHALLING YARDS,  AND STATIONS""",44.67,6.33,A26,4.0,1.0,110.0,,,2.0,2.0,NOT INDICATED
55468,120588.0,1945-03-31,12,FRANCE,RR,"""RR INSTALLATIONS,  TRACKS,  MARSHALLING YARDS,  AND STATIONS""",44.67,6.33,A26,4.0,1.0,130.0,2.0,,,2.0,NOT INDICATED
55483,120589.0,1945-03-31,12,FRANCE,RR,"""RR INSTALLATIONS,  TRACKS,  MARSHALLING YARDS,  AND STATIONS""",44.67,6.33,A20,4.0,,,,,,,NOT INDICATED
55484,120590.0,1945-03-31,12,FRANCE,RR,"""RR INSTALLATIONS,  TRACKS,  MARSHALLING YARDS,  AND STATIONS""",44.67,6.33,A20,4.0,,,,,,,NOT INDICATED
55481,120591.0,1945-03-31,12,FRANCE,RR,"""RR INSTALLATIONS,  TRACKS,  MARSHALLING YARDS,  AND STATIONS""",44.67,6.33,A20,4.0,1.0,50.0,,,1.0,1.0,NOT INDICATED
55473,120592.0,1945-03-31,12,FRANCE,RR,"""RR INSTALLATIONS,  TRACKS,  MARSHALLING YARDS,  AND STATIONS""",44.67,6.33,A20,4.0,1.0,120.0,1.0,,,1.0,NOT INDICATED
55485,120593.0,1945-03-31,12,FRANCE,RR,"""RR INSTALLATIONS,  TRACKS,  MARSHALLING YARDS,  AND STATIONS""",44.67,6.33,A20,4.0,1.0,,,,,,NOT INDICATED
55479,120594.0,1945-03-31,12,FRANCE,RR,"""RR INSTALLATIONS,  TRACKS,  MARSHALLING YARDS,  AND STATIONS""",44.67,6.33,A20,4.0,1.0,90.0,,,1.0,1.0,NOT INDICATED
55820,120635.0,1945-03-31,8,GERMANY,COMM CENTER,TRANSPORTATION FACILITIES (NOT SPECIFICALLY IDENTIFIED BELOW),49.92,9.75,B26,,,125.0,6.0,,,6.0,VISUAL
55822,120636.0,1945-03-31,8,GERMANY,MT,HIGHWAYS AND VEHICLES,52.11,9.98,B26,,,125.0,59.0,,,59.0,VISUAL
55815,120671.0,1945-03-31,8,GERMANY,RR,"""RR INSTALLATIONS,  TRACKS,  MARSHALLING YARDS,  AND STATIONS""",49.0,9.0,B26,,,128.0,35.0,,,35.0,NOT INDICATED
55831,120672.0,1945-03-31,8,GERMANY,RR,"""RR INSTALLATIONS,  TRACKS,  MARSHALLING YARDS,  AND STATIONS""",49.0,9.0,B26,,,117.0,18.0,,,18.0,NOT INDICATED
55829,120673.0,1945-03-31,8,GERMANY,RR,"""RR INSTALLATIONS,  TRACKS,  MARSHALLING YARDS,  AND STATIONS""",49.0,9.0,B26,,,120.0,51.0,,,51.0,NOT INDICATED
55805,120688.0,1945-03-31,8,GERMANY,DUMP,SUPPLY DUMPS AND WAREHOUSES,52.11,9.98,B26,,,130.0,2.0,,,2.0,VISUAL
55806,120689.0,1945-03-31,8,GERMANY,DUMP,SUPPLY DUMPS AND WAREHOUSES,52.11,9.98,B26,,,130.0,1.0,,,1.0,VISUAL
55496,120690.0,1945-03-31,8,GERMANY,DUMP,SUPPLY DUMPS AND WAREHOUSES,52.11,9.98,B26,,,142.0,,,1.0,1.0,VISUAL
55497,120691.0,1945-03-31,8,GERMANY,DUMP,SUPPLY DUMPS AND WAREHOUSES,52.11,9.98,B26,,,142.0,1.0,,,1.0,VISUAL
55807,120692.0,1945-03-31,8,GERMANY,DUMP,SUPPLY DUMPS AND WAREHOUSES,52.11,9.98,B26,,,130.0,2.0,,,2.0,VISUAL
55808,120693.0,1945-03-31,8,GERMANY,DUMP,SUPPLY DUMPS AND WAREHOUSES,52.11,9.98,A26,,,130.0,72.0,,,72.0,VISUAL
55809,120694.0,1945-03-31,8,GERMANY,DUMP,SUPPLY DUMPS AND WAREHOUSES,52.11,9.98,A26,,,130.0,76.0,,,76.0,VISUAL
55447,120706.0,1945-03-31,15,AUSTRIA,LOCOMOTIVE REPAIR SHOP,R.R. MANUFACTURING WORKS AND ROUNDHOUSES,48.3,14.3,B24,4.0,26.0,240.0,48.0,,,48.0,F.F.F.
55824,120707.0,1945-03-31,8,GERMANY,TOWN,CITIES TOWNS AND URBAN AREAS,53.11,9.41,A26,,,125.0,,20.0,,20.0,VISUAL
55842,120708.0,1945-03-31,8,GERMANY,UNIDENTIFIED TARGET,UNIDENTIFIED TARGETS,51.33,12.38,B17,2.0,,,4.0,,,4.0,NOT INDICATED
55490,120709.0,1945-03-31,8,GERMANY,UNIDENTIFIED TARGET,UNIDENTIFIED TARGETS,51.33,12.38,B17,2.0,7.0,245.0,15.0,1.0,,16.0,H2X
55839,120711.0,1945-03-31,8,GERMANY,UNIDENTIFIED TARGET,UNIDENTIFIED TARGETS,50.55,9.67,B17,2.0,1.0,,3.0,,,3.0,NOT INDICATED
55840,190527.0,1945-03-31,8,GERMANY,UNIDENTIFIED TARGET,UNIDENTIFIED TARGETS,50.55,9.67,B17,2.0,1.0,,3.0,,,3.0,NOT INDICATED
55843,190528.0,1945-03-31,8,GERMANY,UNIDENTIFIED TARGET,UNIDENTIFIED TARGETS,51.33,12.38,B17,2.0,,,4.0,,,4.0,NOT INDICATED
55491,190529.0,1945-03-31,8,GERMANY,UNIDENTIFIED TARGET,UNIDENTIFIED TARGETS,51.33,12.38,B17,2.0,7.0,245.0,15.0,1.0,,16.0,H2X
55825,190537.0,1945-03-31,8,GERMANY,TOWN,CITIES TOWNS AND URBAN AREAS,53.11,9.41,A26,,,125.0,,20.0,,20.0,VISUAL
55826,190539.0,1945-03-31,8,GERMANY,TOWN,CITIES TOWNS AND URBAN AREAS,53.11,9.41,A26,,,125.0,,20.0,,20.0,VISUAL
55450,190540.0,1945-03-31,15,AUSTRIA,LOCOMOTIVE REPAIR SHOP,R.R. MANUFACTURING WORKS AND ROUNDHOUSES,48.3,14.3,B24,4.0,26.0,240.0,48.0,,,48.0,F.F.F.
55841,190558.0,1945-03-31,8,GERMANY,UNIDENTIFIED TARGET,UNIDENTIFIED TARGETS,50.55,9.67,B17,2.0,1.0,,3.0,,,3.0,NOT INDICATED
55844,190559.0,1945-03-31,8,GERMANY,UNIDENTIFIED TARGET,UNIDENTIFIED TARGETS,51.33,12.38,B17,2.0,,,4.0,,,4.0,NOT INDICATED
55492,190560.0,1945-03-31,8,GERMANY,UNIDENTIFIED TARGET,UNIDENTIFIED TARGETS,51.33,12.38,B17,2.0,7.0,245.0,15.0,1.0,,16.0,H2X
55818,190568.0,1945-03-31,8,GERMANY,OIL STOR,OIL STORAGE FACILITIES AND OTHER OIL INSTALLATIONS,49.87,10.5,A26,,,125.0,,24.0,,24.0,VISUAL
55827,190569.0,1945-03-31,8,GERMANY,OIL STOR,OIL STORAGE FACILITIES AND OTHER OIL INSTALLATIONS,49.87,10.5,B26,,,122.0,2.0,,,2.0,VISUAL
55803,190570.0,1945-03-31,8,GERMANY,OIL STOR,OIL STORAGE FACILITIES AND OTHER OIL INSTALLATIONS,49.87,10.5,B26,,,130.0,2.0,,,2.0,VISUAL
55804,190571.0,1945-03-31,8,GERMANY,OIL STOR,OIL STORAGE FACILITIES AND OTHER OIL INSTALLATIONS,49.87,10.5,B26,,,130.0,2.0,,,2.0,VISUAL
55817,190572.0,1945-03-31,8,GERMANY,OIL STOR,OIL STORAGE FACILITIES AND OTHER OIL INSTALLATIONS,49.87,10.5,B26,,,127.0,60.0,,,60.0,VISUAL
55802,190573.0,1945-03-31,8,GERMANY,OIL STOR,OIL STORAGE FACILITIES AND OTHER OIL INSTALLATIONS,49.87,10.5,B26,,,135.0,2.0,,,2.0,VISUAL
55819,190574.0,1945-03-31,8,GERMANY,OIL STOR,OIL STORAGE FACILITIES AND OTHER OIL INSTALLATIONS,49.87,10.5,B26,,,125.0,61.0,,,61.0,VISUAL
55828,190575.0,1945-03-31,8,GERMANY,OIL STOR,OIL STORAGE FACILITIES AND OTHER OIL INSTALLATIONS,49.87,10.5,B26,,,120.0,53.0,,,53.0,VISUAL
55451,190576.0,1945-03-31,15,AUSTRIA,H GOERING BENZOL PLANT,OIL REFINERIES,48.3,14.3,B24,4.0,27.0,240.0,64.0,,,64.0,F.F.F.
55446,190577.0,1945-03-31,15,AUSTRIA,H GOERING BENZOL PLANT,OIL REFINERIES,48.3,14.3,B24,4.0,26.0,260.0,39.0,,,39.0,F.F.F.
55444,190613.0,1945-03-31,15,AUSTRIA,MARSHALLING YARDS,"""RR INSTALLATIONS,  TRACKS,  MARSHALLING YARDS,  AND STATIONS""",46.83,12.77,B17,3.0,1.0,279.0,3.0,,,3.0,VISUAL
55464,190614.0,1945-03-31,12,AUSTRIA,MARSHALLING YARDS,"""RR INSTALLATIONS,  TRACKS,  MARSHALLING YARDS,  AND STATIONS""",48.3,14.3,B17,4.0,26.0,235.0,64.0,,,64.0,F.F.F.
55453,190615.0,1945-03-31,12,AUSTRIA,MARSHALLING YARDS,"""RR INSTALLATIONS,  TRACKS,  MARSHALLING YARDS,  AND STATIONS""",48.3,14.3,B17,4.0,25.0,283.0,59.0,,,59.0,F.F.F.
55455,190616.0,1945-03-31,12,AUSTRIA,MARSHALLING YARDS,"""RR INSTALLATIONS,  TRACKS,  MARSHALLING YARDS,  AND STATIONS""",48.3,14.3,B17,4.0,26.0,276.0,74.0,,,74.0,F.F.F.
55454,190617.0,1945-03-31,12,AUSTRIA,MARSHALLING YARDS,"""RR INSTALLATIONS,  TRACKS,  MARSHALLING YARDS,  AND STATIONS""",48.3,14.3,B17,4.0,27.0,280.0,64.0,,,64.0,F.F.F.
55456,190618.0,1945-03-31,12,AUSTRIA,MARSHALLING YARDS,"""RR INSTALLATIONS,  TRACKS,  MARSHALLING YARDS,  AND STATIONS""",48.3,14.3,B17,4.0,25.0,275.0,63.0,,,63.0,F.F.F.
55457,190619.0,1945-03-31,12,AUSTRIA,MARSHALLING YARDS,"""RR INSTALLATIONS,  TRACKS,  MARSHALLING YARDS,  AND STATIONS""",48.3,14.3,B17,4.0,26.0,265.0,75.0,,,75.0,F.F.F.
55459,190620.0,1945-03-31,12,AUSTRIA,MARSHALLING YARDS,"""RR INSTALLATIONS,  TRACKS,  MARSHALLING YARDS,  AND STATIONS""",48.3,14.3,B24,4.0,27.0,246.0,52.0,,,52.0,VISUAL
55461,190621.0,1945-03-31,12,AUSTRIA,MARSHALLING YARDS,"""RR INSTALLATIONS,  TRACKS,  MARSHALLING YARDS,  AND STATIONS""",48.3,14.3,B24,4.0,1.0,240.0,2.0,,,2.0,F.F.F.
55458,190622.0,1945-03-31,12,AUSTRIA,MARSHALLING YARDS,"""RR INSTALLATIONS,  TRACKS,  MARSHALLING YARDS,  AND STATIONS""",48.3,14.3,B24,4.0,18.0,250.0,33.0,,,33.0,F.F.F.
55462,190623.0,1945-03-31,12,AUSTRIA,MARSHALLING YARDS,"""RR INSTALLATIONS,  TRACKS,  MARSHALLING YARDS,  AND STATIONS""",48.3,14.3,B24,4.0,22.0,240.0,38.0,,,38.0,F.F.F.
55463,190624.0,1945-03-31,12,AUSTRIA,MARSHALLING YARDS,"""RR INSTALLATIONS,  TRACKS,  MARSHALLING YARDS,  AND STATIONS""",48.3,14.3,B24,4.0,27.0,236.0,49.0,,,49.0,F.F.F.
55466,190625.0,1945-03-31,12,AUSTRIA,MARSHALLING YARDS,"""RR INSTALLATIONS,  TRACKS,  MARSHALLING YARDS,  AND STATIONS""",48.3,14.3,B24,4.0,30.0,225.0,58.0,,,58.0,F.F.F.
55465,190626.0,1945-03-31,12,AUSTRIA,MARSHALLING YARDS,"""RR INSTALLATIONS,  TRACKS,  MARSHALLING YARDS,  AND STATIONS""",48.3,14.3,B24,4.0,30.0,230.0,60.0,,,60.0,F.F.F.
55460,190627.0,1945-03-31,12,AUSTRIA,MARSHALLING YARDS,"""RR INSTALLATIONS,  TRACKS,  MARSHALLING YARDS,  AND STATIONS""",48.3,14.3,B24,4.0,25.0,245.0,47.0,,,47.0,F.F.F.
55838,190633.0,1945-03-31,8,GERMANY,MARSHALLING YARD,"""RR INSTALLATIONS,  TRACKS,  MARSHALLING YARDS,  AND STATIONS""",51.75,11.47,B17,2.0,,,3.0,,,3.0,NOT INDICATED
55489,190634.0,1945-03-31,8,GERMANY,MARSHALLING YARD,"""RR INSTALLATIONS,  TRACKS,  MARSHALLING YARDS,  AND STATIONS""",51.75,11.47,B17,2.0,7.0,245.0,15.0,1.0,,16.0,VISUAL
55494,190691.0,1945-03-31,8,GERMANY,MARSHALLING YARD,"""RR INSTALLATIONS,  TRACKS,  MARSHALLING YARDS,  AND STATIONS""",51.37,9.4,B17,2.0,12.0,236.0,36.0,,,36.0,H2X
55495,190692.0,1945-03-31,8,GERMANY,MARSHALLING YARD,"""RR INSTALLATIONS,  TRACKS,  MARSHALLING YARDS,  AND STATIONS""",51.37,9.4,B17,2.0,11.0,234.0,32.0,,,32.0,H2X
55493,190693.0,1945-03-31,8,GERMANY,MARSHALLING YARD,"""RR INSTALLATIONS,  TRACKS,  MARSHALLING YARDS,  AND STATIONS""",51.37,9.4,B17,2.0,12.0,243.0,36.0,,,36.0,H2X
55452,190695.0,1945-03-31,15,AUSTRIA,LOCOMOTIVE REPAIR SHOP,R.R. MANUFACTURING WORKS AND ROUNDHOUSES,48.3,14.3,B24,4.0,26.0,240.0,48.0,,,48.0,F.F.F.
55474,220093.0,1945-03-31,12,FRANCE,RR,"""RR INSTALLATIONS,  TRACKS,  MARSHALLING YARDS,  AND STATIONS""",44.67,6.33,A26,4.0,,120.0,,,1.0,1.0,NOT INDICATED
55475,220094.0,1945-03-31,12,FRANCE,RR,"""RR INSTALLATIONS,  TRACKS,  MARSHALLING YARDS,  AND STATIONS""",44.67,6.33,A26,4.0,1.0,120.0,,,,,NOT INDICATED
55469,220095.0,1945-03-31,12,FRANCE,RR,"""RR INSTALLATIONS,  TRACKS,  MARSHALLING YARDS,  AND STATIONS""",44.67,6.33,A26,4.0,1.0,130.0,,,2.0,2.0,NOT INDICATED
55478,220096.0,1945-03-31,12,FRANCE,RR,"""RR INSTALLATIONS,  TRACKS,  MARSHALLING YARDS,  AND STATIONS""",44.67,6.33,A26,4.0,1.0,110.0,,,2.0,2.0,NOT INDICATED
55470,220097.0,1945-03-31,12,FRANCE,RR,"""RR INSTALLATIONS,  TRACKS,  MARSHALLING YARDS,  AND STATIONS""",44.67,6.33,A26,4.0,1.0,130.0,2.0,,,2.0,NOT INDICATED
55486,220098.0,1945-03-31,12,FRANCE,RR,"""RR INSTALLATIONS,  TRACKS,  MARSHALLING YARDS,  AND STATIONS""",44.67,6.33,A20,4.0,,,,,,,NOT INDICATED
55487,220099.0,1945-03-31,12,FRANCE,RR,"""RR INSTALLATIONS,  TRACKS,  MARSHALLING YARDS,  AND STATIONS""",44.67,6.33,A20,4.0,,,,,,,NOT INDICATED
55482,220100.0,1945-03-31,12,FRANCE,RR,"""RR INSTALLATIONS,  TRACKS,  MARSHALLING YARDS,  AND STATIONS""",44.67,6.33,A20,4.0,1.0,50.0,,,1.0,1.0,NOT INDICATED
55476,220101.0,1945-03-31,12,FRANCE,RR,"""RR INSTALLATIONS,  TRACKS,  MARSHALLING YARDS,  AND STATIONS""",44.67,6.33,A20,4.0,1.0,120.0,1.0,,,1.0,NOT INDICATED
55488,220102.0,1945-03-31,12,FRANCE,RR,"""RR INSTALLATIONS,  TRACKS,  MARSHALLING YARDS,  AND STATIONS""",44.67,6.33,A20,4.0,1.0,,,,,,NOT INDICATED
55480,220103.0,1945-03-31,12,FRANCE,RR,"""RR INSTALLATIONS,  TRACKS,  MARSHALLING YARDS,  AND STATIONS""",44.67,6.33,A20,4.0,1.0,90.0,,,1.0,1.0,NOT INDICATED
55821,220104.0,1945-03-31,8,GERMANY,COMM CENTER,TRANSPORTATION FACILITIES (NOT SPECIFICALLY IDENTIFIED BELOW),49.92,9.75,B26,,,125.0,6.0,,,6.0,VISUAL
55823,220105.0,1945-03-31,8,GERMANY,MT,HIGHWAYS AND VEHICLES,52.11,9.98,B26,,,125.0,59.0,,,59.0,VISUAL
55816,220115.0,1945-03-31,8,GERMANY,RR,"""RR INSTALLATIONS,  TRACKS,  MARSHALLING YARDS,  AND STATIONS""",49.0,9.0,B26,,,128.0,35.0,,,35.0,NOT INDICATED
55832,220116.0,1945-03-31,8,GERMANY,RR,"""RR INSTALLATIONS,  TRACKS,  MARSHALLING YARDS,  AND STATIONS""",49.0,9.0,B26,,,117.0,18.0,,,18.0,NOT INDICATED
55830,220117.0,1945-03-31,8,GERMANY,RR,"""RR INSTALLATIONS,  TRACKS,  MARSHALLING YARDS,  AND STATIONS""",49.0,9.0,B26,,,120.0,51.0,,,51.0,NOT INDICATED
55833,220200.0,1945-03-31,8,GERMANY,DUMP,SUPPLY DUMPS AND WAREHOUSES,52.11,9.98,B26,,,13.0,2.0,,,2.0,VISUAL
55834,220201.0,1945-03-31,8,GERMANY,DUMP,SUPPLY DUMPS AND WAREHOUSES,52.11,9.98,B26,,,13.0,1.0,,,1.0,VISUAL
55498,220202.0,1945-03-31,8,GERMANY,DUMP,SUPPLY DUMPS AND WAREHOUSES,52.11,9.98,B26,,,142.0,,,1.0,1.0,VISUAL
55499,220203.0,1945-03-31,8,GERMANY,DUMP,SUPPLY DUMPS AND WAREHOUSES,52.11,9.98,B26,,,142.0,1.0,,,1.0,VISUAL
55835,220204.0,1945-03-31,8,GERMANY,DUMP,SUPPLY DUMPS AND WAREHOUSES,52.11,9.98,B26,,,13.0,2.0,,,2.0,VISUAL
55836,220205.0,1945-03-31,8,GERMANY,DUMP,SUPPLY DUMPS AND WAREHOUSES,52.11,9.98,A26,,,13.0,72.0,,,72.0,VISUAL
55837,220206.0,1945-03-31,8,GERMANY,DUMP,SUPPLY DUMPS AND WAREHOUSES,52.11,9.98,A26,,,13.0,76.0,,,76.0,VISUAL
55810,220212.0,1945-03-31,8,GERMANY,DUMP,SUPPLY DUMPS AND WAREHOUSES,52.11,9.98,B26,,,130.0,2.0,,,2.0,VISUAL
55811,220213.0,1945-03-31,8,GERMANY,DUMP,SUPPLY DUMPS AND WAREHOUSES,52.11,9.98,B26,,,130.0,1.0,,,1.0,VISUAL
55500,220214.0,1945-03-31,8,GERMANY,DUMP,SUPPLY DUMPS AND WAREHOUSES,52.11,9.98,B26,,,142.0,,,1.0,1.0,VISUAL
55801,220215.0,1945-03-31,8,GERMANY,DUMP,SUPPLY DUMPS AND WAREHOUSES,52.11,9.98,B26,,,142.0,1.0,,,1.0,VISUAL
55812,220216.0,1945-03-31,8,GERMANY,DUMP,SUPPLY DUMPS AND WAREHOUSES,52.11,9.98,B26,,,130.0,2.0,,,2.0,VISUAL
55813,220217.0,1945-03-31,8,GERMANY,DUMP,SUPPLY DUMPS AND WAREHOUSES,52.11,9.98,A26,,,130.0,72.0,,,72.0,VISUAL
55814,220218.0,1945-03-31,8,GERMANY,DUMP,SUPPLY DUMPS AND WAREHOUSES,52.11,9.98,A26,,,130.0,76.0,,,76.0,VISUAL
57837,120714.0,1945-04-01,15,AUSTRIA,UNIDENTIFIED TARGET,UNIDENTIFIED TARGETS,47.07,15.43,B24,3.0,29.0,250.0,72.0,,,72.0,F.F.F.
57842,120715.0,1945-04-01,15,AUSTRIA,UNIDENTIFIED TARGET,UNIDENTIFIED TARGETS,47.55,14.32,B24,3.0,15.0,176.0,36.0,,,36.0,VISUAL
57859,120742.0,1945-04-01,12,FRANCE,RR,"""RR INSTALLATIONS,  TRACKS,  MARSHALLING YARDS,  AND STATIONS""",44.67,6.33,A20,4.0,,,,,,,NOT INDICATED
57853,120743.0,1945-04-01,12,FRANCE,RR,"""RR INSTALLATIONS,  TRACKS,  MARSHALLING YARDS,  AND STATIONS""",44.67,6.33,A20,4.0,1.0,110.0,,,,,NOT INDICATED
57854,120744.0,1945-04-01,12,FRANCE,RR,"""RR INSTALLATIONS,  TRACKS,  MARSHALLING YARDS,  AND STATIONS""",44.67,6.33,A20,4.0,1.0,110.0,,,1.0,1.0,NOT INDICATED
57855,120745.0,1945-04-01,12,FRANCE,RR,"""RR INSTALLATIONS,  TRACKS,  MARSHALLING YARDS,  AND STATIONS""",44.67,6.33,A20,4.0,1.0,110.0,,,1.0,1.0,NOT INDICATED
57849,120746.0,1945-04-01,12,FRANCE,RR,"""RR INSTALLATIONS,  TRACKS,  MARSHALLING YARDS,  AND STATIONS""",44.67,6.33,A26,4.0,,120.0,,,1.0,1.0,NOT INDICATED
57850,120747.0,1945-04-01,12,FRANCE,RR,"""RR INSTALLATIONS,  TRACKS,  MARSHALLING YARDS,  AND STATIONS""",44.67,6.33,A26,4.0,1.0,120.0,,,2.0,2.0,NOT INDICATED
57838,190696.0,1945-04-01,15,AUSTRIA,UNIDENTIFIED TARGET,UNIDENTIFIED TARGETS,47.07,15.43,B24,3.0,29.0,250.0,72.0,,,72.0,F.F.F.
57843,190697.0,1945-04-01,15,AUSTRIA,UNIDENTIFIED TARGET,UNIDENTIFIED TARGETS,47.55,14.32,B24,3.0,15.0,176.0,36.0,,,36.0,VISUAL
57836,190711.0,1945-04-01,15,AUSTRIA,UNIDENTIFIED TARGET,UNIDENTIFIED TARGETS,47.07,15.43,B24,3.0,29.0,250.0,72.0,,,72.0,F.F.F.
57841,190712.0,1945-04-01,15,AUSTRIA,UNIDENTIFIED TARGET,UNIDENTIFIED TARGETS,47.55,14.32,B24,3.0,15.0,176.0,36.0,,,36.0,VISUAL
57848,190714.0,1945-04-01,12,AUSTRIA,RR,"""RR INSTALLATIONS,  TRACKS,  MARSHALLING YARDS,  AND STATIONS""",46.63,14.3,B24,2.0,1.0,175.0,2.0,,,2.0,VISUAL
57847,190715.0,1945-04-01,15,AUSTRIA,RR BRIDGE,BRIDGES,47.53,15.53,B24,4.0,28.0,135.0,79.0,,,79.0,VISUAL
57846,190716.0,1945-04-01,15,AUSTRIA,RR BRIDGE,BRIDGES,47.53,15.53,B24,4.0,27.0,140.0,78.0,,,78.0,VISUAL
57840,190717.0,1945-04-01,15,AUSTRIA,MARSHALLING YARDS,"""RR INSTALLATIONS,  TRACKS,  MARSHALLING YARDS,  AND STATIONS""",48.22,15.63,B24,4.0,7.0,178.0,17.0,,,17.0,VISUAL
57845,190718.0,1945-04-01,15,AUSTRIA,MARSHALLING YARDS,"""RR INSTALLATIONS,  TRACKS,  MARSHALLING YARDS,  AND STATIONS""",48.22,15.63,B24,4.0,31.0,157.0,75.0,,,75.0,VISUAL
57839,190719.0,1945-04-01,15,AUSTRIA,MARSHALLING YARDS,"""RR INSTALLATIONS,  TRACKS,  MARSHALLING YARDS,  AND STATIONS""",48.22,15.63,B24,4.0,32.0,182.0,77.0,,,77.0,VISUAL
57844,190720.0,1945-04-01,15,AUSTRIA,MARSHALLING YARDS,"""RR INSTALLATIONS,  TRACKS,  MARSHALLING YARDS,  AND STATIONS""",48.22,15.63,B24,4.0,32.0,170.0,76.0,,,76.0,VISUAL
57860,220237.0,1945-04-01,12,FRANCE,RR,"""RR INSTALLATIONS,  TRACKS,  MARSHALLING YARDS,  AND STATIONS""",44.67,6.33,A20,4.0,,,,,,,NOT INDICATED
57856,220238.0,1945-04-01,12,FRANCE,RR,"""RR INSTALLATIONS,  TRACKS,  MARSHALLING YARDS,  AND STATIONS""",44.67,6.33,A20,4.0,1.0,110.0,,,,,NOT INDICATED
57857,220239.0,1945-04-01,12,FRANCE,RR,"""RR INSTALLATIONS,  TRACKS,  MARSHALLING YARDS,  AND STATIONS""",44.67,6.33,A20,4.0,1.0,110.0,,,1.0,1.0,NOT INDICATED
57858,220240.0,1945-04-01,12,FRANCE,RR,"""RR INSTALLATIONS,  TRACKS,  MARSHALLING YARDS,  AND STATIONS""",44.67,6.33,A20,4.0,1.0,110.0,,,1.0,1.0,NOT INDICATED
57851,220241.0,1945-04-01,12,FRANCE,RR,"""RR INSTALLATIONS,  TRACKS,  MARSHALLING YARDS,  AND STATIONS""",44.67,6.33,A26,4.0,,120.0,,,1.0,1.0,NOT INDICATED
57852,220242.0,1945-04-01,12,FRANCE,RR,"""RR INSTALLATIONS,  TRACKS,  MARSHALLING YARDS,  AND STATIONS""",44.67,6.33,A26,4.0,1.0,120.0,,,2.0,2.0,NOT INDICATED
59567,120857.0,1945-04-02,15,AUSTRIA,UNIDENTIFIED TARGET,UNIDENTIFIED TARGETS,47.07,15.43,B17,4.0,26.0,240.0,76.0,,,76.0,VISUAL
59583,120858.0,1945-04-02,15,AUSTRIA,UNIDENTIFIED TARGET,UNIDENTIFIED TARGETS,48.42,15.62,B24,3.0,1.0,,3.0,,,3.0,VISUAL
59942,120859.0,1945-04-02,12,AUSTRIA,RR BRIDGE,BRIDGES,46.77,12.98,B25,4.0,,,3.0,,,3.0,NOT INDICATED
59588,120860.0,1945-04-02,12,AUSTRIA,RR BRIDGE,BRIDGES,46.77,12.98,B25,4.0,17.0,120.0,31.0,,,31.0,NOT INDICATED
59944,120861.0,1945-04-02,12,AUSTRIA,RR BRIDGE,BRIDGES,47.13,11.45,B25,4.0,,,4.0,,,4.0,NOT INDICATED
59945,120862.0,1945-04-02,12,AUSTRIA,RR BRIDGE,BRIDGES,47.13,11.45,B25,4.0,,,4.0,,,4.0,NOT INDICATED
59598,120863.0,1945-04-02,12,AUSTRIA,RR BRIDGE,BRIDGES,47.13,11.45,B25,4.0,17.0,110.0,29.0,,,29.0,NOT INDICATED
59590,120864.0,1945-04-02,12,AUSTRIA,RR BRIDGE,BRIDGES,47.13,11.45,B25,4.0,18.0,120.0,32.0,,,32.0,NOT INDICATED
59948,120865.0,1945-04-02,12,AUSTRIA,RR BRIDGE,BRIDGES,47.53,14.1,B25,4.0,,,2.0,,,2.0,NOT INDICATED
59586,120866.0,1945-04-02,12,AUSTRIA,RR BRIDGE,BRIDGES,47.53,14.1,B25,4.0,18.0,124.0,35.0,,,35.0,NOT INDICATED
59932,120871.0,1945-04-02,12,FRANCE,RR,"""RR INSTALLATIONS,  TRACKS,  MARSHALLING YARDS,  AND STATIONS""",44.67,6.33,A20,4.0,,70.0,,,,,NOT INDICATED
59950,120872.0,1945-04-02,12,FRANCE,RR,"""RR INSTALLATIONS,  TRACKS,  MARSHALLING YARDS,  AND STATIONS""",44.67,6.33,A20,4.0,,,,,1.0,1.0,NOT INDICATED
59934,120873.0,1945-04-02,12,FRANCE,RR,"""RR INSTALLATIONS,  TRACKS,  MARSHALLING YARDS,  AND STATIONS""",44.67,6.33,A20,4.0,,65.0,,,,,NOT INDICATED
59951,120874.0,1945-04-02,12,FRANCE,RR,"""RR INSTALLATIONS,  TRACKS,  MARSHALLING YARDS,  AND STATIONS""",44.67,6.33,A20,4.0,,,,,,,NOT INDICATED
59600,120875.0,1945-04-02,12,FRANCE,RR,"""RR INSTALLATIONS,  TRACKS,  MARSHALLING YARDS,  AND STATIONS""",44.67,6.33,A20,4.0,1.0,110.0,1.0,,,1.0,NOT INDICATED
59592,120876.0,1945-04-02,12,FRANCE,RR,"""RR INSTALLATIONS,  TRACKS,  MARSHALLING YARDS,  AND STATIONS""",44.67,6.33,A20,4.0,1.0,120.0,1.0,,,1.0,NOT INDICATED
59593,120877.0,1945-04-02,12,FRANCE,RR,"""RR INSTALLATIONS,  TRACKS,  MARSHALLING YARDS,  AND STATIONS""",44.67,6.33,A20,4.0,1.0,120.0,1.0,,,1.0,NOT INDICATED
59938,120878.0,1945-04-02,12,FRANCE,RR,"""RR INSTALLATIONS,  TRACKS,  MARSHALLING YARDS,  AND STATIONS""",44.67,6.33,A20,4.0,1.0,50.0,,,,,NOT INDICATED
59594,120879.0,1945-04-02,12,FRANCE,RR,"""RR INSTALLATIONS,  TRACKS,  MARSHALLING YARDS,  AND STATIONS""",44.67,6.33,A20,4.0,1.0,120.0,1.0,,,1.0,NOT INDICATED
59924,120880.0,1945-04-02,12,FRANCE,RR,"""RR INSTALLATIONS,  TRACKS,  MARSHALLING YARDS,  AND STATIONS""",44.67,6.33,A20,4.0,1.0,80.0,,,1.0,1.0,NOT INDICATED
59925,120881.0,1945-04-02,12,FRANCE,RR,"""RR INSTALLATIONS,  TRACKS,  MARSHALLING YARDS,  AND STATIONS""",44.67,6.33,A20,4.0,1.0,80.0,,,,,NOT INDICATED
59935,120882.0,1945-04-02,12,FRANCE,RR,"""RR INSTALLATIONS,  TRACKS,  MARSHALLING YARDS,  AND STATIONS""",44.67,6.33,A20,4.0,1.0,65.0,,,1.0,1.0,NOT INDICATED
59901,120883.0,1945-04-02,12,FRANCE,RR,"""RR INSTALLATIONS,  TRACKS,  MARSHALLING YARDS,  AND STATIONS""",44.67,6.33,A20,4.0,1.0,110.0,,,1.0,1.0,NOT INDICATED
59902,120884.0,1945-04-02,12,FRANCE,RR,"""RR INSTALLATIONS,  TRACKS,  MARSHALLING YARDS,  AND STATIONS""",44.67,6.33,A20,4.0,1.0,110.0,,,1.0,1.0,NOT INDICATED
59920,120885.0,1945-04-02,12,FRANCE,RR,"""RR INSTALLATIONS,  TRACKS,  MARSHALLING YARDS,  AND STATIONS""",44.67,6.33,A20,4.0,1.0,100.0,,,2.0,2.0,NOT INDICATED
59903,120886.0,1945-04-02,12,FRANCE,RR,"""RR INSTALLATIONS,  TRACKS,  MARSHALLING YARDS,  AND STATIONS""",44.67,6.33,A20,4.0,1.0,110.0,1.0,,,1.0,NOT INDICATED
59952,120887.0,1945-04-02,12,FRANCE,RR,"""RR INSTALLATIONS,  TRACKS,  MARSHALLING YARDS,  AND STATIONS""",44.67,6.33,A20,4.0,1.0,,,,,,NOT INDICATED
59940,120888.0,1945-04-02,12,FRANCE,RR,"""RR INSTALLATIONS,  TRACKS,  MARSHALLING YARDS,  AND STATIONS""",44.67,6.33,A20,4.0,1.0,45.0,,,,,NOT INDICATED
59926,120889.0,1945-04-02,12,FRANCE,RR,"""RR INSTALLATIONS,  TRACKS,  MARSHALLING YARDS,  AND STATIONS""",44.67,6.33,A26,4.0,1.0,80.0,,,1.0,1.0,NOT INDICATED
59904,120890.0,1945-04-02,12,FRANCE,RR,"""RR INSTALLATIONS,  TRACKS,  MARSHALLING YARDS,  AND STATIONS""",44.67,6.33,A26,4.0,1.0,110.0,2.0,,,2.0,NOT INDICATED
59927,120891.0,1945-04-02,12,FRANCE,RR,"""RR INSTALLATIONS,  TRACKS,  MARSHALLING YARDS,  AND STATIONS""",44.67,6.33,A26,4.0,1.0,80.0,2.0,,,2.0,NOT INDICATED
59905,120892.0,1945-04-02,12,FRANCE,RR,"""RR INSTALLATIONS,  TRACKS,  MARSHALLING YARDS,  AND STATIONS""",44.67,6.33,A26,4.0,1.0,110.0,2.0,,,2.0,NOT INDICATED
59921,120893.0,1945-04-02,12,FRANCE,RR,"""RR INSTALLATIONS,  TRACKS,  MARSHALLING YARDS,  AND STATIONS""",44.67,6.33,A26,4.0,1.0,100.0,2.0,,,2.0,NOT INDICATED
59906,120894.0,1945-04-02,12,FRANCE,RR,"""RR INSTALLATIONS,  TRACKS,  MARSHALLING YARDS,  AND STATIONS""",44.67,6.33,A26,4.0,1.0,110.0,2.0,,,2.0,NOT INDICATED
59907,120895.0,1945-04-02,12,FRANCE,RR,"""RR INSTALLATIONS,  TRACKS,  MARSHALLING YARDS,  AND STATIONS""",44.67,6.33,A26,4.0,1.0,110.0,2.0,,,2.0,NOT INDICATED
59908,120896.0,1945-04-02,12,FRANCE,RR,"""RR INSTALLATIONS,  TRACKS,  MARSHALLING YARDS,  AND STATIONS""",44.67,6.33,A26,4.0,1.0,110.0,2.0,,,2.0,NOT INDICATED
59909,120897.0,1945-04-02,12,FRANCE,RR,"""RR INSTALLATIONS,  TRACKS,  MARSHALLING YARDS,  AND STATIONS""",44.67,6.33,A26,4.0,1.0,110.0,2.0,,,2.0,NOT INDICATED
59568,190728.0,1945-04-02,15,AUSTRIA,UNIDENTIFIED TARGET,UNIDENTIFIED TARGETS,47.07,15.43,B17,4.0,26.0,240.0,76.0,,,76.0,VISUAL
59584,190729.0,1945-04-02,15,AUSTRIA,UNIDENTIFIED TARGET,UNIDENTIFIED TARGETS,48.42,15.62,B24,3.0,1.0,,3.0,,,3.0,VISUAL
59569,190733.0,1945-04-02,15,AUSTRIA,UNIDENTIFIED TARGET,UNIDENTIFIED TARGETS,47.07,15.43,B17,4.0,26.0,240.0,76.0,,,76.0,VISUAL
59582,190734.0,1945-04-02,15,AUSTRIA,UNIDENTIFIED TARGET,UNIDENTIFIED TARGETS,48.42,15.62,B24,3.0,1.0,,3.0,,,3.0,VISUAL
59585,190745.0,1945-04-02,12,AUSTRIA,RR,"""RR INSTALLATIONS,  TRACKS,  MARSHALLING YARDS,  AND STATIONS""",46.63,14.3,B24,4.0,1.0,175.0,3.0,,,3.0,VISUAL
59577,190746.0,1945-04-02,15,AUSTRIA,MARSHALLING YARDS,"""RR INSTALLATIONS,  TRACKS,  MARSHALLING YARDS,  AND STATIONS""",48.42,15.62,B24,4.0,24.0,168.0,56.0,,,56.0,VISUAL
59572,190747.0,1945-04-02,15,AUSTRIA,MARSHALLING YARDS,"""RR INSTALLATIONS,  TRACKS,  MARSHALLING YARDS,  AND STATIONS""",48.42,15.62,B24,4.0,27.0,175.0,63.0,,,63.0,VISUAL
59575,190748.0,1945-04-02,15,AUSTRIA,MARSHALLING YARDS,"""RR INSTALLATIONS,  TRACKS,  MARSHALLING YARDS,  AND STATIONS""",48.42,15.62,B24,4.0,27.0,170.0,66.0,,,66.0,VISUAL
59576,190749.0,1945-04-02,15,AUSTRIA,RR CARS,MOVING TRAINS & ROLLING STOCK,48.42,15.62,B24,4.0,27.0,170.0,64.0,,,64.0,VISUAL
59581,190750.0,1945-04-02,15,AUSTRIA,MARSHALLING YARD,"""RR INSTALLATIONS,  TRACKS,  MARSHALLING YARDS,  AND STATIONS""",46.78,15.53,B24,4.0,1.0,140.0,2.0,,,2.0,VISUAL
59578,190751.0,1945-04-02,15,AUSTRIA,MARSHALLING YARDS,"""RR INSTALLATIONS,  TRACKS,  MARSHALLING YARDS,  AND STATIONS""",48.22,15.63,B24,4.0,29.0,165.0,70.0,,,70.0,VISUAL
59571,190752.0,1945-04-02,15,AUSTRIA,MARSHALLING YARDS,"""RR INSTALLATIONS,  TRACKS,  MARSHALLING YARDS,  AND STATIONS""",48.22,15.63,B24,4.0,28.0,180.0,66.0,,,66.0,VISUAL
59570,190753.0,1945-04-02,15,AUSTRIA,MARSHALLING YARDS,"""RR INSTALLATIONS,  TRACKS,  MARSHALLING YARDS,  AND STATIONS""",48.22,15.63,B24,4.0,27.0,190.0,66.0,,,66.0,VISUAL
59579,190754.0,1945-04-02,15,AUSTRIA,BRIDGE,BRIDGES,46.75,15.55,B24,4.0,32.0,160.0,78.0,,,78.0,VISUAL
59574,190755.0,1945-04-02,15,AUSTRIA,BRIDGE,BRIDGES,46.75,15.55,B24,4.0,23.0,172.0,53.0,,,53.0,VISUAL
59573,190756.0,1945-04-02,15,AUSTRIA,BRIDGE,BRIDGES,46.75,15.55,B24,4.0,37.0,173.0,76.0,,,76.0,VISUAL
59580,190757.0,1945-04-02,15,AUSTRIA,BRIDGE,BRIDGES,46.75,15.55,B24,4.0,33.0,150.0,79.0,,,79.0,VISUAL
59943,220402.0,1945-04-02,12,AUSTRIA,RR BRIDGE,BRIDGES,46.77,12.98,B25,4.0,,,3.0,,,3.0,NOT INDICATED
59589,220403.0,1945-04-02,12,AUSTRIA,RR BRIDGE,BRIDGES,46.77,12.98,B25,4.0,17.0,120.0,31.0,,,31.0,NOT INDICATED
59946,220404.0,1945-04-02,12,AUSTRIA,RR BRIDGE,BRIDGES,47.13,11.45,B25,4.0,,,4.0,,,4.0,NOT INDICATED
59947,220405.0,1945-04-02,12,AUSTRIA,RR BRIDGE,BRIDGES,47.13,11.45,B25,4.0,,,4.0,,,4.0,NOT INDICATED
59599,220406.0,1945-04-02,12,AUSTRIA,RR BRIDGE,BRIDGES,47.13,11.45,B25,4.0,17.0,110.0,29.0,,,29.0,NOT INDICATED
59591,220407.0,1945-04-02,12,AUSTRIA,RR BRIDGE,BRIDGES,47.13,11.45,B25,4.0,18.0,120.0,32.0,,,32.0,NOT INDICATED
59949,220408.0,1945-04-02,12,AUSTRIA,RR BRIDGE,BRIDGES,47.53,14.1,B25,4.0,,,2.0,,,2.0,NOT INDICATED
59587,220409.0,1945-04-02,12,AUSTRIA,RR BRIDGE,BRIDGES,47.53,14.1,B25,4.0,18.0,124.0,35.0,,,35.0,NOT INDICATED
59933,220410.0,1945-04-02,12,FRANCE,RR,"""RR INSTALLATIONS,  TRACKS,  MARSHALLING YARDS,  AND STATIONS""",44.67,6.33,A20,4.0,,70.0,,,,,NOT INDICATED
59953,220411.0,1945-04-02,12,FRANCE,RR,"""RR INSTALLATIONS,  TRACKS,  MARSHALLING YARDS,  AND STATIONS""",44.67,6.33,A20,4.0,,,,,1.0,1.0,NOT INDICATED
59936,220412.0,1945-04-02,12,FRANCE,RR,"""RR INSTALLATIONS,  TRACKS,  MARSHALLING YARDS,  AND STATIONS""",44.67,6.33,A20,4.0,,65.0,,,,,NOT INDICATED
59954,220413.0,1945-04-02,12,FRANCE,RR,"""RR INSTALLATIONS,  TRACKS,  MARSHALLING YARDS,  AND STATIONS""",44.67,6.33,A20,4.0,,,,,,,NOT INDICATED
59910,220414.0,1945-04-02,12,FRANCE,RR,"""RR INSTALLATIONS,  TRACKS,  MARSHALLING YARDS,  AND STATIONS""",44.67,6.33,A20,4.0,1.0,110.0,1.0,,,1.0,NOT INDICATED
59595,220415.0,1945-04-02,12,FRANCE,RR,"""RR INSTALLATIONS,  TRACKS,  MARSHALLING YARDS,  AND STATIONS""",44.67,6.33,A20,4.0,1.0,120.0,1.0,,,1.0,NOT INDICATED
59596,220416.0,1945-04-02,12,FRANCE,RR,"""RR INSTALLATIONS,  TRACKS,  MARSHALLING YARDS,  AND STATIONS""",44.67,6.33,A20,4.0,1.0,120.0,1.0,,,1.0,NOT INDICATED
59939,220417.0,1945-04-02,12,FRANCE,RR,"""RR INSTALLATIONS,  TRACKS,  MARSHALLING YARDS,  AND STATIONS""",44.67,6.33,A20,4.0,1.0,50.0,,,,,NOT INDICATED
59597,220418.0,1945-04-02,12,FRANCE,RR,"""RR INSTALLATIONS,  TRACKS,  MARSHALLING YARDS,  AND STATIONS""",44.67,6.33,A20,4.0,1.0,120.0,1.0,,,1.0,NOT INDICATED
59928,220419.0,1945-04-02,12,FRANCE,RR,"""RR INSTALLATIONS,  TRACKS,  MARSHALLING YARDS,  AND STATIONS""",44.67,6.33,A20,4.0,1.0,80.0,,,1.0,1.0,NOT INDICATED
59929,220420.0,1945-04-02,12,FRANCE,RR,"""RR INSTALLATIONS,  TRACKS,  MARSHALLING YARDS,  AND STATIONS""",44.67,6.33,A20,4.0,1.0,80.0,,,,,NOT INDICATED
59937,220421.0,1945-04-02,12,FRANCE,RR,"""RR INSTALLATIONS,  TRACKS,  MARSHALLING YARDS,  AND STATIONS""",44.67,6.33,A20,4.0,1.0,65.0,,,1.0,1.0,NOT INDICATED
59911,220422.0,1945-04-02,12,FRANCE,RR,"""RR INSTALLATIONS,  TRACKS,  MARSHALLING YARDS,  AND STATIONS""",44.67,6.33,A20,4.0,1.0,110.0,,,1.0,1.0,NOT INDICATED
59912,220423.0,1945-04-02,12,FRANCE,RR,"""RR INSTALLATIONS,  TRACKS,  MARSHALLING YARDS,  AND STATIONS""",44.67,6.33,A20,4.0,1.0,110.0,,,1.0,1.0,NOT INDICATED
59922,220424.0,1945-04-02,12,FRANCE,RR,"""RR INSTALLATIONS,  TRACKS,  MARSHALLING YARDS,  AND STATIONS""",44.67,6.33,A20,4.0,1.0,100.0,,,2.0,2.0,NOT INDICATED
59913,220425.0,1945-04-02,12,FRANCE,RR,"""RR INSTALLATIONS,  TRACKS,  MARSHALLING YARDS,  AND STATIONS""",44.67,6.33,A20,4.0,1.0,110.0,1.0,,,1.0,NOT INDICATED
59955,220426.0,1945-04-02,12,FRANCE,RR,"""RR INSTALLATIONS,  TRACKS,  MARSHALLING YARDS,  AND STATIONS""",44.67,6.33,A20,4.0,1.0,,,,,,NOT INDICATED
59941,220427.0,1945-04-02,12,FRANCE,RR,"""RR INSTALLATIONS,  TRACKS,  MARSHALLING YARDS,  AND STATIONS""",44.67,6.33,A20,4.0,1.0,45.0,,,,,NOT INDICATED
59930,220428.0,1945-04-02,12,FRANCE,RR,"""RR INSTALLATIONS,  TRACKS,  MARSHALLING YARDS,  AND STATIONS""",44.67,6.33,A26,4.0,1.0,80.0,,,1.0,1.0,NOT INDICATED
59914,220429.0,1945-04-02,12,FRANCE,RR,"""RR INSTALLATIONS,  TRACKS,  MARSHALLING YARDS,  AND STATIONS""",44.67,6.33,A26,4.0,1.0,110.0,2.0,,,2.0,NOT INDICATED
59931,220430.0,1945-04-02,12,FRANCE,RR,"""RR INSTALLATIONS,  TRACKS,  MARSHALLING YARDS,  AND STATIONS""",44.67,6.33,A26,4.0,1.0,80.0,2.0,,,2.0,NOT INDICATED
59915,220431.0,1945-04-02,12,FRANCE,RR,"""RR INSTALLATIONS,  TRACKS,  MARSHALLING YARDS,  AND STATIONS""",44.67,6.33,A26,4.0,1.0,110.0,2.0,,,2.0,NOT INDICATED
59923,220432.0,1945-04-02,12,FRANCE,RR,"""RR INSTALLATIONS,  TRACKS,  MARSHALLING YARDS,  AND STATIONS""",44.67,6.33,A26,4.0,1.0,100.0,2.0,,,2.0,NOT INDICATED
59916,220433.0,1945-04-02,12,FRANCE,RR,"""RR INSTALLATIONS,  TRACKS,  MARSHALLING YARDS,  AND STATIONS""",44.67,6.33,A26,4.0,1.0,110.0,2.0,,,2.0,NOT INDICATED
59917,220434.0,1945-04-02,12,FRANCE,RR,"""RR INSTALLATIONS,  TRACKS,  MARSHALLING YARDS,  AND STATIONS""",44.67,6.33,A26,4.0,1.0,110.0,2.0,,,2.0,NOT INDICATED
59918,220435.0,1945-04-02,12,FRANCE,RR,"""RR INSTALLATIONS,  TRACKS,  MARSHALLING YARDS,  AND STATIONS""",44.67,6.33,A26,4.0,1.0,110.0,2.0,,,2.0,NOT INDICATED
59919,220436.0,1945-04-02,12,FRANCE,RR,"""RR INSTALLATIONS,  TRACKS,  MARSHALLING YARDS,  AND STATIONS""",44.67,6.33,A26,4.0,1.0,110.0,2.0,,,2.0,NOT INDICATED
61119,120968.0,1945-04-03,8,GERMANY,MARSHALLING YARD,"""RR INSTALLATIONS,  TRACKS,  MARSHALLING YARDS,  AND STATIONS""",50.88,8.77,A26,,,150.0,34.0,,,34.0,VISUAL
61117,120969.0,1945-04-03,8,GERMANY,MARSHALLING YARD,"""RR INSTALLATIONS,  TRACKS,  MARSHALLING YARDS,  AND STATIONS""",52.1,9.37,A26,,,160.0,,,34.0,34.0,VISUAL
61121,120970.0,1945-04-03,8,GERMANY,MARSHALLING YARD,"""RR INSTALLATIONS,  TRACKS,  MARSHALLING YARDS,  AND STATIONS""",52.1,9.37,A26,,,150.0,2.0,,,2.0,VISUAL
61113,120971.0,1945-04-03,8,GERMANY,MARSHALLING YARD,"""RR INSTALLATIONS,  TRACKS,  MARSHALLING YARDS,  AND STATIONS""",52.1,9.37,A26,,,165.0,76.0,,,76.0,VISUAL
61122,120972.0,1945-04-03,8,GERMANY,MARSHALLING YARD,"""RR INSTALLATIONS,  TRACKS,  MARSHALLING YARDS,  AND STATIONS""",52.1,9.37,B26,,,150.0,1.0,,,1.0,VISUAL
61115,120973.0,1945-04-03,8,GERMANY,MARSHALLING YARD,"""RR INSTALLATIONS,  TRACKS,  MARSHALLING YARDS,  AND STATIONS""",52.1,9.37,B26,,,163.0,1.0,,,1.0,VISUAL
61137,120974.0,1945-04-03,8,GERMANY,MARSHALLING YARD,"""RR INSTALLATIONS,  TRACKS,  MARSHALLING YARDS,  AND STATIONS""",52.1,9.37,B26,,,126.0,,,1.0,1.0,VISUAL
61139,120975.0,1945-04-03,8,GERMANY,MARSHALLING YARD,"""RR INSTALLATIONS,  TRACKS,  MARSHALLING YARDS,  AND STATIONS""",52.1,9.37,B26,,,125.0,64.0,,,64.0,VISUAL
61125,120976.0,1945-04-03,8,GERMANY,MARSHALLING YARDS,"""RR INSTALLATIONS,  TRACKS,  MARSHALLING YARDS,  AND STATIONS""",51.82,9.43,A26,,,150.0,40.0,,,40.0,VISUAL
61129,120977.0,1945-04-03,8,GERMANY,MARSHALLING YARDS,"""RR INSTALLATIONS,  TRACKS,  MARSHALLING YARDS,  AND STATIONS""",51.82,9.43,B26,,,140.0,2.0,,,2.0,VISUAL
61135,120978.0,1945-04-03,8,GERMANY,MARSHALLING YARDS,"""RR INSTALLATIONS,  TRACKS,  MARSHALLING YARDS,  AND STATIONS""",51.82,9.43,B26,,,135.0,2.0,,,2.0,VISUAL
61127,120979.0,1945-04-03,8,GERMANY,MARSHALLING YARDS,"""RR INSTALLATIONS,  TRACKS,  MARSHALLING YARDS,  AND STATIONS""",51.82,9.43,B26,,,143.0,1.0,,,1.0,VISUAL
61130,120980.0,1945-04-03,8,GERMANY,MARSHALLING YARDS,"""RR INSTALLATIONS,  TRACKS,  MARSHALLING YARDS,  AND STATIONS""",51.82,9.43,B26,,,140.0,1.0,,,1.0,VISUAL
61141,120981.0,1945-04-03,8,GERMANY,MARSHALLING YARDS,"""RR INSTALLATIONS,  TRACKS,  MARSHALLING YARDS,  AND STATIONS""",51.82,9.43,B26,,,,63.0,,,63.0,VISUAL
61131,120982.0,1945-04-03,8,GERMANY,MARSHALLING YARDS,"""RR INSTALLATIONS,  TRACKS,  MARSHALLING YARDS,  AND STATIONS""",51.82,9.43,B26,,,140.0,26.0,,,26.0,VISUAL
61142,120983.0,1945-04-03,8,GERMANY,MARSHALLING YARDS,"""RR INSTALLATIONS,  TRACKS,  MARSHALLING YARDS,  AND STATIONS""",51.82,9.43,B26,,,,54.0,,,54.0,VISUAL
61120,220509.0,1945-04-03,8,GERMANY,MARSHALLING YARD,"""RR INSTALLATIONS,  TRACKS,  MARSHALLING YARDS,  AND STATIONS""",50.88,8.77,A26,,,150.0,34.0,,,34.0,VISUAL
61118,220510.0,1945-04-03,8,GERMANY,MARSHALLING YARD,"""RR INSTALLATIONS,  TRACKS,  MARSHALLING YARDS,  AND STATIONS""",52.1,9.37,A26,,,160.0,,,34.0,34.0,VISUAL
61123,220511.0,1945-04-03,8,GERMANY,MARSHALLING YARD,"""RR INSTALLATIONS,  TRACKS,  MARSHALLING YARDS,  AND STATIONS""",52.1,9.37,A26,,,150.0,2.0,,,2.0,VISUAL
61114,220512.0,1945-04-03,8,GERMANY,MARSHALLING YARD,"""RR INSTALLATIONS,  TRACKS,  MARSHALLING YARDS,  AND STATIONS""",52.1,9.37,A26,,,165.0,76.0,,,76.0,VISUAL
61124,220513.0,1945-04-03,8,GERMANY,MARSHALLING YARD,"""RR INSTALLATIONS,  TRACKS,  MARSHALLING YARDS,  AND STATIONS""",52.1,9.37,B26,,,150.0,1.0,,,1.0,VISUAL
61116,220514.0,1945-04-03,8,GERMANY,MARSHALLING YARD,"""RR INSTALLATIONS,  TRACKS,  MARSHALLING YARDS,  AND STATIONS""",52.1,9.37,B26,,,163.0,1.0,,,1.0,VISUAL
61138,220515.0,1945-04-03,8,GERMANY,MARSHALLING YARD,"""RR INSTALLATIONS,  TRACKS,  MARSHALLING YARDS,  AND STATIONS""",52.1,9.37,B26,,,126.0,,,1.0,1.0,VISUAL
61140,220516.0,1945-04-03,8,GERMANY,MARSHALLING YARD,"""RR INSTALLATIONS,  TRACKS,  MARSHALLING YARDS,  AND STATIONS""",52.1,9.37,B26,,,125.0,64.0,,,64.0,VISUAL
61126,220517.0,1945-04-03,8,GERMANY,MARSHALLING YARDS,"""RR INSTALLATIONS,  TRACKS,  MARSHALLING YARDS,  AND STATIONS""",51.82,9.43,A26,,,150.0,40.0,,,40.0,VISUAL
61132,220518.0,1945-04-03,8,GERMANY,MARSHALLING YARDS,"""RR INSTALLATIONS,  TRACKS,  MARSHALLING YARDS,  AND STATIONS""",51.82,9.43,B26,,,140.0,2.0,,,2.0,VISUAL
61136,220519.0,1945-04-03,8,GERMANY,MARSHALLING YARDS,"""RR INSTALLATIONS,  TRACKS,  MARSHALLING YARDS,  AND STATIONS""",51.82,9.43,B26,,,135.0,2.0,,,2.0,VISUAL
61128,220520.0,1945-04-03,8,GERMANY,MARSHALLING YARDS,"""RR INSTALLATIONS,  TRACKS,  MARSHALLING YARDS,  AND STATIONS""",51.82,9.43,B26,,,143.0,1.0,,,1.0,VISUAL
61133,220521.0,1945-04-03,8,GERMANY,MARSHALLING YARDS,"""RR INSTALLATIONS,  TRACKS,  MARSHALLING YARDS,  AND STATIONS""",51.82,9.43,B26,,,140.0,1.0,,,1.0,VISUAL
61143,220522.0,1945-04-03,8,GERMANY,MARSHALLING YARDS,"""RR INSTALLATIONS,  TRACKS,  MARSHALLING YARDS,  AND STATIONS""",51.82,9.43,B26,,,,63.0,,,63.0,VISUAL
61134,220523.0,1945-04-03,8,GERMANY,MARSHALLING YARDS,"""RR INSTALLATIONS,  TRACKS,  MARSHALLING YARDS,  AND STATIONS""",51.82,9.43,B26,,,140.0,26.0,,,26.0,VISUAL
61144,220524.0,1945-04-03,8,GERMANY,MARSHALLING YARDS,"""RR INSTALLATIONS,  TRACKS,  MARSHALLING YARDS,  AND STATIONS""",51.82,9.43,B26,,,,54.0,,,54.0,VISUAL
61937,120988.0,1945-04-04,12,AUSTRIA,RR BRIDGE,BRIDGES,46.77,12.98,B25,4.0,,,2.0,,,2.0,NOT INDICATED
61917,120989.0,1945-04-04,12,AUSTRIA,RR BRIDGE,BRIDGES,46.77,12.98,B25,4.0,23.0,120.0,43.0,,,43.0,NOT INDICATED
61939,120997.0,1945-04-04,12,FRANCE,RR,"""RR INSTALLATIONS,  TRACKS,  MARSHALLING YARDS,  AND STATIONS""",44.67,6.33,A26,4.0,,,1.0,,,1.0,NOT INDICATED
61940,120998.0,1945-04-04,12,FRANCE,RR,"""RR INSTALLATIONS,  TRACKS,  MARSHALLING YARDS,  AND STATIONS""",44.67,6.33,A26,4.0,,,1.0,,,1.0,NOT INDICATED
61935,120999.0,1945-04-04,12,FRANCE,RR,"""RR INSTALLATIONS,  TRACKS,  MARSHALLING YARDS,  AND STATIONS""",44.67,6.33,A26,4.0,1.0,30.0,,,,,NOT INDICATED
61933,121000.0,1945-04-04,12,FRANCE,RR,"""RR INSTALLATIONS,  TRACKS,  MARSHALLING YARDS,  AND STATIONS""",44.67,6.33,A26,4.0,1.0,45.0,,,2.0,2.0,NOT INDICATED
61919,121001.0,1945-04-04,12,FRANCE,RR,"""RR INSTALLATIONS,  TRACKS,  MARSHALLING YARDS,  AND STATIONS""",44.67,6.33,A26,4.0,1.0,100.0,,,2.0,2.0,NOT INDICATED
61929,121002.0,1945-04-04,12,FRANCE,RR,"""RR INSTALLATIONS,  TRACKS,  MARSHALLING YARDS,  AND STATIONS""",44.67,6.33,A26,4.0,1.0,70.0,,,,,NOT INDICATED
61925,121003.0,1945-04-04,12,FRANCE,RR,"""RR INSTALLATIONS,  TRACKS,  MARSHALLING YARDS,  AND STATIONS""",44.67,6.33,A26,4.0,1.0,80.0,2.0,,,2.0,NOT INDICATED
61926,121004.0,1945-04-04,12,FRANCE,RR,"""RR INSTALLATIONS,  TRACKS,  MARSHALLING YARDS,  AND STATIONS""",44.67,6.33,A26,4.0,1.0,80.0,,,,,NOT INDICATED
61920,121005.0,1945-04-04,12,FRANCE,RR,"""RR INSTALLATIONS,  TRACKS,  MARSHALLING YARDS,  AND STATIONS""",44.67,6.33,A20,4.0,1.0,100.0,2.0,,,2.0,NOT INDICATED
61931,121006.0,1945-04-04,12,FRANCE,RR,"""RR INSTALLATIONS,  TRACKS,  MARSHALLING YARDS,  AND STATIONS""",44.67,6.33,A20,4.0,1.0,55.0,,,,,NOT INDICATED
61921,121007.0,1945-04-04,12,FRANCE,RR,"""RR INSTALLATIONS,  TRACKS,  MARSHALLING YARDS,  AND STATIONS""",44.67,6.33,A20,4.0,1.0,100.0,1.0,,,1.0,NOT INDICATED
61957,121016.0,1945-04-04,8,GERMANY,MARSHALLING YARD,"""RR INSTALLATIONS,  TRACKS,  MARSHALLING YARDS,  AND STATIONS""",49.15,10.12,A26,,,130.0,62.0,,,62.0,VISUAL
61970,121017.0,1945-04-04,8,GERMANY,MARSHALLING YARD,"""RR INSTALLATIONS,  TRACKS,  MARSHALLING YARDS,  AND STATIONS""",49.15,10.12,B26,,,128.0,2.0,,,2.0,VISUAL
61949,121018.0,1945-04-04,8,GERMANY,MARSHALLING YARD,"""RR INSTALLATIONS,  TRACKS,  MARSHALLING YARDS,  AND STATIONS""",49.15,10.12,B26,,,135.0,,,1.0,1.0,VISUAL
61958,121019.0,1945-04-04,8,GERMANY,MARSHALLING YARD,"""RR INSTALLATIONS,  TRACKS,  MARSHALLING YARDS,  AND STATIONS""",49.15,10.12,B26,,,130.0,2.0,,,2.0,VISUAL
61972,121055.0,1945-04-04,8,GERMANY,AIRDROME,AIR FIELDS AND AIRDROMES,52.7,10.5,B17,3.0,12.0,124.0,24.0,18.0,,42.0,VISUAL
61980,121056.0,1945-04-04,8,GERMANY,AIRDROME,AIR FIELDS AND AIRDROMES,52.7,10.5,B17,3.0,13.0,115.0,26.0,13.0,,39.0,VISUAL
61977,121088.0,1945-04-04,8,GERMANY,BARRACKS,TROOP CONCENTRATIONS,49.15,10.12,A26,,,115.0,72.0,,,72.0,VISUAL
61959,121089.0,1945-04-04,8,GERMANY,BARRACKS,TROOP CONCENTRATIONS,49.15,10.12,A26,,,130.0,,2.0,,2.0,VISUAL
61960,121090.0,1945-04-04,8,GERMANY,BARRACKS,TROOP CONCENTRATIONS,49.15,10.12,A26,,,130.0,,57.0,,57.0,VISUAL
61968,121091.0,1945-04-04,8,GERMANY,COMMUNICATION CENTER,TACTICAL TARGETS: (UNIDENTIFIED OR NOT LISTED BELOW),49.18,10.37,B26,,,130.0,30.0,,,30.0,GEE
61985,121099.0,1945-04-04,8,GERMANY,TOWN,CITIES TOWNS AND URBAN AREAS,48.97,10.13,B26,,,13.0,30.0,,,30.0,GEE
61966,121103.0,1945-04-04,8,GERMANY,TOWN,CITIES TOWNS AND URBAN AREAS,48.97,10.13,B26,,,130.0,30.0,,,30.0,GEE
61986,190760.0,1945-04-04,8,GERMANY,TOWN,CITIES TOWNS AND URBAN AREAS,48.97,10.13,B26,,,13.0,30.0,,,30.0,GEE
61967,190764.0,1945-04-04,8,GERMANY,TOWN,CITIES TOWNS AND URBAN AREAS,48.97,10.13,B26,,,130.0,30.0,,,30.0,GEE
61951,190767.0,1945-04-04,8,GERMANY,OIL STOR,OIL STORAGE FACILITIES AND OTHER OIL INSTALLATIONS,49.87,10.5,B26,,,135.0,1.0,,,1.0,VISUAL
61965,190768.0,1945-04-04,8,GERMANY,OIL STOR,OIL STORAGE FACILITIES AND OTHER OIL INSTALLATIONS,49.87,10.5,B26,,,130.0,1.0,,,1.0,VISUAL
61952,190769.0,1945-04-04,8,GERMANY,OIL STOR,OIL STORAGE FACILITIES AND OTHER OIL INSTALLATIONS,49.87,10.5,B26,,,135.0,2.0,,,2.0,VISUAL
61953,190770.0,1945-04-04,8,GERMANY,OIL STOR,OIL STORAGE FACILITIES AND OTHER OIL INSTALLATIONS,49.87,10.5,B26,,,135.0,,,1.0,1.0,VISUAL
61954,190771.0,1945-04-04,8,GERMANY,OIL STOR,OIL STORAGE FACILITIES AND OTHER OIL INSTALLATIONS,49.87,10.5,B26,,,135.0,1.0,,,1.0,VISUAL
61955,190772.0,1945-04-04,8,GERMANY,OIL STOR,OIL STORAGE FACILITIES AND OTHER OIL INSTALLATIONS,49.87,10.5,B26,,,135.0,,,54.0,54.0,VISUAL
61975,190773.0,1945-04-04,8,GERMANY,OIL STOR,OIL STORAGE FACILITIES AND OTHER OIL INSTALLATIONS,49.87,10.5,B26,,,120.0,50.0,,,50.0,VISUAL
61956,190774.0,1945-04-04,8,GERMANY,OIL STOR,OIL STORAGE FACILITIES AND OTHER OIL INSTALLATIONS,49.87,10.5,B26,,,135.0,51.0,,,51.0,VISUAL
61976,190775.0,1945-04-04,8,GERMANY,OIL STOR,OIL STORAGE FACILITIES AND OTHER OIL INSTALLATIONS,49.87,10.5,B26,,,120.0,44.0,,,44.0,VISUAL
61938,220610.0,1945-04-04,12,AUSTRIA,RR BRIDGE,BRIDGES,46.77,12.98,B25,4.0,,,2.0,,,2.0,NOT INDICATED
61918,220611.0,1945-04-04,12,AUSTRIA,RR BRIDGE,BRIDGES,46.77,12.98,B25,4.0,23.0,120.0,43.0,,,43.0,NOT INDICATED
61941,220612.0,1945-04-04,12,FRANCE,RR,"""RR INSTALLATIONS,  TRACKS,  MARSHALLING YARDS,  AND STATIONS""",44.67,6.33,A26,4.0,,,1.0,,,1.0,NOT INDICATED
61942,220613.0,1945-04-04,12,FRANCE,RR,"""RR INSTALLATIONS,  TRACKS,  MARSHALLING YARDS,  AND STATIONS""",44.67,6.33,A26,4.0,,,1.0,,,1.0,NOT INDICATED
61936,220614.0,1945-04-04,12,FRANCE,RR,"""RR INSTALLATIONS,  TRACKS,  MARSHALLING YARDS,  AND STATIONS""",44.67,6.33,A26,4.0,1.0,30.0,,,,,NOT INDICATED
61934,220615.0,1945-04-04,12,FRANCE,RR,"""RR INSTALLATIONS,  TRACKS,  MARSHALLING YARDS,  AND STATIONS""",44.67,6.33,A26,4.0,1.0,45.0,,,2.0,2.0,NOT INDICATED
61922,220616.0,1945-04-04,12,FRANCE,RR,"""RR INSTALLATIONS,  TRACKS,  MARSHALLING YARDS,  AND STATIONS""",44.67,6.33,A26,4.0,1.0,100.0,,,2.0,2.0,NOT INDICATED
61930,220617.0,1945-04-04,12,FRANCE,RR,"""RR INSTALLATIONS,  TRACKS,  MARSHALLING YARDS,  AND STATIONS""",44.67,6.33,A26,4.0,1.0,70.0,,,,,NOT INDICATED
61927,220618.0,1945-04-04,12,FRANCE,RR,"""RR INSTALLATIONS,  TRACKS,  MARSHALLING YARDS,  AND STATIONS""",44.67,6.33,A26,4.0,1.0,80.0,2.0,,,2.0,NOT INDICATED
61928,220619.0,1945-04-04,12,FRANCE,RR,"""RR INSTALLATIONS,  TRACKS,  MARSHALLING YARDS,  AND STATIONS""",44.67,6.33,A26,4.0,1.0,80.0,,,,,NOT INDICATED
61923,220620.0,1945-04-04,12,FRANCE,RR,"""RR INSTALLATIONS,  TRACKS,  MARSHALLING YARDS,  AND STATIONS""",44.67,6.33,A20,4.0,1.0,100.0,2.0,,,2.0,NOT INDICATED
61932,220621.0,1945-04-04,12,FRANCE,RR,"""RR INSTALLATIONS,  TRACKS,  MARSHALLING YARDS,  AND STATIONS""",44.67,6.33,A20,4.0,1.0,55.0,,,,,NOT INDICATED
61924,220622.0,1945-04-04,12,FRANCE,RR,"""RR INSTALLATIONS,  TRACKS,  MARSHALLING YARDS,  AND STATIONS""",44.67,6.33,A20,4.0,1.0,100.0,1.0,,,1.0,NOT INDICATED
61961,220623.0,1945-04-04,8,GERMANY,MARSHALLING YARD,"""RR INSTALLATIONS,  TRACKS,  MARSHALLING YARDS,  AND STATIONS""",49.15,10.12,A26,,,130.0,62.0,,,62.0,VISUAL
61971,220624.0,1945-04-04,8,GERMANY,MARSHALLING YARD,"""RR INSTALLATIONS,  TRACKS,  MARSHALLING YARDS,  AND STATIONS""",49.15,10.12,B26,,,128.0,2.0,,,2.0,VISUAL
61950,220625.0,1945-04-04,8,GERMANY,MARSHALLING YARD,"""RR INSTALLATIONS,  TRACKS,  MARSHALLING YARDS,  AND STATIONS""",49.15,10.12,B26,,,135.0,,,1.0,1.0,VISUAL
61962,220626.0,1945-04-04,8,GERMANY,MARSHALLING YARD,"""RR INSTALLATIONS,  TRACKS,  MARSHALLING YARDS,  AND STATIONS""",49.15,10.12,B26,,,130.0,2.0,,,2.0,VISUAL
61973,220715.0,1945-04-04,8,GERMANY,AIRDROME,AIR FIELDS AND AIRDROMES,52.7,10.5,B17,3.0,12.0,124.0,24.0,18.0,,42.0,VISUAL
61981,220716.0,1945-04-04,8,GERMANY,AIRDROME,AIR FIELDS AND AIRDROMES,52.7,10.5,B17,3.0,13.0,115.0,26.0,13.0,,39.0,VISUAL
61987,220751.0,1945-04-04,8,GERMANY,COMMUNICATION CENTER,TACTICAL TARGETS: (UNIDENTIFIED OR NOT LISTED BELOW),49.18,10.37,B26,,,13.0,30.0,,,30.0,GEE
61978,220752.0,1945-04-04,8,GERMANY,BARRACKS,TROOP CONCENTRATIONS,49.15,10.12,A26,,,115.0,72.0,,,72.0,VISUAL
61983,220753.0,1945-04-04,8,GERMANY,BARRACKS,TROOP CONCENTRATIONS,49.15,10.12,A26,,,13.0,,2.0,,2.0,VISUAL
61984,220754.0,1945-04-04,8,GERMANY,BARRACKS,TROOP CONCENTRATIONS,49.15,10.12,A26,,,13.0,,57.0,,57.0,VISUAL
61979,220758.0,1945-04-04,8,GERMANY,BARRACKS,TROOP CONCENTRATIONS,49.15,10.12,A26,,,115.0,72.0,,,72.0,VISUAL
61963,220759.0,1945-04-04,8,GERMANY,BARRACKS,TROOP CONCENTRATIONS,49.15,10.12,A26,,,130.0,,2.0,,2.0,VISUAL
61964,220760.0,1945-04-04,8,GERMANY,BARRACKS,TROOP CONCENTRATIONS,49.15,10.12,A26,,,130.0,,57.0,,57.0,VISUAL
61969,220761.0,1945-04-04,8,GERMANY,COMMUNICATION CENTER,TACTICAL TARGETS: (UNIDENTIFIED OR NOT LISTED BELOW),49.18,10.37,B26,,,130.0,30.0,,,30.0,GEE
61974,220766.0,1945-04-04,8,GERMANY,AIRDROME,AIR FIELDS AND AIRDROMES,52.7,10.5,B17,3.0,12.0,124.0,24.0,18.0,,42.0,VISUAL
61982,220767.0,1945-04-04,8,GERMANY,AIRDROME,AIR FIELDS AND AIRDROMES,52.7,10.5,B17,3.0,13.0,115.0,26.0,13.0,,39.0,VISUAL
63686,121104.0,1945-04-05,12,AUSTRIA,RR BRIDGE,BRIDGES,47.13,11.45,B25,4.0,,,3.0,,,3.0,NOT INDICATED
63682,121105.0,1945-04-05,12,AUSTRIA,RR BRIDGE,BRIDGES,47.13,11.45,B25,4.0,18.0,120.0,33.0,,,33.0,NOT INDICATED
63688,121106.0,1945-04-05,12,AUSTRIA,RR BRIDGE,BRIDGES,47.53,14.1,B25,4.0,,,3.0,,,3.0,NOT INDICATED
63680,121107.0,1945-04-05,12,AUSTRIA,RR BRIDGE,BRIDGES,47.53,14.1,B25,4.0,17.0,125.0,31.0,,,31.0,NOT INDICATED
63684,121111.0,1945-04-05,12,FRANCE,RR,"""RR INSTALLATIONS,  TRACKS,  MARSHALLING YARDS,  AND STATIONS""",44.67,6.33,A26,4.0,1.0,100.0,2.0,,,2.0,NOT INDICATED
64007,121191.0,1945-04-05,8,GERMANY,ORDNANCE DEPOT,SUPPLY DUMPS AND WAREHOUSES,48.92,12.67,B17,4.0,29.0,,58.0,29.0,,87.0,NOT INDICATED
64008,121192.0,1945-04-05,8,GERMANY,ORDNANCE DEPOT,SUPPLY DUMPS AND WAREHOUSES,48.92,12.67,B17,4.0,,,38.0,,,38.0,NOT INDICATED
63690,121193.0,1945-04-05,8,GERMANY,ORDNANCE DEPOT,SUPPLY DUMPS AND WAREHOUSES,48.92,12.67,B17,4.0,32.0,248.0,38.0,16.0,,54.0,VISUAL
64009,121194.0,1945-04-05,8,GERMANY,ORDNANCE DEPOT,SUPPLY DUMPS AND WAREHOUSES,48.92,12.67,B17,1.0,1.0,,2.0,1.0,,3.0,NOT INDICATED
64010,121195.0,1945-04-05,8,GERMANY,ORDNANCE DEPOT,SUPPLY DUMPS AND WAREHOUSES,48.92,12.67,B17,1.0,1.0,,2.0,2.0,,4.0,NOT INDICATED
64011,121196.0,1945-04-05,8,GERMANY,ORDNANCE DEPOT,SUPPLY DUMPS AND WAREHOUSES,48.92,12.67,B17,1.0,2.0,,3.0,3.0,,6.0,NOT INDICATED
64005,121232.0,1945-04-05,8,CZECHOSLOVAKIA,UNIDENTIFIED TARGET,UNIDENTIFIED TARGETS,50.08,12.37,B24,1.0,,,2.0,,,2.0,NOT INDICATED
64006,190776.0,1945-04-05,8,CZECHOSLOVAKIA,UNIDENTIFIED TARGET,UNIDENTIFIED TARGETS,50.08,12.37,B24,1.0,,,2.0,,,2.0,NOT INDICATED
64003,190782.0,1945-04-05,8,CZECHOSLOVAKIA,UNIDENTIFIED TARGET,UNIDENTIFIED TARGETS,50.08,12.37,B24,1.0,,,2.0,,,2.0,NOT INDICATED
64004,190783.0,1945-04-05,8,CZECHOSLOVAKIA,UNIDENTIFIED TARGET,UNIDENTIFIED TARGETS,50.08,12.37,B24,1.0,1.0,,3.0,,,3.0,NOT INDICATED
64022,190835.0,1945-04-05,8,GERMANY,MARSHALLING YARD,"""RR INSTALLATIONS,  TRACKS,  MARSHALLING YARDS,  AND STATIONS""",50.48,12.13,B24,3.0,1.0,,3.0,,,3.0,NOT INDICATED
63697,190836.0,1945-04-05,8,GERMANY,MARSHALLING YARD,"""RR INSTALLATIONS,  TRACKS,  MARSHALLING YARDS,  AND STATIONS""",50.48,12.13,B24,3.0,6.0,187.0,14.0,,,14.0,H2X
64023,190837.0,1945-04-05,8,GERMANY,MARSHALLING YARD,"""RR INSTALLATIONS,  TRACKS,  MARSHALLING YARDS,  AND STATIONS""",50.48,12.13,B24,3.0,1.0,,2.0,1.0,,3.0,NOT INDICATED
64024,190838.0,1945-04-05,8,GERMANY,MARSHALLING YARD,"""RR INSTALLATIONS,  TRACKS,  MARSHALLING YARDS,  AND STATIONS""",50.48,12.13,B24,3.0,,,3.0,,,3.0,NOT INDICATED
64025,190839.0,1945-04-05,8,GERMANY,MARSHALLING YARD,"""RR INSTALLATIONS,  TRACKS,  MARSHALLING YARDS,  AND STATIONS""",50.48,12.13,B24,3.0,1.0,,1.0,,,1.0,NOT INDICATED
63698,190840.0,1945-04-05,8,GERMANY,MARSHALLING YARD,"""RR INSTALLATIONS,  TRACKS,  MARSHALLING YARDS,  AND STATIONS""",50.48,12.13,B24,3.0,3.0,186.0,3.0,,,3.0,H2X
64026,190841.0,1945-04-05,8,GERMANY,MARSHALLING YARD,"""RR INSTALLATIONS,  TRACKS,  MARSHALLING YARDS,  AND STATIONS""",50.48,12.13,B24,3.0,,,15.0,,,15.0,NOT INDICATED
64027,190842.0,1945-04-05,8,GERMANY,MARSHALLING YARD,"""RR INSTALLATIONS,  TRACKS,  MARSHALLING YARDS,  AND STATIONS""",50.48,12.13,B24,3.0,1.0,,3.0,,,3.0,NOT INDICATED
63699,190843.0,1945-04-05,8,GERMANY,MARSHALLING YARD,"""RR INSTALLATIONS,  TRACKS,  MARSHALLING YARDS,  AND STATIONS""",50.48,12.13,B24,3.0,18.0,186.0,20.0,,,20.0,H2X
63700,190844.0,1945-04-05,8,GERMANY,MARSHALLING YARD,"""RR INSTALLATIONS,  TRACKS,  MARSHALLING YARDS,  AND STATIONS""",50.48,12.13,B24,3.0,28.0,180.0,64.0,,,64.0,H2X
63696,190845.0,1945-04-05,8,GERMANY,MARSHALLING YARD,"""RR INSTALLATIONS,  TRACKS,  MARSHALLING YARDS,  AND STATIONS""",50.48,12.13,B24,3.0,9.0,192.0,20.0,,,20.0,H2X
63695,190846.0,1945-04-05,8,GERMANY,MARSHALLING YARD,"""RR INSTALLATIONS,  TRACKS,  MARSHALLING YARDS,  AND STATIONS""",50.48,12.13,B24,3.0,9.0,195.0,22.0,,,22.0,H2X
64028,190847.0,1945-04-05,8,GERMANY,MARSHALLING YARD,"""RR INSTALLATIONS,  TRACKS,  MARSHALLING YARDS,  AND STATIONS""",50.48,12.13,B24,3.0,,,24.0,,,24.0,NOT INDICATED
64001,190848.0,1945-04-05,8,GERMANY,MARSHALLING YARD,"""RR INSTALLATIONS,  TRACKS,  MARSHALLING YARDS,  AND STATIONS""",50.48,12.13,B24,3.0,38.0,180.0,55.0,,,55.0,H2X
64002,190849.0,1945-04-05,8,GERMANY,MARSHALLING YARD,"""RR INSTALLATIONS,  TRACKS,  MARSHALLING YARDS,  AND STATIONS""",50.48,12.13,B24,3.0,6.0,180.0,14.0,,,14.0,H2X
63694,190850.0,1945-04-05,8,GERMANY,MARSHALLING YARD,"""RR INSTALLATIONS,  TRACKS,  MARSHALLING YARDS,  AND STATIONS""",50.48,12.13,B24,1.0,11.0,206.0,26.0,5.0,,31.0,H2X
63693,190851.0,1945-04-05,8,GERMANY,MARSHALLING YARD,"""RR INSTALLATIONS,  TRACKS,  MARSHALLING YARDS,  AND STATIONS""",50.48,12.13,B24,1.0,1.0,210.0,3.0,,,3.0,H2X
63687,220804.0,1945-04-05,12,AUSTRIA,RR BRIDGE,BRIDGES,47.13,11.45,B25,4.0,,,3.0,,,3.0,NOT INDICATED
63683,220805.0,1945-04-05,12,AUSTRIA,RR BRIDGE,BRIDGES,47.13,11.45,B25,4.0,18.0,120.0,33.0,,,33.0,NOT INDICATED
63689,220806.0,1945-04-05,12,AUSTRIA,RR BRIDGE,BRIDGES,47.53,14.1,B25,4.0,,,3.0,,,3.0,NOT INDICATED
63681,220807.0,1945-04-05,12,AUSTRIA,RR BRIDGE,BRIDGES,47.53,14.1,B25,4.0,17.0,125.0,31.0,,,31.0,NOT INDICATED
63685,220808.0,1945-04-05,12,FRANCE,RR,"""RR INSTALLATIONS,  TRACKS,  MARSHALLING YARDS,  AND STATIONS""",44.67,6.33,A26,4.0,1.0,100.0,2.0,,,2.0,NOT INDICATED
64012,220881.0,1945-04-05,8,GERMANY,ORDNANCE DEPOT,SUPPLY DUMPS AND WAREHOUSES,48.92,12.67,B17,4.0,29.0,,58.0,29.0,,87.0,NOT INDICATED
64013,220882.0,1945-04-05,8,GERMANY,ORDNANCE DEPOT,SUPPLY DUMPS AND WAREHOUSES,48.92,12.67,B17,4.0,,,38.0,,,38.0,NOT INDICATED
63691,220883.0,1945-04-05,8,GERMANY,ORDNANCE DEPOT,SUPPLY DUMPS AND WAREHOUSES,48.92,12.67,B17,4.0,32.0,248.0,38.0,16.0,,54.0,VISUAL
64014,220884.0,1945-04-05,8,GERMANY,ORDNANCE DEPOT,SUPPLY DUMPS AND WAREHOUSES,48.92,12.67,B17,1.0,1.0,,2.0,1.0,,3.0,NOT INDICATED
64015,220885.0,1945-04-05,8,GERMANY,ORDNANCE DEPOT,SUPPLY DUMPS AND WAREHOUSES,48.92,12.67,B17,1.0,1.0,,2.0,2.0,,4.0,NOT INDICATED
64016,220886.0,1945-04-05,8,GERMANY,ORDNANCE DEPOT,SUPPLY DUMPS AND WAREHOUSES,48.92,12.67,B17,1.0,2.0,,3.0,3.0,,6.0,NOT INDICATED
64017,220941.0,1945-04-05,8,GERMANY,ORDNANCE DEPOT,SUPPLY DUMPS AND WAREHOUSES,48.92,12.67,B17,4.0,29.0,,58.0,29.0,,87.0,NOT INDICATED
64018,220942.0,1945-04-05,8,GERMANY,ORDNANCE DEPOT,SUPPLY DUMPS AND WAREHOUSES,48.92,12.67,B17,4.0,,,38.0,,,38.0,NOT INDICATED
63692,220943.0,1945-04-05,8,GERMANY,ORDNANCE DEPOT,SUPPLY DUMPS AND WAREHOUSES,48.92,12.67,B17,4.0,32.0,248.0,38.0,16.0,,54.0,VISUAL
64019,220944.0,1945-04-05,8,GERMANY,ORDNANCE DEPOT,SUPPLY DUMPS AND WAREHOUSES,48.92,12.67,B17,1.0,1.0,,2.0,1.0,,3.0,NOT INDICATED
64020,220945.0,1945-04-05,8,GERMANY,ORDNANCE DEPOT,SUPPLY DUMPS AND WAREHOUSES,48.92,12.67,B17,1.0,1.0,,2.0,2.0,,4.0,NOT INDICATED
64021,220946.0,1945-04-05,8,GERMANY,ORDNANCE DEPOT,SUPPLY DUMPS AND WAREHOUSES,48.92,12.67,B17,1.0,2.0,,3.0,3.0,,6.0,NOT INDICATED
65740,121237.0,1945-04-06,12,FRANCE,RR,"""RR INSTALLATIONS,  TRACKS,  MARSHALLING YARDS,  AND STATIONS""",44.67,6.33,A20,4.0,1.0,120.0,1.0,,,1.0,NOT INDICATED
65776,121272.0,1945-04-06,8,GERMANY,MARSHALLING YARD,"""RR INSTALLATIONS,  TRACKS,  MARSHALLING YARDS,  AND STATIONS""",50.88,8.77,B26,,,148.0,2.0,,,2.0,VISUAL
65778,121273.0,1945-04-06,8,GERMANY,MARSHALLING YARD,"""RR INSTALLATIONS,  TRACKS,  MARSHALLING YARDS,  AND STATIONS""",50.88,8.77,A20,,,140.0,30.0,,,30.0,VISUAL
65780,121274.0,1945-04-06,8,GERMANY,MARSHALLING YARD,"""RR INSTALLATIONS,  TRACKS,  MARSHALLING YARDS,  AND STATIONS""",53.53,11.93,A20,,,140.0,11.0,,,11.0,VISUAL
65769,121275.0,1945-04-06,8,GERMANY,MARSHALLING YARD,"""RR INSTALLATIONS,  TRACKS,  MARSHALLING YARDS,  AND STATIONS""",53.53,11.93,A20,,,165.0,6.0,,,6.0,VISUAL
65751,121307.0,1945-04-06,8,GERMANY,ORDNANCE DEPOT,SUPPLY DUMPS AND WAREHOUSES,48.92,12.67,B24,3.0,22.0,221.0,40.0,,,40.0,H2X
65742,121308.0,1945-04-06,8,GERMANY,ORDNANCE DEPOT,SUPPLY DUMPS AND WAREHOUSES,48.92,12.67,B24,3.0,10.0,230.0,24.0,,,24.0,H2X
65782,121309.0,1945-04-06,8,GERMANY,ORDNANCE DEPOT,SUPPLY DUMPS AND WAREHOUSES,48.92,12.67,B24,3.0,,,1.0,40.0,,41.0,NOT INDICATED
65754,121310.0,1945-04-06,8,GERMANY,ORDNANCE DEPOT,SUPPLY DUMPS AND WAREHOUSES,48.92,12.67,B24,3.0,27.0,220.0,20.0,,,20.0,H2X
65755,121311.0,1945-04-06,8,GERMANY,ORDNANCE DEPOT,SUPPLY DUMPS AND WAREHOUSES,48.92,12.67,B24,3.0,21.0,220.0,46.0,,,46.0,H2X
65748,121312.0,1945-04-06,8,GERMANY,ORDNANCE DEPOT,SUPPLY DUMPS AND WAREHOUSES,48.92,12.67,B24,3.0,10.0,225.0,22.0,,,22.0,H2X
65783,121313.0,1945-04-06,8,GERMANY,ORDNANCE DEPOT,SUPPLY DUMPS AND WAREHOUSES,48.92,12.67,B24,3.0,,,2.0,,,2.0,NOT INDICATED
65756,121314.0,1945-04-06,8,GERMANY,ORDNANCE DEPOT,SUPPLY DUMPS AND WAREHOUSES,48.92,12.67,B24,3.0,27.0,220.0,45.0,4.0,,49.0,H2X
65767,121315.0,1945-04-06,8,GERMANY,ORDNANCE DEPOT,SUPPLY DUMPS AND WAREHOUSES,48.92,12.67,B24,3.0,26.0,218.0,59.0,,,59.0,H2X
65745,121316.0,1945-04-06,8,GERMANY,ORDNANCE DEPOT,SUPPLY DUMPS AND WAREHOUSES,48.92,12.67,B24,3.0,20.0,230.0,1.0,43.0,,44.0,H2X
65787,121317.0,1945-04-06,8,GERMANY,ORDNANCE DEPOT,SUPPLY DUMPS AND WAREHOUSES,48.92,12.67,B24,3.0,,,1.0,,,1.0,NOT INDICATED
65761,121318.0,1945-04-06,8,GERMANY,ORDNANCE DEPOT,SUPPLY DUMPS AND WAREHOUSES,48.92,12.67,B24,3.0,20.0,220.0,34.0,,,34.0,H2X
65771,190874.0,1945-04-06,8,GERMANY,MARSHALLING YARD,"""RR INSTALLATIONS,  TRACKS,  MARSHALLING YARDS,  AND STATIONS""",50.88,12.1,B17,4.0,13.0,156.0,22.0,7.0,,29.0,VISUAL
65772,190875.0,1945-04-06,8,GERMANY,MARSHALLING YARD,"""RR INSTALLATIONS,  TRACKS,  MARSHALLING YARDS,  AND STATIONS""",50.88,12.1,B17,4.0,12.0,156.0,27.0,6.0,,33.0,VISUAL
65791,190876.0,1945-04-06,8,GERMANY,MARSHALLING YARD,"""RR INSTALLATIONS,  TRACKS,  MARSHALLING YARDS,  AND STATIONS""",50.88,12.1,B17,3.0,,,39.0,,,39.0,NOT INDICATED
65774,190877.0,1945-04-06,8,GERMANY,MARSHALLING YARD,"""RR INSTALLATIONS,  TRACKS,  MARSHALLING YARDS,  AND STATIONS""",50.88,12.1,B17,3.0,37.0,152.0,72.0,,,72.0,H2X
65775,190878.0,1945-04-06,8,GERMANY,MARSHALLING YARD,"""RR INSTALLATIONS,  TRACKS,  MARSHALLING YARDS,  AND STATIONS""",50.88,12.1,B17,3.0,11.0,151.0,28.0,6.0,,34.0,H2X
65792,190879.0,1945-04-06,8,GERMANY,MARSHALLING YARD,"""RR INSTALLATIONS,  TRACKS,  MARSHALLING YARDS,  AND STATIONS""",50.88,12.1,B17,3.0,,,53.0,,,53.0,NOT INDICATED
65773,190880.0,1945-04-06,8,GERMANY,MARSHALLING YARD,"""RR INSTALLATIONS,  TRACKS,  MARSHALLING YARDS,  AND STATIONS""",50.88,12.1,B17,3.0,36.0,153.0,25.0,18.0,,43.0,H2X
65741,220996.0,1945-04-06,12,FRANCE,RR,"""RR INSTALLATIONS,  TRACKS,  MARSHALLING YARDS,  AND STATIONS""",44.67,6.33,A20,4.0,1.0,120.0,1.0,,,1.0,NOT INDICATED
65777,220997.0,1945-04-06,8,GERMANY,MARSHALLING YARD,"""RR INSTALLATIONS,  TRACKS,  MARSHALLING YARDS,  AND STATIONS""",50.88,8.77,B26,,,148.0,2.0,,,2.0,VISUAL
65779,220998.0,1945-04-06,8,GERMANY,MARSHALLING YARD,"""RR INSTALLATIONS,  TRACKS,  MARSHALLING YARDS,  AND STATIONS""",50.88,8.77,A20,,,140.0,30.0,,,30.0,VISUAL
65781,220999.0,1945-04-06,8,GERMANY,MARSHALLING YARD,"""RR INSTALLATIONS,  TRACKS,  MARSHALLING YARDS,  AND STATIONS""",53.53,11.93,A20,,,140.0,11.0,,,11.0,VISUAL
65770,221000.0,1945-04-06,8,GERMANY,MARSHALLING YARD,"""RR INSTALLATIONS,  TRACKS,  MARSHALLING YARDS,  AND STATIONS""",53.53,11.93,A20,,,165.0,6.0,,,6.0,VISUAL
65752,221057.0,1945-04-06,8,GERMANY,ORDNANCE DEPOT,SUPPLY DUMPS AND WAREHOUSES,48.92,12.67,B24,3.0,22.0,221.0,40.0,,,40.0,H2X
65743,221058.0,1945-04-06,8,GERMANY,ORDNANCE DEPOT,SUPPLY DUMPS AND WAREHOUSES,48.92,12.67,B24,3.0,10.0,230.0,24.0,,,24.0,H2X
65784,221059.0,1945-04-06,8,GERMANY,ORDNANCE DEPOT,SUPPLY DUMPS AND WAREHOUSES,48.92,12.67,B24,3.0,,,1.0,40.0,,41.0,NOT INDICATED
65757,221060.0,1945-04-06,8,GERMANY,ORDNANCE DEPOT,SUPPLY DUMPS AND WAREHOUSES,48.92,12.67,B24,3.0,27.0,220.0,20.0,,,20.0,H2X
65758,221061.0,1945-04-06,8,GERMANY,ORDNANCE DEPOT,SUPPLY DUMPS AND WAREHOUSES,48.92,12.67,B24,3.0,21.0,220.0,46.0,,,46.0,H2X
65749,221062.0,1945-04-06,8,GERMANY,ORDNANCE DEPOT,SUPPLY DUMPS AND WAREHOUSES,48.92,12.67,B24,3.0,10.0,225.0,22.0,,,22.0,H2X
65785,221063.0,1945-04-06,8,GERMANY,ORDNANCE DEPOT,SUPPLY DUMPS AND WAREHOUSES,48.92,12.67,B24,3.0,,,2.0,,,2.0,NOT INDICATED
65759,221064.0,1945-04-06,8,GERMANY,ORDNANCE DEPOT,SUPPLY DUMPS AND WAREHOUSES,48.92,12.67,B24,3.0,27.0,220.0,45.0,4.0,,49.0,H2X
65766,221065.0,1945-04-06,8,GERMANY,ORDNANCE DEPOT,SUPPLY DUMPS AND WAREHOUSES,48.92,12.67,B24,3.0,26.0,218.0,59.0,,,59.0,H2X
65744,221066.0,1945-04-06,8,GERMANY,ORDNANCE DEPOT,SUPPLY DUMPS AND WAREHOUSES,48.92,12.67,B24,3.0,20.0,230.0,1.0,43.0,,44.0,H2X
65786,221067.0,1945-04-06,8,GERMANY,ORDNANCE DEPOT,SUPPLY DUMPS AND WAREHOUSES,48.92,12.67,B24,3.0,,,1.0,,,1.0,NOT INDICATED
65760,221068.0,1945-04-06,8,GERMANY,ORDNANCE DEPOT,SUPPLY DUMPS AND WAREHOUSES,48.92,12.67,B24,3.0,20.0,220.0,34.0,,,34.0,H2X
65753,221095.0,1945-04-06,8,GERMANY,ORDNANCE DEPOT,SUPPLY DUMPS AND WAREHOUSES,48.92,12.67,B24,3.0,22.0,221.0,40.0,,,40.0,H2X
65746,221096.0,1945-04-06,8,GERMANY,ORDNANCE DEPOT,SUPPLY DUMPS AND WAREHOUSES,48.92,12.67,B24,3.0,10.0,230.0,24.0,,,24.0,H2X
65788,221097.0,1945-04-06,8,GERMANY,ORDNANCE DEPOT,SUPPLY DUMPS AND WAREHOUSES,48.92,12.67,B24,3.0,,,1.0,40.0,,41.0,NOT INDICATED
65762,221098.0,1945-04-06,8,GERMANY,ORDNANCE DEPOT,SUPPLY DUMPS AND WAREHOUSES,48.92,12.67,B24,3.0,27.0,220.0,20.0,,,20.0,H2X
65763,221099.0,1945-04-06,8,GERMANY,ORDNANCE DEPOT,SUPPLY DUMPS AND WAREHOUSES,48.92,12.67,B24,3.0,21.0,220.0,46.0,,,46.0,H2X
65750,221100.0,1945-04-06,8,GERMANY,ORDNANCE DEPOT,SUPPLY DUMPS AND WAREHOUSES,48.92,12.67,B24,3.0,10.0,225.0,22.0,,,22.0,H2X
65789,221101.0,1945-04-06,8,GERMANY,ORDNANCE DEPOT,SUPPLY DUMPS AND WAREHOUSES,48.92,12.67,B24,3.0,,,2.0,,,2.0,NOT INDICATED
65764,221102.0,1945-04-06,8,GERMANY,ORDNANCE DEPOT,SUPPLY DUMPS AND WAREHOUSES,48.92,12.67,B24,3.0,27.0,220.0,45.0,4.0,,49.0,H2X
65768,221103.0,1945-04-06,8,GERMANY,ORDNANCE DEPOT,SUPPLY DUMPS AND WAREHOUSES,48.92,12.67,B24,3.0,26.0,218.0,59.0,,,59.0,H2X
65747,221104.0,1945-04-06,8,GERMANY,ORDNANCE DEPOT,SUPPLY DUMPS AND WAREHOUSES,48.92,12.67,B24,3.0,20.0,230.0,1.0,43.0,,44.0,H2X
65790,221105.0,1945-04-06,8,GERMANY,ORDNANCE DEPOT,SUPPLY DUMPS AND WAREHOUSES,48.92,12.67,B24,3.0,,,1.0,,,1.0,NOT INDICATED
65765,221106.0,1945-04-06,8,GERMANY,ORDNANCE DEPOT,SUPPLY DUMPS AND WAREHOUSES,48.92,12.67,B24,3.0,20.0,220.0,34.0,,,34.0,H2X
67079,121338.0,1945-04-07,8,GERMANY,MARSHALLING YARD,"""RR INSTALLATIONS,  TRACKS,  MARSHALLING YARDS,  AND STATIONS""",50.88,8.77,B26,,,95.0,36.0,,,36.0,VISUAL
67081,121339.0,1945-04-07,8,GERMANY,MARSHALLING YARD,"""RR INSTALLATIONS,  TRACKS,  MARSHALLING YARDS,  AND STATIONS""",50.88,8.77,B26,,,90.0,56.0,,,56.0,VISUAL
67083,121340.0,1945-04-07,8,GERMANY,MARSHALLING YARD,"""RR INSTALLATIONS,  TRACKS,  MARSHALLING YARDS,  AND STATIONS""",50.88,8.77,B26,,,60.0,76.0,,,76.0,VISUAL
67085,121341.0,1945-04-07,8,GERMANY,MARSHALLING YARD,"""RR INSTALLATIONS,  TRACKS,  MARSHALLING YARDS,  AND STATIONS""",50.88,8.77,A20,,,50.0,9.0,,,9.0,VISUAL
67076,190967.0,1945-04-07,15,AUSTRIA,MARSHALLING YARDS,"""RR INSTALLATIONS,  TRACKS,  MARSHALLING YARDS,  AND STATIONS""",47.27,11.38,B24,2.0,27.0,245.0,78.0,,,78.0,F.F.F.
67078,190968.0,1945-04-07,12,AUSTRIA,RR,"""RR INSTALLATIONS,  TRACKS,  MARSHALLING YARDS,  AND STATIONS""",46.63,14.3,B24,2.0,25.0,250.0,50.0,,,50.0,F.F.F.
67077,190969.0,1945-04-07,15,AUSTRIA,MARSHALLING YARDS,"""RR INSTALLATIONS,  TRACKS,  MARSHALLING YARDS,  AND STATIONS""",46.75,14.37,B24,2.0,1.0,238.0,3.0,,,3.0,VISUAL
67080,221107.0,1945-04-07,8,GERMANY,MARSHALLING YARD,"""RR INSTALLATIONS,  TRACKS,  MARSHALLING YARDS,  AND STATIONS""",50.88,8.77,B26,,,95.0,36.0,,,36.0,VISUAL
67082,221108.0,1945-04-07,8,GERMANY,MARSHALLING YARD,"""RR INSTALLATIONS,  TRACKS,  MARSHALLING YARDS,  AND STATIONS""",50.88,8.77,B26,,,90.0,56.0,,,56.0,VISUAL
67084,221109.0,1945-04-07,8,GERMANY,MARSHALLING YARD,"""RR INSTALLATIONS,  TRACKS,  MARSHALLING YARDS,  AND STATIONS""",50.88,8.77,B26,,,60.0,76.0,,,76.0,VISUAL
67086,221110.0,1945-04-07,8,GERMANY,MARSHALLING YARD,"""RR INSTALLATIONS,  TRACKS,  MARSHALLING YARDS,  AND STATIONS""",50.88,8.77,A20,,,50.0,9.0,,,9.0,VISUAL
68685,121465.0,1945-04-08,8,GERMANY,MARSHALLING YARD,"""RR INSTALLATIONS,  TRACKS,  MARSHALLING YARDS,  AND STATIONS""",52.62,10.08,B26,,,90.0,104.0,,,104.0,VISUAL
69011,121466.0,1945-04-08,8,GERMANY,MARSHALLING YARD,"""RR INSTALLATIONS,  TRACKS,  MARSHALLING YARDS,  AND STATIONS""",52.62,10.08,B26,,,,86.0,,,86.0,VISUAL
68696,121467.0,1945-04-08,8,GERMANY,MARSHALLING YARD,"""RR INSTALLATIONS,  TRACKS,  MARSHALLING YARDS,  AND STATIONS""",52.62,10.08,B26,,,80.0,74.0,,,74.0,VISUAL
68687,121468.0,1945-04-08,8,GERMANY,MARSHALLING YARD,"""RR INSTALLATIONS,  TRACKS,  MARSHALLING YARDS,  AND STATIONS""",52.48,10.55,B26,,,90.0,12.0,,,12.0,VISUAL
69013,121469.0,1945-04-08,8,GERMANY,COMMUNICATION CENTER,TRANSPORTATION FACILITIES (NOT SPECIFICALLY IDENTIFIED BELOW),51.22,10.97,A26,,,,,9.0,,9.0,VISUAL
68689,121491.0,1945-04-08,8,GERMANY,MARSHALLING YARD,"""RR INSTALLATIONS,  TRACKS,  MARSHALLING YARDS,  AND STATIONS""",48.13,11.58,A26,,,90.0,52.0,,,52.0,VISUAL
68698,121534.0,1945-04-08,8,GERMANY,MILBERTSHOVEN ORD DEPO,SUPPLY DUMPS AND WAREHOUSES,48.13,11.58,A26,,,76.0,35.0,,,35.0,VISUAL
68690,121535.0,1945-04-08,8,GERMANY,MILBERTSHOVEN ORD DEPO,SUPPLY DUMPS AND WAREHOUSES,48.13,11.58,A26,,,90.0,16.0,,,16.0,VISUAL
68693,121536.0,1945-04-08,8,GERMANY,MILBERTSHOVEN ORD DEPO,SUPPLY DUMPS AND WAREHOUSES,48.13,11.58,A20,,,85.0,35.0,,,35.0,VISUAL
68679,121537.0,1945-04-08,8,GERMANY,DUMP,SUPPLY DUMPS AND WAREHOUSES,54.17,11.97,B26,,,100.0,96.0,,,96.0,GEE
68645,121557.0,1945-04-08,15,GERMANY,VOMAG TANK PLANT,TANK FACTORIES,50.48,12.13,B17,3.0,10.0,141.0,20.0,10.0,,30.0,VISUAL
68646,121558.0,1945-04-08,15,GERMANY,VOMAG TANK PLANT,TANK FACTORIES,50.48,12.13,B17,3.0,10.0,141.0,20.0,10.0,,30.0,VISUAL
69003,121560.0,1945-04-08,8,GERMANY,CITY AREA,CITIES TOWNS AND URBAN AREAS,51.35,11.1,A26,,,49.0,54.0,,,54.0,VISUAL
69009,121578.0,1945-04-08,8,GERMANY,FACTORY,MANUFACTURING INSTALLATIONS (NOT SPECIFICALLY IDENTIFIED BELOW FROM CLASS 11 THROUGH 59),54.17,11.97,B26,,,5.0,,94.0,,94.0,VISUAL
68681,121579.0,1945-04-08,8,GERMANY,FACTORY,MANUFACTURING INSTALLATIONS (NOT SPECIFICALLY IDENTIFIED BELOW FROM CLASS 11 THROUGH 59),54.17,11.97,B26,,,95.0,89.0,,,89.0,VISUAL
69004,121580.0,1945-04-08,8,GERMANY,CITY AREA,CITIES TOWNS AND URBAN AREAS,51.35,11.1,A26,,,49.0,54.0,,,54.0,VISUAL
69005,191002.0,1945-04-08,8,GERMANY,CITY AREA,CITIES TOWNS AND URBAN AREAS,51.35,11.1,A26,,,49.0,54.0,,,54.0,VISUAL
69010,191011.0,1945-04-08,8,GERMANY,FACTORY,MANUFACTURING INSTALLATIONS (NOT SPECIFICALLY IDENTIFIED BELOW FROM CLASS 11 THROUGH 59),54.17,11.97,B26,,,5.0,,94.0,,94.0,VISUAL
68682,191012.0,1945-04-08,8,GERMANY,FACTORY,MANUFACTURING INSTALLATIONS (NOT SPECIFICALLY IDENTIFIED BELOW FROM CLASS 11 THROUGH 59),54.17,11.97,B26,,,95.0,89.0,,,89.0,VISUAL
69006,191013.0,1945-04-08,8,GERMANY,CITY AREA,CITIES TOWNS AND URBAN AREAS,51.35,11.1,A26,,,49.0,54.0,,,54.0,VISUAL
68647,191040.0,1945-04-08,15,GERMANY,VOMAG TANK PLANT,TANK FACTORIES,50.48,12.13,B17,3.0,10.0,141.0,20.0,10.0,,30.0,VISUAL
68648,191042.0,1945-04-08,15,GERMANY,VOMAG TANK PLANT,TANK FACTORIES,50.48,12.13,B17,3.0,10.0,141.0,20.0,10.0,,30.0,VISUAL
68678,191052.0,1945-04-08,8,GERMANY,OIL STORAGE,OIL STORAGE FACILITIES AND OTHER OIL INSTALLATIONS,54.17,11.97,B26,,,125.0,84.0,,,84.0,VISUAL
68649,191061.0,1945-04-08,12,AUSTRIA,RR,"""RR INSTALLATIONS,  TRACKS,  MARSHALLING YARDS,  AND STATIONS""",46.63,14.3,B24,4.0,1.0,200.0,1.0,,,1.0,VISUAL
68650,191062.0,1945-04-08,12,AUSTRIA,RR,"""RR INSTALLATIONS,  TRACKS,  MARSHALLING YARDS,  AND STATIONS""",46.63,14.3,B24,4.0,,192.0,3.0,,,3.0,VISUAL
68671,191063.0,1945-04-08,8,CZECHOSLOVAKIA,MARSHALLING YARDS,"""RR INSTALLATIONS,  TRACKS,  MARSHALLING YARDS,  AND STATIONS""",50.08,12.37,B17,4.0,38.0,150.0,75.0,37.0,,112.0,VISUAL
68672,191064.0,1945-04-08,8,CZECHOSLOVAKIA,MARSHALLING YARDS,"""RR INSTALLATIONS,  TRACKS,  MARSHALLING YARDS,  AND STATIONS""",50.08,12.37,B17,4.0,38.0,140.0,95.0,17.0,,112.0,VISUAL
68670,191065.0,1945-04-08,8,CZECHOSLOVAKIA,MARSHALLING YARDS,"""RR INSTALLATIONS,  TRACKS,  MARSHALLING YARDS,  AND STATIONS""",50.08,12.37,B17,4.0,35.0,155.0,105.0,,,105.0,VISUAL
68664,191066.0,1945-04-08,8,GERMANY,MARSHALLING YARD,"""RR INSTALLATIONS,  TRACKS,  MARSHALLING YARDS,  AND STATIONS""",51.88,11.05,B17,3.0,12.0,197.0,36.0,,,36.0,H2X
68669,191067.0,1945-04-08,8,GERMANY,MARSHALLING YARD,"""RR INSTALLATIONS,  TRACKS,  MARSHALLING YARDS,  AND STATIONS""",51.88,11.05,B17,3.0,12.0,190.0,35.0,,,35.0,H2X
68660,191068.0,1945-04-08,8,GERMANY,MARSHALLING YARD,"""RR INSTALLATIONS,  TRACKS,  MARSHALLING YARDS,  AND STATIONS""",51.88,11.05,B17,3.0,12.0,200.0,36.0,,,36.0,H2X
69015,191069.0,1945-04-08,8,GERMANY,MARSHALLING YARD,"""RR INSTALLATIONS,  TRACKS,  MARSHALLING YARDS,  AND STATIONS""",51.88,11.05,B17,3.0,1.0,,3.0,,,3.0,NOT INDICATED
68666,191070.0,1945-04-08,8,GERMANY,MARSHALLING YARD,"""RR INSTALLATIONS,  TRACKS,  MARSHALLING YARDS,  AND STATIONS""",51.88,11.05,B17,3.0,11.0,194.0,33.0,,,33.0,H2X
68656,191071.0,1945-04-08,8,GERMANY,MARSHALLING YARD,"""RR INSTALLATIONS,  TRACKS,  MARSHALLING YARDS,  AND STATIONS""",51.88,11.05,B17,3.0,11.0,205.0,33.0,,,33.0,VISUAL
68659,191072.0,1945-04-08,8,GERMANY,MARSHALLING YARD,"""RR INSTALLATIONS,  TRACKS,  MARSHALLING YARDS,  AND STATIONS""",51.88,11.05,B17,3.0,12.0,201.0,28.0,,,28.0,VISUAL
68668,191073.0,1945-04-08,8,GERMANY,MARSHALLING YARD,"""RR INSTALLATIONS,  TRACKS,  MARSHALLING YARDS,  AND STATIONS""",51.88,11.05,B17,3.0,12.0,192.0,28.0,,,28.0,VISUAL
68653,191074.0,1945-04-08,8,GERMANY,MARSHALLING YARD,"""RR INSTALLATIONS,  TRACKS,  MARSHALLING YARDS,  AND STATIONS""",51.88,11.05,B17,3.0,11.0,206.0,26.0,,,26.0,VISUAL
68654,191075.0,1945-04-08,8,GERMANY,MARSHALLING YARD,"""RR INSTALLATIONS,  TRACKS,  MARSHALLING YARDS,  AND STATIONS""",51.88,11.05,B17,3.0,12.0,206.0,18.0,12.0,,30.0,H2X
68658,191076.0,1945-04-08,8,GERMANY,MARSHALLING YARD,"""RR INSTALLATIONS,  TRACKS,  MARSHALLING YARDS,  AND STATIONS""",51.88,11.05,B17,3.0,12.0,202.0,18.0,12.0,,30.0,H2X
69016,191077.0,1945-04-08,8,GERMANY,MARSHALLING YARD,"""RR INSTALLATIONS,  TRACKS,  MARSHALLING YARDS,  AND STATIONS""",51.88,11.05,B17,3.0,,,2.0,,,2.0,NOT INDICATED
68661,191078.0,1945-04-08,8,GERMANY,MARSHALLING YARD,"""RR INSTALLATIONS,  TRACKS,  MARSHALLING YARDS,  AND STATIONS""",51.88,11.05,B17,3.0,13.0,200.0,23.0,1.0,,24.0,H2X
68662,191079.0,1945-04-08,8,GERMANY,MARSHALLING YARD,"""RR INSTALLATIONS,  TRACKS,  MARSHALLING YARDS,  AND STATIONS""",51.88,11.05,B17,3.0,12.0,200.0,18.0,12.0,,30.0,VISUAL
68665,191080.0,1945-04-08,8,GERMANY,MARSHALLING YARD,"""RR INSTALLATIONS,  TRACKS,  MARSHALLING YARDS,  AND STATIONS""",51.88,11.05,B17,3.0,12.0,196.0,18.0,12.0,,30.0,VISUAL
69017,191081.0,1945-04-08,8,GERMANY,MARSHALLING YARD,"""RR INSTALLATIONS,  TRACKS,  MARSHALLING YARDS,  AND STATIONS""",51.88,11.05,B17,3.0,,,26.0,,,26.0,NOT INDICATED
68657,191082.0,1945-04-08,8,GERMANY,MARSHALLING YARD,"""RR INSTALLATIONS,  TRACKS,  MARSHALLING YARDS,  AND STATIONS""",51.88,11.05,B17,3.0,12.0,205.0,2.0,1.0,,3.0,VISUAL
68663,191083.0,1945-04-08,8,GERMANY,MARSHALLING YARD,"""RR INSTALLATIONS,  TRACKS,  MARSHALLING YARDS,  AND STATIONS""",51.88,11.05,B17,3.0,12.0,200.0,28.0,,,28.0,VISUAL
68667,191084.0,1945-04-08,8,GERMANY,MARSHALLING YARD,"""RR INSTALLATIONS,  TRACKS,  MARSHALLING YARDS,  AND STATIONS""",51.88,11.05,B17,3.0,11.0,194.0,26.0,,,26.0,VISUAL
68655,191085.0,1945-04-08,8,GERMANY,MARSHALLING YARD,"""RR INSTALLATIONS,  TRACKS,  MARSHALLING YARDS,  AND STATIONS""",51.88,11.05,B17,3.0,13.0,206.0,31.0,,,31.0,VISUAL
68686,221193.0,1945-04-08,8,GERMANY,MARSHALLING YARD,"""RR INSTALLATIONS,  TRACKS,  MARSHALLING YARDS,  AND STATIONS""",52.62,10.08,B26,,,90.0,104.0,,,104.0,VISUAL
69012,221194.0,1945-04-08,8,GERMANY,MARSHALLING YARD,"""RR INSTALLATIONS,  TRACKS,  MARSHALLING YARDS,  AND STATIONS""",52.62,10.08,B26,,,,86.0,,,86.0,VISUAL
68697,221195.0,1945-04-08,8,GERMANY,MARSHALLING YARD,"""RR INSTALLATIONS,  TRACKS,  MARSHALLING YARDS,  AND STATIONS""",52.62,10.08,B26,,,80.0,74.0,,,74.0,VISUAL
68688,221196.0,1945-04-08,8,GERMANY,MARSHALLING YARD,"""RR INSTALLATIONS,  TRACKS,  MARSHALLING YARDS,  AND STATIONS""",52.48,10.55,B26,,,90.0,12.0,,,12.0,VISUAL
69014,221197.0,1945-04-08,8,GERMANY,COMMUNICATION CENTER,TRANSPORTATION FACILITIES (NOT SPECIFICALLY IDENTIFIED BELOW),51.22,10.97,A26,,,,,9.0,,9.0,VISUAL
68691,221198.0,1945-04-08,8,GERMANY,MARSHALLING YARD,"""RR INSTALLATIONS,  TRACKS,  MARSHALLING YARDS,  AND STATIONS""",48.13,11.58,A26,,,90.0,52.0,,,52.0,VISUAL
69007,221302.0,1945-04-08,8,GERMANY,DUMP,SUPPLY DUMPS AND WAREHOUSES,54.17,11.97,B26,,,10.0,96.0,,,96.0,GEE
68699,221305.0,1945-04-08,8,GERMANY,MILBERTSHOVEN ORD DEPO,SUPPLY DUMPS AND WAREHOUSES,48.13,11.58,A26,,,76.0,35.0,,,35.0,VISUAL
69008,221306.0,1945-04-08,8,GERMANY,MILBERTSHOVEN ORD DEPO,SUPPLY DUMPS AND WAREHOUSES,48.13,11.58,A26,,,9.0,16.0,,,16.0,VISUAL
68694,221307.0,1945-04-08,8,GERMANY,MILBERTSHOVEN ORD DEPO,SUPPLY DUMPS AND WAREHOUSES,48.13,11.58,A20,,,85.0,35.0,,,35.0,VISUAL
68700,221309.0,1945-04-08,8,GERMANY,MILBERTSHOVEN ORD DEPO,SUPPLY DUMPS AND WAREHOUSES,48.13,11.58,A26,,,76.0,35.0,,,35.0,VISUAL
68692,221310.0,1945-04-08,8,GERMANY,MILBERTSHOVEN ORD DEPO,SUPPLY DUMPS AND WAREHOUSES,48.13,11.58,A26,,,90.0,16.0,,,16.0,VISUAL
68695,221311.0,1945-04-08,8,GERMANY,MILBERTSHOVEN ORD DEPO,SUPPLY DUMPS AND WAREHOUSES,48.13,11.58,A20,,,85.0,35.0,,,35.0,VISUAL
68680,221312.0,1945-04-08,8,GERMANY,DUMP,SUPPLY DUMPS AND WAREHOUSES,54.17,11.97,B26,,,100.0,96.0,,,96.0,GEE
69001,221356.0,1945-04-08,8,GERMANY,FACTORY,MANUFACTURING INSTALLATIONS (NOT SPECIFICALLY IDENTIFIED BELOW FROM CLASS 11 THROUGH 59),54.17,11.97,B26,,,50.0,,94.0,,94.0,VISUAL
68683,221357.0,1945-04-08,8,GERMANY,FACTORY,MANUFACTURING INSTALLATIONS (NOT SPECIFICALLY IDENTIFIED BELOW FROM CLASS 11 THROUGH 59),54.17,11.97,B26,,,95.0,89.0,,,89.0,VISUAL
69002,299711.0,1945-04-08,8,GERMANY,FACTORY,MANUFACTURING INSTALLATIONS (NOT SPECIFICALLY IDENTIFIED BELOW FROM CLASS 11 THROUGH 59),54.17,11.97,B26,,,50.0,,94.0,,94.0,VISUAL
68684,299712.0,1945-04-08,8,GERMANY,FACTORY,MANUFACTURING INSTALLATIONS (NOT SPECIFICALLY IDENTIFIED BELOW FROM CLASS 11 THROUGH 59),54.17,11.97,B26,,,95.0,89.0,,,89.0,VISUAL
71523,121581.0,1945-04-09,12,FRANCE,RR,"""RR INSTALLATIONS,  TRACKS,  MARSHALLING YARDS,  AND STATIONS""",44.67,6.33,A26,4.0,1.0,120.0,,,2.0,2.0,NOT INDICATED
71525,121582.0,1945-04-09,12,FRANCE,RR,"""RR INSTALLATIONS,  TRACKS,  MARSHALLING YARDS,  AND STATIONS""",44.67,6.33,A26,4.0,1.0,110.0,,,2.0,2.0,NOT INDICATED
71537,121583.0,1945-04-09,12,FRANCE,RR,"""RR INSTALLATIONS,  TRACKS,  MARSHALLING YARDS,  AND STATIONS""",44.67,6.33,A20,4.0,,30.0,,,,,NOT INDICATED
71529,121584.0,1945-04-09,12,FRANCE,RR,"""RR INSTALLATIONS,  TRACKS,  MARSHALLING YARDS,  AND STATIONS""",44.67,6.33,A20,4.0,,100.0,,,,,NOT INDICATED
71531,121585.0,1945-04-09,12,FRANCE,RR,"""RR INSTALLATIONS,  TRACKS,  MARSHALLING YARDS,  AND STATIONS""",44.67,6.33,A20,4.0,,80.0,,,1.0,1.0,NOT INDICATED
71535,121586.0,1945-04-09,12,FRANCE,RR,"""RR INSTALLATIONS,  TRACKS,  MARSHALLING YARDS,  AND STATIONS""",44.67,6.33,A20,4.0,1.0,60.0,,,1.0,1.0,NOT INDICATED
71532,121587.0,1945-04-09,12,FRANCE,RR,"""RR INSTALLATIONS,  TRACKS,  MARSHALLING YARDS,  AND STATIONS""",44.67,6.33,A20,4.0,1.0,80.0,,,1.0,1.0,NOT INDICATED
71526,121588.0,1945-04-09,12,FRANCE,RR,"""RR INSTALLATIONS,  TRACKS,  MARSHALLING YARDS,  AND STATIONS""",44.67,6.33,A20,4.0,1.0,110.0,1.0,,,1.0,NOT INDICATED
71547,121609.0,1945-04-09,8,GERMANY,MARSHALLING YARDS,"""RR INSTALLATIONS,  TRACKS,  MARSHALLING YARDS,  AND STATIONS""",50.93,11.58,B26,,,120.0,,,10.0,10.0,VISUAL
71548,121610.0,1945-04-09,8,GERMANY,MARSHALLING YARDS,"""RR INSTALLATIONS,  TRACKS,  MARSHALLING YARDS,  AND STATIONS""",50.93,11.58,B26,,,120.0,68.0,,,68.0,VISUAL
71556,121611.0,1945-04-09,8,GERMANY,MARSHALLING YARDS,"""RR INSTALLATIONS,  TRACKS,  MARSHALLING YARDS,  AND STATIONS""",50.93,11.58,B26,,,115.0,65.0,,,65.0,VISUAL
71549,121612.0,1945-04-09,8,GERMANY,MARSHALLING YARDS,"""RR INSTALLATIONS,  TRACKS,  MARSHALLING YARDS,  AND STATIONS""",50.93,11.58,B26,,,120.0,38.0,,,38.0,VISUAL
71543,121637.0,1945-04-09,8,GERMANY,OIL STORAGE,OIL STORAGE FACILITIES AND OTHER OIL INSTALLATIONS,53.97,11.62,B17,4.0,37.0,180.0,111.0,,,111.0,VISUAL
71544,121638.0,1945-04-09,8,GERMANY,OIL STORAGE,OIL STORAGE FACILITIES AND OTHER OIL INSTALLATIONS,53.97,11.62,B17,4.0,39.0,180.0,117.0,,,117.0,VISUAL
71539,121639.0,1945-04-09,8,GERMANY,OIL STORAGE,OIL STORAGE FACILITIES AND OTHER OIL INSTALLATIONS,53.97,11.62,B17,3.0,13.0,230.0,39.0,,,39.0,VISUAL
71502,121676.0,1945-04-09,15,GERMANY,AIRDROME,AIR FIELDS AND AIRDROMES,48.17,10.87,B24,4.0,,,20.0,,39.0,59.0,NOT INDICATED
71072,121677.0,1945-04-09,15,GERMANY,AIRDROME,AIR FIELDS AND AIRDROMES,48.17,10.87,B24,4.0,35.0,220.0,18.0,,,18.0,VISUAL
71503,121678.0,1945-04-09,15,GERMANY,AIRDROME,AIR FIELDS AND AIRDROMES,48.17,10.87,B24,4.0,,,41.0,,,41.0,NOT INDICATED
71087,121679.0,1945-04-09,15,GERMANY,AIRDROME,AIR FIELDS AND AIRDROMES,48.17,10.87,B24,4.0,36.0,210.0,42.0,,,42.0,VISUAL
71504,121680.0,1945-04-09,15,GERMANY,AIRDROME,AIR FIELDS AND AIRDROMES,48.17,10.87,B24,4.0,,,1.0,,,1.0,NOT INDICATED
71505,121681.0,1945-04-09,15,GERMANY,AIRDROME,AIR FIELDS AND AIRDROMES,48.17,10.87,B24,4.0,,,41.0,,,41.0,NOT INDICATED
71088,121682.0,1945-04-09,15,GERMANY,AIRDROME,AIR FIELDS AND AIRDROMES,48.17,10.87,B24,4.0,38.0,210.0,20.0,,21.0,41.0,VISUAL
71517,121694.0,1945-04-09,15,GERMANY,AIRDROME,AIR FIELDS AND AIRDROMES,53.97,11.62,B17,4.0,,,2.0,,,2.0,NOT INDICATED
71518,121695.0,1945-04-09,15,GERMANY,AIRDROME,AIR FIELDS AND AIRDROMES,53.97,11.62,B17,4.0,3.0,,4.0,,,4.0,NOT INDICATED
71099,121696.0,1945-04-09,15,GERMANY,AIRDROME,AIR FIELDS AND AIRDROMES,53.97,11.62,B17,4.0,36.0,174.0,108.0,,,108.0,VISUAL
71093,121697.0,1945-04-09,15,GERMANY,AIRDROME,AIR FIELDS AND AIRDROMES,53.97,11.62,B17,4.0,20.0,180.0,48.0,,,48.0,VISUAL
71094,121698.0,1945-04-09,15,GERMANY,AIRDROME,AIR FIELDS AND AIRDROMES,53.97,11.62,B17,4.0,6.0,180.0,11.0,,,11.0,VISUAL
71572,121709.0,1945-04-09,8,GERMANY,DUMP,SUPPLY DUMPS AND WAREHOUSES,50.87,11.27,B26,,,90.0,62.0,,,62.0,VISUAL
71558,121710.0,1945-04-09,8,GERMANY,DUMP,SUPPLY DUMPS AND WAREHOUSES,50.87,11.27,B26,,,100.0,40.0,,,40.0,VISUAL
71559,121711.0,1945-04-09,8,GERMANY,DUMP,SUPPLY DUMPS AND WAREHOUSES,50.87,11.27,B26,,,100.0,8.0,,,8.0,VISUAL
71553,121712.0,1945-04-09,8,GERMANY,FUEL DUMP,SUPPLY DUMPS AND WAREHOUSES,52.43,10.2,B26,,,115.0,64.0,,,64.0,VISUAL
71562,121714.0,1945-04-09,8,GERMANY,ORDNANCE DEPOT,SUPPLY DUMPS AND WAREHOUSES,51.15,11.8,B26,,,100.0,32.0,,,32.0,VISUAL
71563,121715.0,1945-04-09,8,GERMANY,ORDNANCE DEPOT,SUPPLY DUMPS AND WAREHOUSES,51.15,11.8,B26,,,100.0,16.0,,,16.0,VISUAL
71564,121716.0,1945-04-09,8,GERMANY,ORDNANCE DEPOT,SUPPLY DUMPS AND WAREHOUSES,51.15,11.8,B26,,,100.0,80.0,,,80.0,GEE
71565,121717.0,1945-04-09,8,GERMANY,ORDNANCE DEPOT,SUPPLY DUMPS AND WAREHOUSES,51.15,11.8,B26,,,100.0,6.0,,,6.0,GEE
71578,121718.0,1945-04-09,8,GERMANY,ORDNANCE DEPOT,SUPPLY DUMPS AND WAREHOUSES,51.15,11.8,B26,,,50.0,,10.0,,10.0,GEE
71069,121742.0,1945-04-09,15,GERMANY,AIRDROME,AIR FIELDS AND AIRDROMES,48.13,11.58,B17,4.0,37.0,224.0,54.0,,41.0,95.0,VISUAL
71077,121743.0,1945-04-09,15,GERMANY,AIRDROME,AIR FIELDS AND AIRDROMES,48.13,11.58,B17,4.0,36.0,215.0,102.0,,27.0,129.0,VISUAL
71066,121744.0,1945-04-09,15,GERMANY,AIRDROME,AIR FIELDS AND AIRDROMES,48.13,11.58,B17,4.0,37.0,225.0,74.0,37.0,,111.0,VISUAL
71084,121745.0,1945-04-09,15,GERMANY,AIRDROME,AIR FIELDS AND AIRDROMES,48.13,11.58,B17,4.0,36.0,211.0,74.0,,24.0,98.0,VISUAL
71057,121746.0,1945-04-09,15,GERMANY,AIRDROME,AIR FIELDS AND AIRDROMES,48.13,11.58,B17,4.0,9.0,229.0,18.0,9.0,,27.0,VISUAL
71058,121747.0,1945-04-09,15,GERMANY,AIRDROME,AIR FIELDS AND AIRDROMES,48.13,11.58,B17,4.0,8.0,229.0,16.0,8.0,,24.0,VISUAL
71059,121748.0,1945-04-09,15,GERMANY,AIRDROME,AIR FIELDS AND AIRDROMES,48.13,11.58,B17,4.0,9.0,229.0,18.0,9.0,,27.0,VISUAL
71080,121749.0,1945-04-09,15,GERMANY,AIRDROME,AIR FIELDS AND AIRDROMES,48.13,11.58,B17,4.0,38.0,214.0,,,85.0,85.0,VISUAL
71051,121756.0,1945-04-09,15,GERMANY,AIRDROME,AIR FIELDS AND AIRDROMES,48.13,11.58,B17,4.0,36.0,230.0,86.0,,,86.0,VISUAL
71052,121757.0,1945-04-09,15,GERMANY,AIRDROME,AIR FIELDS AND AIRDROMES,48.13,11.58,B17,4.0,25.0,230.0,72.0,,,72.0,VISUAL
71048,121758.0,1945-04-09,15,GERMANY,AIRDROME,AIR FIELDS AND AIRDROMES,48.13,11.58,B17,4.0,37.0,232.0,78.0,33.0,,111.0,VISUAL
71514,121759.0,1945-04-09,15,GERMANY,AIRDROME,AIR FIELDS AND AIRDROMES,48.13,11.58,B17,4.0,,,36.0,,,36.0,NOT INDICATED
71075,121760.0,1945-04-09,15,GERMANY,AIRDROME,AIR FIELDS AND AIRDROMES,48.13,11.58,B17,4.0,30.0,218.0,18.0,20.0,,38.0,VISUAL
71591,121774.0,1945-04-09,8,GERMANY,CITY AREA,CITIES TOWNS AND URBAN AREAS,49.57,8.25,B26,,,5.0,,12.0,,12.0,GEE
71593,121775.0,1945-04-09,8,GERMANY,BUILDING,CITIES TOWNS AND URBAN AREAS,52.62,13.31,B26,,,5.0,,24.0,,24.0,GEE
71582,121783.0,1945-04-09,8,GERMANY,CITY AREA,CITIES TOWNS AND URBAN AREAS,51.15,11.8,B26,,,10.0,34.0,,,34.0,VISUAL
71583,121784.0,1945-04-09,8,GERMANY,CITY AREA,CITIES TOWNS AND URBAN AREAS,51.15,11.8,B26,,,10.0,21.0,,,21.0,VISUAL
71574,121789.0,1945-04-09,8,GERMANY,CITY AREA,CITIES TOWNS AND URBAN AREAS,49.57,8.25,B26,,,50.0,,12.0,,12.0,GEE
71576,121790.0,1945-04-09,8,GERMANY,BUILDING,CITIES TOWNS AND URBAN AREAS,52.62,13.31,B26,,,50.0,,24.0,,24.0,GEE
71592,191133.0,1945-04-09,8,GERMANY,CITY AREA,CITIES TOWNS AND URBAN AREAS,49.57,8.25,B26,,,5.0,,12.0,,12.0,GEE
71594,191134.0,1945-04-09,8,GERMANY,BUILDING,CITIES TOWNS AND URBAN AREAS,52.62,13.31,B26,,,5.0,,24.0,,24.0,GEE
71584,191135.0,1945-04-09,8,GERMANY,CITY AREA,CITIES TOWNS AND URBAN AREAS,51.15,11.8,B26,,,10.0,34.0,,,34.0,VISUAL
71585,191136.0,1945-04-09,8,GERMANY,CITY AREA,CITIES TOWNS AND URBAN AREAS,51.15,11.8,B26,,,10.0,21.0,,,21.0,VISUAL
71575,191141.0,1945-04-09,8,GERMANY,CITY AREA,CITIES TOWNS AND URBAN AREAS,49.57,8.25,B26,,,50.0,,12.0,,12.0,GEE
71577,191142.0,1945-04-09,8,GERMANY,BUILDING,CITIES TOWNS AND URBAN AREAS,52.62,13.31,B26,,,50.0,,24.0,,24.0,GEE
71566,191143.0,1945-04-09,8,GERMANY,CITY AREA,CITIES TOWNS AND URBAN AREAS,51.15,11.8,B26,,,100.0,34.0,,,34.0,VISUAL
71567,191144.0,1945-04-09,8,GERMANY,CITY AREA,CITIES TOWNS AND URBAN AREAS,51.15,11.8,B26,,,100.0,21.0,,,21.0,VISUAL
71545,191172.0,1945-04-09,8,GERMANY,OIL STORAGE,OIL STORAGE FACILITIES AND OTHER OIL INSTALLATIONS,53.97,11.62,B17,4.0,37.0,180.0,111.0,,,111.0,VISUAL
71546,191173.0,1945-04-09,8,GERMANY,OIL STORAGE,OIL STORAGE FACILITIES AND OTHER OIL INSTALLATIONS,53.97,11.62,B17,4.0,39.0,180.0,117.0,,,117.0,VISUAL
71540,191174.0,1945-04-09,8,GERMANY,OIL STORAGE,OIL STORAGE FACILITIES AND OTHER OIL INSTALLATIONS,53.97,11.62,B17,3.0,13.0,230.0,39.0,,,39.0,VISUAL
71524,221358.0,1945-04-09,12,FRANCE,RR,"""RR INSTALLATIONS,  TRACKS,  MARSHALLING YARDS,  AND STATIONS""",44.67,6.33,A26,4.0,1.0,120.0,,,2.0,2.0,NOT INDICATED
71527,221359.0,1945-04-09,12,FRANCE,RR,"""RR INSTALLATIONS,  TRACKS,  MARSHALLING YARDS,  AND STATIONS""",44.67,6.33,A26,4.0,1.0,110.0,,,2.0,2.0,NOT INDICATED
71538,221360.0,1945-04-09,12,FRANCE,RR,"""RR INSTALLATIONS,  TRACKS,  MARSHALLING YARDS,  AND STATIONS""",44.67,6.33,A20,4.0,,30.0,,,,,NOT INDICATED
71530,221361.0,1945-04-09,12,FRANCE,RR,"""RR INSTALLATIONS,  TRACKS,  MARSHALLING YARDS,  AND STATIONS""",44.67,6.33,A20,4.0,,100.0,,,,,NOT INDICATED
71533,221362.0,1945-04-09,12,FRANCE,RR,"""RR INSTALLATIONS,  TRACKS,  MARSHALLING YARDS,  AND STATIONS""",44.67,6.33,A20,4.0,,80.0,,,1.0,1.0,NOT INDICATED
71536,221363.0,1945-04-09,12,FRANCE,RR,"""RR INSTALLATIONS,  TRACKS,  MARSHALLING YARDS,  AND STATIONS""",44.67,6.33,A20,4.0,1.0,60.0,,,1.0,1.0,NOT INDICATED
71534,221364.0,1945-04-09,12,FRANCE,RR,"""RR INSTALLATIONS,  TRACKS,  MARSHALLING YARDS,  AND STATIONS""",44.67,6.33,A20,4.0,1.0,80.0,,,1.0,1.0,NOT INDICATED
71528,221365.0,1945-04-09,12,FRANCE,RR,"""RR INSTALLATIONS,  TRACKS,  MARSHALLING YARDS,  AND STATIONS""",44.67,6.33,A20,4.0,1.0,110.0,1.0,,,1.0,NOT INDICATED
71550,221366.0,1945-04-09,8,GERMANY,MARSHALLING YARDS,"""RR INSTALLATIONS,  TRACKS,  MARSHALLING YARDS,  AND STATIONS""",50.93,11.58,B26,,,120.0,,,10.0,10.0,VISUAL
71551,221367.0,1945-04-09,8,GERMANY,MARSHALLING YARDS,"""RR INSTALLATIONS,  TRACKS,  MARSHALLING YARDS,  AND STATIONS""",50.93,11.58,B26,,,120.0,68.0,,,68.0,VISUAL
71557,221368.0,1945-04-09,8,GERMANY,MARSHALLING YARDS,"""RR INSTALLATIONS,  TRACKS,  MARSHALLING YARDS,  AND STATIONS""",50.93,11.58,B26,,,115.0,65.0,,,65.0,VISUAL
71552,221369.0,1945-04-09,8,GERMANY,MARSHALLING YARDS,"""RR INSTALLATIONS,  TRACKS,  MARSHALLING YARDS,  AND STATIONS""",50.93,11.58,B26,,,120.0,38.0,,,38.0,VISUAL
71506,221450.0,1945-04-09,15,GERMANY,AIRDROME,AIR FIELDS AND AIRDROMES,48.17,10.87,B24,4.0,,,20.0,,39.0,59.0,NOT INDICATED
71073,221451.0,1945-04-09,15,GERMANY,AIRDROME,AIR FIELDS AND AIRDROMES,48.17,10.87,B24,4.0,35.0,220.0,18.0,,,18.0,VISUAL
71507,221452.0,1945-04-09,15,GERMANY,AIRDROME,AIR FIELDS AND AIRDROMES,48.17,10.87,B24,4.0,,,41.0,,,41.0,NOT INDICATED
71089,221453.0,1945-04-09,15,GERMANY,AIRDROME,AIR FIELDS AND AIRDROMES,48.17,10.87,B24,4.0,36.0,210.0,42.0,,,42.0,VISUAL
71508,221454.0,1945-04-09,15,GERMANY,AIRDROME,AIR FIELDS AND AIRDROMES,48.17,10.87,B24,4.0,,,1.0,,,1.0,NOT INDICATED
71509,221455.0,1945-04-09,15,GERMANY,AIRDROME,AIR FIELDS AND AIRDROMES,48.17,10.87,B24,4.0,,,41.0,,,41.0,NOT INDICATED
71090,221456.0,1945-04-09,15,GERMANY,AIRDROME,AIR FIELDS AND AIRDROMES,48.17,10.87,B24,4.0,38.0,210.0,20.0,,21.0,41.0,VISUAL
71519,221468.0,1945-04-09,15,GERMANY,AIRDROME,AIR FIELDS AND AIRDROMES,53.97,11.62,B17,4.0,,,2.0,,,2.0,NOT INDICATED
71520,221469.0,1945-04-09,15,GERMANY,AIRDROME,AIR FIELDS AND AIRDROMES,53.97,11.62,B17,4.0,3.0,,4.0,,,4.0,NOT INDICATED
71100,221470.0,1945-04-09,15,GERMANY,AIRDROME,AIR FIELDS AND AIRDROMES,53.97,11.62,B17,4.0,36.0,174.0,108.0,,,108.0,VISUAL
71095,221471.0,1945-04-09,15,GERMANY,AIRDROME,AIR FIELDS AND AIRDROMES,53.97,11.62,B17,4.0,20.0,180.0,48.0,,,48.0,VISUAL
71096,221472.0,1945-04-09,15,GERMANY,AIRDROME,AIR FIELDS AND AIRDROMES,53.97,11.62,B17,4.0,6.0,180.0,11.0,,,11.0,VISUAL
71070,221486.0,1945-04-09,15,GERMANY,AIRDROME,AIR FIELDS AND AIRDROMES,48.13,11.58,B17,4.0,37.0,224.0,54.0,,41.0,95.0,VISUAL
71078,221487.0,1945-04-09,15,GERMANY,AIRDROME,AIR FIELDS AND AIRDROMES,48.13,11.58,B17,4.0,36.0,215.0,102.0,,27.0,129.0,VISUAL
71067,221488.0,1945-04-09,15,GERMANY,AIRDROME,AIR FIELDS AND AIRDROMES,48.13,11.58,B17,4.0,37.0,225.0,74.0,37.0,,111.0,VISUAL
71085,221489.0,1945-04-09,15,GERMANY,AIRDROME,AIR FIELDS AND AIRDROMES,48.13,11.58,B17,4.0,36.0,211.0,74.0,,24.0,98.0,VISUAL
71060,221490.0,1945-04-09,15,GERMANY,AIRDROME,AIR FIELDS AND AIRDROMES,48.13,11.58,B17,4.0,9.0,229.0,18.0,9.0,,27.0,VISUAL
71061,221491.0,1945-04-09,15,GERMANY,AIRDROME,AIR FIELDS AND AIRDROMES,48.13,11.58,B17,4.0,8.0,229.0,16.0,8.0,,24.0,VISUAL
71062,221492.0,1945-04-09,15,GERMANY,AIRDROME,AIR FIELDS AND AIRDROMES,48.13,11.58,B17,4.0,9.0,229.0,18.0,9.0,,27.0,VISUAL
71081,221493.0,1945-04-09,15,GERMANY,AIRDROME,AIR FIELDS AND AIRDROMES,48.13,11.58,B17,4.0,38.0,214.0,,,85.0,85.0,VISUAL
71053,221500.0,1945-04-09,15,GERMANY,AIRDROME,AIR FIELDS AND AIRDROMES,48.13,11.58,B17,4.0,36.0,230.0,86.0,,,86.0,VISUAL
71054,221501.0,1945-04-09,15,GERMANY,AIRDROME,AIR FIELDS AND AIRDROMES,48.13,11.58,B17,4.0,25.0,230.0,72.0,,,72.0,VISUAL
71049,221502.0,1945-04-09,15,GERMANY,AIRDROME,AIR FIELDS AND AIRDROMES,48.13,11.58,B17,4.0,37.0,232.0,78.0,33.0,,111.0,VISUAL
71515,221503.0,1945-04-09,15,GERMANY,AIRDROME,AIR FIELDS AND AIRDROMES,48.13,11.58,B17,4.0,,,36.0,,,36.0,NOT INDICATED
71076,221504.0,1945-04-09,15,GERMANY,AIRDROME,AIR FIELDS AND AIRDROMES,48.13,11.58,B17,4.0,30.0,218.0,18.0,20.0,,38.0,VISUAL
71590,221516.0,1945-04-09,8,GERMANY,DUMP,SUPPLY DUMPS AND WAREHOUSES,50.87,11.27,B26,,,9.0,62.0,,,62.0,VISUAL
71580,221517.0,1945-04-09,8,GERMANY,DUMP,SUPPLY DUMPS AND WAREHOUSES,50.87,11.27,B26,,,10.0,40.0,,,40.0,VISUAL
71581,221518.0,1945-04-09,8,GERMANY,DUMP,SUPPLY DUMPS AND WAREHOUSES,50.87,11.27,B26,,,10.0,8.0,,,8.0,VISUAL
71554,221519.0,1945-04-09,8,GERMANY,FUEL DUMP,SUPPLY DUMPS AND WAREHOUSES,52.43,10.2,B26,,,115.0,64.0,,,64.0,VISUAL
71586,221520.0,1945-04-09,8,GERMANY,ORDNANCE DEPOT,SUPPLY DUMPS AND WAREHOUSES,51.15,11.8,B26,,,10.0,32.0,,,32.0,VISUAL
71587,221521.0,1945-04-09,8,GERMANY,ORDNANCE DEPOT,SUPPLY DUMPS AND WAREHOUSES,51.15,11.8,B26,,,10.0,16.0,,,16.0,VISUAL
71588,221528.0,1945-04-09,8,GERMANY,ORDNANCE DEPOT,SUPPLY DUMPS AND WAREHOUSES,51.15,11.8,B26,,,10.0,80.0,,,80.0,GEE
71589,221529.0,1945-04-09,8,GERMANY,ORDNANCE DEPOT,SUPPLY DUMPS AND WAREHOUSES,51.15,11.8,B26,,,10.0,6.0,,,6.0,GEE
71595,221530.0,1945-04-09,8,GERMANY,ORDNANCE DEPOT,SUPPLY DUMPS AND WAREHOUSES,51.15,11.8,B26,,,5.0,,10.0,,10.0,GEE
71573,221535.0,1945-04-09,8,GERMANY,DUMP,SUPPLY DUMPS AND WAREHOUSES,50.87,11.27,B26,,,90.0,62.0,,,62.0,VISUAL
71560,221536.0,1945-04-09,8,GERMANY,DUMP,SUPPLY DUMPS AND WAREHOUSES,50.87,11.27,B26,,,100.0,40.0,,,40.0,VISUAL
71561,221537.0,1945-04-09,8,GERMANY,DUMP,SUPPLY DUMPS AND WAREHOUSES,50.87,11.27,B26,,,100.0,8.0,,,8.0,VISUAL
71555,221538.0,1945-04-09,8,GERMANY,FUEL DUMP,SUPPLY DUMPS AND WAREHOUSES,52.43,10.2,B26,,,115.0,64.0,,,64.0,VISUAL
71568,221540.0,1945-04-09,8,GERMANY,ORDNANCE DEPOT,SUPPLY DUMPS AND WAREHOUSES,51.15,11.8,B26,,,100.0,32.0,,,32.0,VISUAL
71569,221541.0,1945-04-09,8,GERMANY,ORDNANCE DEPOT,SUPPLY DUMPS AND WAREHOUSES,51.15,11.8,B26,,,100.0,16.0,,,16.0,VISUAL
71570,221542.0,1945-04-09,8,GERMANY,ORDNANCE DEPOT,SUPPLY DUMPS AND WAREHOUSES,51.15,11.8,B26,,,100.0,80.0,,,80.0,GEE
71571,221543.0,1945-04-09,8,GERMANY,ORDNANCE DEPOT,SUPPLY DUMPS AND WAREHOUSES,51.15,11.8,B26,,,100.0,6.0,,,6.0,GEE
71579,221544.0,1945-04-09,8,GERMANY,ORDNANCE DEPOT,SUPPLY DUMPS AND WAREHOUSES,51.15,11.8,B26,,,50.0,,10.0,,10.0,GEE
71510,221586.0,1945-04-09,15,GERMANY,AIRDROME,AIR FIELDS AND AIRDROMES,48.17,10.87,B24,4.0,,,20.0,,39.0,59.0,NOT INDICATED
71074,221587.0,1945-04-09,15,GERMANY,AIRDROME,AIR FIELDS AND AIRDROMES,48.17,10.87,B24,4.0,35.0,220.0,18.0,,,18.0,VISUAL
71511,221588.0,1945-04-09,15,GERMANY,AIRDROME,AIR FIELDS AND AIRDROMES,48.17,10.87,B24,4.0,,,41.0,,,41.0,NOT INDICATED
71091,221589.0,1945-04-09,15,GERMANY,AIRDROME,AIR FIELDS AND AIRDROMES,48.17,10.87,B24,4.0,36.0,210.0,42.0,,,42.0,VISUAL
71512,221590.0,1945-04-09,15,GERMANY,AIRDROME,AIR FIELDS AND AIRDROMES,48.17,10.87,B24,4.0,,,1.0,,,1.0,NOT INDICATED
71513,221591.0,1945-04-09,15,GERMANY,AIRDROME,AIR FIELDS AND AIRDROMES,48.17,10.87,B24,4.0,,,41.0,,,41.0,NOT INDICATED
71092,221592.0,1945-04-09,15,GERMANY,AIRDROME,AIR FIELDS AND AIRDROMES,48.17,10.87,B24,4.0,38.0,210.0,20.0,,21.0,41.0,VISUAL
71071,221604.0,1945-04-09,15,GERMANY,AIRDROME,AIR FIELDS AND AIRDROMES,48.13,11.58,B17,4.0,37.0,224.0,54.0,,41.0,95.0,VISUAL
71079,221605.0,1945-04-09,15,GERMANY,AIRDROME,AIR FIELDS AND AIRDROMES,48.13,11.58,B17,4.0,36.0,215.0,102.0,,27.0,129.0,VISUAL
71068,221606.0,1945-04-09,15,GERMANY,AIRDROME,AIR FIELDS AND AIRDROMES,48.13,11.58,B17,4.0,37.0,225.0,74.0,37.0,,111.0,VISUAL
71086,221607.0,1945-04-09,15,GERMANY,AIRDROME,AIR FIELDS AND AIRDROMES,48.13,11.58,B17,4.0,36.0,211.0,74.0,,24.0,98.0,VISUAL
71063,221608.0,1945-04-09,15,GERMANY,AIRDROME,AIR FIELDS AND AIRDROMES,48.13,11.58,B17,4.0,9.0,229.0,18.0,9.0,,27.0,VISUAL
71064,221609.0,1945-04-09,15,GERMANY,AIRDROME,AIR FIELDS AND AIRDROMES,48.13,11.58,B17,4.0,8.0,229.0,16.0,8.0,,24.0,VISUAL
71065,221610.0,1945-04-09,15,GERMANY,AIRDROME,AIR FIELDS AND AIRDROMES,48.13,11.58,B17,4.0,9.0,229.0,18.0,9.0,,27.0,VISUAL
71082,221611.0,1945-04-09,15,GERMANY,AIRDROME,AIR FIELDS AND AIRDROMES,48.13,11.58,B17,4.0,38.0,214.0,,,85.0,85.0,VISUAL
71055,221612.0,1945-04-09,15,GERMANY,AIRDROME,AIR FIELDS AND AIRDROMES,48.13,11.58,B17,4.0,36.0,230.0,86.0,,,86.0,VISUAL
71056,221613.0,1945-04-09,15,GERMANY,AIRDROME,AIR FIELDS AND AIRDROMES,48.13,11.58,B17,4.0,25.0,230.0,72.0,,,72.0,VISUAL
71050,221614.0,1945-04-09,15,GERMANY,AIRDROME,AIR FIELDS AND AIRDROMES,48.13,11.58,B17,4.0,37.0,232.0,78.0,33.0,,111.0,VISUAL
71516,221615.0,1945-04-09,15,GERMANY,AIRDROME,AIR FIELDS AND AIRDROMES,48.13,11.58,B17,4.0,,,36.0,,,36.0,NOT INDICATED
71083,221616.0,1945-04-09,15,GERMANY,AIRDROME,AIR FIELDS AND AIRDROMES,48.13,11.58,B17,4.0,30.0,212.0,18.0,20.0,,38.0,VISUAL
71521,221617.0,1945-04-09,15,GERMANY,AIRDROME,AIR FIELDS AND AIRDROMES,53.97,11.62,B17,4.0,,,2.0,,,2.0,NOT INDICATED
71522,221618.0,1945-04-09,15,GERMANY,AIRDROME,AIR FIELDS AND AIRDROMES,53.97,11.62,B17,4.0,3.0,,4.0,,,4.0,NOT INDICATED
71501,221619.0,1945-04-09,15,GERMANY,AIRDROME,AIR FIELDS AND AIRDROMES,53.97,11.62,B17,4.0,36.0,174.0,108.0,,,108.0,VISUAL
71097,221620.0,1945-04-09,15,GERMANY,AIRDROME,AIR FIELDS AND AIRDROMES,53.97,11.62,B17,4.0,20.0,180.0,48.0,,,48.0,VISUAL
71098,221621.0,1945-04-09,15,GERMANY,AIRDROME,AIR FIELDS AND AIRDROMES,53.97,11.62,B17,4.0,6.0,180.0,11.0,,,11.0,VISUAL
74048,121799.0,1945-04-10,8,CZECHOSLOVAKIA,MARSHALLING YARDS,"""RR INSTALLATIONS,  TRACKS,  MARSHALLING YARDS,  AND STATIONS""",50.08,12.37,A26,,,80.0,43.0,,,43.0,VISUAL
74040,121800.0,1945-04-10,8,CZECHOSLOVAKIA,MARSHALLING YARDS,"""RR INSTALLATIONS,  TRACKS,  MARSHALLING YARDS,  AND STATIONS""",50.08,12.37,B26,,,90.0,38.0,,,38.0,VISUAL
74049,121801.0,1945-04-10,8,CZECHOSLOVAKIA,MARSHALLING YARDS,"""RR INSTALLATIONS,  TRACKS,  MARSHALLING YARDS,  AND STATIONS""",50.08,12.37,B26,,,80.0,33.0,,,33.0,VISUAL
74041,121802.0,1945-04-10,8,CZECHOSLOVAKIA,MARSHALLING YARDS,"""RR INSTALLATIONS,  TRACKS,  MARSHALLING YARDS,  AND STATIONS""",50.08,12.37,B26,,,90.0,52.0,,,52.0,VISUAL
74042,121803.0,1945-04-10,8,CZECHOSLOVAKIA,MARSHALLING YARDS,"""RR INSTALLATIONS,  TRACKS,  MARSHALLING YARDS,  AND STATIONS""",50.08,12.37,A26,,,90.0,48.0,,,48.0,VISUAL
74043,121804.0,1945-04-10,8,CZECHOSLOVAKIA,MARSHALLING YARDS,"""RR INSTALLATIONS,  TRACKS,  MARSHALLING YARDS,  AND STATIONS""",50.08,12.37,A26,,,90.0,50.0,,,50.0,VISUAL
74020,121975.0,1945-04-10,12,GERMANY,LIGHT,TACTICAL TARGETS: (UNIDENTIFIED OR NOT LISTED BELOW),44.77,9.38,A20,4.0,,90.0,,,,,NOT INDICATED
74030,121976.0,1945-04-10,8,GERMANY,OIL STORAGE,SUPPLY DUMPS AND WAREHOUSES,51.83,11.6,B26,,,120.0,36.0,,,36.0,VISUAL
74032,121977.0,1945-04-10,8,GERMANY,ORD DEPOT,SUPPLY DUMPS AND WAREHOUSES,50.72,15.35,B26,,,100.0,,76.0,,76.0,VISUAL
74033,121978.0,1945-04-10,8,GERMANY,ORD DEPOT,SUPPLY DUMPS AND WAREHOUSES,50.72,15.35,B26,,,100.0,64.0,,,64.0,VISUAL
74034,121979.0,1945-04-10,8,GERMANY,ORD DEPOT,SUPPLY DUMPS AND WAREHOUSES,50.72,15.35,B26,,,100.0,,24.0,,24.0,VISUAL
74035,121980.0,1945-04-10,8,GERMANY,ORD DEPOT,SUPPLY DUMPS AND WAREHOUSES,50.72,15.35,B26,,,100.0,72.0,,,72.0,VISUAL
74059,122048.0,1945-04-10,8,GERMANY,FACTORY,MANUFACTURING INSTALLATIONS (NOT SPECIFICALLY IDENTIFIED BELOW FROM CLASS 11 THROUGH 59),53.06,8.8,A20,,,8.0,9.0,,,9.0,VISUAL
74060,191202.0,1945-04-10,8,GERMANY,FACTORY,MANUFACTURING INSTALLATIONS (NOT SPECIFICALLY IDENTIFIED BELOW FROM CLASS 11 THROUGH 59),53.06,8.8,A20,,,8.0,9.0,,,9.0,VISUAL
74050,221640.0,1945-04-10,8,CZECHOSLOVAKIA,MARSHALLING YARDS,"""RR INSTALLATIONS,  TRACKS,  MARSHALLING YARDS,  AND STATIONS""",50.08,12.37,A26,,,80.0,43.0,,,43.0,VISUAL
74044,221641.0,1945-04-10,8,CZECHOSLOVAKIA,MARSHALLING YARDS,"""RR INSTALLATIONS,  TRACKS,  MARSHALLING YARDS,  AND STATIONS""",50.08,12.37,B26,,,90.0,38.0,,,38.0,VISUAL
74051,221642.0,1945-04-10,8,CZECHOSLOVAKIA,MARSHALLING YARDS,"""RR INSTALLATIONS,  TRACKS,  MARSHALLING YARDS,  AND STATIONS""",50.08,12.37,B26,,,80.0,33.0,,,33.0,VISUAL
74045,221643.0,1945-04-10,8,CZECHOSLOVAKIA,MARSHALLING YARDS,"""RR INSTALLATIONS,  TRACKS,  MARSHALLING YARDS,  AND STATIONS""",50.08,12.37,B26,,,90.0,52.0,,,52.0,VISUAL
74046,221644.0,1945-04-10,8,CZECHOSLOVAKIA,MARSHALLING YARDS,"""RR INSTALLATIONS,  TRACKS,  MARSHALLING YARDS,  AND STATIONS""",50.08,12.37,A26,,,90.0,48.0,,,48.0,VISUAL
74047,221645.0,1945-04-10,8,CZECHOSLOVAKIA,MARSHALLING YARDS,"""RR INSTALLATIONS,  TRACKS,  MARSHALLING YARDS,  AND STATIONS""",50.08,12.37,A26,,,90.0,50.0,,,50.0,VISUAL
74022,221849.0,1945-04-10,12,GERMANY,LIGHT,TACTICAL TARGETS: (UNIDENTIFIED OR NOT LISTED BELOW),44.77,9.38,A20,4.0,,9.0,,,,,NOT INDICATED
74054,221873.0,1945-04-10,8,GERMANY,OIL STORAGE,SUPPLY DUMPS AND WAREHOUSES,51.83,11.6,B26,,,12.0,36.0,,,36.0,VISUAL
74055,221874.0,1945-04-10,8,GERMANY,ORD DEPOT,SUPPLY DUMPS AND WAREHOUSES,50.72,15.35,B26,,,10.0,,76.0,,76.0,VISUAL
74056,221875.0,1945-04-10,8,GERMANY,ORD DEPOT,SUPPLY DUMPS AND WAREHOUSES,50.72,15.35,B26,,,10.0,64.0,,,64.0,VISUAL
74057,221876.0,1945-04-10,8,GERMANY,ORD DEPOT,SUPPLY DUMPS AND WAREHOUSES,50.72,15.35,B26,,,10.0,,24.0,,24.0,VISUAL
74058,221877.0,1945-04-10,8,GERMANY,ORD DEPOT,SUPPLY DUMPS AND WAREHOUSES,50.72,15.35,B26,,,10.0,72.0,,,72.0,VISUAL
74021,221879.0,1945-04-10,12,GERMANY,LIGHT,TACTICAL TARGETS: (UNIDENTIFIED OR NOT LISTED BELOW),44.77,9.38,A20,4.0,,90.0,,,,,NOT INDICATED
74031,221880.0,1945-04-10,8,GERMANY,OIL STORAGE,SUPPLY DUMPS AND WAREHOUSES,51.83,11.6,B26,,,120.0,36.0,,,36.0,VISUAL
74036,221881.0,1945-04-10,8,GERMANY,ORD DEPOT,SUPPLY DUMPS AND WAREHOUSES,50.72,15.35,B26,,,100.0,,76.0,,76.0,VISUAL
74037,221882.0,1945-04-10,8,GERMANY,ORD DEPOT,SUPPLY DUMPS AND WAREHOUSES,50.72,15.35,B26,,,100.0,64.0,,,64.0,VISUAL
74038,221883.0,1945-04-10,8,GERMANY,ORD DEPOT,SUPPLY DUMPS AND WAREHOUSES,50.72,15.35,B26,,,100.0,,24.0,,24.0,VISUAL
74039,221884.0,1945-04-10,8,GERMANY,ORD DEPOT,SUPPLY DUMPS AND WAREHOUSES,50.72,15.35,B26,,,100.0,72.0,,,72.0,VISUAL
74052,221980.0,1945-04-10,8,GERMANY,FACTORY,MANUFACTURING INSTALLATIONS (NOT SPECIFICALLY IDENTIFIED BELOW FROM CLASS 11 THROUGH 59),53.06,8.8,A20,,,80.0,9.0,,,9.0,VISUAL
74053,299768.0,1945-04-10,8,GERMANY,FACTORY,MANUFACTURING INSTALLATIONS (NOT SPECIFICALLY IDENTIFIED BELOW FROM CLASS 11 THROUGH 59),53.06,8.8,A20,,,80.0,9.0,,,9.0,VISUAL
77218,122050.0,1945-04-11,12,FRANCE,RR,"""RR INSTALLATIONS,  TRACKS,  MARSHALLING YARDS,  AND STATIONS""",44.67,6.33,A20,4.0,,113.0,1.0,,,1.0,NOT INDICATED
77226,122051.0,1945-04-11,12,FRANCE,RR,"""RR INSTALLATIONS,  TRACKS,  MARSHALLING YARDS,  AND STATIONS""",44.67,6.33,A26,4.0,,,,,,,NOT INDICATED
77224,122052.0,1945-04-11,12,FRANCE,RR,"""RR INSTALLATIONS,  TRACKS,  MARSHALLING YARDS,  AND STATIONS""",44.67,6.33,A26,4.0,,90.0,,,,,NOT INDICATED
77227,122053.0,1945-04-11,12,FRANCE,RR,"""RR INSTALLATIONS,  TRACKS,  MARSHALLING YARDS,  AND STATIONS""",44.67,6.33,A26,4.0,,,,,,,NOT INDICATED
77222,122054.0,1945-04-11,12,FRANCE,RR,"""RR INSTALLATIONS,  TRACKS,  MARSHALLING YARDS,  AND STATIONS""",44.67,6.33,A26,4.0,1.0,100.0,2.0,,,2.0,NOT INDICATED
77220,122055.0,1945-04-11,12,FRANCE,RR,"""RR INSTALLATIONS,  TRACKS,  MARSHALLING YARDS,  AND STATIONS""",44.67,6.33,A26,4.0,1.0,110.0,2.0,,,2.0,NOT INDICATED
77250,122137.0,1945-04-11,8,GERMANY,MARSHALLING YARD,"""RR INSTALLATIONS,  TRACKS,  MARSHALLING YARDS,  AND STATIONS""",51.75,11.47,B26,,,90.0,52.0,,,52.0,VISUAL
77252,122138.0,1945-04-11,8,GERMANY,MARSHALLING YARD,"""RR INSTALLATIONS,  TRACKS,  MARSHALLING YARDS,  AND STATIONS""",51.75,11.47,B26,,,80.0,54.0,,,54.0,VISUAL
77244,122139.0,1945-04-11,8,GERMANY,MARSHALLING YARD,"""RR INSTALLATIONS,  TRACKS,  MARSHALLING YARDS,  AND STATIONS""",51.75,11.47,B26,,,100.0,36.0,,,36.0,VISUAL
77242,122140.0,1945-04-11,8,GERMANY,MARSHALLING YARD,"""RR INSTALLATIONS,  TRACKS,  MARSHALLING YARDS,  AND STATIONS""",51.75,11.47,B26,,,105.0,36.0,,,36.0,VISUAL
77245,122141.0,1945-04-11,8,GERMANY,MARSHALLING YARD,"""RR INSTALLATIONS,  TRACKS,  MARSHALLING YARDS,  AND STATIONS""",51.75,11.47,B26,,,100.0,36.0,,,36.0,VISUAL
77254,122142.0,1945-04-11,8,GERMANY,MARSHALLING YARDS,"""RR INSTALLATIONS,  TRACKS,  MARSHALLING YARDS,  AND STATIONS""",50.43,7.57,B26,,,80.0,8.0,,,8.0,VISUAL
77256,122143.0,1945-04-11,8,GERMANY,MARSHALLING YARDS,"""RR INSTALLATIONS,  TRACKS,  MARSHALLING YARDS,  AND STATIONS""",51.53,11.55,B26,,,80.0,24.0,,,24.0,VISUAL
77234,122156.0,1945-04-11,8,GERMANY,MARSHALLING YARDS,"""RR INSTALLATIONS,  TRACKS,  MARSHALLING YARDS,  AND STATIONS""",51.8,11.73,B26,,,120.0,56.0,,,56.0,VISUAL
77235,122157.0,1945-04-11,8,GERMANY,MARSHALLING YARDS,"""RR INSTALLATIONS,  TRACKS,  MARSHALLING YARDS,  AND STATIONS""",51.8,11.73,A26,,,120.0,71.0,,,71.0,VISUAL
77238,122165.0,1945-04-11,8,GERMANY,COMMUNICATIONS CENTER,TRANSPORTATION FACILITIES (NOT SPECIFICALLY IDENTIFIED BELOW),51.63,11.52,B26,,,120.0,12.0,,,12.0,VISUAL
77240,122171.0,1945-04-11,8,GERMANY,MARSHALLING YARDS,"""RR INSTALLATIONS,  TRACKS,  MARSHALLING YARDS,  AND STATIONS""",51.75,11.88,A26,,,110.0,,,43.0,43.0,VISUAL
77261,122218.0,1945-04-11,8,GERMANY,ORDNANCE DEPOT,SUPPLY DUMPS AND WAREHOUSES,51.15,11.8,A26,,,70.0,,,49.0,49.0,VISUAL
77258,122219.0,1945-04-11,8,GERMANY,ORDNANCE DEPOT,SUPPLY DUMPS AND WAREHOUSES,51.15,11.8,A26,,,75.0,44.0,,,44.0,VISUAL
77248,122220.0,1945-04-11,8,GERMANY,ORDNANCE DEPOT,SUPPLY DUMPS AND WAREHOUSES,51.15,11.8,A26,,,100.0,,57.0,,57.0,VISUAL
77270,122221.0,1945-04-11,8,GERMANY,ORDNANCE DEPOT,SUPPLY DUMPS AND WAREHOUSES,51.15,11.8,A20,,,,56.0,,,56.0,VISUAL
77265,122318.0,1945-04-11,8,GERMANY,FACTORY,MANUFACTURING INSTALLATIONS (NOT SPECIFICALLY IDENTIFIED BELOW FROM CLASS 11 THROUGH 59),49.9,10.88,B26,,,,72.0,,,72.0,VISUAL
77266,191265.0,1945-04-11,8,GERMANY,FACTORY,MANUFACTURING INSTALLATIONS (NOT SPECIFICALLY IDENTIFIED BELOW FROM CLASS 11 THROUGH 59),49.9,10.88,B26,,,,72.0,,,72.0,VISUAL
77217,191362.0,1945-04-11,15,GERMANY,MARSHALLING YARDS,"""RR INSTALLATIONS,  TRACKS,  MARSHALLING YARDS,  AND STATIONS""",48.72,10.8,B17,4.0,37.0,172.0,111.0,,,111.0,VISUAL
77216,191363.0,1945-04-11,15,GERMANY,MARSHALLING YARDS,"""RR INSTALLATIONS,  TRACKS,  MARSHALLING YARDS,  AND STATIONS""",48.72,10.8,B17,4.0,33.0,173.0,66.0,33.0,,99.0,VISUAL
77215,191364.0,1945-04-11,15,GERMANY,MARSHALLING YARDS,"""RR INSTALLATIONS,  TRACKS,  MARSHALLING YARDS,  AND STATIONS""",48.72,10.8,B17,4.0,37.0,174.0,111.0,,,111.0,VISUAL
77233,191368.0,1945-04-11,8,GERMANY,LOCOMOTIVE,"""RR INSTALLATIONS,  TRACKS,  MARSHALLING YARDS,  AND STATIONS""",48.45,12.17,B17,4.0,37.0,180.0,74.0,37.0,,111.0,VISUAL
77269,191369.0,1945-04-11,8,GERMANY,LOCOMOTIVE,"""RR INSTALLATIONS,  TRACKS,  MARSHALLING YARDS,  AND STATIONS""",48.45,12.17,B17,4.0,,,51.0,,,51.0,NOT INDICATED
77231,191370.0,1945-04-11,8,GERMANY,LOCOMOTIVE,"""RR INSTALLATIONS,  TRACKS,  MARSHALLING YARDS,  AND STATIONS""",48.45,12.17,B17,4.0,35.0,185.0,54.0,,,54.0,VISUAL
77232,191371.0,1945-04-11,8,GERMANY,LOCOMOTIVE,"""RR INSTALLATIONS,  TRACKS,  MARSHALLING YARDS,  AND STATIONS""",48.45,12.17,B17,3.0,9.0,185.0,17.0,9.0,,26.0,VISUAL
77219,221981.0,1945-04-11,12,FRANCE,RR,"""RR INSTALLATIONS,  TRACKS,  MARSHALLING YARDS,  AND STATIONS""",44.67,6.33,A20,4.0,,113.0,1.0,,,1.0,NOT INDICATED
77228,221982.0,1945-04-11,12,FRANCE,RR,"""RR INSTALLATIONS,  TRACKS,  MARSHALLING YARDS,  AND STATIONS""",44.67,6.33,A26,4.0,,,,,,,NOT INDICATED
77225,221983.0,1945-04-11,12,FRANCE,RR,"""RR INSTALLATIONS,  TRACKS,  MARSHALLING YARDS,  AND STATIONS""",44.67,6.33,A26,4.0,,90.0,,,,,NOT INDICATED
77229,221984.0,1945-04-11,12,FRANCE,RR,"""RR INSTALLATIONS,  TRACKS,  MARSHALLING YARDS,  AND STATIONS""",44.67,6.33,A26,4.0,,,,,,,NOT INDICATED
77223,221985.0,1945-04-11,12,FRANCE,RR,"""RR INSTALLATIONS,  TRACKS,  MARSHALLING YARDS,  AND STATIONS""",44.67,6.33,A26,4.0,1.0,100.0,2.0,,,2.0,NOT INDICATED
77221,221986.0,1945-04-11,12,FRANCE,RR,"""RR INSTALLATIONS,  TRACKS,  MARSHALLING YARDS,  AND STATIONS""",44.67,6.33,A26,4.0,1.0,110.0,2.0,,,2.0,NOT INDICATED
77251,221987.0,1945-04-11,8,GERMANY,MARSHALLING YARD,"""RR INSTALLATIONS,  TRACKS,  MARSHALLING YARDS,  AND STATIONS""",51.75,11.47,B26,,,90.0,52.0,,,52.0,VISUAL
77253,221988.0,1945-04-11,8,GERMANY,MARSHALLING YARD,"""RR INSTALLATIONS,  TRACKS,  MARSHALLING YARDS,  AND STATIONS""",51.75,11.47,B26,,,80.0,54.0,,,54.0,VISUAL
77246,221989.0,1945-04-11,8,GERMANY,MARSHALLING YARD,"""RR INSTALLATIONS,  TRACKS,  MARSHALLING YARDS,  AND STATIONS""",51.75,11.47,B26,,,100.0,36.0,,,36.0,VISUAL
77243,221990.0,1945-04-11,8,GERMANY,MARSHALLING YARD,"""RR INSTALLATIONS,  TRACKS,  MARSHALLING YARDS,  AND STATIONS""",51.75,11.47,B26,,,105.0,36.0,,,36.0,VISUAL
77247,221991.0,1945-04-11,8,GERMANY,MARSHALLING YARD,"""RR INSTALLATIONS,  TRACKS,  MARSHALLING YARDS,  AND STATIONS""",51.75,11.47,B26,,,100.0,36.0,,,36.0,VISUAL
77255,221992.0,1945-04-11,8,GERMANY,MARSHALLING YARDS,"""RR INSTALLATIONS,  TRACKS,  MARSHALLING YARDS,  AND STATIONS""",50.43,7.57,B26,,,80.0,8.0,,,8.0,VISUAL
77257,221993.0,1945-04-11,8,GERMANY,MARSHALLING YARDS,"""RR INSTALLATIONS,  TRACKS,  MARSHALLING YARDS,  AND STATIONS""",51.53,11.55,B26,,,80.0,24.0,,,24.0,VISUAL
77236,221994.0,1945-04-11,8,GERMANY,MARSHALLING YARDS,"""RR INSTALLATIONS,  TRACKS,  MARSHALLING YARDS,  AND STATIONS""",51.8,11.73,B26,,,120.0,56.0,,,56.0,VISUAL
77237,221995.0,1945-04-11,8,GERMANY,MARSHALLING YARDS,"""RR INSTALLATIONS,  TRACKS,  MARSHALLING YARDS,  AND STATIONS""",51.8,11.73,A26,,,120.0,71.0,,,71.0,VISUAL
77239,221996.0,1945-04-11,8,GERMANY,COMMUNICATIONS CENTER,TRANSPORTATION FACILITIES (NOT SPECIFICALLY IDENTIFIED BELOW),51.63,11.52,B26,,,120.0,12.0,,,12.0,VISUAL
77241,221997.0,1945-04-11,8,GERMANY,MARSHALLING YARDS,"""RR INSTALLATIONS,  TRACKS,  MARSHALLING YARDS,  AND STATIONS""",51.75,11.88,A26,,,110.0,,,43.0,43.0,VISUAL
77264,222156.0,1945-04-11,8,GERMANY,ORDNANCE DEPOT,SUPPLY DUMPS AND WAREHOUSES,51.15,11.8,A26,,,7.0,,,49.0,49.0,VISUAL
77259,222157.0,1945-04-11,8,GERMANY,ORDNANCE DEPOT,SUPPLY DUMPS AND WAREHOUSES,51.15,11.8,A26,,,75.0,44.0,,,44.0,VISUAL
77263,222158.0,1945-04-11,8,GERMANY,ORDNANCE DEPOT,SUPPLY DUMPS AND WAREHOUSES,51.15,11.8,A26,,,10.0,,57.0,,57.0,VISUAL
77271,222159.0,1945-04-11,8,GERMANY,ORDNANCE DEPOT,SUPPLY DUMPS AND WAREHOUSES,51.15,11.8,A20,,,,56.0,,,56.0,VISUAL
77262,222160.0,1945-04-11,8,GERMANY,ORDNANCE DEPOT,SUPPLY DUMPS AND WAREHOUSES,51.15,11.8,A26,,,70.0,,,49.0,49.0,VISUAL
77260,222161.0,1945-04-11,8,GERMANY,ORDNANCE DEPOT,SUPPLY DUMPS AND WAREHOUSES,51.15,11.8,A26,,,75.0,44.0,,,44.0,VISUAL
77249,222162.0,1945-04-11,8,GERMANY,ORDNANCE DEPOT,SUPPLY DUMPS AND WAREHOUSES,51.15,11.8,A26,,,100.0,,57.0,,57.0,VISUAL
77272,222163.0,1945-04-11,8,GERMANY,ORDNANCE DEPOT,SUPPLY DUMPS AND WAREHOUSES,51.15,11.8,A20,,,,56.0,,,56.0,VISUAL
77267,222213.0,1945-04-11,8,GERMANY,FACTORY,MANUFACTURING INSTALLATIONS (NOT SPECIFICALLY IDENTIFIED BELOW FROM CLASS 11 THROUGH 59),49.9,10.88,B26,,,,72.0,,,72.0,VISUAL
77268,299781.0,1945-04-11,8,GERMANY,FACTORY,MANUFACTURING INSTALLATIONS (NOT SPECIFICALLY IDENTIFIED BELOW FROM CLASS 11 THROUGH 59),49.9,10.88,B26,,,,72.0,,,72.0,VISUAL
80529,122326.0,1945-04-12,12,FRANCE,RR,"""RR INSTALLATIONS,  TRACKS,  MARSHALLING YARDS,  AND STATIONS""",44.67,6.33,A26,4.0,1.0,130.0,,,2.0,2.0,NOT INDICATED
80539,122369.0,1945-04-12,8,GERMANY,MARSHALLING YARD,"""RR INSTALLATIONS,  TRACKS,  MARSHALLING YARDS,  AND STATIONS""",48.72,9.65,A26,,,60.0,11.0,,,11.0,VISUAL
80533,122370.0,1945-04-12,8,GERMANY,RR BRIDGE,BRIDGES,50.32,11.93,A26,,,80.0,46.0,,,46.0,VISUAL
80545,122371.0,1945-04-12,8,GERMANY,RR BRIDGE,BRIDGES,50.32,11.93,A26,,,50.0,54.0,,,54.0,VISUAL
80543,122386.0,1945-04-12,8,GERMANY,DEPOT,SUPPLY DUMPS AND WAREHOUSES,47.72,10.3,B26,,,60.0,64.0,,,64.0,VISUAL
80535,122387.0,1945-04-12,8,GERMANY,DEPOT,SUPPLY DUMPS AND WAREHOUSES,47.72,10.3,B26,,,80.0,38.0,,,38.0,VISUAL
80537,122388.0,1945-04-12,8,GERMANY,DEPOT,SUPPLY DUMPS AND WAREHOUSES,47.72,10.3,A20,,,70.0,58.0,,,58.0,VISUAL
80549,122403.0,1945-04-12,8,GERMANY,CITY AREA,CITIES TOWNS AND URBAN AREAS,47.88,10.62,A26,,,6.0,11.0,,,11.0,VISUAL
80541,122404.0,1945-04-12,8,GERMANY,CITY AREA,CITIES TOWNS AND URBAN AREAS,47.88,10.62,A26,,,60.0,11.0,,,11.0,VISUAL
80550,191406.0,1945-04-12,8,GERMANY,CITY AREA,CITIES TOWNS AND URBAN AREAS,47.88,10.62,A26,,,6.0,11.0,,,11.0,VISUAL
80542,191407.0,1945-04-12,8,GERMANY,CITY AREA,CITIES TOWNS AND URBAN AREAS,47.88,10.62,A26,,,60.0,11.0,,,11.0,VISUAL
80531,191412.0,1945-04-12,12,AUSTRIA,RR BRIDGE,BRIDGES,46.75,14.37,B24,4.0,,,,1.0,,1.0,NOT INDICATED
80528,191413.0,1945-04-12,12,AUSTRIA,RR BRIDGE,BRIDGES,46.75,14.37,B24,4.0,29.0,140.0,70.0,,,70.0,VISUAL
80527,191414.0,1945-04-12,12,AUSTRIA,RR BRIDGE,BRIDGES,46.75,14.37,B24,4.0,27.0,165.0,64.0,,,64.0,VISUAL
80526,191415.0,1945-04-12,12,AUSTRIA,RR BRIDGE,BRIDGES,46.75,14.37,B24,4.0,27.0,175.0,66.0,,,66.0,VISUAL
80530,222214.0,1945-04-12,12,FRANCE,RR,"""RR INSTALLATIONS,  TRACKS,  MARSHALLING YARDS,  AND STATIONS""",44.67,6.33,A26,4.0,1.0,130.0,,,2.0,2.0,NOT INDICATED
80540,222215.0,1945-04-12,8,GERMANY,MARSHALLING YARD,"""RR INSTALLATIONS,  TRACKS,  MARSHALLING YARDS,  AND STATIONS""",48.72,9.65,A26,,,60.0,11.0,,,11.0,VISUAL
80534,222216.0,1945-04-12,8,GERMANY,RR BRIDGE,BRIDGES,50.32,11.93,A26,,,80.0,46.0,,,46.0,VISUAL
80546,222217.0,1945-04-12,8,GERMANY,RR BRIDGE,BRIDGES,50.32,11.93,A26,,,50.0,54.0,,,54.0,VISUAL
80551,222289.0,1945-04-12,8,GERMANY,DEPOT,SUPPLY DUMPS AND WAREHOUSES,47.72,10.3,B26,,,6.0,64.0,,,64.0,VISUAL
80547,222290.0,1945-04-12,8,GERMANY,DEPOT,SUPPLY DUMPS AND WAREHOUSES,47.72,10.3,B26,,,8.0,38.0,,,38.0,VISUAL
80548,222291.0,1945-04-12,8,GERMANY,DEPOT,SUPPLY DUMPS AND WAREHOUSES,47.72,10.3,A20,,,7.0,58.0,,,58.0,VISUAL
80544,222293.0,1945-04-12,8,GERMANY,DEPOT,SUPPLY DUMPS AND WAREHOUSES,47.72,10.3,B26,,,60.0,64.0,,,64.0,VISUAL
80536,222294.0,1945-04-12,8,GERMANY,DEPOT,SUPPLY DUMPS AND WAREHOUSES,47.72,10.3,B26,,,80.0,38.0,,,38.0,VISUAL
80538,222295.0,1945-04-12,8,GERMANY,DEPOT,SUPPLY DUMPS AND WAREHOUSES,47.72,10.3,A20,,,70.0,58.0,,,58.0,VISUAL
82123,122406.0,1945-04-13,12,FRANCE,RR,"""RR INSTALLATIONS,  TRACKS,  MARSHALLING YARDS,  AND STATIONS""",44.67,6.33,A20,4.0,1.0,100.0,,,1.0,1.0,NOT INDICATED
82124,122407.0,1945-04-13,12,FRANCE,RR,"""RR INSTALLATIONS,  TRACKS,  MARSHALLING YARDS,  AND STATIONS""",44.67,6.33,A20,4.0,1.0,100.0,,,1.0,1.0,NOT INDICATED
82125,122408.0,1945-04-13,12,FRANCE,RR,"""RR INSTALLATIONS,  TRACKS,  MARSHALLING YARDS,  AND STATIONS""",44.67,6.33,A20,4.0,1.0,100.0,1.0,,,1.0,NOT INDICATED
82126,122409.0,1945-04-13,12,FRANCE,RR,"""RR INSTALLATIONS,  TRACKS,  MARSHALLING YARDS,  AND STATIONS""",44.67,6.33,A20,4.0,1.0,100.0,1.0,,,1.0,NOT INDICATED
82139,122410.0,1945-04-13,12,FRANCE,RR,"""RR INSTALLATIONS,  TRACKS,  MARSHALLING YARDS,  AND STATIONS""",44.67,6.33,A20,4.0,,,,,,,NOT INDICATED
82140,122411.0,1945-04-13,12,FRANCE,RR,"""RR INSTALLATIONS,  TRACKS,  MARSHALLING YARDS,  AND STATIONS""",44.67,6.33,A20,4.0,,,,,,,NOT INDICATED
82127,122412.0,1945-04-13,12,FRANCE,RR,"""RR INSTALLATIONS,  TRACKS,  MARSHALLING YARDS,  AND STATIONS""",44.67,6.33,A26,4.0,1.0,100.0,,,1.0,1.0,NOT INDICATED
82128,122413.0,1945-04-13,12,FRANCE,RR,"""RR INSTALLATIONS,  TRACKS,  MARSHALLING YARDS,  AND STATIONS""",44.67,6.33,A26,4.0,1.0,100.0,1.0,,,1.0,NOT INDICATED
81781,122414.0,1945-04-13,12,FRANCE,RR,"""RR INSTALLATIONS,  TRACKS,  MARSHALLING YARDS,  AND STATIONS""",44.67,6.33,A26,4.0,1.0,120.0,,,1.0,1.0,NOT INDICATED
81782,122415.0,1945-04-13,12,FRANCE,RR,"""RR INSTALLATIONS,  TRACKS,  MARSHALLING YARDS,  AND STATIONS""",44.67,6.33,A26,4.0,1.0,120.0,1.0,,,1.0,NOT INDICATED
81783,122416.0,1945-04-13,12,FRANCE,RR,"""RR INSTALLATIONS,  TRACKS,  MARSHALLING YARDS,  AND STATIONS""",44.67,6.33,A26,4.0,1.0,120.0,1.0,,,1.0,NOT INDICATED
82117,122417.0,1945-04-13,12,FRANCE,RR,"""RR INSTALLATIONS,  TRACKS,  MARSHALLING YARDS,  AND STATIONS""",44.67,6.33,A20,4.0,1.0,110.0,,,1.0,1.0,NOT INDICATED
82118,122418.0,1945-04-13,12,FRANCE,RR,"""RR INSTALLATIONS,  TRACKS,  MARSHALLING YARDS,  AND STATIONS""",44.67,6.33,A20,4.0,1.0,110.0,1.0,,,1.0,NOT INDICATED
82119,122419.0,1945-04-13,12,FRANCE,RR,"""RR INSTALLATIONS,  TRACKS,  MARSHALLING YARDS,  AND STATIONS""",44.67,6.33,A20,4.0,1.0,110.0,1.0,,,1.0,NOT INDICATED
82141,122420.0,1945-04-13,12,FRANCE,RR,"""RR INSTALLATIONS,  TRACKS,  MARSHALLING YARDS,  AND STATIONS""",44.67,6.33,A20,4.0,,,,,1.0,1.0,NOT INDICATED
82142,122421.0,1945-04-13,12,FRANCE,RR,"""RR INSTALLATIONS,  TRACKS,  MARSHALLING YARDS,  AND STATIONS""",44.67,6.33,A20,4.0,,,1.0,,,1.0,NOT INDICATED
82143,122422.0,1945-04-13,12,FRANCE,RR,"""RR INSTALLATIONS,  TRACKS,  MARSHALLING YARDS,  AND STATIONS""",44.67,6.33,A20,4.0,,,1.0,,,1.0,NOT INDICATED
82144,122423.0,1945-04-13,12,FRANCE,RR,"""RR INSTALLATIONS,  TRACKS,  MARSHALLING YARDS,  AND STATIONS""",44.67,6.33,A20,4.0,,,,,,,NOT INDICATED
82145,122424.0,1945-04-13,12,FRANCE,RR,"""RR INSTALLATIONS,  TRACKS,  MARSHALLING YARDS,  AND STATIONS""",44.67,6.33,A20,4.0,,,,,,,NOT INDICATED
82129,122425.0,1945-04-13,12,FRANCE,RR,"""RR INSTALLATIONS,  TRACKS,  MARSHALLING YARDS,  AND STATIONS""",44.67,6.33,A20,4.0,1.0,100.0,,,,,NOT INDICATED
82130,122426.0,1945-04-13,12,FRANCE,RR,"""RR INSTALLATIONS,  TRACKS,  MARSHALLING YARDS,  AND STATIONS""",44.67,6.33,A20,4.0,1.0,100.0,,,2.0,2.0,NOT INDICATED
82146,122427.0,1945-04-13,12,FRANCE,RR,"""RR INSTALLATIONS,  TRACKS,  MARSHALLING YARDS,  AND STATIONS""",44.67,6.33,A26,4.0,,,1.0,,,1.0,NOT INDICATED
82147,122428.0,1945-04-13,12,FRANCE,RR,"""RR INSTALLATIONS,  TRACKS,  MARSHALLING YARDS,  AND STATIONS""",44.67,6.33,A26,4.0,,,1.0,,,1.0,NOT INDICATED
82148,122429.0,1945-04-13,12,FRANCE,RR,"""RR INSTALLATIONS,  TRACKS,  MARSHALLING YARDS,  AND STATIONS""",44.67,6.33,A26,4.0,,,1.0,,,1.0,NOT INDICATED
82149,122430.0,1945-04-13,12,FRANCE,RR,"""RR INSTALLATIONS,  TRACKS,  MARSHALLING YARDS,  AND STATIONS""",44.67,6.33,A26,4.0,,,1.0,,,1.0,NOT INDICATED
82150,122431.0,1945-04-13,12,FRANCE,RR,"""RR INSTALLATIONS,  TRACKS,  MARSHALLING YARDS,  AND STATIONS""",44.67,6.33,A26,4.0,,,1.0,,,1.0,NOT INDICATED
82151,122432.0,1945-04-13,12,FRANCE,RR,"""RR INSTALLATIONS,  TRACKS,  MARSHALLING YARDS,  AND STATIONS""",44.67,6.33,A26,4.0,,,1.0,,,1.0,NOT INDICATED
82152,122433.0,1945-04-13,12,FRANCE,RR,"""RR INSTALLATIONS,  TRACKS,  MARSHALLING YARDS,  AND STATIONS""",44.67,6.33,A26,4.0,,,,,,,NOT INDICATED
82153,122434.0,1945-04-13,12,FRANCE,RR,"""RR INSTALLATIONS,  TRACKS,  MARSHALLING YARDS,  AND STATIONS""",44.67,6.33,A26,4.0,,,,,,,NOT INDICATED
81784,122435.0,1945-04-13,12,FRANCE,RR,"""RR INSTALLATIONS,  TRACKS,  MARSHALLING YARDS,  AND STATIONS""",44.67,6.33,A26,4.0,,120.0,2.0,,,2.0,NOT INDICATED
81785,122436.0,1945-04-13,12,FRANCE,RR,"""RR INSTALLATIONS,  TRACKS,  MARSHALLING YARDS,  AND STATIONS""",44.67,6.33,A26,4.0,1.0,120.0,2.0,,,2.0,NOT INDICATED
81786,122437.0,1945-04-13,12,FRANCE,RR,"""RR INSTALLATIONS,  TRACKS,  MARSHALLING YARDS,  AND STATIONS""",44.67,6.33,A26,4.0,1.0,120.0,2.0,,,2.0,NOT INDICATED
81787,122438.0,1945-04-13,12,FRANCE,RR,"""RR INSTALLATIONS,  TRACKS,  MARSHALLING YARDS,  AND STATIONS""",44.67,6.33,A26,4.0,1.0,120.0,2.0,,,2.0,NOT INDICATED
81788,122439.0,1945-04-13,12,FRANCE,RR,"""RR INSTALLATIONS,  TRACKS,  MARSHALLING YARDS,  AND STATIONS""",44.67,6.33,A26,4.0,1.0,120.0,2.0,,,2.0,NOT INDICATED
81789,122440.0,1945-04-13,12,FRANCE,RR,"""RR INSTALLATIONS,  TRACKS,  MARSHALLING YARDS,  AND STATIONS""",44.67,6.33,A26,4.0,1.0,120.0,2.0,,,2.0,NOT INDICATED
81790,122441.0,1945-04-13,12,FRANCE,RR,"""RR INSTALLATIONS,  TRACKS,  MARSHALLING YARDS,  AND STATIONS""",44.67,6.33,A26,4.0,1.0,120.0,1.0,,,1.0,NOT INDICATED
81791,122442.0,1945-04-13,12,FRANCE,RR,"""RR INSTALLATIONS,  TRACKS,  MARSHALLING YARDS,  AND STATIONS""",44.67,6.33,A26,4.0,1.0,120.0,1.0,,,1.0,NOT INDICATED
81792,122443.0,1945-04-13,12,FRANCE,RR,"""RR INSTALLATIONS,  TRACKS,  MARSHALLING YARDS,  AND STATIONS""",44.67,6.33,A26,4.0,1.0,120.0,1.0,,,1.0,NOT INDICATED
81793,122444.0,1945-04-13,12,FRANCE,RR,"""RR INSTALLATIONS,  TRACKS,  MARSHALLING YARDS,  AND STATIONS""",44.67,6.33,A26,4.0,1.0,120.0,1.0,,,1.0,NOT INDICATED
81794,122445.0,1945-04-13,12,FRANCE,RR,"""RR INSTALLATIONS,  TRACKS,  MARSHALLING YARDS,  AND STATIONS""",44.67,6.33,A26,4.0,1.0,120.0,1.0,,,1.0,NOT INDICATED
81795,122446.0,1945-04-13,12,FRANCE,RR,"""RR INSTALLATIONS,  TRACKS,  MARSHALLING YARDS,  AND STATIONS""",44.67,6.33,A26,4.0,1.0,120.0,1.0,,,1.0,NOT INDICATED
81796,122447.0,1945-04-13,12,FRANCE,RR,"""RR INSTALLATIONS,  TRACKS,  MARSHALLING YARDS,  AND STATIONS""",44.67,6.33,A26,4.0,1.0,120.0,1.0,,,1.0,NOT INDICATED
81797,122448.0,1945-04-13,12,FRANCE,RR,"""RR INSTALLATIONS,  TRACKS,  MARSHALLING YARDS,  AND STATIONS""",44.67,6.33,A26,4.0,1.0,120.0,1.0,,,1.0,NOT INDICATED
81798,122449.0,1945-04-13,12,FRANCE,RR,"""RR INSTALLATIONS,  TRACKS,  MARSHALLING YARDS,  AND STATIONS""",44.67,6.33,A26,4.0,1.0,120.0,1.0,,,1.0,NOT INDICATED
82154,122450.0,1945-04-13,12,FRANCE,RR,"""RR INSTALLATIONS,  TRACKS,  MARSHALLING YARDS,  AND STATIONS""",44.67,6.33,A26,4.0,,,,,,,NOT INDICATED
82155,122451.0,1945-04-13,12,FRANCE,RR,"""RR INSTALLATIONS,  TRACKS,  MARSHALLING YARDS,  AND STATIONS""",44.67,6.33,A26,4.0,,,,,,,NOT INDICATED
82156,122452.0,1945-04-13,12,FRANCE,RR,"""RR INSTALLATIONS,  TRACKS,  MARSHALLING YARDS,  AND STATIONS""",44.67,6.33,A26,4.0,,,,,,,NOT INDICATED
82157,122453.0,1945-04-13,12,FRANCE,RR,"""RR INSTALLATIONS,  TRACKS,  MARSHALLING YARDS,  AND STATIONS""",44.67,6.33,A26,4.0,,,,,,,NOT INDICATED
82158,122454.0,1945-04-13,12,FRANCE,RR,"""RR INSTALLATIONS,  TRACKS,  MARSHALLING YARDS,  AND STATIONS""",44.67,6.33,A26,4.0,,,,,,,NOT INDICATED
82131,222312.0,1945-04-13,12,FRANCE,RR,"""RR INSTALLATIONS,  TRACKS,  MARSHALLING YARDS,  AND STATIONS""",44.67,6.33,A20,4.0,1.0,100.0,,,1.0,1.0,NOT INDICATED
82132,222313.0,1945-04-13,12,FRANCE,RR,"""RR INSTALLATIONS,  TRACKS,  MARSHALLING YARDS,  AND STATIONS""",44.67,6.33,A20,4.0,1.0,100.0,,,1.0,1.0,NOT INDICATED
82133,222314.0,1945-04-13,12,FRANCE,RR,"""RR INSTALLATIONS,  TRACKS,  MARSHALLING YARDS,  AND STATIONS""",44.67,6.33,A20,4.0,1.0,100.0,1.0,,,1.0,NOT INDICATED
82134,222315.0,1945-04-13,12,FRANCE,RR,"""RR INSTALLATIONS,  TRACKS,  MARSHALLING YARDS,  AND STATIONS""",44.67,6.33,A20,4.0,1.0,100.0,1.0,,,1.0,NOT INDICATED
82159,222316.0,1945-04-13,12,FRANCE,RR,"""RR INSTALLATIONS,  TRACKS,  MARSHALLING YARDS,  AND STATIONS""",44.67,6.33,A20,4.0,,,,,,,NOT INDICATED
82160,222317.0,1945-04-13,12,FRANCE,RR,"""RR INSTALLATIONS,  TRACKS,  MARSHALLING YARDS,  AND STATIONS""",44.67,6.33,A20,4.0,,,,,,,NOT INDICATED
82135,222318.0,1945-04-13,12,FRANCE,RR,"""RR INSTALLATIONS,  TRACKS,  MARSHALLING YARDS,  AND STATIONS""",44.67,6.33,A26,4.0,1.0,100.0,,,1.0,1.0,NOT INDICATED
82136,222319.0,1945-04-13,12,FRANCE,RR,"""RR INSTALLATIONS,  TRACKS,  MARSHALLING YARDS,  AND STATIONS""",44.67,6.33,A26,4.0,1.0,100.0,1.0,,,1.0,NOT INDICATED
81799,222320.0,1945-04-13,12,FRANCE,RR,"""RR INSTALLATIONS,  TRACKS,  MARSHALLING YARDS,  AND STATIONS""",44.67,6.33,A26,4.0,1.0,120.0,,,1.0,1.0,NOT INDICATED
81800,222321.0,1945-04-13,12,FRANCE,RR,"""RR INSTALLATIONS,  TRACKS,  MARSHALLING YARDS,  AND STATIONS""",44.67,6.33,A26,4.0,1.0,120.0,1.0,,,1.0,NOT INDICATED
82101,222322.0,1945-04-13,12,FRANCE,RR,"""RR INSTALLATIONS,  TRACKS,  MARSHALLING YARDS,  AND STATIONS""",44.67,6.33,A26,4.0,1.0,120.0,1.0,,,1.0,NOT INDICATED
82120,222323.0,1945-04-13,12,FRANCE,RR,"""RR INSTALLATIONS,  TRACKS,  MARSHALLING YARDS,  AND STATIONS""",44.67,6.33,A20,4.0,1.0,110.0,,,1.0,1.0,NOT INDICATED
82121,222324.0,1945-04-13,12,FRANCE,RR,"""RR INSTALLATIONS,  TRACKS,  MARSHALLING YARDS,  AND STATIONS""",44.67,6.33,A20,4.0,1.0,110.0,1.0,,,1.0,NOT INDICATED
82122,222325.0,1945-04-13,12,FRANCE,RR,"""RR INSTALLATIONS,  TRACKS,  MARSHALLING YARDS,  AND STATIONS""",44.67,6.33,A20,4.0,1.0,110.0,1.0,,,1.0,NOT INDICATED
82161,222326.0,1945-04-13,12,FRANCE,RR,"""RR INSTALLATIONS,  TRACKS,  MARSHALLING YARDS,  AND STATIONS""",44.67,6.33,A20,4.0,,,,,1.0,1.0,NOT INDICATED
82162,222327.0,1945-04-13,12,FRANCE,RR,"""RR INSTALLATIONS,  TRACKS,  MARSHALLING YARDS,  AND STATIONS""",44.67,6.33,A20,4.0,,,1.0,,,1.0,NOT INDICATED
82163,222328.0,1945-04-13,12,FRANCE,RR,"""RR INSTALLATIONS,  TRACKS,  MARSHALLING YARDS,  AND STATIONS""",44.67,6.33,A20,4.0,,,1.0,,,1.0,NOT INDICATED
82164,222329.0,1945-04-13,12,FRANCE,RR,"""RR INSTALLATIONS,  TRACKS,  MARSHALLING YARDS,  AND STATIONS""",44.67,6.33,A20,4.0,,,,,,,NOT INDICATED
82165,222330.0,1945-04-13,12,FRANCE,RR,"""RR INSTALLATIONS,  TRACKS,  MARSHALLING YARDS,  AND STATIONS""",44.67,6.33,A20,4.0,,,,,,,NOT INDICATED
82137,222331.0,1945-04-13,12,FRANCE,RR,"""RR INSTALLATIONS,  TRACKS,  MARSHALLING YARDS,  AND STATIONS""",44.67,6.33,A20,4.0,1.0,100.0,,,,,NOT INDICATED
82138,222332.0,1945-04-13,12,FRANCE,RR,"""RR INSTALLATIONS,  TRACKS,  MARSHALLING YARDS,  AND STATIONS""",44.67,6.33,A20,4.0,1.0,100.0,,,2.0,2.0,NOT INDICATED
82166,222333.0,1945-04-13,12,FRANCE,RR,"""RR INSTALLATIONS,  TRACKS,  MARSHALLING YARDS,  AND STATIONS""",44.67,6.33,A26,4.0,,,1.0,,,1.0,NOT INDICATED
82167,222334.0,1945-04-13,12,FRANCE,RR,"""RR INSTALLATIONS,  TRACKS,  MARSHALLING YARDS,  AND STATIONS""",44.67,6.33,A26,4.0,,,1.0,,,1.0,NOT INDICATED
82168,222335.0,1945-04-13,12,FRANCE,RR,"""RR INSTALLATIONS,  TRACKS,  MARSHALLING YARDS,  AND STATIONS""",44.67,6.33,A26,4.0,,,1.0,,,1.0,NOT INDICATED
82169,222336.0,1945-04-13,12,FRANCE,RR,"""RR INSTALLATIONS,  TRACKS,  MARSHALLING YARDS,  AND STATIONS""",44.67,6.33,A26,4.0,,,1.0,,,1.0,NOT INDICATED
82170,222337.0,1945-04-13,12,FRANCE,RR,"""RR INSTALLATIONS,  TRACKS,  MARSHALLING YARDS,  AND STATIONS""",44.67,6.33,A26,4.0,,,1.0,,,1.0,NOT INDICATED
82171,222338.0,1945-04-13,12,FRANCE,RR,"""RR INSTALLATIONS,  TRACKS,  MARSHALLING YARDS,  AND STATIONS""",44.67,6.33,A26,4.0,,,1.0,,,1.0,NOT INDICATED
82172,222339.0,1945-04-13,12,FRANCE,RR,"""RR INSTALLATIONS,  TRACKS,  MARSHALLING YARDS,  AND STATIONS""",44.67,6.33,A26,4.0,,,,,,,NOT INDICATED
82173,222340.0,1945-04-13,12,FRANCE,RR,"""RR INSTALLATIONS,  TRACKS,  MARSHALLING YARDS,  AND STATIONS""",44.67,6.33,A26,4.0,,,,,,,NOT INDICATED
82102,222341.0,1945-04-13,12,FRANCE,RR,"""RR INSTALLATIONS,  TRACKS,  MARSHALLING YARDS,  AND STATIONS""",44.67,6.33,A26,4.0,,120.0,2.0,,,2.0,NOT INDICATED
82103,222342.0,1945-04-13,12,FRANCE,RR,"""RR INSTALLATIONS,  TRACKS,  MARSHALLING YARDS,  AND STATIONS""",44.67,6.33,A26,4.0,1.0,120.0,2.0,,,2.0,NOT INDICATED
82104,222343.0,1945-04-13,12,FRANCE,RR,"""RR INSTALLATIONS,  TRACKS,  MARSHALLING YARDS,  AND STATIONS""",44.67,6.33,A26,4.0,1.0,120.0,2.0,,,2.0,NOT INDICATED
82105,222344.0,1945-04-13,12,FRANCE,RR,"""RR INSTALLATIONS,  TRACKS,  MARSHALLING YARDS,  AND STATIONS""",44.67,6.33,A26,4.0,1.0,120.0,2.0,,,2.0,NOT INDICATED
82106,222345.0,1945-04-13,12,FRANCE,RR,"""RR INSTALLATIONS,  TRACKS,  MARSHALLING YARDS,  AND STATIONS""",44.67,6.33,A26,4.0,1.0,120.0,2.0,,,2.0,NOT INDICATED
82107,222346.0,1945-04-13,12,FRANCE,RR,"""RR INSTALLATIONS,  TRACKS,  MARSHALLING YARDS,  AND STATIONS""",44.67,6.33,A26,4.0,1.0,120.0,2.0,,,2.0,NOT INDICATED
82108,222347.0,1945-04-13,12,FRANCE,RR,"""RR INSTALLATIONS,  TRACKS,  MARSHALLING YARDS,  AND STATIONS""",44.67,6.33,A26,4.0,1.0,120.0,1.0,,,1.0,NOT INDICATED
82109,222348.0,1945-04-13,12,FRANCE,RR,"""RR INSTALLATIONS,  TRACKS,  MARSHALLING YARDS,  AND STATIONS""",44.67,6.33,A26,4.0,1.0,120.0,1.0,,,1.0,NOT INDICATED
82110,222349.0,1945-04-13,12,FRANCE,RR,"""RR INSTALLATIONS,  TRACKS,  MARSHALLING YARDS,  AND STATIONS""",44.67,6.33,A26,4.0,1.0,120.0,1.0,,,1.0,NOT INDICATED
82111,222350.0,1945-04-13,12,FRANCE,RR,"""RR INSTALLATIONS,  TRACKS,  MARSHALLING YARDS,  AND STATIONS""",44.67,6.33,A26,4.0,1.0,120.0,1.0,,,1.0,NOT INDICATED
82112,222351.0,1945-04-13,12,FRANCE,RR,"""RR INSTALLATIONS,  TRACKS,  MARSHALLING YARDS,  AND STATIONS""",44.67,6.33,A26,4.0,1.0,120.0,1.0,,,1.0,NOT INDICATED
82113,222352.0,1945-04-13,12,FRANCE,RR,"""RR INSTALLATIONS,  TRACKS,  MARSHALLING YARDS,  AND STATIONS""",44.67,6.33,A26,4.0,1.0,120.0,1.0,,,1.0,NOT INDICATED
82114,222353.0,1945-04-13,12,FRANCE,RR,"""RR INSTALLATIONS,  TRACKS,  MARSHALLING YARDS,  AND STATIONS""",44.67,6.33,A26,4.0,1.0,120.0,1.0,,,1.0,NOT INDICATED
82115,222354.0,1945-04-13,12,FRANCE,RR,"""RR INSTALLATIONS,  TRACKS,  MARSHALLING YARDS,  AND STATIONS""",44.67,6.33,A26,4.0,1.0,120.0,1.0,,,1.0,NOT INDICATED
82116,222355.0,1945-04-13,12,FRANCE,RR,"""RR INSTALLATIONS,  TRACKS,  MARSHALLING YARDS,  AND STATIONS""",44.67,6.33,A26,4.0,1.0,120.0,1.0,,,1.0,NOT INDICATED
82174,222356.0,1945-04-13,12,FRANCE,RR,"""RR INSTALLATIONS,  TRACKS,  MARSHALLING YARDS,  AND STATIONS""",44.67,6.33,A26,4.0,,,,,,,NOT INDICATED
82175,222357.0,1945-04-13,12,FRANCE,RR,"""RR INSTALLATIONS,  TRACKS,  MARSHALLING YARDS,  AND STATIONS""",44.67,6.33,A26,4.0,,,,,,,NOT INDICATED
82176,222358.0,1945-04-13,12,FRANCE,RR,"""RR INSTALLATIONS,  TRACKS,  MARSHALLING YARDS,  AND STATIONS""",44.67,6.33,A26,4.0,,,,,,,NOT INDICATED
82177,222359.0,1945-04-13,12,FRANCE,RR,"""RR INSTALLATIONS,  TRACKS,  MARSHALLING YARDS,  AND STATIONS""",44.67,6.33,A26,4.0,,,,,,,NOT INDICATED
82178,222360.0,1945-04-13,12,FRANCE,RR,"""RR INSTALLATIONS,  TRACKS,  MARSHALLING YARDS,  AND STATIONS""",44.67,6.33,A26,4.0,,,,,,,NOT INDICATED
83330,122488.0,1945-04-14,12,AUSTRIA,UNIDENTIFIED TARGET,UNIDENTIFIED TARGETS,46.63,14.3,B24,3.0,7.0,202.0,17.0,,,17.0,VISUAL
83331,191459.0,1945-04-14,12,AUSTRIA,UNIDENTIFIED TARGET,UNIDENTIFIED TARGETS,46.63,14.3,B24,3.0,7.0,202.0,17.0,,,17.0,VISUAL
83329,191486.0,1945-04-14,12,AUSTRIA,UNIDENTIFIED TARGET,UNIDENTIFIED TARGETS,46.63,14.3,B24,3.0,7.0,202.0,17.0,,,17.0,VISUAL
83332,191504.0,1945-04-14,12,AUSTRIA,RR,"""RR INSTALLATIONS,  TRACKS,  MARSHALLING YARDS,  AND STATIONS""",46.63,14.3,B24,3.0,8.0,200.0,20.0,,,20.0,VISUAL
86302,122693.0,1945-04-15,12,FRANCE,RR,"""RR INSTALLATIONS,  TRACKS,  MARSHALLING YARDS,  AND STATIONS""",44.67,6.33,A26,4.0,1.0,90.0,,,2.0,2.0,NOT INDICATED
86304,122726.0,1945-04-15,8,GERMANY,MARSHALLING YARD,"""RR INSTALLATIONS,  TRACKS,  MARSHALLING YARDS,  AND STATIONS""",48.45,10.28,B26,,,130.0,1.0,,,1.0,VISUAL
86305,122727.0,1945-04-15,8,GERMANY,MARSHALLING YARD,"""RR INSTALLATIONS,  TRACKS,  MARSHALLING YARDS,  AND STATIONS""",48.45,10.28,B26,,,130.0,1.0,,,1.0,VISUAL
86306,122728.0,1945-04-15,8,GERMANY,MARSHALLING YARD,"""RR INSTALLATIONS,  TRACKS,  MARSHALLING YARDS,  AND STATIONS""",48.45,10.28,B26,,,130.0,1.0,,,1.0,VISUAL
86316,122729.0,1945-04-15,8,GERMANY,MARSHALLING YARD,"""RR INSTALLATIONS,  TRACKS,  MARSHALLING YARDS,  AND STATIONS""",48.45,10.28,B26,,,80.0,32.0,,,32.0,VISUAL
86317,122730.0,1945-04-15,8,GERMANY,MARSHALLING YARD,"""RR INSTALLATIONS,  TRACKS,  MARSHALLING YARDS,  AND STATIONS""",48.45,10.28,B26,,,80.0,,,6.0,6.0,VISUAL
86310,122731.0,1945-04-15,8,GERMANY,MARSHALLING YARD,"""RR INSTALLATIONS,  TRACKS,  MARSHALLING YARDS,  AND STATIONS""",48.45,10.28,B26,,,125.0,42.0,,,42.0,VISUAL
86312,122732.0,1945-04-15,8,GERMANY,MARSHALLING YARD,"""RR INSTALLATIONS,  TRACKS,  MARSHALLING YARDS,  AND STATIONS""",48.45,10.28,A20,,,120.0,60.0,,,60.0,VISUAL
85999,122783.0,1945-04-15,15,GERMANY,AIRDROME,AIR FIELDS AND AIRDROMES,48.17,10.87,B24,4.0,12.0,,14.0,13.0,,27.0,NOT INDICATED
86320,122929.0,1945-04-15,8,GERMANY,CITY,CITIES TOWNS AND URBAN AREAS,47.97,8.48,B26,,,8.0,4.0,,,4.0,VISUAL
86314,122962.0,1945-04-15,8,GERMANY,CITY,CITIES TOWNS AND URBAN AREAS,47.97,8.48,B26,,,80.0,4.0,,,4.0,VISUAL
86321,191521.0,1945-04-15,8,GERMANY,CITY,CITIES TOWNS AND URBAN AREAS,47.97,8.48,B26,,,8.0,4.0,,,4.0,VISUAL
86315,191551.0,1945-04-15,8,GERMANY,CITY,CITIES TOWNS AND URBAN AREAS,47.97,8.48,B26,,,80.0,4.0,,,4.0,VISUAL
86303,222671.0,1945-04-15,12,FRANCE,RR,"""RR INSTALLATIONS,  TRACKS,  MARSHALLING YARDS,  AND STATIONS""",44.67,6.33,A26,4.0,1.0,90.0,,,2.0,2.0,NOT INDICATED
86307,222672.0,1945-04-15,8,GERMANY,MARSHALLING YARD,"""RR INSTALLATIONS,  TRACKS,  MARSHALLING YARDS,  AND STATIONS""",48.45,10.28,B26,,,130.0,1.0,,,1.0,VISUAL
86308,222673.0,1945-04-15,8,GERMANY,MARSHALLING YARD,"""RR INSTALLATIONS,  TRACKS,  MARSHALLING YARDS,  AND STATIONS""",48.45,10.28,B26,,,130.0,1.0,,,1.0,VISUAL
86309,222674.0,1945-04-15,8,GERMANY,MARSHALLING YARD,"""RR INSTALLATIONS,  TRACKS,  MARSHALLING YARDS,  AND STATIONS""",48.45,10.28,B26,,,130.0,1.0,,,1.0,VISUAL
86318,222675.0,1945-04-15,8,GERMANY,MARSHALLING YARD,"""RR INSTALLATIONS,  TRACKS,  MARSHALLING YARDS,  AND STATIONS""",48.45,10.28,B26,,,80.0,32.0,,,32.0,VISUAL
86319,222676.0,1945-04-15,8,GERMANY,MARSHALLING YARD,"""RR INSTALLATIONS,  TRACKS,  MARSHALLING YARDS,  AND STATIONS""",48.45,10.28,B26,,,80.0,,,6.0,6.0,VISUAL
86311,222677.0,1945-04-15,8,GERMANY,MARSHALLING YARD,"""RR INSTALLATIONS,  TRACKS,  MARSHALLING YARDS,  AND STATIONS""",48.45,10.28,B26,,,125.0,42.0,,,42.0,VISUAL
86313,222678.0,1945-04-15,8,GERMANY,MARSHALLING YARD,"""RR INSTALLATIONS,  TRACKS,  MARSHALLING YARDS,  AND STATIONS""",48.45,10.28,A20,,,120.0,60.0,,,60.0,VISUAL
86000,222765.0,1945-04-15,15,GERMANY,AIRDROME,AIR FIELDS AND AIRDROMES,48.17,10.87,B24,4.0,12.0,,14.0,13.0,,27.0,NOT INDICATED
86301,223036.0,1945-04-15,15,GERMANY,AIRDROME,AIR FIELDS AND AIRDROMES,48.17,10.87,B24,4.0,12.0,,14.0,13.0,,27.0,NOT INDICATED
89688,122963.0,1945-04-16,12,FRANCE,RR,"""RR INSTALLATIONS,  TRACKS,  MARSHALLING YARDS,  AND STATIONS""",44.67,6.33,A20,4.0,,,,,,,NOT INDICATED
89686,122964.0,1945-04-16,12,FRANCE,RR,"""RR INSTALLATIONS,  TRACKS,  MARSHALLING YARDS,  AND STATIONS""",44.67,6.33,A20,4.0,1.0,70.0,1.0,,,1.0,NOT INDICATED
89684,122965.0,1945-04-16,12,FRANCE,RR,"""RR INSTALLATIONS,  TRACKS,  MARSHALLING YARDS,  AND STATIONS""",44.67,6.33,A26,4.0,1.0,85.0,2.0,,,2.0,NOT INDICATED
90003,122996.0,1945-04-16,8,GERMANY,MARSHALLING YARD,"""RR INSTALLATIONS,  TRACKS,  MARSHALLING YARDS,  AND STATIONS""",49.12,10.78,B26,,,133.0,1.0,,,1.0,VISUAL
90005,122997.0,1945-04-16,8,GERMANY,MARSHALLING YARD,"""RR INSTALLATIONS,  TRACKS,  MARSHALLING YARDS,  AND STATIONS""",49.12,10.78,B26,,,120.0,2.0,,,2.0,VISUAL
90006,122998.0,1945-04-16,8,GERMANY,MARSHALLING YARD,"""RR INSTALLATIONS,  TRACKS,  MARSHALLING YARDS,  AND STATIONS""",49.12,10.78,B26,,,120.0,55.0,,,55.0,VISUAL
90012,122999.0,1945-04-16,8,GERMANY,MARSHALLING YARD,"""RR INSTALLATIONS,  TRACKS,  MARSHALLING YARDS,  AND STATIONS""",49.12,10.78,B26,,,105.0,59.0,,,59.0,VISUAL
90029,123000.0,1945-04-16,8,GERMANY,MARSHALLING YARD,"""RR INSTALLATIONS,  TRACKS,  MARSHALLING YARDS,  AND STATIONS""",49.12,10.78,B26,,,12.0,60.0,,,60.0,VISUAL
90014,123042.0,1945-04-16,8,GERMANY,DEPOT,SUPPLY DUMPS AND WAREHOUSES,47.72,10.3,B26,,,100.0,2.0,,,2.0,VISUAL
90015,123043.0,1945-04-16,8,GERMANY,DEPOT,SUPPLY DUMPS AND WAREHOUSES,47.72,10.3,B26,,,100.0,70.0,,,70.0,VISUAL
90024,123044.0,1945-04-16,8,GERMANY,DEPOT,SUPPLY DUMPS AND WAREHOUSES,47.72,10.3,B26,,,85.0,74.0,,,74.0,VISUAL
90016,123045.0,1945-04-16,8,GERMANY,DEPOT,SUPPLY DUMPS AND WAREHOUSES,47.72,10.3,B26,,,100.0,66.0,,,66.0,VISUAL
90027,123046.0,1945-04-16,8,GERMANY,DEPOT,SUPPLY DUMPS AND WAREHOUSES,47.72,10.3,A26,,,80.0,,,44.0,44.0,VISUAL
90022,123047.0,1945-04-16,8,GERMANY,DEPOT,SUPPLY DUMPS AND WAREHOUSES,47.72,10.3,A26,,,90.0,,47.0,,47.0,VISUAL
90020,123048.0,1945-04-16,8,GERMANY,FLAK POSITIONS,GUN EMPLACEMENTS,49.08,9.67,B26,,,100.0,,,10.0,10.0,VISUAL
90009,123049.0,1945-04-16,8,GERMANY,FLAK POSITIONS,GUN EMPLACEMENTS,49.08,9.67,B26,,,115.0,,,12.0,12.0,VISUAL
90001,191724.0,1945-04-16,8,GERMANY,LOCOMOTIVE,"""RR INSTALLATIONS,  TRACKS,  MARSHALLING YARDS,  AND STATIONS""",48.45,12.17,B24,2.0,11.0,175.0,,26.0,,26.0,VISUAL
89694,191725.0,1945-04-16,8,GERMANY,LOCOMOTIVE,"""RR INSTALLATIONS,  TRACKS,  MARSHALLING YARDS,  AND STATIONS""",48.45,12.17,B24,2.0,18.0,190.0,42.0,,,42.0,VISUAL
89693,191726.0,1945-04-16,8,GERMANY,LOCOMOTIVE,"""RR INSTALLATIONS,  TRACKS,  MARSHALLING YARDS,  AND STATIONS""",48.45,12.17,B24,2.0,31.0,194.0,78.0,,,78.0,VISUAL
90002,191727.0,1945-04-16,8,GERMANY,LOCOMOTIVE,"""RR INSTALLATIONS,  TRACKS,  MARSHALLING YARDS,  AND STATIONS""",48.45,12.17,B24,2.0,31.0,162.0,72.0,,,72.0,VISUAL
89697,191728.0,1945-04-16,8,GERMANY,LOCOMOTIVE,"""RR INSTALLATIONS,  TRACKS,  MARSHALLING YARDS,  AND STATIONS""",48.45,12.17,B24,2.0,31.0,180.0,76.0,,,76.0,VISUAL
90037,191729.0,1945-04-16,8,GERMANY,LOCOMOTIVE,"""RR INSTALLATIONS,  TRACKS,  MARSHALLING YARDS,  AND STATIONS""",48.45,12.17,B24,2.0,,,38.0,,,38.0,NOT INDICATED
89698,191730.0,1945-04-16,8,GERMANY,LOCOMOTIVE,"""RR INSTALLATIONS,  TRACKS,  MARSHALLING YARDS,  AND STATIONS""",48.45,12.17,B24,2.0,18.0,180.0,1.0,,,1.0,VISUAL
89692,191731.0,1945-04-16,8,GERMANY,LOCOMOTIVE,"""RR INSTALLATIONS,  TRACKS,  MARSHALLING YARDS,  AND STATIONS""",48.45,12.17,B24,2.0,15.0,195.0,33.0,,,33.0,VISUAL
89696,191732.0,1945-04-16,8,GERMANY,LOCOMOTIVE,"""RR INSTALLATIONS,  TRACKS,  MARSHALLING YARDS,  AND STATIONS""",48.45,12.17,B24,2.0,26.0,185.0,65.0,,,65.0,VISUAL
89695,191733.0,1945-04-16,8,GERMANY,LOCOMOTIVE,"""RR INSTALLATIONS,  TRACKS,  MARSHALLING YARDS,  AND STATIONS""",48.45,12.17,B24,2.0,35.0,190.0,88.0,,,88.0,VISUAL
89699,191734.0,1945-04-16,8,GERMANY,LOCOMOTIVE,"""RR INSTALLATIONS,  TRACKS,  MARSHALLING YARDS,  AND STATIONS""",48.45,12.17,B24,2.0,27.0,180.0,65.0,,,65.0,VISUAL
89700,191735.0,1945-04-16,8,GERMANY,LOCOMOTIVE,"""RR INSTALLATIONS,  TRACKS,  MARSHALLING YARDS,  AND STATIONS""",48.45,12.17,B24,2.0,29.0,180.0,65.0,,,65.0,VISUAL
89679,191736.0,1945-04-16,15,GERMANY,MARSHALLING YARD,"""RR INSTALLATIONS,  TRACKS,  MARSHALLING YARDS,  AND STATIONS""",48.78,12.88,B17,4.0,12.0,174.0,41.0,,,41.0,VISUAL
89680,191737.0,1945-04-16,15,GERMANY,MARSHALLING YARD,"""RR INSTALLATIONS,  TRACKS,  MARSHALLING YARDS,  AND STATIONS""",48.78,12.88,B17,4.0,15.0,169.0,52.0,,,52.0,VISUAL
89677,191738.0,1945-04-16,15,GERMANY,MARSHALLING YARD,"""RR INSTALLATIONS,  TRACKS,  MARSHALLING YARDS,  AND STATIONS""",48.78,12.88,B17,4.0,12.0,179.0,42.0,,,42.0,VISUAL
89678,191739.0,1945-04-16,15,GERMANY,MARSHALLING YARD,"""RR INSTALLATIONS,  TRACKS,  MARSHALLING YARDS,  AND STATIONS""",48.78,12.88,B17,4.0,13.0,178.0,46.0,,,46.0,VISUAL
89681,191740.0,1945-04-16,15,GERMANY,MARSHALLING YARD,"""RR INSTALLATIONS,  TRACKS,  MARSHALLING YARDS,  AND STATIONS""",48.78,12.88,B17,4.0,13.0,163.0,46.0,,,46.0,VISUAL
89676,191741.0,1945-04-16,15,GERMANY,MARSHALLING YARD,"""RR INSTALLATIONS,  TRACKS,  MARSHALLING YARDS,  AND STATIONS""",48.78,12.88,B17,4.0,11.0,184.0,46.0,,,46.0,VISUAL
89689,223037.0,1945-04-16,12,FRANCE,RR,"""RR INSTALLATIONS,  TRACKS,  MARSHALLING YARDS,  AND STATIONS""",44.67,6.33,A20,4.0,,,,,,,NOT INDICATED
89687,223038.0,1945-04-16,12,FRANCE,RR,"""RR INSTALLATIONS,  TRACKS,  MARSHALLING YARDS,  AND STATIONS""",44.67,6.33,A20,4.0,1.0,70.0,1.0,,,1.0,NOT INDICATED
89685,223039.0,1945-04-16,12,FRANCE,RR,"""RR INSTALLATIONS,  TRACKS,  MARSHALLING YARDS,  AND STATIONS""",44.67,6.33,A26,4.0,1.0,85.0,2.0,,,2.0,NOT INDICATED
90004,223040.0,1945-04-16,8,GERMANY,MARSHALLING YARD,"""RR INSTALLATIONS,  TRACKS,  MARSHALLING YARDS,  AND STATIONS""",49.12,10.78,B26,,,133.0,1.0,,,1.0,VISUAL
90007,223041.0,1945-04-16,8,GERMANY,MARSHALLING YARD,"""RR INSTALLATIONS,  TRACKS,  MARSHALLING YARDS,  AND STATIONS""",49.12,10.78,B26,,,120.0,2.0,,,2.0,VISUAL
90008,223042.0,1945-04-16,8,GERMANY,MARSHALLING YARD,"""RR INSTALLATIONS,  TRACKS,  MARSHALLING YARDS,  AND STATIONS""",49.12,10.78,B26,,,120.0,55.0,,,55.0,VISUAL
90013,223043.0,1945-04-16,8,GERMANY,MARSHALLING YARD,"""RR INSTALLATIONS,  TRACKS,  MARSHALLING YARDS,  AND STATIONS""",49.12,10.78,B26,,,105.0,59.0,,,59.0,VISUAL
90030,223044.0,1945-04-16,8,GERMANY,MARSHALLING YARD,"""RR INSTALLATIONS,  TRACKS,  MARSHALLING YARDS,  AND STATIONS""",49.12,10.78,B26,,,12.0,60.0,,,60.0,VISUAL
90034,223154.0,1945-04-16,8,GERMANY,FLAK POSITIONS,GUN EMPLACEMENTS,49.08,9.67,B26,,,10.0,,,10.0,10.0,VISUAL
90010,223155.0,1945-04-16,8,GERMANY,FLAK POSITIONS,GUN EMPLACEMENTS,49.08,9.67,B26,,,115.0,,,12.0,12.0,VISUAL
90031,223156.0,1945-04-16,8,GERMANY,DEPOT,SUPPLY DUMPS AND WAREHOUSES,47.72,10.3,B26,,,10.0,2.0,,,2.0,VISUAL
90032,223157.0,1945-04-16,8,GERMANY,DEPOT,SUPPLY DUMPS AND WAREHOUSES,47.72,10.3,B26,,,10.0,70.0,,,70.0,VISUAL
90025,223158.0,1945-04-16,8,GERMANY,DEPOT,SUPPLY DUMPS AND WAREHOUSES,47.72,10.3,B26,,,85.0,74.0,,,74.0,VISUAL
90033,223159.0,1945-04-16,8,GERMANY,DEPOT,SUPPLY DUMPS AND WAREHOUSES,47.72,10.3,B26,,,10.0,66.0,,,66.0,VISUAL
90036,223160.0,1945-04-16,8,GERMANY,DEPOT,SUPPLY DUMPS AND WAREHOUSES,47.72,10.3,A26,,,8.0,,,44.0,44.0,VISUAL
90035,223161.0,1945-04-16,8,GERMANY,DEPOT,SUPPLY DUMPS AND WAREHOUSES,47.72,10.3,A26,,,9.0,,47.0,,47.0,VISUAL
90017,223162.0,1945-04-16,8,GERMANY,DEPOT,SUPPLY DUMPS AND WAREHOUSES,47.72,10.3,B26,,,100.0,2.0,,,2.0,VISUAL
90018,223163.0,1945-04-16,8,GERMANY,DEPOT,SUPPLY DUMPS AND WAREHOUSES,47.72,10.3,B26,,,100.0,70.0,,,70.0,VISUAL
90026,223164.0,1945-04-16,8,GERMANY,DEPOT,SUPPLY DUMPS AND WAREHOUSES,47.72,10.3,B26,,,85.0,74.0,,,74.0,VISUAL
90019,223165.0,1945-04-16,8,GERMANY,DEPOT,SUPPLY DUMPS AND WAREHOUSES,47.72,10.3,B26,,,100.0,66.0,,,66.0,VISUAL
90028,223166.0,1945-04-16,8,GERMANY,DEPOT,SUPPLY DUMPS AND WAREHOUSES,47.72,10.3,A26,,,80.0,,,44.0,44.0,VISUAL
90023,223167.0,1945-04-16,8,GERMANY,DEPOT,SUPPLY DUMPS AND WAREHOUSES,47.72,10.3,A26,,,90.0,,47.0,,47.0,VISUAL
90021,223168.0,1945-04-16,8,GERMANY,FLAK POSITIONS,GUN EMPLACEMENTS,49.08,9.67,B26,,,100.0,,,10.0,10.0,VISUAL
90011,223169.0,1945-04-16,8,GERMANY,FLAK POSITIONS,GUN EMPLACEMENTS,49.08,9.67,B26,,,115.0,,,12.0,12.0,VISUAL
92512,123149.0,1945-04-17,12,AUSTRIA,RR BRIDGE,BRIDGES,47.13,11.45,B25,4.0,,,2.0,,,2.0,NOT INDICATED
92513,123150.0,1945-04-17,12,AUSTRIA,RR BRIDGE,BRIDGES,47.13,11.45,B25,4.0,,,2.0,,,2.0,NOT INDICATED
92506,123151.0,1945-04-17,12,AUSTRIA,RR BRIDGE,BRIDGES,47.13,11.45,B25,4.0,17.0,125.0,31.0,,,31.0,INSTRUMENT-GENERAL
92508,123152.0,1945-04-17,12,AUSTRIA,RR BRIDGE,BRIDGES,47.13,11.45,B25,4.0,18.0,120.0,35.0,,,35.0,INSTRUMENT-GENERAL
92510,123153.0,1945-04-17,12,AUSTRIA,RR BRIDGE,BRIDGES,47.53,14.1,B25,4.0,18.0,115.0,36.0,,,36.0,NOT INDICATED
92583,123197.0,1945-04-17,8,GERMANY,RR LINES,"""RR INSTALLATIONS,  TRACKS,  MARSHALLING YARDS,  AND STATIONS""",48.83,10.0,B26,,,103.0,2.0,,,2.0,VISUAL
92593,123240.0,1945-04-17,8,GERMANY,DUMP,SUPPLY DUMPS AND WAREHOUSES,48.83,10.0,B26,,,83.0,66.0,,,66.0,VISUAL
92564,123241.0,1945-04-17,8,GERMANY,DUMP,SUPPLY DUMPS AND WAREHOUSES,48.83,10.0,A26,,,130.0,1.0,,,1.0,NOT INDICATED
92588,123244.0,1945-04-17,8,GERMANY,FLAK POSITION,GUN EMPLACEMENTS,52.13,11.63,B26,,,100.0,4.0,,,4.0,VISUAL
92905,123245.0,1945-04-17,8,GERMANY,FLAK POSITION,GUN EMPLACEMENTS,52.13,11.63,B26,,,,87.0,,,87.0,VISUAL
92585,123246.0,1945-04-17,8,GERMANY,FLAK POSITION,GUN EMPLACEMENTS,52.13,11.63,B26,,,103.0,71.0,,,71.0,VISUAL
92906,123247.0,1945-04-17,8,GERMANY,FLAK POSITION,GUN EMPLACEMENTS,52.13,11.63,B26,,,,,,4.0,4.0,VISUAL
92591,123248.0,1945-04-17,8,GERMANY,FLAK POSITION,GUN EMPLACEMENTS,52.13,11.63,B26,,,90.0,70.0,,,70.0,VISUAL
92580,123249.0,1945-04-17,8,GERMANY,FLAK POSITION,GUN EMPLACEMENTS,52.13,11.63,B26,,,105.0,76.0,,,76.0,VISUAL
92575,123250.0,1945-04-17,8,GERMANY,FLAK POSITION,GUN EMPLACEMENTS,52.13,11.63,B26,,,120.0,71.0,,,71.0,VISUAL
92572,123251.0,1945-04-17,8,GERMANY,FLAK POSITION,GUN EMPLACEMENTS,52.13,11.63,A26,,,123.0,54.0,,,54.0,VISUAL
92907,123252.0,1945-04-17,8,GERMANY,FLAK POSITION,GUN EMPLACEMENTS,52.13,11.63,A26,,,,,,8.0,8.0,VISUAL
92566,123282.0,1945-04-17,8,GERMANY,CITY AREA,CITIES TOWNS AND URBAN AREAS,52.13,11.63,A20,,,128.0,56.0,,,56.0,VISUAL
92598,123283.0,1945-04-17,8,GERMANY,CITY AREA,CITIES TOWNS AND URBAN AREAS,52.13,11.63,A26,,,10.0,,,6.0,6.0,VISUAL
92908,123284.0,1945-04-17,8,GERMANY,CITY AREA,CITIES TOWNS AND URBAN AREAS,52.13,11.63,A26,,,,,,58.0,58.0,VISUAL
92909,123285.0,1945-04-17,8,GERMANY,CITY AREA,CITIES TOWNS AND URBAN AREAS,52.13,11.63,A26,,,,9.0,,,9.0,VISUAL
92569,123286.0,1945-04-17,8,GERMANY,CITY AREA,CITIES TOWNS AND URBAN AREAS,52.13,11.63,A26,,,125.0,61.0,,,61.0,VISUAL
92910,123287.0,1945-04-17,8,GERMANY,CITY AREA,CITIES TOWNS AND URBAN AREAS,52.13,11.63,A26,,,,,,8.0,8.0,VISUAL
92577,123288.0,1945-04-17,8,GERMANY,CITY AREA,CITIES TOWNS AND URBAN AREAS,52.13,11.63,B26,,,118.0,67.0,,,67.0,VISUAL
92542,123297.0,1945-04-17,8,GERMANY,CITY AREA,CITIES TOWNS AND URBAN AREAS,51.05,13.75,B17,2.0,8.0,205.0,28.0,,,28.0,VISUAL
92543,191784.0,1945-04-17,8,GERMANY,CITY AREA,CITIES TOWNS AND URBAN AREAS,51.05,13.75,B17,2.0,8.0,205.0,28.0,,,28.0,VISUAL
92567,191786.0,1945-04-17,8,GERMANY,CITY AREA,CITIES TOWNS AND URBAN AREAS,52.13,11.63,A20,,,128.0,56.0,,,56.0,VISUAL
92599,191787.0,1945-04-17,8,GERMANY,CITY AREA,CITIES TOWNS AND URBAN AREAS,52.13,11.63,A26,,,10.0,,,6.0,6.0,VISUAL
92911,191788.0,1945-04-17,8,GERMANY,CITY AREA,CITIES TOWNS AND URBAN AREAS,52.13,11.63,A26,,,,,,58.0,58.0,VISUAL
92912,191789.0,1945-04-17,8,GERMANY,CITY AREA,CITIES TOWNS AND URBAN AREAS,52.13,11.63,A26,,,,9.0,,,9.0,VISUAL
92570,191790.0,1945-04-17,8,GERMANY,CITY AREA,CITIES TOWNS AND URBAN AREAS,52.13,11.63,A26,,,125.0,61.0,,,61.0,VISUAL
92913,191791.0,1945-04-17,8,GERMANY,CITY AREA,CITIES TOWNS AND URBAN AREAS,52.13,11.63,A26,,,,,,8.0,8.0,VISUAL
92578,191792.0,1945-04-17,8,GERMANY,CITY AREA,CITIES TOWNS AND URBAN AREAS,52.13,11.63,B26,,,118.0,67.0,,,67.0,VISUAL
92568,191801.0,1945-04-17,8,GERMANY,CITY AREA,CITIES TOWNS AND URBAN AREAS,52.13,11.63,A20,,,128.0,56.0,,,56.0,VISUAL
92589,191802.0,1945-04-17,8,GERMANY,CITY AREA,CITIES TOWNS AND URBAN AREAS,52.13,11.63,A26,,,100.0,,,6.0,6.0,VISUAL
92914,191803.0,1945-04-17,8,GERMANY,CITY AREA,CITIES TOWNS AND URBAN AREAS,52.13,11.63,A26,,,,,,58.0,58.0,VISUAL
92915,191804.0,1945-04-17,8,GERMANY,CITY AREA,CITIES TOWNS AND URBAN AREAS,52.13,11.63,A26,,,,9.0,,,9.0,VISUAL
92571,191805.0,1945-04-17,8,GERMANY,CITY AREA,CITIES TOWNS AND URBAN AREAS,52.13,11.63,A26,,,125.0,61.0,,,61.0,VISUAL
92916,191806.0,1945-04-17,8,GERMANY,CITY AREA,CITIES TOWNS AND URBAN AREAS,52.13,11.63,A26,,,,,,8.0,8.0,VISUAL
92579,191807.0,1945-04-17,8,GERMANY,CITY AREA,CITIES TOWNS AND URBAN AREAS,52.13,11.63,B26,,,118.0,67.0,,,67.0,VISUAL
92544,191816.0,1945-04-17,8,GERMANY,CITY AREA,CITIES TOWNS AND URBAN AREAS,51.05,13.75,B17,2.0,8.0,205.0,28.0,,,28.0,VISUAL
92563,191842.0,1945-04-17,8,CZECHOSLOVAKIA,MARSHALLING YARD,"""RR INSTALLATIONS,  TRACKS,  MARSHALLING YARDS,  AND STATIONS""",50.22,12.83,B24,4.0,28.0,170.0,62.0,,,62.0,VISUAL
92561,191843.0,1945-04-17,8,CZECHOSLOVAKIA,MARSHALLING YARD,"""RR INSTALLATIONS,  TRACKS,  MARSHALLING YARDS,  AND STATIONS""",50.22,12.83,B24,4.0,27.0,185.0,60.0,,,60.0,VISUAL
92550,191846.0,1945-04-17,8,GERMANY,RR CENTER,"""RR INSTALLATIONS,  TRACKS,  MARSHALLING YARDS,  AND STATIONS""",51.05,13.75,B17,4.0,13.0,204.0,39.0,13.0,,52.0,VISUAL
92525,191847.0,1945-04-17,8,GERMANY,RR CENTER,"""RR INSTALLATIONS,  TRACKS,  MARSHALLING YARDS,  AND STATIONS""",51.05,13.75,B17,4.0,13.0,214.0,46.0,,,46.0,VISUAL
92517,191848.0,1945-04-17,8,GERMANY,RR CENTER,"""RR INSTALLATIONS,  TRACKS,  MARSHALLING YARDS,  AND STATIONS""",51.05,13.75,B17,4.0,12.0,220.0,42.0,,,42.0,VISUAL
92530,191849.0,1945-04-17,8,GERMANY,RR CENTER,"""RR INSTALLATIONS,  TRACKS,  MARSHALLING YARDS,  AND STATIONS""",51.05,13.75,B17,4.0,13.0,210.0,39.0,,,39.0,VISUAL
92555,191850.0,1945-04-17,8,GERMANY,RR CENTER,"""RR INSTALLATIONS,  TRACKS,  MARSHALLING YARDS,  AND STATIONS""",51.05,13.75,B17,4.0,13.0,203.0,39.0,,,39.0,VISUAL
92520,191851.0,1945-04-17,8,GERMANY,RR CENTER,"""RR INSTALLATIONS,  TRACKS,  MARSHALLING YARDS,  AND STATIONS""",51.05,13.75,B17,4.0,11.0,217.0,33.0,,,33.0,VISUAL
92559,191852.0,1945-04-17,8,GERMANY,RR CENTER,"""RR INSTALLATIONS,  TRACKS,  MARSHALLING YARDS,  AND STATIONS""",51.05,13.75,B17,4.0,11.0,190.0,16.0,11.0,,27.0,VISUAL
92560,191853.0,1945-04-17,8,GERMANY,RR CENTER,"""RR INSTALLATIONS,  TRACKS,  MARSHALLING YARDS,  AND STATIONS""",51.05,13.75,B17,4.0,13.0,187.0,19.0,13.0,,32.0,VISUAL
92545,191854.0,1945-04-17,8,GERMANY,RR CENTER,"""RR INSTALLATIONS,  TRACKS,  MARSHALLING YARDS,  AND STATIONS""",51.05,13.75,B17,4.0,13.0,205.0,19.0,13.0,,32.0,VISUAL
92902,191855.0,1945-04-17,8,GERMANY,RR CENTER,"""RR INSTALLATIONS,  TRACKS,  MARSHALLING YARDS,  AND STATIONS""",51.05,13.75,B17,3.0,,,27.0,,,27.0,MICRO H
92557,191856.0,1945-04-17,8,GERMANY,RR CENTER,"""RR INSTALLATIONS,  TRACKS,  MARSHALLING YARDS,  AND STATIONS""",51.05,13.75,B17,3.0,9.0,200.0,57.0,,,57.0,H2X
92562,191857.0,1945-04-17,8,GERMANY,RR CENTER,"""RR INSTALLATIONS,  TRACKS,  MARSHALLING YARDS,  AND STATIONS""",51.05,13.75,B17,3.0,14.0,180.0,21.0,14.0,,35.0,VISUAL
92546,191858.0,1945-04-17,8,GERMANY,RR CENTER,"""RR INSTALLATIONS,  TRACKS,  MARSHALLING YARDS,  AND STATIONS""",51.05,13.75,B17,3.0,13.0,205.0,20.0,13.0,,33.0,VISUAL
92558,191859.0,1945-04-17,8,GERMANY,RR CENTER,"""RR INSTALLATIONS,  TRACKS,  MARSHALLING YARDS,  AND STATIONS""",51.05,13.75,B17,3.0,12.0,200.0,18.0,12.0,,30.0,H2X
92531,191860.0,1945-04-17,8,GERMANY,RR CENTER,"""RR INSTALLATIONS,  TRACKS,  MARSHALLING YARDS,  AND STATIONS""",51.05,13.75,B17,3.0,13.0,210.0,38.0,13.0,,51.0,VISUAL
92523,191861.0,1945-04-17,8,GERMANY,RR CENTER,"""RR INSTALLATIONS,  TRACKS,  MARSHALLING YARDS,  AND STATIONS""",51.05,13.75,B17,3.0,12.0,215.0,36.0,12.0,,48.0,VISUAL
92547,191862.0,1945-04-17,8,GERMANY,RR CENTER,"""RR INSTALLATIONS,  TRACKS,  MARSHALLING YARDS,  AND STATIONS""",51.05,13.75,B17,3.0,28.0,205.0,83.0,,,83.0,H2X
92532,191863.0,1945-04-17,8,GERMANY,RR CENTER,"""RR INSTALLATIONS,  TRACKS,  MARSHALLING YARDS,  AND STATIONS""",51.05,13.75,B17,3.0,9.0,210.0,9.0,,,9.0,H2X
92533,191864.0,1945-04-17,8,GERMANY,RR CENTER,"""RR INSTALLATIONS,  TRACKS,  MARSHALLING YARDS,  AND STATIONS""",51.05,13.75,B17,3.0,8.0,210.0,16.0,,,16.0,H2X
92903,191865.0,1945-04-17,8,GERMANY,RR CENTER,"""RR INSTALLATIONS,  TRACKS,  MARSHALLING YARDS,  AND STATIONS""",51.05,13.75,B17,3.0,,,14.0,,,14.0,NOT INDICATED
92521,191866.0,1945-04-17,8,GERMANY,RR CENTER,"""RR INSTALLATIONS,  TRACKS,  MARSHALLING YARDS,  AND STATIONS""",51.05,13.75,B17,3.0,20.0,216.0,15.0,,,15.0,H2X
92534,191867.0,1945-04-17,8,GERMANY,RR CENTER,"""RR INSTALLATIONS,  TRACKS,  MARSHALLING YARDS,  AND STATIONS""",51.05,13.75,B17,4.0,12.0,210.0,36.0,,,36.0,VISUAL
92548,191868.0,1945-04-17,8,GERMANY,RR CENTER,"""RR INSTALLATIONS,  TRACKS,  MARSHALLING YARDS,  AND STATIONS""",51.05,13.75,B17,4.0,12.0,205.0,36.0,,,36.0,VISUAL
92524,191869.0,1945-04-17,8,GERMANY,RR CENTER,"""RR INSTALLATIONS,  TRACKS,  MARSHALLING YARDS,  AND STATIONS""",51.05,13.75,B17,4.0,11.0,215.0,33.0,,,33.0,VISUAL
92528,191870.0,1945-04-17,8,GERMANY,RR CENTER,"""RR INSTALLATIONS,  TRACKS,  MARSHALLING YARDS,  AND STATIONS""",51.05,13.75,B17,4.0,28.0,213.0,84.0,,,84.0,VISUAL
92551,191871.0,1945-04-17,8,GERMANY,RR CENTER,"""RR INSTALLATIONS,  TRACKS,  MARSHALLING YARDS,  AND STATIONS""",51.05,13.75,B17,4.0,12.0,204.0,36.0,,,36.0,VISUAL
92552,191872.0,1945-04-17,8,GERMANY,RR CENTER,"""RR INSTALLATIONS,  TRACKS,  MARSHALLING YARDS,  AND STATIONS""",51.05,13.75,B17,4.0,12.0,204.0,36.0,,,36.0,VISUAL
92526,191873.0,1945-04-17,8,GERMANY,RR CENTER,"""RR INSTALLATIONS,  TRACKS,  MARSHALLING YARDS,  AND STATIONS""",51.05,13.75,B17,4.0,13.0,214.0,39.0,,,39.0,VISUAL
92535,191874.0,1945-04-17,8,GERMANY,RR CENTER,"""RR INSTALLATIONS,  TRACKS,  MARSHALLING YARDS,  AND STATIONS""",51.05,13.75,B17,4.0,12.0,210.0,35.0,,,35.0,VISUAL
92553,191875.0,1945-04-17,8,GERMANY,RR CENTER,"""RR INSTALLATIONS,  TRACKS,  MARSHALLING YARDS,  AND STATIONS""",51.05,13.75,B17,4.0,13.0,204.0,39.0,,,39.0,VISUAL
92522,191876.0,1945-04-17,8,GERMANY,RR CENTER,"""RR INSTALLATIONS,  TRACKS,  MARSHALLING YARDS,  AND STATIONS""",51.05,13.75,B17,4.0,12.0,216.0,36.0,,,36.0,VISUAL
92540,191877.0,1945-04-17,8,GERMANY,RR CENTER,"""RR INSTALLATIONS,  TRACKS,  MARSHALLING YARDS,  AND STATIONS""",51.05,13.75,B17,4.0,29.0,208.0,87.0,,,87.0,VISUAL
92536,191878.0,1945-04-17,8,GERMANY,RR CENTER,"""RR INSTALLATIONS,  TRACKS,  MARSHALLING YARDS,  AND STATIONS""",51.05,13.75,B17,4.0,11.0,210.0,33.0,,,33.0,VISUAL
92549,191879.0,1945-04-17,8,GERMANY,RR CENTER,"""RR INSTALLATIONS,  TRACKS,  MARSHALLING YARDS,  AND STATIONS""",51.05,13.75,B17,4.0,11.0,205.0,33.0,,,33.0,VISUAL
92518,191880.0,1945-04-17,8,GERMANY,RR CENTER,"""RR INSTALLATIONS,  TRACKS,  MARSHALLING YARDS,  AND STATIONS""",51.05,13.75,B17,4.0,11.0,220.0,33.0,,,33.0,VISUAL
92529,191881.0,1945-04-17,8,GERMANY,RR CENTER,"""RR INSTALLATIONS,  TRACKS,  MARSHALLING YARDS,  AND STATIONS""",51.05,13.75,B17,4.0,12.0,211.0,18.0,11.0,,29.0,VISUAL
92554,191882.0,1945-04-17,8,GERMANY,RR CENTER,"""RR INSTALLATIONS,  TRACKS,  MARSHALLING YARDS,  AND STATIONS""",51.05,13.75,B17,4.0,12.0,204.0,18.0,12.0,,30.0,VISUAL
92519,191883.0,1945-04-17,8,GERMANY,RR CENTER,"""RR INSTALLATIONS,  TRACKS,  MARSHALLING YARDS,  AND STATIONS""",51.05,13.75,B17,4.0,12.0,219.0,18.0,12.0,,30.0,VISUAL
92537,191884.0,1945-04-17,8,GERMANY,RR CENTER,"""RR INSTALLATIONS,  TRACKS,  MARSHALLING YARDS,  AND STATIONS""",51.05,13.75,B17,4.0,19.0,210.0,57.0,,,57.0,VISUAL
92538,191885.0,1945-04-17,8,GERMANY,RR CENTER,"""RR INSTALLATIONS,  TRACKS,  MARSHALLING YARDS,  AND STATIONS""",51.05,13.75,B17,4.0,10.0,210.0,30.0,,,30.0,VISUAL
92541,191886.0,1945-04-17,8,GERMANY,RR CENTER,"""RR INSTALLATIONS,  TRACKS,  MARSHALLING YARDS,  AND STATIONS""",51.05,13.75,B17,4.0,1.0,206.0,3.0,,,3.0,VISUAL
92516,191887.0,1945-04-17,8,GERMANY,RR CENTER,"""RR INSTALLATIONS,  TRACKS,  MARSHALLING YARDS,  AND STATIONS""",51.05,13.75,B17,4.0,11.0,230.0,33.0,,,33.0,VISUAL
92527,191888.0,1945-04-17,8,GERMANY,RR CENTER,"""RR INSTALLATIONS,  TRACKS,  MARSHALLING YARDS,  AND STATIONS""",51.05,13.75,B17,3.0,12.0,214.0,41.0,,,41.0,H2X
92539,191889.0,1945-04-17,8,GERMANY,RR CENTER,"""RR INSTALLATIONS,  TRACKS,  MARSHALLING YARDS,  AND STATIONS""",51.05,13.75,B17,3.0,15.0,209.0,52.0,,,52.0,H2X
92556,191890.0,1945-04-17,8,GERMANY,RR CENTER,"""RR INSTALLATIONS,  TRACKS,  MARSHALLING YARDS,  AND STATIONS""",51.05,13.75,B17,3.0,12.0,202.0,42.0,,,42.0,H2X
92514,223209.0,1945-04-17,12,AUSTRIA,RR BRIDGE,BRIDGES,47.13,11.45,B25,4.0,,,2.0,,,2.0,NOT INDICATED
92515,223210.0,1945-04-17,12,AUSTRIA,RR BRIDGE,BRIDGES,47.13,11.45,B25,4.0,,,2.0,,,2.0,NOT INDICATED
92507,223211.0,1945-04-17,12,AUSTRIA,RR BRIDGE,BRIDGES,47.13,11.45,B25,4.0,17.0,125.0,31.0,,,31.0,INSTRUMENT-GENERAL
92509,223212.0,1945-04-17,12,AUSTRIA,RR BRIDGE,BRIDGES,47.13,11.45,B25,4.0,18.0,120.0,35.0,,,35.0,INSTRUMENT-GENERAL
92511,223213.0,1945-04-17,12,AUSTRIA,RR BRIDGE,BRIDGES,47.53,14.1,B25,4.0,18.0,115.0,36.0,,,36.0,NOT INDICATED
92584,223214.0,1945-04-17,8,GERMANY,RR LINES,"""RR INSTALLATIONS,  TRACKS,  MARSHALLING YARDS,  AND STATIONS""",48.83,10.0,B26,,,103.0,2.0,,,2.0,VISUAL
92600,223314.0,1945-04-17,8,GERMANY,FLAK POSITION,GUN EMPLACEMENTS,52.13,11.63,B26,,,10.0,4.0,,,4.0,VISUAL
92917,223315.0,1945-04-17,8,GERMANY,FLAK POSITION,GUN EMPLACEMENTS,52.13,11.63,B26,,,,87.0,,,87.0,VISUAL
92586,223316.0,1945-04-17,8,GERMANY,FLAK POSITION,GUN EMPLACEMENTS,52.13,11.63,B26,,,103.0,71.0,,,71.0,VISUAL
92918,223317.0,1945-04-17,8,GERMANY,FLAK POSITION,GUN EMPLACEMENTS,52.13,11.63,B26,,,,,,4.0,4.0,VISUAL
92901,223318.0,1945-04-17,8,GERMANY,FLAK POSITION,GUN EMPLACEMENTS,52.13,11.63,B26,,,9.0,70.0,,,70.0,VISUAL
92581,223319.0,1945-04-17,8,GERMANY,FLAK POSITION,GUN EMPLACEMENTS,52.13,11.63,B26,,,105.0,76.0,,,76.0,VISUAL
92597,223320.0,1945-04-17,8,GERMANY,FLAK POSITION,GUN EMPLACEMENTS,52.13,11.63,B26,,,12.0,71.0,,,71.0,VISUAL
92573,223321.0,1945-04-17,8,GERMANY,FLAK POSITION,GUN EMPLACEMENTS,52.13,11.63,A26,,,123.0,54.0,,,54.0,VISUAL
92919,223322.0,1945-04-17,8,GERMANY,FLAK POSITION,GUN EMPLACEMENTS,52.13,11.63,A26,,,,,,8.0,8.0,VISUAL
92594,223324.0,1945-04-17,8,GERMANY,DUMP,SUPPLY DUMPS AND WAREHOUSES,48.83,10.0,B26,,,83.0,66.0,,,66.0,VISUAL
92596,223325.0,1945-04-17,8,GERMANY,DUMP,SUPPLY DUMPS AND WAREHOUSES,48.83,10.0,A26,,,13.0,1.0,,,1.0,NOT INDICATED
92595,223335.0,1945-04-17,8,GERMANY,DUMP,SUPPLY DUMPS AND WAREHOUSES,48.83,10.0,B26,,,83.0,66.0,,,66.0,VISUAL
92565,223336.0,1945-04-17,8,GERMANY,DUMP,SUPPLY DUMPS AND WAREHOUSES,48.83,10.0,A26,,,130.0,1.0,,,1.0,NOT INDICATED
92590,223339.0,1945-04-17,8,GERMANY,FLAK POSITION,GUN EMPLACEMENTS,52.13,11.63,B26,,,100.0,4.0,,,4.0,VISUAL
92920,223340.0,1945-04-17,8,GERMANY,FLAK POSITION,GUN EMPLACEMENTS,52.13,11.63,B26,,,,87.0,,,87.0,VISUAL
92587,223341.0,1945-04-17,8,GERMANY,FLAK POSITION,GUN EMPLACEMENTS,52.13,11.63,B26,,,103.0,71.0,,,71.0,VISUAL
92921,223342.0,1945-04-17,8,GERMANY,FLAK POSITION,GUN EMPLACEMENTS,52.13,11.63,B26,,,,,,4.0,4.0,VISUAL
92592,223343.0,1945-04-17,8,GERMANY,FLAK POSITION,GUN EMPLACEMENTS,52.13,11.63,B26,,,90.0,70.0,,,70.0,VISUAL
92582,223344.0,1945-04-17,8,GERMANY,FLAK POSITION,GUN EMPLACEMENTS,52.13,11.63,B26,,,105.0,76.0,,,76.0,VISUAL
92576,223345.0,1945-04-17,8,GERMANY,FLAK POSITION,GUN EMPLACEMENTS,52.13,11.63,B26,,,120.0,71.0,,,71.0,VISUAL
92574,223346.0,1945-04-17,8,GERMANY,FLAK POSITION,GUN EMPLACEMENTS,52.13,11.63,A26,,,123.0,54.0,,,54.0,VISUAL
92922,223347.0,1945-04-17,8,GERMANY,FLAK POSITION,GUN EMPLACEMENTS,52.13,11.63,A26,,,,,,8.0,8.0,VISUAL
94557,123310.0,1945-04-18,12,FRANCE,RR,"""RR INSTALLATIONS,  TRACKS,  MARSHALLING YARDS,  AND STATIONS""",44.67,6.33,A20,4.0,,80.0,,,1.0,1.0,NOT INDICATED
94581,123344.0,1945-04-18,8,GERMANY,RR,"""RR INSTALLATIONS,  TRACKS,  MARSHALLING YARDS,  AND STATIONS""",48.68,10.7,B26,,,105.0,10.0,,,10.0,VISUAL
94571,123345.0,1945-04-18,8,GERMANY,MARSHALLING YARD,"""RR INSTALLATIONS,  TRACKS,  MARSHALLING YARDS,  AND STATIONS""",53.53,16.02,A26,,,120.0,,,59.0,59.0,VISUAL
94586,123352.0,1945-04-18,8,GERMANY,MARSHALLING YARDS,"""RR INSTALLATIONS,  TRACKS,  MARSHALLING YARDS,  AND STATIONS""",51.98,13.07,B26,,,90.0,46.0,,,46.0,VISUAL
94587,123353.0,1945-04-18,8,GERMANY,MARSHALLING YARDS,"""RR INSTALLATIONS,  TRACKS,  MARSHALLING YARDS,  AND STATIONS""",51.98,13.07,B26,,,90.0,24.0,,,24.0,VISUAL
94574,123354.0,1945-04-18,8,GERMANY,MARSHALLING YARDS,"""RR INSTALLATIONS,  TRACKS,  MARSHALLING YARDS,  AND STATIONS""",51.98,13.07,B26,,,116.0,73.0,,,73.0,VISUAL
94559,123366.0,1945-04-18,12,GERMANY,MOTOR TRANSPORT,HIGHWAYS AND VEHICLES,49.0,9.67,A26,4.0,,70.0,,,1.0,1.0,NOT INDICATED
94566,123400.0,1945-04-18,8,GERMANY,STORAGE AREA,SUPPLY DUMPS AND WAREHOUSES,53.97,11.62,B26,,,130.0,62.0,,,62.0,VISUAL
94576,123401.0,1945-04-18,8,GERMANY,STORAGE AREA,SUPPLY DUMPS AND WAREHOUSES,53.97,11.62,B26,,,115.0,84.0,,,84.0,VISUAL
94590,123402.0,1945-04-18,8,GERMANY,STORAGE AREA,SUPPLY DUMPS AND WAREHOUSES,53.97,11.62,A26,,,90.0,,,59.0,59.0,VISUAL
94565,191906.0,1945-04-18,8,GERMANY,OIL STORAGE,OIL STORAGE FACILITIES AND OTHER OIL INSTALLATIONS,48.27,9.75,B26,,,130.0,43.0,,,43.0,VISUAL
94579,191907.0,1945-04-18,8,GERMANY,OIL STORAGE,OIL STORAGE FACILITIES AND OTHER OIL INSTALLATIONS,48.27,9.75,B26,,,112.0,73.0,,,73.0,VISUAL
94564,191908.0,1945-04-18,8,GERMANY,OIL STORAGE,OIL STORAGE FACILITIES AND OTHER OIL INSTALLATIONS,53.97,11.62,A20,,,135.0,60.0,,,60.0,VISUAL
94591,191909.0,1945-04-18,8,GERMANY,OIL STORAGE,OIL STORAGE FACILITIES AND OTHER OIL INSTALLATIONS,53.97,11.62,A20,,,90.0,69.0,,,69.0,VISUAL
94594,191910.0,1945-04-18,8,GERMANY,OIL STORAGE,OIL STORAGE FACILITIES AND OTHER OIL INSTALLATIONS,53.97,11.62,A26,,,80.0,61.0,,,61.0,VISUAL
94567,191911.0,1945-04-18,8,GERMANY,OIL STORAGE,OIL STORAGE FACILITIES AND OTHER OIL INSTALLATIONS,53.97,11.62,B26,,,130.0,1.0,,,1.0,VISUAL
94568,191912.0,1945-04-18,8,GERMANY,OIL STORAGE,OIL STORAGE FACILITIES AND OTHER OIL INSTALLATIONS,53.97,11.62,B26,,,130.0,1.0,,,1.0,VISUAL
94593,191913.0,1945-04-18,8,GERMANY,OIL STORAGE,OIL STORAGE FACILITIES AND OTHER OIL INSTALLATIONS,53.97,11.62,B26,,,83.0,68.0,,,68.0,VISUAL
94583,191914.0,1945-04-18,8,GERMANY,OIL STORAGE,OIL STORAGE FACILITIES AND OTHER OIL INSTALLATIONS,53.97,11.62,B26,,,105.0,34.0,,,34.0,VISUAL
94584,191915.0,1945-04-18,8,GERMANY,OIL STORAGE,OIL STORAGE FACILITIES AND OTHER OIL INSTALLATIONS,53.97,11.62,B26,,,105.0,48.0,,,48.0,VISUAL
94561,191916.0,1945-04-18,8,GERMANY,OIL STORAGE,OIL STORAGE FACILITIES AND OTHER OIL INSTALLATIONS,53.97,11.62,B26,,,136.0,20.0,,,20.0,VISUAL
94562,191917.0,1945-04-18,8,GERMANY,OIL STORAGE,OIL STORAGE FACILITIES AND OTHER OIL INSTALLATIONS,53.97,11.62,B26,,,136.0,4.0,,,4.0,VISUAL
94563,191918.0,1945-04-18,8,GERMANY,OIL STORAGE,OIL STORAGE FACILITIES AND OTHER OIL INSTALLATIONS,53.97,11.62,B26,,,136.0,24.0,,,24.0,VISUAL
94580,191919.0,1945-04-18,8,GERMANY,OIL STORAGE,OIL STORAGE FACILITIES AND OTHER OIL INSTALLATIONS,53.97,11.62,B26,,,110.0,2.0,,,2.0,VISUAL
94569,191920.0,1945-04-18,8,GERMANY,OIL STORAGE,OIL STORAGE FACILITIES AND OTHER OIL INSTALLATIONS,53.97,11.62,B26,,,130.0,2.0,,,2.0,VISUAL
94573,191921.0,1945-04-18,8,GERMANY,OIL STORAGE,OIL STORAGE FACILITIES AND OTHER OIL INSTALLATIONS,53.97,11.62,B26,,,120.0,2.0,,,2.0,VISUAL
94585,191922.0,1945-04-18,8,GERMANY,OIL STORAGE,OIL STORAGE FACILITIES AND OTHER OIL INSTALLATIONS,53.97,11.62,B26,,,105.0,72.0,,,72.0,VISUAL
94551,191934.0,1945-04-18,15,GERMANY,MARSHALLING YARD,"""RR INSTALLATIONS,  TRACKS,  MARSHALLING YARDS,  AND STATIONS""",48.57,13.45,B24,4.0,18.0,185.0,40.0,,,40.0,VISUAL
94552,191935.0,1945-04-18,15,GERMANY,MARSHALLING YARD,"""RR INSTALLATIONS,  TRACKS,  MARSHALLING YARDS,  AND STATIONS""",48.57,13.45,B24,4.0,18.0,180.0,39.0,,,39.0,VISUAL
94553,191936.0,1945-04-18,15,GERMANY,MARSHALLING YARD,"""RR INSTALLATIONS,  TRACKS,  MARSHALLING YARDS,  AND STATIONS""",48.57,13.45,B24,4.0,16.0,180.0,34.0,,,34.0,VISUAL
94547,191937.0,1945-04-18,15,GERMANY,MARSHALLING YARD,"""RR INSTALLATIONS,  TRACKS,  MARSHALLING YARDS,  AND STATIONS""",48.57,13.45,B17,3.0,9.0,210.0,27.0,,,27.0,H2X
94548,191938.0,1945-04-18,15,GERMANY,MARSHALLING YARD,"""RR INSTALLATIONS,  TRACKS,  MARSHALLING YARDS,  AND STATIONS""",48.57,13.45,B17,3.0,12.0,210.0,35.0,,,35.0,H2X
94554,191939.0,1945-04-18,15,GERMANY,MARSHALLING YARD,"""RR INSTALLATIONS,  TRACKS,  MARSHALLING YARDS,  AND STATIONS""",48.57,13.45,B24,3.0,30.0,180.0,69.0,,,69.0,VISUAL
94555,191940.0,1945-04-18,15,GERMANY,MARSHALLING YARD,"""RR INSTALLATIONS,  TRACKS,  MARSHALLING YARDS,  AND STATIONS""",48.57,13.45,B24,3.0,27.0,180.0,60.0,,,60.0,VISUAL
94550,191941.0,1945-04-18,15,GERMANY,MARSHALLING YARD,"""RR INSTALLATIONS,  TRACKS,  MARSHALLING YARDS,  AND STATIONS""",48.57,13.45,B24,3.0,29.0,190.0,66.0,,,66.0,VISUAL
94549,191942.0,1945-04-18,15,GERMANY,MARSHALLING YARD,"""RR INSTALLATIONS,  TRACKS,  MARSHALLING YARDS,  AND STATIONS""",48.57,13.45,B24,3.0,28.0,195.0,64.0,,,64.0,VISUAL
94556,191943.0,1945-04-18,15,GERMANY,MARSHALLING YARD,"""RR INSTALLATIONS,  TRACKS,  MARSHALLING YARDS,  AND STATIONS""",48.57,13.45,B17,1.0,1.0,,3.0,,,3.0,NOT INDICATED
94558,223379.0,1945-04-18,12,FRANCE,RR,"""RR INSTALLATIONS,  TRACKS,  MARSHALLING YARDS,  AND STATIONS""",44.67,6.33,A20,4.0,,80.0,,,1.0,1.0,NOT INDICATED
94582,223380.0,1945-04-18,8,GERMANY,RR,"""RR INSTALLATIONS,  TRACKS,  MARSHALLING YARDS,  AND STATIONS""",48.68,10.7,B26,,,105.0,10.0,,,10.0,VISUAL
94572,223381.0,1945-04-18,8,GERMANY,MARSHALLING YARD,"""RR INSTALLATIONS,  TRACKS,  MARSHALLING YARDS,  AND STATIONS""",53.53,16.02,A26,,,120.0,,,59.0,59.0,VISUAL
94588,223382.0,1945-04-18,8,GERMANY,MARSHALLING YARDS,"""RR INSTALLATIONS,  TRACKS,  MARSHALLING YARDS,  AND STATIONS""",51.98,13.07,B26,,,90.0,46.0,,,46.0,VISUAL
94589,223383.0,1945-04-18,8,GERMANY,MARSHALLING YARDS,"""RR INSTALLATIONS,  TRACKS,  MARSHALLING YARDS,  AND STATIONS""",51.98,13.07,B26,,,90.0,24.0,,,24.0,VISUAL
94575,223384.0,1945-04-18,8,GERMANY,MARSHALLING YARDS,"""RR INSTALLATIONS,  TRACKS,  MARSHALLING YARDS,  AND STATIONS""",51.98,13.07,B26,,,116.0,73.0,,,73.0,VISUAL
94560,223386.0,1945-04-18,12,GERMANY,MOTOR TRANSPORT,HIGHWAYS AND VEHICLES,49.0,9.67,A26,4.0,,70.0,,,1.0,1.0,NOT INDICATED
94595,223490.0,1945-04-18,8,GERMANY,STORAGE AREA,SUPPLY DUMPS AND WAREHOUSES,53.97,11.62,B26,,,13.0,62.0,,,62.0,VISUAL
94577,223491.0,1945-04-18,8,GERMANY,STORAGE AREA,SUPPLY DUMPS AND WAREHOUSES,53.97,11.62,B26,,,115.0,84.0,,,84.0,VISUAL
94596,223492.0,1945-04-18,8,GERMANY,STORAGE AREA,SUPPLY DUMPS AND WAREHOUSES,53.97,11.62,A26,,,9.0,,,59.0,59.0,VISUAL
94570,223493.0,1945-04-18,8,GERMANY,STORAGE AREA,SUPPLY DUMPS AND WAREHOUSES,53.97,11.62,B26,,,130.0,62.0,,,62.0,VISUAL
94578,223494.0,1945-04-18,8,GERMANY,STORAGE AREA,SUPPLY DUMPS AND WAREHOUSES,53.97,11.62,B26,,,115.0,84.0,,,84.0,VISUAL
94592,223495.0,1945-04-18,8,GERMANY,STORAGE AREA,SUPPLY DUMPS AND WAREHOUSES,53.97,11.62,A26,,,90.0,,,59.0,59.0,VISUAL
96718,123422.0,1945-04-19,12,FRANCE,RR,"""RR INSTALLATIONS,  TRACKS,  MARSHALLING YARDS,  AND STATIONS""",44.67,6.33,A26,4.0,1.0,30.0,,,2.0,2.0,NOT INDICATED
96714,123423.0,1945-04-19,12,FRANCE,RR,"""RR INSTALLATIONS,  TRACKS,  MARSHALLING YARDS,  AND STATIONS""",44.67,6.33,A26,4.0,1.0,77.0,1.0,,,1.0,NOT INDICATED
96716,123424.0,1945-04-19,12,FRANCE,RR,"""RR INSTALLATIONS,  TRACKS,  MARSHALLING YARDS,  AND STATIONS""",44.67,6.33,A20,4.0,1.0,60.0,,,,,NOT INDICATED
96720,123425.0,1945-04-19,12,FRANCE,RR,"""RR INSTALLATIONS,  TRACKS,  MARSHALLING YARDS,  AND STATIONS""",44.67,6.33,A20,4.0,,,1.0,,,1.0,NOT INDICATED
96722,123453.0,1945-04-19,8,GERMANY,RR BRIDGE,BRIDGES,48.72,10.8,B26,,,135.0,61.0,,,61.0,VISUAL
96724,123462.0,1945-04-19,8,GERMANY,MARSHALLING YARD,"""RR INSTALLATIONS,  TRACKS,  MARSHALLING YARDS,  AND STATIONS""",48.45,10.28,B26,,,135.0,1.0,,,1.0,VISUAL
96726,123463.0,1945-04-19,8,GERMANY,MARSHALLING YARD,"""RR INSTALLATIONS,  TRACKS,  MARSHALLING YARDS,  AND STATIONS""",48.45,10.28,B26,,,133.0,1.0,,,1.0,VISUAL
96730,123464.0,1945-04-19,8,GERMANY,MARSHALLING YARD,"""RR INSTALLATIONS,  TRACKS,  MARSHALLING YARDS,  AND STATIONS""",48.45,10.28,B26,,,120.0,60.0,,,60.0,VISUAL
96728,123465.0,1945-04-19,8,GERMANY,MARSHALLING YARD,"""RR INSTALLATIONS,  TRACKS,  MARSHALLING YARDS,  AND STATIONS""",48.45,10.28,B26,,,130.0,20.0,,,20.0,VISUAL
96704,192011.0,1945-04-19,15,AUSTRIA,MARSHALLING YARD,"""RR INSTALLATIONS,  TRACKS,  MARSHALLING YARDS,  AND STATIONS""",47.42,13.22,B24,4.0,7.0,196.0,18.0,,,18.0,VISUAL
96705,192012.0,1945-04-19,15,AUSTRIA,MARSHALLING YARD,"""RR INSTALLATIONS,  TRACKS,  MARSHALLING YARDS,  AND STATIONS""",47.42,13.22,B24,4.0,19.0,180.0,45.0,,,45.0,VISUAL
96706,192013.0,1945-04-19,15,AUSTRIA,MARSHALLING YARD,"""RR INSTALLATIONS,  TRACKS,  MARSHALLING YARDS,  AND STATIONS""",47.42,13.22,B24,4.0,11.0,180.0,26.0,,,26.0,VISUAL
96709,192014.0,1945-04-19,15,AUSTRIA,MARSHALLING YARDS,"""RR INSTALLATIONS,  TRACKS,  MARSHALLING YARDS,  AND STATIONS""",47.8,13.78,B24,3.0,1.0,,2.0,,,2.0,VISUAL
96711,192015.0,1945-04-19,12,AUSTRIA,RR,"""RR INSTALLATIONS,  TRACKS,  MARSHALLING YARDS,  AND STATIONS""",46.63,14.3,B24,4.0,19.0,180.0,45.0,,,45.0,VISUAL
96712,192016.0,1945-04-19,12,AUSTRIA,RR,"""RR INSTALLATIONS,  TRACKS,  MARSHALLING YARDS,  AND STATIONS""",46.63,14.3,B24,3.0,1.0,175.0,3.0,,,3.0,VISUAL
96713,192017.0,1945-04-19,12,AUSTRIA,RR,"""RR INSTALLATIONS,  TRACKS,  MARSHALLING YARDS,  AND STATIONS""",46.63,14.3,B24,2.0,32.0,173.0,80.0,,,80.0,VISUAL
96707,192018.0,1945-04-19,15,AUSTRIA,MARSHALLING YARDS,"""RR INSTALLATIONS,  TRACKS,  MARSHALLING YARDS,  AND STATIONS""",46.83,12.77,B24,4.0,14.0,180.0,29.0,,,29.0,VISUAL
96708,192019.0,1945-04-19,15,AUSTRIA,MARSHALLING YARDS,"""RR INSTALLATIONS,  TRACKS,  MARSHALLING YARDS,  AND STATIONS""",46.83,12.77,B24,4.0,1.0,177.0,2.0,,,2.0,VISUAL
96703,192020.0,1945-04-19,15,AUSTRIA,MARSHALLING YARDS,"""RR INSTALLATIONS,  TRACKS,  MARSHALLING YARDS,  AND STATIONS""",46.83,12.77,B24,4.0,13.0,220.0,31.0,,,31.0,VISUAL
96710,192021.0,1945-04-19,12,AUSTRIA,MARSHALLING YARDS,"""RR INSTALLATIONS,  TRACKS,  MARSHALLING YARDS,  AND STATIONS""",48.3,14.3,B17,2.0,6.0,213.0,18.0,,,18.0,VISUAL
96719,223505.0,1945-04-19,12,FRANCE,RR,"""RR INSTALLATIONS,  TRACKS,  MARSHALLING YARDS,  AND STATIONS""",44.67,6.33,A26,4.0,1.0,30.0,,,2.0,2.0,NOT INDICATED
96715,223506.0,1945-04-19,12,FRANCE,RR,"""RR INSTALLATIONS,  TRACKS,  MARSHALLING YARDS,  AND STATIONS""",44.67,6.33,A26,4.0,1.0,77.0,1.0,,,1.0,NOT INDICATED
96717,223507.0,1945-04-19,12,FRANCE,RR,"""RR INSTALLATIONS,  TRACKS,  MARSHALLING YARDS,  AND STATIONS""",44.67,6.33,A20,4.0,1.0,60.0,,,,,NOT INDICATED
96721,223508.0,1945-04-19,12,FRANCE,RR,"""RR INSTALLATIONS,  TRACKS,  MARSHALLING YARDS,  AND STATIONS""",44.67,6.33,A20,4.0,,,1.0,,,1.0,NOT INDICATED
96723,223509.0,1945-04-19,8,GERMANY,RR BRIDGE,BRIDGES,48.72,10.8,B26,,,135.0,61.0,,,61.0,VISUAL
96725,223510.0,1945-04-19,8,GERMANY,MARSHALLING YARD,"""RR INSTALLATIONS,  TRACKS,  MARSHALLING YARDS,  AND STATIONS""",48.45,10.28,B26,,,135.0,1.0,,,1.0,VISUAL
96727,223511.0,1945-04-19,8,GERMANY,MARSHALLING YARD,"""RR INSTALLATIONS,  TRACKS,  MARSHALLING YARDS,  AND STATIONS""",48.45,10.28,B26,,,133.0,1.0,,,1.0,VISUAL
96731,223512.0,1945-04-19,8,GERMANY,MARSHALLING YARD,"""RR INSTALLATIONS,  TRACKS,  MARSHALLING YARDS,  AND STATIONS""",48.45,10.28,B26,,,120.0,60.0,,,60.0,VISUAL
96729,223513.0,1945-04-19,8,GERMANY,MARSHALLING YARD,"""RR INSTALLATIONS,  TRACKS,  MARSHALLING YARDS,  AND STATIONS""",48.45,10.28,B26,,,130.0,20.0,,,20.0,VISUAL
98764,123567.0,1945-04-20,12,FRANCE,RR,"""RR INSTALLATIONS,  TRACKS,  MARSHALLING YARDS,  AND STATIONS""",44.67,6.33,A26,4.0,,25.0,,,,,NOT INDICATED
98768,123568.0,1945-04-20,12,FRANCE,RR,"""RR INSTALLATIONS,  TRACKS,  MARSHALLING YARDS,  AND STATIONS""",44.67,6.33,A26,4.0,,3.0,1.0,,,1.0,NOT INDICATED
98742,123569.0,1945-04-20,12,FRANCE,RR,"""RR INSTALLATIONS,  TRACKS,  MARSHALLING YARDS,  AND STATIONS""",44.67,6.33,A26,4.0,,70.0,,,,,NOT INDICATED
98758,123570.0,1945-04-20,12,FRANCE,RR,"""RR INSTALLATIONS,  TRACKS,  MARSHALLING YARDS,  AND STATIONS""",44.67,6.33,A26,4.0,,40.0,,,1.0,1.0,NOT INDICATED
98744,123571.0,1945-04-20,12,FRANCE,RR,"""RR INSTALLATIONS,  TRACKS,  MARSHALLING YARDS,  AND STATIONS""",44.67,6.33,A26,4.0,,65.0,,,1.0,1.0,NOT INDICATED
98750,123572.0,1945-04-20,12,FRANCE,RR,"""RR INSTALLATIONS,  TRACKS,  MARSHALLING YARDS,  AND STATIONS""",44.67,6.33,A26,4.0,,50.0,,,1.0,1.0,NOT INDICATED
98770,123573.0,1945-04-20,12,FRANCE,RR,"""RR INSTALLATIONS,  TRACKS,  MARSHALLING YARDS,  AND STATIONS""",44.67,6.33,A26,4.0,,,,,,,NOT INDICATED
98771,123574.0,1945-04-20,12,FRANCE,RR,"""RR INSTALLATIONS,  TRACKS,  MARSHALLING YARDS,  AND STATIONS""",44.67,6.33,A26,4.0,,,,,,,NOT INDICATED
98772,123575.0,1945-04-20,12,FRANCE,RR,"""RR INSTALLATIONS,  TRACKS,  MARSHALLING YARDS,  AND STATIONS""",44.67,6.33,A26,4.0,,,,,1.0,1.0,NOT INDICATED
98773,123576.0,1945-04-20,12,FRANCE,RR,"""RR INSTALLATIONS,  TRACKS,  MARSHALLING YARDS,  AND STATIONS""",44.67,6.33,A26,4.0,,,,,1.0,1.0,NOT INDICATED
98774,123577.0,1945-04-20,12,FRANCE,RR,"""RR INSTALLATIONS,  TRACKS,  MARSHALLING YARDS,  AND STATIONS""",44.67,6.33,A26,4.0,,,,,2.0,2.0,NOT INDICATED
98736,123578.0,1945-04-20,12,FRANCE,RR,"""RR INSTALLATIONS,  TRACKS,  MARSHALLING YARDS,  AND STATIONS""",44.67,6.33,A26,4.0,1.0,100.0,,,,,NOT INDICATED
98751,123579.0,1945-04-20,12,FRANCE,RR,"""RR INSTALLATIONS,  TRACKS,  MARSHALLING YARDS,  AND STATIONS""",44.67,6.33,A26,4.0,1.0,50.0,1.0,,,1.0,NOT INDICATED
98746,123580.0,1945-04-20,12,FRANCE,RR,"""RR INSTALLATIONS,  TRACKS,  MARSHALLING YARDS,  AND STATIONS""",44.67,6.33,A26,4.0,1.0,60.0,,,1.0,1.0,NOT INDICATED
98760,123581.0,1945-04-20,12,FRANCE,RR,"""RR INSTALLATIONS,  TRACKS,  MARSHALLING YARDS,  AND STATIONS""",44.67,6.33,A26,4.0,1.0,30.0,,,1.0,1.0,NOT INDICATED
98756,123582.0,1945-04-20,12,FRANCE,RR,"""RR INSTALLATIONS,  TRACKS,  MARSHALLING YARDS,  AND STATIONS""",44.67,6.33,A26,4.0,1.0,45.0,,,1.0,1.0,NOT INDICATED
98775,123583.0,1945-04-20,12,FRANCE,RR,"""RR INSTALLATIONS,  TRACKS,  MARSHALLING YARDS,  AND STATIONS""",44.67,6.33,A26,4.0,1.0,,2.0,,,2.0,NOT INDICATED
98776,123584.0,1945-04-20,12,FRANCE,RR,"""RR INSTALLATIONS,  TRACKS,  MARSHALLING YARDS,  AND STATIONS""",44.67,6.33,A26,4.0,1.0,,,,1.0,1.0,NOT INDICATED
98777,123585.0,1945-04-20,12,FRANCE,RR,"""RR INSTALLATIONS,  TRACKS,  MARSHALLING YARDS,  AND STATIONS""",44.67,6.33,A26,4.0,1.0,,,,1.0,1.0,NOT INDICATED
98737,123586.0,1945-04-20,12,FRANCE,RR,"""RR INSTALLATIONS,  TRACKS,  MARSHALLING YARDS,  AND STATIONS""",44.67,6.33,A20,4.0,,100.0,,,,,NOT INDICATED
98752,123587.0,1945-04-20,12,FRANCE,RR,"""RR INSTALLATIONS,  TRACKS,  MARSHALLING YARDS,  AND STATIONS""",44.67,6.33,A20,4.0,,50.0,1.0,,,1.0,NOT INDICATED
98747,123588.0,1945-04-20,12,FRANCE,RR,"""RR INSTALLATIONS,  TRACKS,  MARSHALLING YARDS,  AND STATIONS""",44.67,6.33,A20,4.0,,60.0,,,,,NOT INDICATED
98766,123589.0,1945-04-20,12,FRANCE,RR,"""RR INSTALLATIONS,  TRACKS,  MARSHALLING YARDS,  AND STATIONS""",44.67,6.33,A20,4.0,,5.0,,,,,NOT INDICATED
98778,123590.0,1945-04-20,12,FRANCE,RR,"""RR INSTALLATIONS,  TRACKS,  MARSHALLING YARDS,  AND STATIONS""",44.67,6.33,A20,4.0,,,1.0,,,1.0,NOT INDICATED
98779,123591.0,1945-04-20,12,FRANCE,RR,"""RR INSTALLATIONS,  TRACKS,  MARSHALLING YARDS,  AND STATIONS""",44.67,6.33,A20,4.0,,,1.0,,,1.0,NOT INDICATED
98740,123592.0,1945-04-20,12,FRANCE,RR,"""RR INSTALLATIONS,  TRACKS,  MARSHALLING YARDS,  AND STATIONS""",44.67,6.33,A20,4.0,1.0,80.0,1.0,,,1.0,NOT INDICATED
98780,123593.0,1945-04-20,12,FRANCE,RR,"""RR INSTALLATIONS,  TRACKS,  MARSHALLING YARDS,  AND STATIONS""",44.67,6.33,A20,4.0,1.0,,1.0,,,1.0,NOT INDICATED
98781,123594.0,1945-04-20,12,FRANCE,RR,"""RR INSTALLATIONS,  TRACKS,  MARSHALLING YARDS,  AND STATIONS""",44.67,6.33,A20,4.0,1.0,,1.0,,,1.0,NOT INDICATED
98782,123595.0,1945-04-20,12,FRANCE,RR,"""RR INSTALLATIONS,  TRACKS,  MARSHALLING YARDS,  AND STATIONS""",44.67,6.33,A20,4.0,1.0,,,,1.0,1.0,NOT INDICATED
98783,123596.0,1945-04-20,12,FRANCE,RR,"""RR INSTALLATIONS,  TRACKS,  MARSHALLING YARDS,  AND STATIONS""",44.67,6.33,A20,4.0,1.0,,1.0,,,1.0,NOT INDICATED
98761,123597.0,1945-04-20,12,FRANCE,RR,"""RR INSTALLATIONS,  TRACKS,  MARSHALLING YARDS,  AND STATIONS""",44.67,6.33,A20,4.0,5.0,30.0,,,4.0,4.0,NOT INDICATED
99120,123657.0,1945-04-20,8,GERMANY,FUEL DEPOT,SUPPLY DUMPS AND WAREHOUSES,50.6,13.02,A26,,,70.0,112.0,,,112.0,VISUAL
99112,123658.0,1945-04-20,8,GERMANY,FUEL DEPOT,SUPPLY DUMPS AND WAREHOUSES,50.6,13.02,A26,,,90.0,46.0,,,46.0,VISUAL
99107,123662.0,1945-04-20,8,GERMANY,FLAK POSITIONS,GUN EMPLACEMENTS,49.08,9.67,A26,,,95.0,,,4.0,4.0,VISUAL
99105,123663.0,1945-04-20,8,GERMANY,DUMP,SUPPLY DUMPS AND WAREHOUSES,48.67,11.33,B26,,,110.0,41.0,,,41.0,NOT INDICATED
98800,123664.0,1945-04-20,8,GERMANY,DUMP,SUPPLY DUMPS AND WAREHOUSES,48.67,11.33,B26,,,130.0,12.0,,,12.0,NOT INDICATED
99102,123665.0,1945-04-20,8,GERMANY,DUMP,SUPPLY DUMPS AND WAREHOUSES,48.67,11.33,B26,,,124.0,,,44.0,44.0,NOT INDICATED
99132,123666.0,1945-04-20,8,GERMANY,DUMP,SUPPLY DUMPS AND WAREHOUSES,48.67,11.33,B26,,,,,,31.0,31.0,NOT INDICATED
99109,123667.0,1945-04-20,8,GERMANY,GUN POSITIONS,GUN EMPLACEMENTS,51.67,12.33,A26,,,95.0,,,4.0,4.0,VISUAL
99128,123675.0,1945-04-20,8,AUSTRIA,TOWN,CITIES TOWNS AND URBAN AREAS,48.05,16.2,B26,,,,76.0,,,76.0,VISUAL
99114,123677.0,1945-04-20,8,GERMANY,CITY AREA,CITIES TOWNS AND URBAN AREAS,48.83,12.97,A26,,,84.0,,54.0,,54.0,VISUAL
99125,123678.0,1945-04-20,8,GERMANY,CITY AREA,CITIES TOWNS AND URBAN AREAS,48.83,12.97,A26,,,8.0,58.0,,,58.0,VISUAL
99129,123680.0,1945-04-20,8,AUSTRIA,TOWN,CITIES TOWNS AND URBAN AREAS,48.05,16.2,B26,,,,76.0,,,76.0,VISUAL
99115,123681.0,1945-04-20,8,GERMANY,CITY AREA,CITIES TOWNS AND URBAN AREAS,48.83,12.97,A26,,,84.0,,54.0,,54.0,VISUAL
99118,123682.0,1945-04-20,8,GERMANY,CITY AREA,CITIES TOWNS AND URBAN AREAS,48.83,12.97,A26,,,80.0,58.0,,,58.0,VISUAL
99130,192073.0,1945-04-20,8,AUSTRIA,TOWN,CITIES TOWNS AND URBAN AREAS,48.05,16.2,B26,,,,76.0,,,76.0,VISUAL
99116,192074.0,1945-04-20,8,GERMANY,CITY AREA,CITIES TOWNS AND URBAN AREAS,48.83,12.97,A26,,,84.0,,54.0,,54.0,VISUAL
99126,192075.0,1945-04-20,8,GERMANY,CITY AREA,CITIES TOWNS AND URBAN AREAS,48.83,12.97,A26,,,8.0,58.0,,,58.0,VISUAL
99131,192077.0,1945-04-20,8,AUSTRIA,TOWN,CITIES TOWNS AND URBAN AREAS,48.05,16.2,B26,,,,76.0,,,76.0,VISUAL
99117,192078.0,1945-04-20,8,GERMANY,CITY AREA,CITIES TOWNS AND URBAN AREAS,48.83,12.97,A26,,,84.0,,54.0,,54.0,VISUAL
99119,192079.0,1945-04-20,8,GERMANY,CITY AREA,CITIES TOWNS AND URBAN AREAS,48.83,12.97,A26,,,80.0,58.0,,,58.0,VISUAL
98733,192084.0,1945-04-20,15,AUSTRIA,MARSHALLING YARDS,"""RR INSTALLATIONS,  TRACKS,  MARSHALLING YARDS,  AND STATIONS""",47.27,11.38,B17,3.0,1.0,194.0,3.0,,,3.0,NOT INDICATED
98734,192085.0,1945-04-20,15,AUSTRIA,RR BRIDGE,BRIDGES,47.18,11.87,B24,4.0,40.0,165.0,100.0,,,100.0,VISUAL
98735,192086.0,1945-04-20,15,AUSTRIA,RR BRIDGE,BRIDGES,47.18,11.87,B24,4.0,39.0,165.0,94.0,,,94.0,VISUAL
98799,192087.0,1945-04-20,8,CZECHOSLOVAKIA,MARSHALLING YARDS,"""RR INSTALLATIONS,  TRACKS,  MARSHALLING YARDS,  AND STATIONS""",49.38,13.3,B24,4.0,27.0,150.0,63.0,,,63.0,VISUAL
98798,192088.0,1945-04-20,8,CZECHOSLOVAKIA,MARSHALLING YARDS,"""RR INSTALLATIONS,  TRACKS,  MARSHALLING YARDS,  AND STATIONS""",49.38,13.3,B24,4.0,27.0,162.0,62.0,,,62.0,VISUAL
98731,192089.0,1945-04-20,15,GERMANY,MARSHALLING YARD,"""RR INSTALLATIONS,  TRACKS,  MARSHALLING YARDS,  AND STATIONS""",48.23,12.53,B24,4.0,18.0,201.0,40.0,,,40.0,VISUAL
98730,192090.0,1945-04-20,15,GERMANY,MARSHALLING YARD,"""RR INSTALLATIONS,  TRACKS,  MARSHALLING YARDS,  AND STATIONS""",48.23,12.53,B24,4.0,18.0,209.0,38.0,,,38.0,VISUAL
98732,192091.0,1945-04-20,15,GERMANY,MARSHALLING YARD,"""RR INSTALLATIONS,  TRACKS,  MARSHALLING YARDS,  AND STATIONS""",48.23,12.53,B24,4.0,17.0,200.0,38.0,,,38.0,VISUAL
98765,223663.0,1945-04-20,12,FRANCE,RR,"""RR INSTALLATIONS,  TRACKS,  MARSHALLING YARDS,  AND STATIONS""",44.67,6.33,A26,4.0,,25.0,,,,,NOT INDICATED
98769,223664.0,1945-04-20,12,FRANCE,RR,"""RR INSTALLATIONS,  TRACKS,  MARSHALLING YARDS,  AND STATIONS""",44.67,6.33,A26,4.0,,3.0,1.0,,,1.0,NOT INDICATED
98743,223665.0,1945-04-20,12,FRANCE,RR,"""RR INSTALLATIONS,  TRACKS,  MARSHALLING YARDS,  AND STATIONS""",44.67,6.33,A26,4.0,,70.0,,,,,NOT INDICATED
98759,223666.0,1945-04-20,12,FRANCE,RR,"""RR INSTALLATIONS,  TRACKS,  MARSHALLING YARDS,  AND STATIONS""",44.67,6.33,A26,4.0,,40.0,,,1.0,1.0,NOT INDICATED
98745,223667.0,1945-04-20,12,FRANCE,RR,"""RR INSTALLATIONS,  TRACKS,  MARSHALLING YARDS,  AND STATIONS""",44.67,6.33,A26,4.0,,65.0,,,1.0,1.0,NOT INDICATED
98753,223668.0,1945-04-20,12,FRANCE,RR,"""RR INSTALLATIONS,  TRACKS,  MARSHALLING YARDS,  AND STATIONS""",44.67,6.33,A26,4.0,,50.0,,,1.0,1.0,NOT INDICATED
98784,223669.0,1945-04-20,12,FRANCE,RR,"""RR INSTALLATIONS,  TRACKS,  MARSHALLING YARDS,  AND STATIONS""",44.67,6.33,A26,4.0,,,,,,,NOT INDICATED
98785,223670.0,1945-04-20,12,FRANCE,RR,"""RR INSTALLATIONS,  TRACKS,  MARSHALLING YARDS,  AND STATIONS""",44.67,6.33,A26,4.0,,,,,,,NOT INDICATED
98786,223671.0,1945-04-20,12,FRANCE,RR,"""RR INSTALLATIONS,  TRACKS,  MARSHALLING YARDS,  AND STATIONS""",44.67,6.33,A26,4.0,,,,,1.0,1.0,NOT INDICATED
98787,223672.0,1945-04-20,12,FRANCE,RR,"""RR INSTALLATIONS,  TRACKS,  MARSHALLING YARDS,  AND STATIONS""",44.67,6.33,A26,4.0,,,,,1.0,1.0,NOT INDICATED
98788,223673.0,1945-04-20,12,FRANCE,RR,"""RR INSTALLATIONS,  TRACKS,  MARSHALLING YARDS,  AND STATIONS""",44.67,6.33,A26,4.0,,,,,2.0,2.0,NOT INDICATED
98738,223674.0,1945-04-20,12,FRANCE,RR,"""RR INSTALLATIONS,  TRACKS,  MARSHALLING YARDS,  AND STATIONS""",44.67,6.33,A26,4.0,1.0,100.0,,,,,NOT INDICATED
98754,223675.0,1945-04-20,12,FRANCE,RR,"""RR INSTALLATIONS,  TRACKS,  MARSHALLING YARDS,  AND STATIONS""",44.67,6.33,A26,4.0,1.0,50.0,1.0,,,1.0,NOT INDICATED
98748,223676.0,1945-04-20,12,FRANCE,RR,"""RR INSTALLATIONS,  TRACKS,  MARSHALLING YARDS,  AND STATIONS""",44.67,6.33,A26,4.0,1.0,60.0,,,1.0,1.0,NOT INDICATED
98762,223677.0,1945-04-20,12,FRANCE,RR,"""RR INSTALLATIONS,  TRACKS,  MARSHALLING YARDS,  AND STATIONS""",44.67,6.33,A26,4.0,1.0,30.0,,,1.0,1.0,NOT INDICATED
98757,223678.0,1945-04-20,12,FRANCE,RR,"""RR INSTALLATIONS,  TRACKS,  MARSHALLING YARDS,  AND STATIONS""",44.67,6.33,A26,4.0,1.0,45.0,,,1.0,1.0,NOT INDICATED
98789,223679.0,1945-04-20,12,FRANCE,RR,"""RR INSTALLATIONS,  TRACKS,  MARSHALLING YARDS,  AND STATIONS""",44.67,6.33,A26,4.0,1.0,,2.0,,,2.0,NOT INDICATED
98790,223680.0,1945-04-20,12,FRANCE,RR,"""RR INSTALLATIONS,  TRACKS,  MARSHALLING YARDS,  AND STATIONS""",44.67,6.33,A26,4.0,1.0,,,,1.0,1.0,NOT INDICATED
98791,223681.0,1945-04-20,12,FRANCE,RR,"""RR INSTALLATIONS,  TRACKS,  MARSHALLING YARDS,  AND STATIONS""",44.67,6.33,A26,4.0,1.0,,,,1.0,1.0,NOT INDICATED
98739,223682.0,1945-04-20,12,FRANCE,RR,"""RR INSTALLATIONS,  TRACKS,  MARSHALLING YARDS,  AND STATIONS""",44.67,6.33,A20,4.0,,100.0,,,,,NOT INDICATED
98755,223683.0,1945-04-20,12,FRANCE,RR,"""RR INSTALLATIONS,  TRACKS,  MARSHALLING YARDS,  AND STATIONS""",44.67,6.33,A20,4.0,,50.0,1.0,,,1.0,NOT INDICATED
98749,223684.0,1945-04-20,12,FRANCE,RR,"""RR INSTALLATIONS,  TRACKS,  MARSHALLING YARDS,  AND STATIONS""",44.67,6.33,A20,4.0,,60.0,,,,,NOT INDICATED
98767,223685.0,1945-04-20,12,FRANCE,RR,"""RR INSTALLATIONS,  TRACKS,  MARSHALLING YARDS,  AND STATIONS""",44.67,6.33,A20,4.0,,5.0,,,,,NOT INDICATED
98792,223686.0,1945-04-20,12,FRANCE,RR,"""RR INSTALLATIONS,  TRACKS,  MARSHALLING YARDS,  AND STATIONS""",44.67,6.33,A20,4.0,,,1.0,,,1.0,NOT INDICATED
98793,223687.0,1945-04-20,12,FRANCE,RR,"""RR INSTALLATIONS,  TRACKS,  MARSHALLING YARDS,  AND STATIONS""",44.67,6.33,A20,4.0,,,1.0,,,1.0,NOT INDICATED
98741,223688.0,1945-04-20,12,FRANCE,RR,"""RR INSTALLATIONS,  TRACKS,  MARSHALLING YARDS,  AND STATIONS""",44.67,6.33,A20,4.0,1.0,80.0,1.0,,,1.0,NOT INDICATED
98794,223689.0,1945-04-20,12,FRANCE,RR,"""RR INSTALLATIONS,  TRACKS,  MARSHALLING YARDS,  AND STATIONS""",44.67,6.33,A20,4.0,1.0,,1.0,,,1.0,NOT INDICATED
98795,223690.0,1945-04-20,12,FRANCE,RR,"""RR INSTALLATIONS,  TRACKS,  MARSHALLING YARDS,  AND STATIONS""",44.67,6.33,A20,4.0,1.0,,1.0,,,1.0,NOT INDICATED
98796,223691.0,1945-04-20,12,FRANCE,RR,"""RR INSTALLATIONS,  TRACKS,  MARSHALLING YARDS,  AND STATIONS""",44.67,6.33,A20,4.0,1.0,,,,1.0,1.0,NOT INDICATED
98797,223692.0,1945-04-20,12,FRANCE,RR,"""RR INSTALLATIONS,  TRACKS,  MARSHALLING YARDS,  AND STATIONS""",44.67,6.33,A20,4.0,1.0,,1.0,,,1.0,NOT INDICATED
98763,223693.0,1945-04-20,12,FRANCE,RR,"""RR INSTALLATIONS,  TRACKS,  MARSHALLING YARDS,  AND STATIONS""",44.67,6.33,A20,4.0,5.0,30.0,,,4.0,4.0,NOT INDICATED
99110,223768.0,1945-04-20,8,GERMANY,GUN POSITIONS,GUN EMPLACEMENTS,51.67,12.33,A26,,,95.0,,,4.0,4.0,VISUAL
99127,223769.0,1945-04-20,8,GERMANY,FUEL DEPOT,SUPPLY DUMPS AND WAREHOUSES,50.6,13.02,A26,,,7.0,112.0,,,112.0,VISUAL
99124,223770.0,1945-04-20,8,GERMANY,FUEL DEPOT,SUPPLY DUMPS AND WAREHOUSES,50.6,13.02,A26,,,9.0,46.0,,,46.0,VISUAL
99123,223774.0,1945-04-20,8,GERMANY,DUMP,SUPPLY DUMPS AND WAREHOUSES,48.67,11.33,B26,,,11.0,41.0,,,41.0,NOT INDICATED
99122,223775.0,1945-04-20,8,GERMANY,DUMP,SUPPLY DUMPS AND WAREHOUSES,48.67,11.33,B26,,,13.0,12.0,,,12.0,NOT INDICATED
99103,223776.0,1945-04-20,8,GERMANY,DUMP,SUPPLY DUMPS AND WAREHOUSES,48.67,11.33,B26,,,124.0,,,44.0,44.0,NOT INDICATED
99133,223777.0,1945-04-20,8,GERMANY,DUMP,SUPPLY DUMPS AND WAREHOUSES,48.67,11.33,B26,,,,,,31.0,31.0,NOT INDICATED
99121,223778.0,1945-04-20,8,GERMANY,FUEL DEPOT,SUPPLY DUMPS AND WAREHOUSES,50.6,13.02,A26,,,70.0,112.0,,,112.0,VISUAL
99113,223779.0,1945-04-20,8,GERMANY,FUEL DEPOT,SUPPLY DUMPS AND WAREHOUSES,50.6,13.02,A26,,,90.0,46.0,,,46.0,VISUAL
99108,223783.0,1945-04-20,8,GERMANY,FLAK POSITIONS,GUN EMPLACEMENTS,49.08,9.67,A26,,,95.0,,,4.0,4.0,VISUAL
99106,223784.0,1945-04-20,8,GERMANY,DUMP,SUPPLY DUMPS AND WAREHOUSES,48.67,11.33,B26,,,110.0,41.0,,,41.0,NOT INDICATED
99101,223785.0,1945-04-20,8,GERMANY,DUMP,SUPPLY DUMPS AND WAREHOUSES,48.67,11.33,B26,,,130.0,12.0,,,12.0,NOT INDICATED
99104,223786.0,1945-04-20,8,GERMANY,DUMP,SUPPLY DUMPS AND WAREHOUSES,48.67,11.33,B26,,,124.0,,,44.0,44.0,NOT INDICATED
99134,223787.0,1945-04-20,8,GERMANY,DUMP,SUPPLY DUMPS AND WAREHOUSES,48.67,11.33,B26,,,,,,31.0,31.0,NOT INDICATED
99111,223788.0,1945-04-20,8,GERMANY,GUN POSITIONS,GUN EMPLACEMENTS,51.67,12.33,A26,,,95.0,,,4.0,4.0,VISUAL
100397,123683.0,1945-04-21,12,AUSTRIA,RR BRIDGE,BRIDGES,47.13,11.45,B25,4.0,,,2.0,,,2.0,NOT INDICATED
100384,123684.0,1945-04-21,12,AUSTRIA,RR BRIDGE,BRIDGES,47.13,11.45,B25,4.0,17.0,120.0,33.0,,,33.0,INSTRUMENT-GENERAL
100394,123688.0,1945-04-21,12,FRANCE,RR,"""RR INSTALLATIONS,  TRACKS,  MARSHALLING YARDS,  AND STATIONS""",44.67,6.33,A20,4.0,,40.0,,,1.0,1.0,NOT INDICATED
100390,123689.0,1945-04-21,12,FRANCE,RR,"""RR INSTALLATIONS,  TRACKS,  MARSHALLING YARDS,  AND STATIONS""",44.67,6.33,A20,4.0,,50.0,,,,,NOT INDICATED
100399,123690.0,1945-04-21,12,FRANCE,RR,"""RR INSTALLATIONS,  TRACKS,  MARSHALLING YARDS,  AND STATIONS""",44.67,6.33,A20,4.0,,,,,1.0,1.0,NOT INDICATED
100386,123691.0,1945-04-21,12,FRANCE,RR,"""RR INSTALLATIONS,  TRACKS,  MARSHALLING YARDS,  AND STATIONS""",44.67,6.33,A20,4.0,1.0,80.0,2.0,,,2.0,NOT INDICATED
100388,123692.0,1945-04-21,12,FRANCE,RR,"""RR INSTALLATIONS,  TRACKS,  MARSHALLING YARDS,  AND STATIONS""",44.67,6.33,A26,4.0,,60.0,,,,,NOT INDICATED
100392,123693.0,1945-04-21,12,FRANCE,RR,"""RR INSTALLATIONS,  TRACKS,  MARSHALLING YARDS,  AND STATIONS""",44.67,6.33,A26,4.0,1.0,45.0,2.0,,,2.0,NOT INDICATED
100377,192158.0,1945-04-21,15,AUSTRIA,PUCHHEIM MY,"""RR INSTALLATIONS,  TRACKS,  MARSHALLING YARDS,  AND STATIONS""",48.03,13.72,B17,4.0,23.0,185.0,67.0,,,67.0,VISUAL
100382,192159.0,1945-04-21,15,AUSTRIA,PUCHHEIM MY,"""RR INSTALLATIONS,  TRACKS,  MARSHALLING YARDS,  AND STATIONS""",48.03,13.72,B17,4.0,21.0,157.0,63.0,,,63.0,VISUAL
100378,192160.0,1945-04-21,15,AUSTRIA,PUCHHEIM MY,"""RR INSTALLATIONS,  TRACKS,  MARSHALLING YARDS,  AND STATIONS""",48.03,13.72,B17,4.0,26.0,180.0,78.0,,,78.0,VISUAL
100383,192161.0,1945-04-21,15,AUSTRIA,PUCHHEIM MY,"""RR INSTALLATIONS,  TRACKS,  MARSHALLING YARDS,  AND STATIONS""",48.03,13.72,B24,4.0,37.0,155.0,91.0,2.0,,93.0,VISUAL
100381,192162.0,1945-04-21,15,AUSTRIA,PUCHHEIM MY,"""RR INSTALLATIONS,  TRACKS,  MARSHALLING YARDS,  AND STATIONS""",48.03,13.72,B24,4.0,39.0,163.0,89.0,,,89.0,VISUAL
100380,192163.0,1945-04-21,15,AUSTRIA,PUCHHEIM MY,"""RR INSTALLATIONS,  TRACKS,  MARSHALLING YARDS,  AND STATIONS""",48.03,13.72,B24,3.0,34.0,170.0,82.0,,,82.0,VISUAL
100396,192164.0,1945-04-21,12,AUSTRIA,RR,"""RR INSTALLATIONS,  TRACKS,  MARSHALLING YARDS,  AND STATIONS""",46.63,14.3,B24,3.0,1.0,,2.0,,,2.0,VISUAL
100379,192165.0,1945-04-21,15,AUSTRIA,MARSHALLING YARD,"""RR INSTALLATIONS,  TRACKS,  MARSHALLING YARDS,  AND STATIONS""",46.8,13.5,B17,2.0,21.0,177.0,63.0,,,63.0,VISUAL
100706,192176.0,1945-04-21,8,GERMANY,MARSHALLING YARD,"""RR INSTALLATIONS,  TRACKS,  MARSHALLING YARDS,  AND STATIONS""",48.13,11.58,B17,1.0,10.0,252.0,15.0,15.0,,30.0,H2X
100708,192177.0,1945-04-21,8,GERMANY,MARSHALLING YARD,"""RR INSTALLATIONS,  TRACKS,  MARSHALLING YARDS,  AND STATIONS""",48.13,11.58,B17,1.0,12.0,245.0,30.0,,,30.0,H2X
100701,192178.0,1945-04-21,8,GERMANY,MARSHALLING YARD,"""RR INSTALLATIONS,  TRACKS,  MARSHALLING YARDS,  AND STATIONS""",48.13,11.58,B17,1.0,11.0,290.0,27.0,,,27.0,H2X
100707,192179.0,1945-04-21,8,GERMANY,MARSHALLING YARD,"""RR INSTALLATIONS,  TRACKS,  MARSHALLING YARDS,  AND STATIONS""",48.13,11.58,B17,1.0,12.0,250.0,30.0,,,30.0,H2X
100710,192180.0,1945-04-21,8,GERMANY,MARSHALLING YARD,"""RR INSTALLATIONS,  TRACKS,  MARSHALLING YARDS,  AND STATIONS""",48.13,11.58,B17,1.0,13.0,238.0,32.0,,,32.0,H2X
100705,192181.0,1945-04-21,8,GERMANY,MARSHALLING YARD,"""RR INSTALLATIONS,  TRACKS,  MARSHALLING YARDS,  AND STATIONS""",48.13,11.58,B17,1.0,12.0,253.0,18.0,18.0,,36.0,H2X
100704,192182.0,1945-04-21,8,GERMANY,MARSHALLING YARD,"""RR INSTALLATIONS,  TRACKS,  MARSHALLING YARDS,  AND STATIONS""",48.13,11.58,B17,1.0,10.0,263.0,15.0,15.0,,30.0,H2X
100709,192183.0,1945-04-21,8,GERMANY,MARSHALLING YARD,"""RR INSTALLATIONS,  TRACKS,  MARSHALLING YARDS,  AND STATIONS""",48.13,11.58,B17,1.0,9.0,244.0,20.0,,,20.0,H2X
100703,192184.0,1945-04-21,8,GERMANY,MARSHALLING YARD,"""RR INSTALLATIONS,  TRACKS,  MARSHALLING YARDS,  AND STATIONS""",48.13,11.58,B17,1.0,10.0,274.0,22.0,,,22.0,H2X
100702,192185.0,1945-04-21,8,GERMANY,MARSHALLING YARD,"""RR INSTALLATIONS,  TRACKS,  MARSHALLING YARDS,  AND STATIONS""",48.13,11.58,B17,1.0,10.0,278.0,15.0,15.0,,30.0,H2X
100398,223796.0,1945-04-21,12,AUSTRIA,RR BRIDGE,BRIDGES,47.13,11.45,B25,4.0,,,2.0,,,2.0,NOT INDICATED
100385,223797.0,1945-04-21,12,AUSTRIA,RR BRIDGE,BRIDGES,47.13,11.45,B25,4.0,17.0,120.0,33.0,,,33.0,INSTRUMENT-GENERAL
100395,223798.0,1945-04-21,12,FRANCE,RR,"""RR INSTALLATIONS,  TRACKS,  MARSHALLING YARDS,  AND STATIONS""",44.67,6.33,A20,4.0,,40.0,,,1.0,1.0,NOT INDICATED
100391,223799.0,1945-04-21,12,FRANCE,RR,"""RR INSTALLATIONS,  TRACKS,  MARSHALLING YARDS,  AND STATIONS""",44.67,6.33,A20,4.0,,50.0,,,,,NOT INDICATED
100400,223800.0,1945-04-21,12,FRANCE,RR,"""RR INSTALLATIONS,  TRACKS,  MARSHALLING YARDS,  AND STATIONS""",44.67,6.33,A20,4.0,,,,,1.0,1.0,NOT INDICATED
100387,223801.0,1945-04-21,12,FRANCE,RR,"""RR INSTALLATIONS,  TRACKS,  MARSHALLING YARDS,  AND STATIONS""",44.67,6.33,A20,4.0,1.0,80.0,2.0,,,2.0,NOT INDICATED
100389,223802.0,1945-04-21,12,FRANCE,RR,"""RR INSTALLATIONS,  TRACKS,  MARSHALLING YARDS,  AND STATIONS""",44.67,6.33,A26,4.0,,60.0,,,,,NOT INDICATED
100393,223803.0,1945-04-21,12,FRANCE,RR,"""RR INSTALLATIONS,  TRACKS,  MARSHALLING YARDS,  AND STATIONS""",44.67,6.33,A26,4.0,1.0,45.0,2.0,,,2.0,NOT INDICATED
102056,123831.0,1945-04-22,12,FRANCE,RR,"""RR INSTALLATIONS,  TRACKS,  MARSHALLING YARDS,  AND STATIONS""",44.67,6.33,A20,4.0,1.0,70.0,,,,,NOT INDICATED
102050,123832.0,1945-04-22,12,FRANCE,RR,"""RR INSTALLATIONS,  TRACKS,  MARSHALLING YARDS,  AND STATIONS""",44.67,6.33,A20,4.0,1.0,90.0,,,,,NOT INDICATED
102073,123833.0,1945-04-22,12,FRANCE,RR,"""RR INSTALLATIONS,  TRACKS,  MARSHALLING YARDS,  AND STATIONS""",44.67,6.33,A20,4.0,,,,,,,NOT INDICATED
102048,123834.0,1945-04-22,12,FRANCE,RR,"""RR INSTALLATIONS,  TRACKS,  MARSHALLING YARDS,  AND STATIONS""",44.67,6.33,A20,4.0,,110.0,,,,,NOT INDICATED
102057,123835.0,1945-04-22,12,FRANCE,RR,"""RR INSTALLATIONS,  TRACKS,  MARSHALLING YARDS,  AND STATIONS""",44.67,6.33,A20,4.0,1.0,70.0,,,1.0,1.0,NOT INDICATED
102068,123836.0,1945-04-22,12,FRANCE,RR,"""RR INSTALLATIONS,  TRACKS,  MARSHALLING YARDS,  AND STATIONS""",44.67,6.33,A20,4.0,,5.0,,,1.0,1.0,NOT INDICATED
102051,123837.0,1945-04-22,12,FRANCE,RR,"""RR INSTALLATIONS,  TRACKS,  MARSHALLING YARDS,  AND STATIONS""",44.67,6.33,A26,4.0,1.0,90.0,1.0,,,1.0,NOT INDICATED
102060,123838.0,1945-04-22,12,FRANCE,RR,"""RR INSTALLATIONS,  TRACKS,  MARSHALLING YARDS,  AND STATIONS""",44.67,6.33,A26,4.0,1.0,60.0,,,,,NOT INDICATED
102066,123839.0,1945-04-22,12,FRANCE,RR,"""RR INSTALLATIONS,  TRACKS,  MARSHALLING YARDS,  AND STATIONS""",44.67,6.33,A26,4.0,1.0,15.0,,,3.0,3.0,NOT INDICATED
102061,123840.0,1945-04-22,12,FRANCE,RR,"""RR INSTALLATIONS,  TRACKS,  MARSHALLING YARDS,  AND STATIONS""",44.67,6.33,A26,4.0,1.0,60.0,,,2.0,2.0,NOT INDICATED
102071,123841.0,1945-04-22,12,FRANCE,RR,"""RR INSTALLATIONS,  TRACKS,  MARSHALLING YARDS,  AND STATIONS""",44.67,6.33,A26,4.0,,4.0,,,,,NOT INDICATED
102054,123842.0,1945-04-22,12,FRANCE,RR,"""RR INSTALLATIONS,  TRACKS,  MARSHALLING YARDS,  AND STATIONS""",44.67,6.33,A26,4.0,,80.0,,,,,NOT INDICATED
102064,124093.0,1945-04-22,12,GERMANY,COMMAND POST,TACTICAL TARGETS: (UNIDENTIFIED OR NOT LISTED BELOW),49.0,9.67,A26,4.0,,40.0,,,1.0,1.0,NOT INDICATED
102058,223937.0,1945-04-22,12,FRANCE,RR,"""RR INSTALLATIONS,  TRACKS,  MARSHALLING YARDS,  AND STATIONS""",44.67,6.33,A20,4.0,1.0,70.0,,,,,NOT INDICATED
102052,223938.0,1945-04-22,12,FRANCE,RR,"""RR INSTALLATIONS,  TRACKS,  MARSHALLING YARDS,  AND STATIONS""",44.67,6.33,A20,4.0,1.0,90.0,,,,,NOT INDICATED
102074,223939.0,1945-04-22,12,FRANCE,RR,"""RR INSTALLATIONS,  TRACKS,  MARSHALLING YARDS,  AND STATIONS""",44.67,6.33,A20,4.0,,,,,,,NOT INDICATED
102049,223940.0,1945-04-22,12,FRANCE,RR,"""RR INSTALLATIONS,  TRACKS,  MARSHALLING YARDS,  AND STATIONS""",44.67,6.33,A20,4.0,,110.0,,,,,NOT INDICATED
102059,223941.0,1945-04-22,12,FRANCE,RR,"""RR INSTALLATIONS,  TRACKS,  MARSHALLING YARDS,  AND STATIONS""",44.67,6.33,A20,4.0,1.0,70.0,,,1.0,1.0,NOT INDICATED
102069,223942.0,1945-04-22,12,FRANCE,RR,"""RR INSTALLATIONS,  TRACKS,  MARSHALLING YARDS,  AND STATIONS""",44.67,6.33,A20,4.0,,5.0,,,1.0,1.0,NOT INDICATED
102053,223943.0,1945-04-22,12,FRANCE,RR,"""RR INSTALLATIONS,  TRACKS,  MARSHALLING YARDS,  AND STATIONS""",44.67,6.33,A26,4.0,1.0,90.0,1.0,,,1.0,NOT INDICATED
102062,223944.0,1945-04-22,12,FRANCE,RR,"""RR INSTALLATIONS,  TRACKS,  MARSHALLING YARDS,  AND STATIONS""",44.67,6.33,A26,4.0,1.0,60.0,,,,,NOT INDICATED
102067,223945.0,1945-04-22,12,FRANCE,RR,"""RR INSTALLATIONS,  TRACKS,  MARSHALLING YARDS,  AND STATIONS""",44.67,6.33,A26,4.0,1.0,15.0,,,3.0,3.0,NOT INDICATED
102063,223946.0,1945-04-22,12,FRANCE,RR,"""RR INSTALLATIONS,  TRACKS,  MARSHALLING YARDS,  AND STATIONS""",44.67,6.33,A26,4.0,1.0,60.0,,,2.0,2.0,NOT INDICATED
102072,223947.0,1945-04-22,12,FRANCE,RR,"""RR INSTALLATIONS,  TRACKS,  MARSHALLING YARDS,  AND STATIONS""",44.67,6.33,A26,4.0,,4.0,,,,,NOT INDICATED
102055,223948.0,1945-04-22,12,FRANCE,RR,"""RR INSTALLATIONS,  TRACKS,  MARSHALLING YARDS,  AND STATIONS""",44.67,6.33,A26,4.0,,80.0,,,,,NOT INDICATED
102070,224219.0,1945-04-22,12,GERMANY,COMMAND POST,TACTICAL TARGETS: (UNIDENTIFIED OR NOT LISTED BELOW),49.0,9.67,A26,4.0,,4.0,,,1.0,1.0,NOT INDICATED
102065,224276.0,1945-04-22,12,GERMANY,COMMAND POST,TACTICAL TARGETS: (UNIDENTIFIED OR NOT LISTED BELOW),49.0,9.67,A26,4.0,,40.0,,,1.0,1.0,NOT INDICATED
105737,124170.0,1945-04-23,12,FRANCE,RR,"""RR INSTALLATIONS,  TRACKS,  MARSHALLING YARDS,  AND STATIONS""",44.67,6.33,A20,4.0,,80.0,,,,,NOT INDICATED
105745,124171.0,1945-04-23,12,FRANCE,RR,"""RR INSTALLATIONS,  TRACKS,  MARSHALLING YARDS,  AND STATIONS""",44.67,6.33,A20,4.0,,45.0,,,,,NOT INDICATED
105761,124172.0,1945-04-23,12,FRANCE,RR,"""RR INSTALLATIONS,  TRACKS,  MARSHALLING YARDS,  AND STATIONS""",44.67,6.33,A20,4.0,,15.0,,,,,NOT INDICATED
105746,124173.0,1945-04-23,12,FRANCE,RR,"""RR INSTALLATIONS,  TRACKS,  MARSHALLING YARDS,  AND STATIONS""",44.67,6.33,A20,4.0,1.0,45.0,1.0,,,1.0,NOT INDICATED
105749,124174.0,1945-04-23,12,FRANCE,RR,"""RR INSTALLATIONS,  TRACKS,  MARSHALLING YARDS,  AND STATIONS""",44.67,6.33,A20,4.0,1.0,40.0,,,1.0,1.0,NOT INDICATED
105739,124175.0,1945-04-23,12,FRANCE,RR,"""RR INSTALLATIONS,  TRACKS,  MARSHALLING YARDS,  AND STATIONS""",44.67,6.33,A26,4.0,,70.0,,,,,NOT INDICATED
105743,124176.0,1945-04-23,12,FRANCE,RR,"""RR INSTALLATIONS,  TRACKS,  MARSHALLING YARDS,  AND STATIONS""",44.67,6.33,A26,4.0,,50.0,,,1.0,1.0,NOT INDICATED
105741,124177.0,1945-04-23,12,FRANCE,RR,"""RR INSTALLATIONS,  TRACKS,  MARSHALLING YARDS,  AND STATIONS""",44.67,6.33,A26,4.0,,65.0,,,1.0,1.0,NOT INDICATED
105751,124178.0,1945-04-23,12,FRANCE,RR,"""RR INSTALLATIONS,  TRACKS,  MARSHALLING YARDS,  AND STATIONS""",44.67,6.33,A26,4.0,,30.0,1.0,,,1.0,NOT INDICATED
105757,124179.0,1945-04-23,12,FRANCE,RR,"""RR INSTALLATIONS,  TRACKS,  MARSHALLING YARDS,  AND STATIONS""",44.67,6.33,A26,4.0,,20.0,1.0,,,1.0,NOT INDICATED
105752,124180.0,1945-04-23,12,FRANCE,RR,"""RR INSTALLATIONS,  TRACKS,  MARSHALLING YARDS,  AND STATIONS""",44.67,6.33,A26,4.0,,30.0,1.0,,,1.0,NOT INDICATED
105753,124181.0,1945-04-23,12,FRANCE,RR,"""RR INSTALLATIONS,  TRACKS,  MARSHALLING YARDS,  AND STATIONS""",44.67,6.33,A26,4.0,1.0,30.0,,,,,NOT INDICATED
105762,124182.0,1945-04-23,12,FRANCE,RR,"""RR INSTALLATIONS,  TRACKS,  MARSHALLING YARDS,  AND STATIONS""",44.67,6.33,A26,4.0,1.0,15.0,,,,,NOT INDICATED
105758,124183.0,1945-04-23,12,FRANCE,RR,"""RR INSTALLATIONS,  TRACKS,  MARSHALLING YARDS,  AND STATIONS""",44.67,6.33,A26,4.0,1.0,20.0,,,1.0,1.0,NOT INDICATED
105736,192213.0,1945-04-23,12,AUSTRIA,MARSHALLING YARDS,"""RR INSTALLATIONS,  TRACKS,  MARSHALLING YARDS,  AND STATIONS""",48.3,14.3,B24,4.0,26.0,247.0,49.0,,,49.0,VISUAL
105767,192214.0,1945-04-23,8,AUSTRIA,MY,"""RR INSTALLATIONS,  TRACKS,  MARSHALLING YARDS,  AND STATIONS""",48.33,13.33,B24,3.0,1.0,,2.0,,,2.0,VISUAL
105738,224338.0,1945-04-23,12,FRANCE,RR,"""RR INSTALLATIONS,  TRACKS,  MARSHALLING YARDS,  AND STATIONS""",44.67,6.33,A20,4.0,,80.0,,,,,NOT INDICATED
105747,224339.0,1945-04-23,12,FRANCE,RR,"""RR INSTALLATIONS,  TRACKS,  MARSHALLING YARDS,  AND STATIONS""",44.67,6.33,A20,4.0,,45.0,,,,,NOT INDICATED
105763,224340.0,1945-04-23,12,FRANCE,RR,"""RR INSTALLATIONS,  TRACKS,  MARSHALLING YARDS,  AND STATIONS""",44.67,6.33,A20,4.0,,15.0,,,,,NOT INDICATED
105748,224341.0,1945-04-23,12,FRANCE,RR,"""RR INSTALLATIONS,  TRACKS,  MARSHALLING YARDS,  AND STATIONS""",44.67,6.33,A20,4.0,1.0,45.0,1.0,,,1.0,NOT INDICATED
105750,224342.0,1945-04-23,12,FRANCE,RR,"""RR INSTALLATIONS,  TRACKS,  MARSHALLING YARDS,  AND STATIONS""",44.67,6.33,A20,4.0,1.0,40.0,,,1.0,1.0,NOT INDICATED
105740,224343.0,1945-04-23,12,FRANCE,RR,"""RR INSTALLATIONS,  TRACKS,  MARSHALLING YARDS,  AND STATIONS""",44.67,6.33,A26,4.0,,70.0,,,,,NOT INDICATED
105744,224344.0,1945-04-23,12,FRANCE,RR,"""RR INSTALLATIONS,  TRACKS,  MARSHALLING YARDS,  AND STATIONS""",44.67,6.33,A26,4.0,,50.0,,,1.0,1.0,NOT INDICATED
105742,224345.0,1945-04-23,12,FRANCE,RR,"""RR INSTALLATIONS,  TRACKS,  MARSHALLING YARDS,  AND STATIONS""",44.67,6.33,A26,4.0,,65.0,,,1.0,1.0,NOT INDICATED
105754,224346.0,1945-04-23,12,FRANCE,RR,"""RR INSTALLATIONS,  TRACKS,  MARSHALLING YARDS,  AND STATIONS""",44.67,6.33,A26,4.0,,30.0,1.0,,,1.0,NOT INDICATED
105759,224347.0,1945-04-23,12,FRANCE,RR,"""RR INSTALLATIONS,  TRACKS,  MARSHALLING YARDS,  AND STATIONS""",44.67,6.33,A26,4.0,,20.0,1.0,,,1.0,NOT INDICATED
105755,224348.0,1945-04-23,12,FRANCE,RR,"""RR INSTALLATIONS,  TRACKS,  MARSHALLING YARDS,  AND STATIONS""",44.67,6.33,A26,4.0,,30.0,1.0,,,1.0,NOT INDICATED
105756,224349.0,1945-04-23,12,FRANCE,RR,"""RR INSTALLATIONS,  TRACKS,  MARSHALLING YARDS,  AND STATIONS""",44.67,6.33,A26,4.0,1.0,30.0,,,,,NOT INDICATED
105764,224350.0,1945-04-23,12,FRANCE,RR,"""RR INSTALLATIONS,  TRACKS,  MARSHALLING YARDS,  AND STATIONS""",44.67,6.33,A26,4.0,1.0,15.0,,,,,NOT INDICATED
105760,224351.0,1945-04-23,12,FRANCE,RR,"""RR INSTALLATIONS,  TRACKS,  MARSHALLING YARDS,  AND STATIONS""",44.67,6.33,A26,4.0,1.0,20.0,,,1.0,1.0,NOT INDICATED
108736,124403.0,1945-04-24,15,AUSTRIA,UNIDENTIFIED TARGET,UNIDENTIFIED TARGETS,46.55,13.7,B17,3.0,1.0,170.0,2.0,,,2.0,VISUAL
108728,124404.0,1945-04-24,15,AUSTRIA,UNIDENTIFIED TARGET,UNIDENTIFIED TARGETS,46.78,14.43,B17,2.0,13.0,220.0,39.0,,,39.0,VISUAL
108729,124406.0,1945-04-24,15,AUSTRIA,UNIDENTIFIED TARGET,UNIDENTIFIED TARGETS,46.78,14.43,B17,2.0,21.0,220.0,62.0,,,62.0,VISUAL
108785,124421.0,1945-04-24,12,FRANCE,RR,"""RR INSTALLATIONS,  TRACKS,  MARSHALLING YARDS,  AND STATIONS""",44.67,6.33,A26,4.0,,,,,,,NOT INDICATED
108783,124422.0,1945-04-24,12,FRANCE,RR,"""RR INSTALLATIONS,  TRACKS,  MARSHALLING YARDS,  AND STATIONS""",44.67,6.33,A26,4.0,,30.0,,,2.0,2.0,NOT INDICATED
108755,124423.0,1945-04-24,12,FRANCE,RR,"""RR INSTALLATIONS,  TRACKS,  MARSHALLING YARDS,  AND STATIONS""",44.67,6.33,A26,4.0,,60.0,1.0,,,1.0,NOT INDICATED
108756,124424.0,1945-04-24,12,FRANCE,RR,"""RR INSTALLATIONS,  TRACKS,  MARSHALLING YARDS,  AND STATIONS""",44.67,6.33,A26,4.0,,60.0,1.0,,,1.0,NOT INDICATED
108771,124425.0,1945-04-24,12,FRANCE,RR,"""RR INSTALLATIONS,  TRACKS,  MARSHALLING YARDS,  AND STATIONS""",44.67,6.33,A26,4.0,,45.0,,,,,NOT INDICATED
108772,124426.0,1945-04-24,12,FRANCE,RR,"""RR INSTALLATIONS,  TRACKS,  MARSHALLING YARDS,  AND STATIONS""",44.67,6.33,A26,4.0,,45.0,,,,,NOT INDICATED
108773,124427.0,1945-04-24,12,FRANCE,RR,"""RR INSTALLATIONS,  TRACKS,  MARSHALLING YARDS,  AND STATIONS""",44.67,6.33,A26,4.0,,45.0,,,,,NOT INDICATED
108781,124428.0,1945-04-24,12,FRANCE,RR,"""RR INSTALLATIONS,  TRACKS,  MARSHALLING YARDS,  AND STATIONS""",44.67,6.33,A26,4.0,,35.0,,,,,NOT INDICATED
108757,124429.0,1945-04-24,12,FRANCE,RR,"""RR INSTALLATIONS,  TRACKS,  MARSHALLING YARDS,  AND STATIONS""",44.67,6.33,A26,4.0,,60.0,,,,,NOT INDICATED
108749,124430.0,1945-04-24,12,FRANCE,RR,"""RR INSTALLATIONS,  TRACKS,  MARSHALLING YARDS,  AND STATIONS""",44.67,6.33,A26,4.0,1.0,70.0,,,1.0,1.0,NOT INDICATED
108758,124431.0,1945-04-24,12,FRANCE,RR,"""RR INSTALLATIONS,  TRACKS,  MARSHALLING YARDS,  AND STATIONS""",44.67,6.33,A26,4.0,1.0,60.0,1.0,,,1.0,NOT INDICATED
108759,124432.0,1945-04-24,12,FRANCE,RR,"""RR INSTALLATIONS,  TRACKS,  MARSHALLING YARDS,  AND STATIONS""",44.67,6.33,A26,4.0,1.0,60.0,,,,,NOT INDICATED
108774,124433.0,1945-04-24,12,FRANCE,RR,"""RR INSTALLATIONS,  TRACKS,  MARSHALLING YARDS,  AND STATIONS""",44.67,6.33,A26,4.0,1.0,45.0,,,,,NOT INDICATED
108741,124434.0,1945-04-24,12,FRANCE,RR,"""RR INSTALLATIONS,  TRACKS,  MARSHALLING YARDS,  AND STATIONS""",44.67,6.33,A26,4.0,1.0,90.0,1.0,,,1.0,NOT INDICATED
108739,124435.0,1945-04-24,12,FRANCE,RR,"""RR INSTALLATIONS,  TRACKS,  MARSHALLING YARDS,  AND STATIONS""",44.67,6.33,A26,4.0,1.0,100.0,1.0,,,1.0,NOT INDICATED
108760,124436.0,1945-04-24,12,FRANCE,RR,"""RR INSTALLATIONS,  TRACKS,  MARSHALLING YARDS,  AND STATIONS""",44.67,6.33,A26,4.0,1.0,60.0,,,,,NOT INDICATED
108769,124437.0,1945-04-24,12,FRANCE,RR,"""RR INSTALLATIONS,  TRACKS,  MARSHALLING YARDS,  AND STATIONS""",44.67,6.33,A20,4.0,,50.0,1.0,,,1.0,NOT INDICATED
108779,124438.0,1945-04-24,12,FRANCE,RR,"""RR INSTALLATIONS,  TRACKS,  MARSHALLING YARDS,  AND STATIONS""",44.67,6.33,A20,4.0,,40.0,,,,,NOT INDICATED
108747,124439.0,1945-04-24,12,FRANCE,RR,"""RR INSTALLATIONS,  TRACKS,  MARSHALLING YARDS,  AND STATIONS""",44.67,6.33,A20,4.0,,75.0,,,,,NOT INDICATED
108786,124440.0,1945-04-24,12,FRANCE,RR,"""RR INSTALLATIONS,  TRACKS,  MARSHALLING YARDS,  AND STATIONS""",44.67,6.33,A20,4.0,,,,,,,NOT INDICATED
108745,124441.0,1945-04-24,12,FRANCE,RR,"""RR INSTALLATIONS,  TRACKS,  MARSHALLING YARDS,  AND STATIONS""",44.67,6.33,A20,4.0,1.0,80.0,1.0,,1.0,2.0,NOT INDICATED
108742,124442.0,1945-04-24,12,FRANCE,RR,"""RR INSTALLATIONS,  TRACKS,  MARSHALLING YARDS,  AND STATIONS""",44.67,6.33,A20,4.0,1.0,90.0,2.0,,,2.0,NOT INDICATED
108750,124443.0,1945-04-24,12,FRANCE,RR,"""RR INSTALLATIONS,  TRACKS,  MARSHALLING YARDS,  AND STATIONS""",44.67,6.33,A20,4.0,1.0,70.0,2.0,,,2.0,NOT INDICATED
108753,124444.0,1945-04-24,12,FRANCE,RR,"""RR INSTALLATIONS,  TRACKS,  MARSHALLING YARDS,  AND STATIONS""",44.67,6.33,A20,4.0,1.0,65.0,1.0,,,1.0,NOT INDICATED
108767,124512.0,1945-04-24,12,GERMANY,MOTOR TRANSPORT,HIGHWAYS AND VEHICLES,49.0,9.67,A26,4.0,1.0,50.0,,,1.0,1.0,NOT INDICATED
108799,124534.0,1945-04-24,8,GERMANY,AIR FIELD,AIR FIELDS AND AIRDROMES,48.68,12.68,A26,,,130.0,62.0,,,62.0,NOT INDICATED
108795,124535.0,1945-04-24,8,GERMANY,AIR FIELD,AIR FIELDS AND AIRDROMES,48.68,12.68,A26,,,132.0,57.0,,,57.0,VISUAL
108791,124536.0,1945-04-24,8,GERMANY,AIR FIELD,AIR FIELDS AND AIRDROMES,48.68,12.68,A26,,,139.0,35.0,,,35.0,GEE
109101,124537.0,1945-04-24,8,GERMANY,AIR FIELD,AIR FIELDS AND AIRDROMES,48.68,12.68,A26,,,,,,,,GEE
108796,124538.0,1945-04-24,8,GERMANY,AIR FIELD,AIR FIELDS AND AIRDROMES,48.68,12.68,A26,,,132.0,,,,,GEE
108793,124539.0,1945-04-24,8,GERMANY,AIR FIELD,AIR FIELDS AND AIRDROMES,48.68,12.68,A26,,,135.0,,,,,GEE
108737,192251.0,1945-04-24,15,AUSTRIA,UNIDENTIFIED TARGET,UNIDENTIFIED TARGETS,46.55,13.7,B17,3.0,1.0,170.0,2.0,,,2.0,VISUAL
108730,192252.0,1945-04-24,15,AUSTRIA,UNIDENTIFIED TARGET,UNIDENTIFIED TARGETS,46.78,14.43,B17,2.0,13.0,220.0,39.0,,,39.0,VISUAL
108731,192253.0,1945-04-24,15,AUSTRIA,UNIDENTIFIED TARGET,UNIDENTIFIED TARGETS,46.78,14.43,B17,2.0,21.0,220.0,62.0,,,62.0,VISUAL
108738,192265.0,1945-04-24,15,AUSTRIA,UNIDENTIFIED TARGET,UNIDENTIFIED TARGETS,46.55,13.7,B17,3.0,1.0,170.0,2.0,,,2.0,VISUAL
108732,192266.0,1945-04-24,15,AUSTRIA,UNIDENTIFIED TARGET,UNIDENTIFIED TARGETS,46.78,14.43,B17,2.0,13.0,220.0,39.0,,,39.0,VISUAL
108733,192267.0,1945-04-24,15,AUSTRIA,UNIDENTIFIED TARGET,UNIDENTIFIED TARGETS,46.78,14.43,B17,2.0,21.0,220.0,62.0,,,62.0,VISUAL
108727,192274.0,1945-04-24,15,AUSTRIA,RR BRIDGE,BRIDGES,46.88,13.3,B17,4.0,7.0,220.0,20.0,,,20.0,VISUAL
108734,192275.0,1945-04-24,15,AUSTRIA,RR BRIDGE,BRIDGES,46.88,13.3,B17,4.0,15.0,210.0,43.0,,,43.0,VISUAL
108735,192276.0,1945-04-24,15,AUSTRIA,RR BRIDGE,BRIDGES,46.88,13.3,B17,4.0,19.0,210.0,54.0,,,54.0,VISUAL
108787,224624.0,1945-04-24,12,FRANCE,RR,"""RR INSTALLATIONS,  TRACKS,  MARSHALLING YARDS,  AND STATIONS""",44.67,6.33,A26,4.0,,,,,,,NOT INDICATED
108784,224625.0,1945-04-24,12,FRANCE,RR,"""RR INSTALLATIONS,  TRACKS,  MARSHALLING YARDS,  AND STATIONS""",44.67,6.33,A26,4.0,,30.0,,,2.0,2.0,NOT INDICATED
108761,224626.0,1945-04-24,12,FRANCE,RR,"""RR INSTALLATIONS,  TRACKS,  MARSHALLING YARDS,  AND STATIONS""",44.67,6.33,A26,4.0,,60.0,1.0,,,1.0,NOT INDICATED
108762,224627.0,1945-04-24,12,FRANCE,RR,"""RR INSTALLATIONS,  TRACKS,  MARSHALLING YARDS,  AND STATIONS""",44.67,6.33,A26,4.0,,60.0,1.0,,,1.0,NOT INDICATED
108775,224628.0,1945-04-24,12,FRANCE,RR,"""RR INSTALLATIONS,  TRACKS,  MARSHALLING YARDS,  AND STATIONS""",44.67,6.33,A26,4.0,,45.0,,,,,NOT INDICATED
108776,224629.0,1945-04-24,12,FRANCE,RR,"""RR INSTALLATIONS,  TRACKS,  MARSHALLING YARDS,  AND STATIONS""",44.67,6.33,A26,4.0,,45.0,,,,,NOT INDICATED
108777,224630.0,1945-04-24,12,FRANCE,RR,"""RR INSTALLATIONS,  TRACKS,  MARSHALLING YARDS,  AND STATIONS""",44.67,6.33,A26,4.0,,45.0,,,,,NOT INDICATED
108782,224631.0,1945-04-24,12,FRANCE,RR,"""RR INSTALLATIONS,  TRACKS,  MARSHALLING YARDS,  AND STATIONS""",44.67,6.33,A26,4.0,,35.0,,,,,NOT INDICATED
108763,224632.0,1945-04-24,12,FRANCE,RR,"""RR INSTALLATIONS,  TRACKS,  MARSHALLING YARDS,  AND STATIONS""",44.67,6.33,A26,4.0,,60.0,,,,,NOT INDICATED
108751,224633.0,1945-04-24,12,FRANCE,RR,"""RR INSTALLATIONS,  TRACKS,  MARSHALLING YARDS,  AND STATIONS""",44.67,6.33,A26,4.0,1.0,70.0,,,1.0,1.0,NOT INDICATED
108764,224634.0,1945-04-24,12,FRANCE,RR,"""RR INSTALLATIONS,  TRACKS,  MARSHALLING YARDS,  AND STATIONS""",44.67,6.33,A26,4.0,1.0,60.0,1.0,,,1.0,NOT INDICATED
108765,224635.0,1945-04-24,12,FRANCE,RR,"""RR INSTALLATIONS,  TRACKS,  MARSHALLING YARDS,  AND STATIONS""",44.67,6.33,A26,4.0,1.0,60.0,,,,,NOT INDICATED
108778,224636.0,1945-04-24,12,FRANCE,RR,"""RR INSTALLATIONS,  TRACKS,  MARSHALLING YARDS,  AND STATIONS""",44.67,6.33,A26,4.0,1.0,45.0,,,,,NOT INDICATED
108743,224637.0,1945-04-24,12,FRANCE,RR,"""RR INSTALLATIONS,  TRACKS,  MARSHALLING YARDS,  AND STATIONS""",44.67,6.33,A26,4.0,1.0,90.0,1.0,,,1.0,NOT INDICATED
108740,224638.0,1945-04-24,12,FRANCE,RR,"""RR INSTALLATIONS,  TRACKS,  MARSHALLING YARDS,  AND STATIONS""",44.67,6.33,A26,4.0,1.0,100.0,1.0,,,1.0,NOT INDICATED
108766,224639.0,1945-04-24,12,FRANCE,RR,"""RR INSTALLATIONS,  TRACKS,  MARSHALLING YARDS,  AND STATIONS""",44.67,6.33,A26,4.0,1.0,60.0,,,,,NOT INDICATED
108770,224640.0,1945-04-24,12,FRANCE,RR,"""RR INSTALLATIONS,  TRACKS,  MARSHALLING YARDS,  AND STATIONS""",44.67,6.33,A20,4.0,,50.0,1.0,,,1.0,NOT INDICATED
108780,224641.0,1945-04-24,12,FRANCE,RR,"""RR INSTALLATIONS,  TRACKS,  MARSHALLING YARDS,  AND STATIONS""",44.67,6.33,A20,4.0,,40.0,,,,,NOT INDICATED
108748,224642.0,1945-04-24,12,FRANCE,RR,"""RR INSTALLATIONS,  TRACKS,  MARSHALLING YARDS,  AND STATIONS""",44.67,6.33,A20,4.0,,75.0,,,,,NOT INDICATED
108788,224643.0,1945-04-24,12,FRANCE,RR,"""RR INSTALLATIONS,  TRACKS,  MARSHALLING YARDS,  AND STATIONS""",44.67,6.33,A20,4.0,,,,,,,NOT INDICATED
108746,224644.0,1945-04-24,12,FRANCE,RR,"""RR INSTALLATIONS,  TRACKS,  MARSHALLING YARDS,  AND STATIONS""",44.67,6.33,A20,4.0,1.0,80.0,1.0,,1.0,2.0,NOT INDICATED
108744,224645.0,1945-04-24,12,FRANCE,RR,"""RR INSTALLATIONS,  TRACKS,  MARSHALLING YARDS,  AND STATIONS""",44.67,6.33,A20,4.0,1.0,90.0,2.0,,,2.0,NOT INDICATED
108752,224646.0,1945-04-24,12,FRANCE,RR,"""RR INSTALLATIONS,  TRACKS,  MARSHALLING YARDS,  AND STATIONS""",44.67,6.33,A20,4.0,1.0,70.0,2.0,,,2.0,NOT INDICATED
108754,224647.0,1945-04-24,12,FRANCE,RR,"""RR INSTALLATIONS,  TRACKS,  MARSHALLING YARDS,  AND STATIONS""",44.67,6.33,A20,4.0,1.0,65.0,1.0,,,1.0,NOT INDICATED
108768,224648.0,1945-04-24,12,GERMANY,MOTOR TRANSPORT,HIGHWAYS AND VEHICLES,49.0,9.67,A26,4.0,1.0,50.0,,,1.0,1.0,NOT INDICATED
108800,224746.0,1945-04-24,8,GERMANY,AIR FIELD,AIR FIELDS AND AIRDROMES,48.68,12.68,A26,,,130.0,62.0,,,62.0,NOT INDICATED
108797,224747.0,1945-04-24,8,GERMANY,AIR FIELD,AIR FIELDS AND AIRDROMES,48.68,12.68,A26,,,132.0,57.0,,,57.0,VISUAL
108792,224748.0,1945-04-24,8,GERMANY,AIR FIELD,AIR FIELDS AND AIRDROMES,48.68,12.68,A26,,,139.0,35.0,,,35.0,GEE
109102,224749.0,1945-04-24,8,GERMANY,AIR FIELD,AIR FIELDS AND AIRDROMES,48.68,12.68,A26,,,,,,,,GEE
108798,224750.0,1945-04-24,8,GERMANY,AIR FIELD,AIR FIELDS AND AIRDROMES,48.68,12.68,A26,,,132.0,,,,,GEE
108794,224751.0,1945-04-24,8,GERMANY,AIR FIELD,AIR FIELDS AND AIRDROMES,48.68,12.68,A26,,,135.0,,,,,GEE
111511,124589.0,1945-04-25,12,AUSTRIA,RR BRIDGE,BRIDGES,47.53,14.1,B25,4.0,6.0,132.0,22.0,,,22.0,INSTRUMENT-GENERAL
111536,124598.0,1945-04-25,9,FRANCE,RR,"""RR INSTALLATIONS,  TRACKS,  MARSHALLING YARDS,  AND STATIONS""",44.67,6.33,A26,4.0,,,,,1.0,1.0,NOT INDICATED
111537,124599.0,1945-04-25,9,FRANCE,RR,"""RR INSTALLATIONS,  TRACKS,  MARSHALLING YARDS,  AND STATIONS""",44.67,6.33,A26,4.0,,,,,1.0,1.0,NOT INDICATED
111538,124600.0,1945-04-25,9,FRANCE,RR,"""RR INSTALLATIONS,  TRACKS,  MARSHALLING YARDS,  AND STATIONS""",44.67,6.33,A26,4.0,,,,,1.0,1.0,NOT INDICATED
111533,124601.0,1945-04-25,12,FRANCE,RR,"""RR INSTALLATIONS,  TRACKS,  MARSHALLING YARDS,  AND STATIONS""",44.67,6.33,A26,4.0,,5.0,,,1.0,1.0,NOT INDICATED
111529,124602.0,1945-04-25,12,FRANCE,RR,"""RR INSTALLATIONS,  TRACKS,  MARSHALLING YARDS,  AND STATIONS""",44.67,6.33,A26,4.0,,25.0,,,,,NOT INDICATED
111525,124603.0,1945-04-25,12,FRANCE,RR,"""RR INSTALLATIONS,  TRACKS,  MARSHALLING YARDS,  AND STATIONS""",44.67,6.33,A26,4.0,1.0,50.0,,,,,NOT INDICATED
111539,124604.0,1945-04-25,9,FRANCE,RR,"""RR INSTALLATIONS,  TRACKS,  MARSHALLING YARDS,  AND STATIONS""",44.67,6.33,A26,4.0,1.0,,,,,,NOT INDICATED
111521,124605.0,1945-04-25,12,FRANCE,RR,"""RR INSTALLATIONS,  TRACKS,  MARSHALLING YARDS,  AND STATIONS""",44.67,6.33,A26,4.0,1.0,60.0,,,1.0,1.0,NOT INDICATED
111527,124606.0,1945-04-25,12,FRANCE,RR,"""RR INSTALLATIONS,  TRACKS,  MARSHALLING YARDS,  AND STATIONS""",44.67,6.33,A26,4.0,1.0,30.0,,,,,NOT INDICATED
111513,124607.0,1945-04-25,12,FRANCE,RR,"""RR INSTALLATIONS,  TRACKS,  MARSHALLING YARDS,  AND STATIONS""",44.67,6.33,A26,4.0,1.0,120.0,2.0,,,2.0,NOT INDICATED
111531,124608.0,1945-04-25,12,FRANCE,RR,"""RR INSTALLATIONS,  TRACKS,  MARSHALLING YARDS,  AND STATIONS""",44.67,6.33,A20,4.0,,20.0,1.0,,,1.0,NOT INDICATED
111514,124609.0,1945-04-25,12,FRANCE,RR,"""RR INSTALLATIONS,  TRACKS,  MARSHALLING YARDS,  AND STATIONS""",44.67,6.33,A20,4.0,,120.0,,,,,NOT INDICATED
111517,124610.0,1945-04-25,12,FRANCE,RR,"""RR INSTALLATIONS,  TRACKS,  MARSHALLING YARDS,  AND STATIONS""",44.67,6.33,A20,4.0,1.0,110.0,1.0,,,1.0,NOT INDICATED
111518,124611.0,1945-04-25,12,FRANCE,RR,"""RR INSTALLATIONS,  TRACKS,  MARSHALLING YARDS,  AND STATIONS""",44.67,6.33,A20,4.0,1.0,110.0,1.0,,,1.0,NOT INDICATED
111523,124679.0,1945-04-25,12,GERMANY,MOTOR TRANSPORT,HIGHWAYS AND VEHICLES,49.0,9.67,A26,4.0,1.0,55.0,,,1.0,1.0,NOT INDICATED
111554,124701.0,1945-04-25,8,AUSTRIA,AIRDROME,AIR FIELDS AND AIRDROMES,48.0,14.0,A26,,,110.0,3.0,,,3.0,VISUAL
111556,124702.0,1945-04-25,8,AUSTRIA,AIRDROME,AIR FIELDS AND AIRDROMES,48.0,14.0,A26,,,105.0,,,4.0,4.0,VISUAL
111564,124703.0,1945-04-25,8,GERMANY,AIRFIELD,AIR FIELDS AND AIRDROMES,48.3,11.88,B26,,,,17.0,,,17.0,VISUAL
111565,124704.0,1945-04-25,8,GERMANY,AIRFIELD,AIR FIELDS AND AIRDROMES,48.3,11.88,B26,,,,50.0,,,50.0,VISUAL
111560,124705.0,1945-04-25,8,GERMANY,AIRFIELD,AIR FIELDS AND AIRDROMES,48.3,11.88,A20,,,82.0,66.0,,,66.0,VISUAL
111544,124706.0,1945-04-25,8,GERMANY,AIR FIELD,AIR FIELDS AND AIRDROMES,48.68,12.68,A26,,,132.0,,,,,GEE
111548,124723.0,1945-04-25,8,GERMANY,ORDNANCE DEPOT,SUPPLY DUMPS AND WAREHOUSES,47.83,12.98,A26,,,115.0,,,64.0,64.0,VISUAL
111546,124724.0,1945-04-25,8,GERMANY,ORDNANCE DEPOT,SUPPLY DUMPS AND WAREHOUSES,47.83,12.98,A26,,,130.0,66.0,,,66.0,VISUAL
111558,124725.0,1945-04-25,8,GERMANY,ORDNANCE DEPOT,SUPPLY DUMPS AND WAREHOUSES,47.83,12.98,A26,,,100.0,62.0,,,62.0,VISUAL
111549,124726.0,1945-04-25,8,GERMANY,ORDNANCE DEPOT,SUPPLY DUMPS AND WAREHOUSES,47.83,12.98,A26,,,115.0,,,61.0,61.0,VISUAL
111172,124774.0,1945-04-25,15,CZECHOSLOVAKIA,SKODA ARMS WORKS,ARMAMENT AND ORDNANCE PLANTS,49.75,13.37,B17,4.0,10.0,210.0,30.0,,,30.0,VISUAL
111151,124775.0,1945-04-25,15,CZECHOSLOVAKIA,SKODA ARMS WORKS,ARMAMENT AND ORDNANCE PLANTS,49.75,13.37,B17,4.0,9.0,215.0,26.0,,,26.0,VISUAL
111160,124776.0,1945-04-25,15,CZECHOSLOVAKIA,SKODA ARMS WORKS,ARMAMENT AND ORDNANCE PLANTS,49.75,13.37,B17,4.0,10.0,214.0,30.0,,,30.0,VISUAL
111188,124777.0,1945-04-25,15,CZECHOSLOVAKIA,SKODA ARMS WORKS,ARMAMENT AND ORDNANCE PLANTS,49.75,13.37,B17,4.0,10.0,195.0,30.0,,,30.0,VISUAL
111134,124778.0,1945-04-25,15,CZECHOSLOVAKIA,SKODA ARMS WORKS,ARMAMENT AND ORDNANCE PLANTS,49.75,13.37,B17,4.0,13.0,220.0,33.0,,,33.0,VISUAL
111152,124779.0,1945-04-25,15,CZECHOSLOVAKIA,SKODA ARMS WORKS,ARMAMENT AND ORDNANCE PLANTS,49.75,13.37,B17,4.0,13.0,215.0,33.0,,,33.0,VISUAL
111116,124780.0,1945-04-25,15,CZECHOSLOVAKIA,SKODA ARMS WORKS,ARMAMENT AND ORDNANCE PLANTS,49.75,13.37,B17,4.0,14.0,230.0,35.0,,,35.0,VISUAL
111135,124781.0,1945-04-25,15,CZECHOSLOVAKIA,SKODA ARMS WORKS,ARMAMENT AND ORDNANCE PLANTS,49.75,13.37,B17,4.0,12.0,220.0,24.0,12.0,,36.0,VISUAL
111164,124782.0,1945-04-25,15,CZECHOSLOVAKIA,SKODA ARMS WORKS,ARMAMENT AND ORDNANCE PLANTS,49.75,13.37,B17,4.0,13.0,213.0,26.0,13.0,,39.0,VISUAL
111125,124783.0,1945-04-25,15,CZECHOSLOVAKIA,SKODA ARMS WORKS,ARMAMENT AND ORDNANCE PLANTS,49.75,13.37,B17,4.0,11.0,225.0,22.0,11.0,,33.0,VISUAL
111136,124784.0,1945-04-25,15,CZECHOSLOVAKIA,SKODA ARMS WORKS,ARMAMENT AND ORDNANCE PLANTS,49.75,13.37,B17,4.0,14.0,220.0,21.0,14.0,,35.0,VISUAL
111165,124785.0,1945-04-25,15,CZECHOSLOVAKIA,SKODA ARMS WORKS,ARMAMENT AND ORDNANCE PLANTS,49.75,13.37,B17,4.0,14.0,213.0,21.0,14.0,,35.0,VISUAL
111121,124786.0,1945-04-25,15,CZECHOSLOVAKIA,SKODA ARMS WORKS,ARMAMENT AND ORDNANCE PLANTS,49.75,13.37,B17,4.0,14.0,227.0,21.0,14.0,,35.0,VISUAL
111137,124787.0,1945-04-25,15,CZECHOSLOVAKIA,SKODA ARMS WORKS,ARMAMENT AND ORDNANCE PLANTS,49.75,13.37,B17,4.0,12.0,220.0,18.0,12.0,,30.0,VISUAL
111173,124788.0,1945-04-25,15,CZECHOSLOVAKIA,SKODA ARMS WORKS,ARMAMENT AND ORDNANCE PLANTS,49.75,13.37,B17,4.0,13.0,210.0,20.0,13.0,,33.0,VISUAL
111126,124789.0,1945-04-25,15,CZECHOSLOVAKIA,SKODA ARMS WORKS,ARMAMENT AND ORDNANCE PLANTS,49.75,13.37,B17,4.0,13.0,225.0,20.0,13.0,,33.0,VISUAL
111174,124790.0,1945-04-25,15,CZECHOSLOVAKIA,SKODA ARMS WORKS,ARMAMENT AND ORDNANCE PLANTS,49.75,13.37,B17,4.0,10.0,210.0,30.0,,,30.0,VISUAL
111153,124791.0,1945-04-25,15,CZECHOSLOVAKIA,SKODA ARMS WORKS,ARMAMENT AND ORDNANCE PLANTS,49.75,13.37,B17,4.0,9.0,215.0,26.0,,,26.0,VISUAL
111161,124792.0,1945-04-25,15,CZECHOSLOVAKIA,SKODA ARMS WORKS,ARMAMENT AND ORDNANCE PLANTS,49.75,13.37,B17,4.0,10.0,214.0,30.0,,,30.0,VISUAL
111189,124793.0,1945-04-25,15,CZECHOSLOVAKIA,SKODA ARMS WORKS,ARMAMENT AND ORDNANCE PLANTS,49.75,13.37,B17,4.0,10.0,195.0,30.0,,,30.0,VISUAL
111138,124794.0,1945-04-25,15,CZECHOSLOVAKIA,SKODA ARMS WORKS,ARMAMENT AND ORDNANCE PLANTS,49.75,13.37,B17,4.0,13.0,220.0,33.0,,,33.0,VISUAL
111154,124795.0,1945-04-25,15,CZECHOSLOVAKIA,SKODA ARMS WORKS,ARMAMENT AND ORDNANCE PLANTS,49.75,13.37,B17,4.0,13.0,215.0,33.0,,,33.0,VISUAL
111117,124796.0,1945-04-25,15,CZECHOSLOVAKIA,SKODA ARMS WORKS,ARMAMENT AND ORDNANCE PLANTS,49.75,13.37,B17,4.0,14.0,230.0,35.0,,,35.0,VISUAL
111139,124797.0,1945-04-25,15,CZECHOSLOVAKIA,SKODA ARMS WORKS,ARMAMENT AND ORDNANCE PLANTS,49.75,13.37,B17,4.0,12.0,220.0,24.0,12.0,,36.0,VISUAL
111166,124798.0,1945-04-25,15,CZECHOSLOVAKIA,SKODA ARMS WORKS,ARMAMENT AND ORDNANCE PLANTS,49.75,13.37,B17,4.0,13.0,213.0,26.0,13.0,,39.0,VISUAL
111127,124799.0,1945-04-25,15,CZECHOSLOVAKIA,SKODA ARMS WORKS,ARMAMENT AND ORDNANCE PLANTS,49.75,13.37,B17,4.0,11.0,225.0,22.0,11.0,,33.0,VISUAL
111140,124800.0,1945-04-25,15,CZECHOSLOVAKIA,SKODA ARMS WORKS,ARMAMENT AND ORDNANCE PLANTS,49.75,13.37,B17,4.0,14.0,220.0,21.0,14.0,,35.0,VISUAL
111167,124801.0,1945-04-25,15,CZECHOSLOVAKIA,SKODA ARMS WORKS,ARMAMENT AND ORDNANCE PLANTS,49.75,13.37,B17,4.0,14.0,213.0,21.0,14.0,,35.0,VISUAL
111122,124802.0,1945-04-25,15,CZECHOSLOVAKIA,SKODA ARMS WORKS,ARMAMENT AND ORDNANCE PLANTS,49.75,13.37,B17,4.0,14.0,227.0,21.0,14.0,,35.0,VISUAL
111141,124803.0,1945-04-25,15,CZECHOSLOVAKIA,SKODA ARMS WORKS,ARMAMENT AND ORDNANCE PLANTS,49.75,13.37,B17,4.0,12.0,220.0,18.0,12.0,,30.0,VISUAL
111175,124804.0,1945-04-25,15,CZECHOSLOVAKIA,SKODA ARMS WORKS,ARMAMENT AND ORDNANCE PLANTS,49.75,13.37,B17,4.0,13.0,210.0,20.0,13.0,,33.0,VISUAL
111128,124805.0,1945-04-25,15,CZECHOSLOVAKIA,SKODA ARMS WORKS,ARMAMENT AND ORDNANCE PLANTS,49.75,13.37,B17,4.0,13.0,225.0,20.0,13.0,,33.0,VISUAL
111176,192331.0,1945-04-25,15,CZECHOSLOVAKIA,SKODA ARMS WORKS,ARMAMENT AND ORDNANCE PLANTS,49.75,13.37,B17,4.0,10.0,210.0,30.0,,,30.0,VISUAL
111155,192332.0,1945-04-25,15,CZECHOSLOVAKIA,SKODA ARMS WORKS,ARMAMENT AND ORDNANCE PLANTS,49.75,13.37,B17,4.0,9.0,215.0,26.0,,,26.0,VISUAL
111162,192333.0,1945-04-25,15,CZECHOSLOVAKIA,SKODA ARMS WORKS,ARMAMENT AND ORDNANCE PLANTS,49.75,13.37,B17,4.0,10.0,214.0,30.0,,,30.0,VISUAL
111190,192334.0,1945-04-25,15,CZECHOSLOVAKIA,SKODA ARMS WORKS,ARMAMENT AND ORDNANCE PLANTS,49.75,13.37,B17,4.0,10.0,195.0,30.0,,,30.0,VISUAL
111142,192335.0,1945-04-25,15,CZECHOSLOVAKIA,SKODA ARMS WORKS,ARMAMENT AND ORDNANCE PLANTS,49.75,13.37,B17,4.0,13.0,220.0,33.0,,,33.0,VISUAL
111156,192336.0,1945-04-25,15,CZECHOSLOVAKIA,SKODA ARMS WORKS,ARMAMENT AND ORDNANCE PLANTS,49.75,13.37,B17,4.0,13.0,215.0,33.0,,,33.0,VISUAL
111118,192337.0,1945-04-25,15,CZECHOSLOVAKIA,SKODA ARMS WORKS,ARMAMENT AND ORDNANCE PLANTS,49.75,13.37,B17,4.0,14.0,230.0,35.0,,,35.0,VISUAL
111143,192338.0,1945-04-25,15,CZECHOSLOVAKIA,SKODA ARMS WORKS,ARMAMENT AND ORDNANCE PLANTS,49.75,13.37,B17,4.0,12.0,220.0,24.0,12.0,,36.0,VISUAL
111168,192339.0,1945-04-25,15,CZECHOSLOVAKIA,SKODA ARMS WORKS,ARMAMENT AND ORDNANCE PLANTS,49.75,13.37,B17,4.0,13.0,213.0,26.0,13.0,,39.0,VISUAL
111129,192340.0,1945-04-25,15,CZECHOSLOVAKIA,SKODA ARMS WORKS,ARMAMENT AND ORDNANCE PLANTS,49.75,13.37,B17,4.0,11.0,225.0,22.0,11.0,,33.0,VISUAL
111144,192341.0,1945-04-25,15,CZECHOSLOVAKIA,SKODA ARMS WORKS,ARMAMENT AND ORDNANCE PLANTS,49.75,13.37,B17,4.0,14.0,220.0,21.0,14.0,,35.0,VISUAL
111169,192342.0,1945-04-25,15,CZECHOSLOVAKIA,SKODA ARMS WORKS,ARMAMENT AND ORDNANCE PLANTS,49.75,13.37,B17,4.0,14.0,213.0,21.0,14.0,,35.0,VISUAL
111123,192343.0,1945-04-25,15,CZECHOSLOVAKIA,SKODA ARMS WORKS,ARMAMENT AND ORDNANCE PLANTS,49.75,13.37,B17,4.0,14.0,227.0,21.0,14.0,,35.0,VISUAL
111145,192344.0,1945-04-25,15,CZECHOSLOVAKIA,SKODA ARMS WORKS,ARMAMENT AND ORDNANCE PLANTS,49.75,13.37,B17,4.0,12.0,220.0,18.0,12.0,,30.0,VISUAL
111177,192345.0,1945-04-25,15,CZECHOSLOVAKIA,SKODA ARMS WORKS,ARMAMENT AND ORDNANCE PLANTS,49.75,13.37,B17,4.0,13.0,210.0,20.0,13.0,,33.0,VISUAL
111130,192346.0,1945-04-25,15,CZECHOSLOVAKIA,SKODA ARMS WORKS,ARMAMENT AND ORDNANCE PLANTS,49.75,13.37,B17,4.0,13.0,225.0,20.0,13.0,,33.0,VISUAL
111178,192347.0,1945-04-25,15,CZECHOSLOVAKIA,SKODA ARMS WORKS,ARMAMENT AND ORDNANCE PLANTS,49.75,13.37,B17,4.0,10.0,210.0,30.0,,,30.0,VISUAL
111157,192348.0,1945-04-25,15,CZECHOSLOVAKIA,SKODA ARMS WORKS,ARMAMENT AND ORDNANCE PLANTS,49.75,13.37,B17,4.0,9.0,215.0,26.0,,,26.0,VISUAL
111163,192349.0,1945-04-25,15,CZECHOSLOVAKIA,SKODA ARMS WORKS,ARMAMENT AND ORDNANCE PLANTS,49.75,13.37,B17,4.0,10.0,214.0,30.0,,,30.0,VISUAL
111191,192350.0,1945-04-25,15,CZECHOSLOVAKIA,SKODA ARMS WORKS,ARMAMENT AND ORDNANCE PLANTS,49.75,13.37,B17,4.0,10.0,195.0,30.0,,,30.0,VISUAL
111146,192351.0,1945-04-25,15,CZECHOSLOVAKIA,SKODA ARMS WORKS,ARMAMENT AND ORDNANCE PLANTS,49.75,13.37,B17,4.0,13.0,220.0,33.0,,,33.0,VISUAL
111158,192352.0,1945-04-25,15,CZECHOSLOVAKIA,SKODA ARMS WORKS,ARMAMENT AND ORDNANCE PLANTS,49.75,13.37,B17,4.0,13.0,215.0,33.0,,,33.0,VISUAL
111119,192353.0,1945-04-25,15,CZECHOSLOVAKIA,SKODA ARMS WORKS,ARMAMENT AND ORDNANCE PLANTS,49.75,13.37,B17,4.0,14.0,230.0,35.0,,,35.0,VISUAL
111147,192354.0,1945-04-25,15,CZECHOSLOVAKIA,SKODA ARMS WORKS,ARMAMENT AND ORDNANCE PLANTS,49.75,13.37,B17,4.0,12.0,220.0,24.0,12.0,,36.0,VISUAL
111170,192355.0,1945-04-25,15,CZECHOSLOVAKIA,SKODA ARMS WORKS,ARMAMENT AND ORDNANCE PLANTS,49.75,13.37,B17,4.0,13.0,213.0,26.0,13.0,,39.0,VISUAL
111131,192356.0,1945-04-25,15,CZECHOSLOVAKIA,SKODA ARMS WORKS,ARMAMENT AND ORDNANCE PLANTS,49.75,13.37,B17,4.0,11.0,225.0,22.0,11.0,,33.0,VISUAL
111148,192357.0,1945-04-25,15,CZECHOSLOVAKIA,SKODA ARMS WORKS,ARMAMENT AND ORDNANCE PLANTS,49.75,13.37,B17,4.0,14.0,220.0,21.0,14.0,,35.0,VISUAL
111171,192358.0,1945-04-25,15,CZECHOSLOVAKIA,SKODA ARMS WORKS,ARMAMENT AND ORDNANCE PLANTS,49.75,13.37,B17,4.0,14.0,213.0,21.0,14.0,,35.0,VISUAL
111124,192359.0,1945-04-25,15,CZECHOSLOVAKIA,SKODA ARMS WORKS,ARMAMENT AND ORDNANCE PLANTS,49.75,13.37,B17,4.0,14.0,227.0,21.0,14.0,,35.0,VISUAL
111149,192360.0,1945-04-25,15,CZECHOSLOVAKIA,SKODA ARMS WORKS,ARMAMENT AND ORDNANCE PLANTS,49.75,13.37,B17,4.0,12.0,220.0,18.0,12.0,,30.0,VISUAL
111179,192361.0,1945-04-25,15,CZECHOSLOVAKIA,SKODA ARMS WORKS,ARMAMENT AND ORDNANCE PLANTS,49.75,13.37,B17,4.0,13.0,210.0,20.0,13.0,,33.0,VISUAL
111132,192362.0,1945-04-25,15,CZECHOSLOVAKIA,SKODA ARMS WORKS,ARMAMENT AND ORDNANCE PLANTS,49.75,13.37,B17,4.0,13.0,225.0,20.0,13.0,,33.0,VISUAL
111509,192365.0,1945-04-25,12,AUSTRIA,RR,"""RR INSTALLATIONS,  TRACKS,  MARSHALLING YARDS,  AND STATIONS""",46.63,14.3,B24,3.0,1.0,205.0,3.0,,,3.0,VISUAL
111510,192366.0,1945-04-25,12,AUSTRIA,RR,"""RR INSTALLATIONS,  TRACKS,  MARSHALLING YARDS,  AND STATIONS""",46.63,14.3,B24,2.0,3.0,200.0,5.0,,,5.0,VISUAL
111133,192367.0,1945-04-25,15,AUSTRIA,MARSHALLING YARDS,"""RR INSTALLATIONS,  TRACKS,  MARSHALLING YARDS,  AND STATIONS""",46.83,12.77,B24,4.0,28.0,223.0,76.0,,,76.0,VISUAL
111503,192368.0,1945-04-25,12,AUSTRIA,MARSHALLING YARDS,"""RR INSTALLATIONS,  TRACKS,  MARSHALLING YARDS,  AND STATIONS""",48.3,14.3,B17,4.0,28.0,245.0,79.0,,,79.0,VISUAL
111198,192369.0,1945-04-25,12,AUSTRIA,MARSHALLING YARDS,"""RR INSTALLATIONS,  TRACKS,  MARSHALLING YARDS,  AND STATIONS""",48.3,14.3,B17,4.0,26.0,260.0,65.0,,,65.0,VISUAL
111199,192370.0,1945-04-25,12,AUSTRIA,MARSHALLING YARDS,"""RR INSTALLATIONS,  TRACKS,  MARSHALLING YARDS,  AND STATIONS""",48.3,14.3,B17,4.0,26.0,250.0,74.0,,,74.0,VISUAL
111200,192371.0,1945-04-25,12,AUSTRIA,MARSHALLING YARDS,"""RR INSTALLATIONS,  TRACKS,  MARSHALLING YARDS,  AND STATIONS""",48.3,14.3,B24,4.0,24.0,245.0,47.0,,,47.0,VISUAL
111501,192372.0,1945-04-25,12,AUSTRIA,MARSHALLING YARDS,"""RR INSTALLATIONS,  TRACKS,  MARSHALLING YARDS,  AND STATIONS""",48.3,14.3,B24,4.0,20.0,245.0,35.0,1.0,,36.0,VISUAL
111507,192373.0,1945-04-25,12,AUSTRIA,MARSHALLING YARDS,"""RR INSTALLATIONS,  TRACKS,  MARSHALLING YARDS,  AND STATIONS""",48.3,14.3,B24,4.0,26.0,230.0,59.0,,,59.0,VISUAL
111197,192374.0,1945-04-25,12,AUSTRIA,MARSHALLING YARDS,"""RR INSTALLATIONS,  TRACKS,  MARSHALLING YARDS,  AND STATIONS""",48.3,14.3,B24,4.0,27.0,260.0,67.0,,,67.0,VISUAL
111504,192375.0,1945-04-25,12,AUSTRIA,MARSHALLING YARDS,"""RR INSTALLATIONS,  TRACKS,  MARSHALLING YARDS,  AND STATIONS""",48.3,14.3,B24,4.0,24.0,240.0,52.0,,,52.0,VISUAL
111502,192376.0,1945-04-25,12,AUSTRIA,MARSHALLING YARDS,"""RR INSTALLATIONS,  TRACKS,  MARSHALLING YARDS,  AND STATIONS""",48.3,14.3,B24,4.0,26.0,245.0,65.0,,,65.0,VISUAL
111195,192377.0,1945-04-25,12,AUSTRIA,MARSHALLING YARDS,"""RR INSTALLATIONS,  TRACKS,  MARSHALLING YARDS,  AND STATIONS""",48.3,14.3,B17,4.0,26.0,283.0,51.0,,,51.0,VISUAL
111196,192378.0,1945-04-25,12,AUSTRIA,MARSHALLING YARDS,"""RR INSTALLATIONS,  TRACKS,  MARSHALLING YARDS,  AND STATIONS""",48.3,14.3,B17,4.0,27.0,275.0,66.0,,,66.0,VISUAL
111535,192379.0,1945-04-25,9,AUSTRIA,MARSHALLING YARDS,"""RR INSTALLATIONS,  TRACKS,  MARSHALLING YARDS,  AND STATIONS""",48.3,14.3,B24,4.0,27.0,,65.0,,,65.0,NOT INDICATED
111508,192380.0,1945-04-25,12,AUSTRIA,MARSHALLING YARDS,"""RR INSTALLATIONS,  TRACKS,  MARSHALLING YARDS,  AND STATIONS""",48.3,14.3,B24,4.0,30.0,225.0,73.0,,,73.0,VISUAL
111194,192381.0,1945-04-25,12,AUSTRIA,MARSHALLING YARDS,"""RR INSTALLATIONS,  TRACKS,  MARSHALLING YARDS,  AND STATIONS""",48.3,14.3,B17,4.0,26.0,290.0,65.0,,,65.0,NOT INDICATED
111505,192382.0,1945-04-25,12,AUSTRIA,MARSHALLING YARDS,"""RR INSTALLATIONS,  TRACKS,  MARSHALLING YARDS,  AND STATIONS""",48.3,14.3,B24,4.0,26.0,240.0,62.0,,,62.0,VISUAL
111506,192383.0,1945-04-25,12,AUSTRIA,MARSHALLING YARDS,"""RR INSTALLATIONS,  TRACKS,  MARSHALLING YARDS,  AND STATIONS""",48.3,14.3,B24,4.0,26.0,235.0,59.0,,,59.0,VISUAL
111192,192384.0,1945-04-25,15,AUSTRIA,MARSHALLING YARUS,"""RR INSTALLATIONS,  TRACKS,  MARSHALLING YARDS,  AND STATIONS""",47.78,13.03,B24,4.0,,,21.0,,,21.0,NOT INDICATED
111159,192385.0,1945-04-25,15,AUSTRIA,MARSHALLING YARUS,"""RR INSTALLATIONS,  TRACKS,  MARSHALLING YARDS,  AND STATIONS""",47.78,13.03,B24,4.0,17.0,215.0,19.0,,,19.0,VISUAL
111150,192386.0,1945-04-25,15,AUSTRIA,MARSHALLING YARUS,"""RR INSTALLATIONS,  TRACKS,  MARSHALLING YARDS,  AND STATIONS""",47.78,13.03,B24,4.0,19.0,220.0,46.0,,,46.0,VISUAL
111193,192387.0,1945-04-25,15,AUSTRIA,MARSHALLING YARUS,"""RR INSTALLATIONS,  TRACKS,  MARSHALLING YARDS,  AND STATIONS""",47.78,13.03,B24,4.0,,,1.0,,,1.0,NOT INDICATED
111180,192388.0,1945-04-25,15,AUSTRIA,MARSHALLING YARUS,"""RR INSTALLATIONS,  TRACKS,  MARSHALLING YARDS,  AND STATIONS""",47.78,13.03,B24,4.0,19.0,210.0,38.0,8.0,,46.0,VISUAL
111184,192389.0,1945-04-25,15,AUSTRIA,MARSHALLING YARUS,"""RR INSTALLATIONS,  TRACKS,  MARSHALLING YARDS,  AND STATIONS""",47.78,13.03,B24,4.0,27.0,206.0,59.0,,,59.0,VISUAL
111181,192390.0,1945-04-25,15,AUSTRIA,MARSHALLING YARUS,"""RR INSTALLATIONS,  TRACKS,  MARSHALLING YARDS,  AND STATIONS""",47.78,13.03,B24,4.0,18.0,210.0,40.0,,,40.0,VISUAL
111182,192391.0,1945-04-25,15,AUSTRIA,MARSHALLING YARUS,"""RR INSTALLATIONS,  TRACKS,  MARSHALLING YARDS,  AND STATIONS""",47.78,13.03,B24,4.0,9.0,210.0,21.0,,,21.0,VISUAL
111183,192395.0,1945-04-25,15,AUSTRIA,MARSHALLING YARD,"""RR INSTALLATIONS,  TRACKS,  MARSHALLING YARDS,  AND STATIONS""",47.3,12.78,B24,2.0,1.0,210.0,3.0,,,3.0,VISUAL
111185,192396.0,1945-04-25,15,AUSTRIA,RR,"""RR INSTALLATIONS,  TRACKS,  MARSHALLING YARDS,  AND STATIONS""",46.67,13.0,B24,2.0,1.0,200.0,2.0,,,2.0,VISUAL
111186,192397.0,1945-04-25,15,AUSTRIA,MARSHALLING YARDS,"""RR INSTALLATIONS,  TRACKS,  MARSHALLING YARDS,  AND STATIONS""",46.67,13.33,B24,2.0,1.0,200.0,2.0,,,2.0,VISUAL
111120,192402.0,1945-04-25,15,GERMANY,RR BRIDGE,BRIDGES,46.67,14.0,B17,2.0,1.0,230.0,3.0,,,3.0,VISUAL
111187,192403.0,1945-04-25,15,GERMANY,MARSHALLING YARDS,"""RR INSTALLATIONS,  TRACKS,  MARSHALLING YARDS,  AND STATIONS""",46.67,14.33,B24,2.0,1.0,200.0,2.0,,,2.0,VISUAL
111512,224830.0,1945-04-25,12,AUSTRIA,RR BRIDGE,BRIDGES,47.53,14.1,B25,4.0,6.0,132.0,22.0,,,22.0,INSTRUMENT-GENERAL
111540,224831.0,1945-04-25,9,FRANCE,RR,"""RR INSTALLATIONS,  TRACKS,  MARSHALLING YARDS,  AND STATIONS""",44.67,6.33,A26,4.0,,,,,1.0,1.0,NOT INDICATED
111541,224832.0,1945-04-25,9,FRANCE,RR,"""RR INSTALLATIONS,  TRACKS,  MARSHALLING YARDS,  AND STATIONS""",44.67,6.33,A26,4.0,,,,,1.0,1.0,NOT INDICATED
111542,224833.0,1945-04-25,9,FRANCE,RR,"""RR INSTALLATIONS,  TRACKS,  MARSHALLING YARDS,  AND STATIONS""",44.67,6.33,A26,4.0,,,,,1.0,1.0,NOT INDICATED
111534,224834.0,1945-04-25,12,FRANCE,RR,"""RR INSTALLATIONS,  TRACKS,  MARSHALLING YARDS,  AND STATIONS""",44.67,6.33,A26,4.0,,5.0,,,1.0,1.0,NOT INDICATED
111530,224835.0,1945-04-25,12,FRANCE,RR,"""RR INSTALLATIONS,  TRACKS,  MARSHALLING YARDS,  AND STATIONS""",44.67,6.33,A26,4.0,,25.0,,,,,NOT INDICATED
111526,224836.0,1945-04-25,12,FRANCE,RR,"""RR INSTALLATIONS,  TRACKS,  MARSHALLING YARDS,  AND STATIONS""",44.67,6.33,A26,4.0,1.0,50.0,,,,,NOT INDICATED
111543,224837.0,1945-04-25,9,FRANCE,RR,"""RR INSTALLATIONS,  TRACKS,  MARSHALLING YARDS,  AND STATIONS""",44.67,6.33,A26,4.0,1.0,,,,,,NOT INDICATED
111522,224838.0,1945-04-25,12,FRANCE,RR,"""RR INSTALLATIONS,  TRACKS,  MARSHALLING YARDS,  AND STATIONS""",44.67,6.33,A26,4.0,1.0,60.0,,,1.0,1.0,NOT INDICATED
111528,224839.0,1945-04-25,12,FRANCE,RR,"""RR INSTALLATIONS,  TRACKS,  MARSHALLING YARDS,  AND STATIONS""",44.67,6.33,A26,4.0,1.0,30.0,,,,,NOT INDICATED
111515,224840.0,1945-04-25,12,FRANCE,RR,"""RR INSTALLATIONS,  TRACKS,  MARSHALLING YARDS,  AND STATIONS""",44.67,6.33,A26,4.0,1.0,120.0,2.0,,,2.0,NOT INDICATED
111532,224841.0,1945-04-25,12,FRANCE,RR,"""RR INSTALLATIONS,  TRACKS,  MARSHALLING YARDS,  AND STATIONS""",44.67,6.33,A20,4.0,,20.0,1.0,,,1.0,NOT INDICATED
111516,224842.0,1945-04-25,12,FRANCE,RR,"""RR INSTALLATIONS,  TRACKS,  MARSHALLING YARDS,  AND STATIONS""",44.67,6.33,A20,4.0,,120.0,,,,,NOT INDICATED
111519,224843.0,1945-04-25,12,FRANCE,RR,"""RR INSTALLATIONS,  TRACKS,  MARSHALLING YARDS,  AND STATIONS""",44.67,6.33,A20,4.0,1.0,110.0,1.0,,,1.0,NOT INDICATED
111520,224844.0,1945-04-25,12,FRANCE,RR,"""RR INSTALLATIONS,  TRACKS,  MARSHALLING YARDS,  AND STATIONS""",44.67,6.33,A20,4.0,1.0,110.0,1.0,,,1.0,NOT INDICATED
111524,224845.0,1945-04-25,12,GERMANY,MOTOR TRANSPORT,HIGHWAYS AND VEHICLES,49.0,9.67,A26,4.0,1.0,55.0,,,1.0,1.0,NOT INDICATED
111555,224940.0,1945-04-25,8,AUSTRIA,AIRDROME,AIR FIELDS AND AIRDROMES,48.0,14.0,A26,,,110.0,3.0,,,3.0,VISUAL
111557,224941.0,1945-04-25,8,AUSTRIA,AIRDROME,AIR FIELDS AND AIRDROMES,48.0,14.0,A26,,,105.0,,,4.0,4.0,VISUAL
111566,224942.0,1945-04-25,8,GERMANY,AIRFIELD,AIR FIELDS AND AIRDROMES,48.3,11.88,B26,,,,17.0,,,17.0,VISUAL
111567,224943.0,1945-04-25,8,GERMANY,AIRFIELD,AIR FIELDS AND AIRDROMES,48.3,11.88,B26,,,,50.0,,,50.0,VISUAL
111561,224944.0,1945-04-25,8,GERMANY,AIRFIELD,AIR FIELDS AND AIRDROMES,48.3,11.88,A20,,,82.0,66.0,,,66.0,VISUAL
111545,224945.0,1945-04-25,8,GERMANY,AIR FIELD,AIR FIELDS AND AIRDROMES,48.68,12.68,A26,,,132.0,,,,,GEE
111550,225003.0,1945-04-25,8,GERMANY,ORDNANCE DEPOT,SUPPLY DUMPS AND WAREHOUSES,47.83,12.98,A26,,,115.0,,,64.0,64.0,VISUAL
111562,225004.0,1945-04-25,8,GERMANY,ORDNANCE DEPOT,SUPPLY DUMPS AND WAREHOUSES,47.83,12.98,A26,,,13.0,66.0,,,66.0,VISUAL
111563,225005.0,1945-04-25,8,GERMANY,ORDNANCE DEPOT,SUPPLY DUMPS AND WAREHOUSES,47.83,12.98,A26,,,10.0,62.0,,,62.0,VISUAL
111551,225006.0,1945-04-25,8,GERMANY,ORDNANCE DEPOT,SUPPLY DUMPS AND WAREHOUSES,47.83,12.98,A26,,,115.0,,,61.0,61.0,VISUAL
111552,225017.0,1945-04-25,8,GERMANY,ORDNANCE DEPOT,SUPPLY DUMPS AND WAREHOUSES,47.83,12.98,A26,,,115.0,,,64.0,64.0,VISUAL
111547,225018.0,1945-04-25,8,GERMANY,ORDNANCE DEPOT,SUPPLY DUMPS AND WAREHOUSES,47.83,12.98,A26,,,130.0,66.0,,,66.0,VISUAL
111559,225019.0,1945-04-25,8,GERMANY,ORDNANCE DEPOT,SUPPLY DUMPS AND WAREHOUSES,47.83,12.98,A26,,,100.0,62.0,,,62.0,VISUAL
111553,225020.0,1945-04-25,8,GERMANY,ORDNANCE DEPOT,SUPPLY DUMPS AND WAREHOUSES,47.83,12.98,A26,,,115.0,,,61.0,61.0,VISUAL
113942,124817.0,1945-04-26,8,GERMANY,LANDING GROUND,AIR FIELDS AND AIRDROMES,48.78,12.88,A26,,,130.0,,,4.0,4.0,VISUAL
113943,124818.0,1945-04-26,8,GERMANY,LANDING GROUND,AIR FIELDS AND AIRDROMES,48.78,12.88,A26,,,130.0,48.0,,,48.0,VISUAL
113948,124819.0,1945-04-26,8,GERMANY,LANDING GROUND,AIR FIELDS AND AIRDROMES,48.78,12.88,A26,,,,46.0,,,46.0,VISUAL
113946,124820.0,1945-04-26,8,GERMANY,LANDING GROUND,AIR FIELDS AND AIRDROMES,48.78,12.88,A26,,,129.0,34.0,,,34.0,VISUAL
113940,192404.0,1945-04-26,9,AUSTRIA,RR,"""RR INSTALLATIONS,  TRACKS,  MARSHALLING YARDS,  AND STATIONS""",46.63,14.3,B24,3.0,1.0,185.0,2.0,,,2.0,VISUAL
113939,192405.0,1945-04-26,9,AUSTRIA,RR,"""RR INSTALLATIONS,  TRACKS,  MARSHALLING YARDS,  AND STATIONS""",46.63,14.3,B24,3.0,6.0,264.0,12.0,,,12.0,F.F.F.
113941,192406.0,1945-04-26,9,AUSTRIA,MARSHALLING YARDS,"""RR INSTALLATIONS,  TRACKS,  MARSHALLING YARDS,  AND STATIONS""",48.3,14.3,B24,2.0,29.0,120.0,64.0,,,64.0,VISUAL
113938,192407.0,1945-04-26,15,AUSTRIA,MARSHALLING YARD,"""RR INSTALLATIONS,  TRACKS,  MARSHALLING YARDS,  AND STATIONS""",46.83,13.38,B24,4.0,31.0,188.0,68.0,2.0,,70.0,VISUAL
113937,192408.0,1945-04-26,15,AUSTRIA,MARSHALLING YARD,"""RR INSTALLATIONS,  TRACKS,  MARSHALLING YARDS,  AND STATIONS""",46.8,13.5,B24,3.0,13.0,198.0,28.0,,,28.0,VISUAL
113944,225085.0,1945-04-26,8,GERMANY,LANDING GROUND,AIR FIELDS AND AIRDROMES,48.78,12.88,A26,,,130.0,,,4.0,4.0,VISUAL
113945,225086.0,1945-04-26,8,GERMANY,LANDING GROUND,AIR FIELDS AND AIRDROMES,48.78,12.88,A26,,,130.0,48.0,,,48.0,VISUAL
113949,225087.0,1945-04-26,8,GERMANY,LANDING GROUND,AIR FIELDS AND AIRDROMES,48.78,12.88,A26,,,,46.0,,,46.0,VISUAL
113947,225088.0,1945-04-26,8,GERMANY,LANDING GROUND,AIR FIELDS AND AIRDROMES,48.78,12.88,A26,,,129.0,34.0,,,34.0,VISUAL
114793,124822.0,1945-04-28,9,FRANCE,RR,"""RR INSTALLATIONS,  TRACKS,  MARSHALLING YARDS,  AND STATIONS""",44.67,6.33,A20,4.0,1.0,80.0,2.0,,,2.0,NOT INDICATED
114794,225089.0,1945-04-28,9,FRANCE,RR,"""RR INSTALLATIONS,  TRACKS,  MARSHALLING YARDS,  AND STATIONS""",44.67,6.33,A20,4.0,1.0,80.0,2.0,,,2.0,NOT INDICATED
116514,124902.0,1945-04-30,15,GERMANY,FLAK POSITIONS,GUN EMPLACEMENTS,47.33,11.67,B26,,,115.0,,,29.0,29.0,NOT INDICATED
116508,124903.0,1945-04-30,15,GERMANY,FLAK POSITIONS,GUN EMPLACEMENTS,47.33,11.67,B26,,,124.0,,,7.0,7.0,NOT INDICATED
116509,124904.0,1945-04-30,15,GERMANY,FLAK POSITIONS,GUN EMPLACEMENTS,47.33,11.67,B26,,,124.0,,,10.0,10.0,NOT INDICATED
116515,225176.0,1945-04-30,15,GERMANY,FLAK POSITIONS,GUN EMPLACEMENTS,47.33,11.67,B26,,,115.0,,,29.0,29.0,NOT INDICATED
116510,225177.0,1945-04-30,15,GERMANY,FLAK POSITIONS,GUN EMPLACEMENTS,47.33,11.67,B26,,,124.0,,,7.0,7.0,NOT INDICATED
116511,225178.0,1945-04-30,15,GERMANY,FLAK POSITIONS,GUN EMPLACEMENTS,47.33,11.67,B26,,,124.0,,,10.0,10.0,NOT INDICATED
116516,225195.0,1945-04-30,15,GERMANY,FLAK POSITIONS,GUN EMPLACEMENTS,47.33,11.67,B26,,,115.0,,,29.0,29.0,NOT INDICATED
116512,225196.0,1945-04-30,15,GERMANY,FLAK POSITIONS,GUN EMPLACEMENTS,47.33,11.67,B26,,,124.0,,,7.0,7.0,NOT INDICATED
116513,225197.0,1945-04-30,15,GERMANY,FLAK POSITIONS,GUN EMPLACEMENTS,47.33,11.67,B26,,,124.0,,,10.0,10.0,NOT INDICATED
116988,124913.0,1945-05-01,8,CZECHOSLOVAKIA,,"""RR INSTALLATIONS,  TRACKS,  MARSHALLING YARDS,  AND STATIONS""",49.63,13.17,B26,,,100.0,,,,,VISUAL
116985,124915.0,1945-05-01,9,FRANCE,GUN POSITIONS,GUN EMPLACEMENTS,45.67,10.67,B26,,,127.0,21.0,,,21.0,NOT INDICATED
116984,192436.0,1945-05-01,15,AUSTRIA,MARSHALLING YARUS,"""RR INSTALLATIONS,  TRACKS,  MARSHALLING YARDS,  AND STATIONS""",47.78,13.03,B17,4.0,27.0,257.0,77.0,,,77.0,F.F.F.
116986,225203.0,1945-05-01,9,FRANCE,GUN POSITIONS,GUN EMPLACEMENTS,45.67,10.67,B26,,,127.0,21.0,,,21.0,NOT INDICATED
116989,225207.0,1945-05-01,8,CZECHOSLOVAKIA,,"""RR INSTALLATIONS,  TRACKS,  MARSHALLING YARDS,  AND STATIONS""",49.63,13.17,B26,,,100.0,,,,,VISUAL
116987,225209.0,1945-05-01,9,FRANCE,GUN POSITIONS,GUN EMPLACEMENTS,45.67,10.67,B26,,,127.0,21.0,,,21.0,NOT INDICATED
